time,players,tidi,tidi_fastavg,tidi_avg,tidi_slowavg,maptick,num_timers,air_turf_cost,air_turf_thread_time,air_equalize_cost,air_post_process_cost,air_eg_cost,air_highpressure_cost,air_hotspots_cost,air_heat_spread_cost,air_pipenets_cost,air_rebuilds_cost,air_amt_gas_mixes,air_alloc_gas_mixes,air_hotspot_count,air_network_count,air_delta_count
277,0,0,0,0,0,0.101227,235,0,,0,0,0,0,0,0,0,0,103808,104555,0,232,0
377,1,15,4.5,0.9,0.09,0.037572,1,0,,0,0,0,0,0,0,0,0,103808,104555,0,232,0
477,1,0,3.15,1.35,0.216,0.272334,1,0,,0,0,0,0,0,0,0,0,103808,104555,0,232,0
577,1,10,5.205,2.121,0.4065,0.27736,1,0,,0,0,0,0,0,0,0,0,103808,104555,0,232,0
677.5,1,5.47264,5.28529,2.75386,0.641236,0.283111,1,0,,0,0,0,0,0,0,0,0,103808,104555,0,232,0
777.5,1,3,4.5997,3.12303,0.889415,0.284424,1,0,,0,0,0,0,0,0,0,0,103808,104555,0,232,0
877.5,1,3,4.11979,3.32238,1.13271,0.30169,1,0,,0,0,0,0,0,0,0,0,103808,104555,0,232,0
977.5,1,0,2.88385,3.23468,1.34291,0.31254,1,0,,0,0,0,0,0,0,0,0,103808,104555,0,232,0
1077.5,1,6,3.8187,3.35148,1.54377,0.263691,1,0,,0,0,0,0,0,0,0,0,103808,104555,0,232,0
1177.5,1,9,5.37309,3.7558,1.76497,0.275953,1,0,,0,0,0,0,0,0,0,0,103808,104555,0,232,0
1277.5,1,18,9.16116,4.83687,2.07216,0.280928,1,0,,0,0,0,0,0,0,0,0,103808,104555,0,232,0
1377.5,1,4,7.61281,5.39206,2.40415,0.311154,1,0,,0,0,0,0,0,0,0,0,103808,104555,0,232,0
1477.5,1,0,5.32897,5.37944,2.70168,0.301865,1,0,,0,0,0,0,0,0,0,0,103808,104555,0,232,0
1577.5,1,0,3.73028,5.04961,2.93647,0.314965,1,0,,0,0,0,0,0,0,0,0,103808,104555,0,232,0
1677.5,1,0,2.61119,4.56193,3.09902,0.318227,1,0,,0,0,0,0,0,0,0,0,103808,104555,0,232,0
1777.5,1,0,1.82784,4.01511,3.19063,0.264902,1,0,,0,0,0,0,0,0,0,0,103808,104555,0,232,0
1877.5,1,0,1.27949,3.46798,3.21836,0.296139,1,0,,0,0,0,0,0,0,0,0,103808,104555,0,232,0
1977.5,1,0,0.89564,2.95352,3.19188,0.280237,1,0,,0,0,0,0,0,0,0,0,103808,104555,0,232,0
2077.5,1,0,0.626948,2.4882,3.12151,0.277125,1,0,,0,0,0,0,0,0,0,0,103808,104555,0,232,0
2177.5,1,0,0.438864,2.07833,3.01719,0.291252,1,0,,0,0,0,0,0,0,0,0,103808,104555,0,232,0
2277.5,1,0,0.307204,1.72411,2.88788,0.277101,1,0,,0,0,0,0,0,0,0,0,103808,104555,0,232,0
2377.5,1,0,0.215043,1.4223,2.74132,0.294039,1,0,,0,0,0,0,0,0,0,0,103808,104555,0,232,0
2477.5,1,0,0.15053,1.16794,2.58399,0.267327,1,0,,0,0,0,0,0,0,0,0,103808,104555,0,232,0
2577.5,1,0,0.105371,0.955428,2.42113,0.284876,1,0,,0,0,0,0,0,0,0,0,103808,104555,0,232,0
2677.5,1,0,0.0737598,0.779095,2.25693,0.282112,1,0,,0,0,0,0,0,0,0,0,103808,104555,0,232,0
2777.5,1,0,0.0516318,0.633602,2.09459,0.278398,1,0,,0,0,0,0,0,0,0,0,103808,104555,0,232,0
2877.5,1,0,0.0361423,0.51411,1.93655,0.297274,1,0,,0,0,0,0,0,0,0,0,103808,104555,0,232,0
2977.5,1,0,0.0252996,0.416348,1.78453,0.304062,1,0,,0,0,0,0,0,0,0,0,103808,104555,0,232,0
3077.5,1,0,0.0177097,0.33662,1.63974,0.282801,1,0,,0,0,0,0,0,0,0,0,103808,104555,0,232,0
3177.5,1,0,0.0123968,0.271776,1.50294,0.28546,1,0,,0,0,0,0,0,0,0,0,103808,104555,0,232,0
3277.5,1,0,0.00867776,0.219156,1.37456,0.271047,1,0,,0,0,0,0,0,0,0,0,103808,104555,0,232,0
3377.5,1,0,0.00607443,0.17654,1.25476,0.269419,1,0,,0,0,0,0,0,0,0,0,103808,104555,0,232,0
3477.5,1,0,0.0042521,0.142082,1.14349,0.27858,1,0,,0,0,0,0,0,0,0,0,103808,104555,0,232,0
3577.5,1,0,0.00297647,0.114261,1.04057,0.28747,1,0,,0,0,0,0,0,0,0,0,103808,104555,0,232,0
3677.5,1,0,0.00208353,0.0918256,0.945694,0.315832,1,0,,0,0,0,0,0,0,0,0,103808,104555,0,232,0
3777.5,1,0,0.00145847,0.0737522,0.8585,0.312407,1,0,,0,0,0,0,0,0,0,0,103808,104555,0,232,0
3877.5,1,0,0.00102093,0.0592059,0.77857,0.25882,1,0,,0,0,0,0,0,0,0,0,103808,104555,0,232,0
3977.5,1,0,0.000714651,0.0475077,0.705464,0.26632,1,0,,0,0,0,0,0,0,0,0,103808,104555,0,232,0
4077.5,1,0,0.000500256,0.0381062,0.638728,0.284608,1,0,,0,0,0,0,0,0,0,0,103808,104555,0,232,0
4177.5,1,0,0.000350179,0.030555,0.577911,0.314359,1,0,,0,0,0,0,0,0,0,0,103808,104555,0,232,0
4277.5,1,2,0.600245,0.144493,0.534569,0.27575,1,0,,0,0,0,0,0,0,0,0,103808,104555,0,232,0
4377.5,1,2,1.02017,0.319629,0.513075,0.289496,1,0,,0,0,0,0,0,0,0,0,103808,104555,0,232,0
4477.5,1,3,1.61412,0.578527,0.51962,0.243885,1,0,,0,0,0,0,0,0,0,0,103808,104555,0,232,0
4577.5,1,0,1.12988,0.688799,0.536538,0.289559,1,0,,0,0,0,0,0,0,0,0,103808,104555,0,232,0
4677.5,1,0,0.790919,0.709223,0.553807,0.283583,1,0,,0,0,0,0,0,0,0,0,103808,104555,0,232,0
4777.5,1,0,0.553643,0.678107,0.566237,0.278695,1,0,,0,0,0,0,0,0,0,0,103808,104555,0,232,0
4877.5,1,0,0.38755,0.619995,0.571612,0.289171,1,0,,0,0,0,0,0,0,0,0,103808,104555,0,232,0
4977.5,1,0,0.271285,0.550253,0.569476,0.281185,1,0,,0,0,0,0,0,0,0,0,103808,104555,0,232,0
5077.5,1,0,0.1899,0.478183,0.560347,0.296409,1,0,,0,0,0,0,0,0,0,0,103808,104555,0,232,0
5177.5,1,0,0.13293,0.409132,0.545226,0.284722,1,0,,0,0,0,0,0,0,0,0,103808,104555,0,232,0
5277.5,1,0,0.0930508,0.345916,0.525295,0.252134,1,0,,0,0,0,0,0,0,0,0,103808,104555,0,232,0
5377.5,1,0,0.0651356,0.28976,0.501741,0.267335,1,0,,0,0,0,0,0,0,0,0,103808,104555,0,232,0
5477.5,1,0,0.0455949,0.240927,0.47566,0.276035,1,0,,0,0,0,0,0,0,0,0,103808,104555,0,232,0
5577.5,1,0,0.0319164,0.199125,0.448006,0.247323,1,0,,0,0,0,0,0,0,0,0,103808,104555,0,232,0
5677.5,1,0,0.0223415,0.163768,0.419582,0.274224,1,0,,0,0,0,0,0,0,0,0,103808,104555,0,232,0
5777.5,1,0,0.015639,0.134142,0.391038,0.296862,1,0,,0,0,0,0,0,0,0,0,103808,104555,0,232,0
5877.5,1,0,0.0109473,0.109503,0.362885,0.285851,1,0,,0,0,0,0,0,0,0,0,103808,104555,0,232,0
5977.5,1,0,0.00766313,0.0891353,0.33551,0.283678,1,0,,0,0,0,0,0,0,0,0,103808,104555,0,232,0
6077.5,1,0,0.00536419,0.0723811,0.309197,0.250078,1,0,,0,0,0,0,0,0,0,0,103808,104555,0,232,0
6177.5,1,0,0.00375494,0.0586558,0.284143,0.271042,1,0,,0,0,0,0,0,0,0,0,103808,104555,0,232,0
6277.5,1,0,0.00262845,0.0474504,0.260474,0.322278,1,0,,0,0,0,0,0,0,0,0,103808,104555,0,232,0
6377.5,1,0,0.00183992,0.0383283,0.238259,0.310527,1,0,,0,0,0,0,0,0,0,0,103808,104555,0,232,0
6477.5,1,0,0.00128794,0.0309202,0.217525,0.275703,1,0,,0,0,0,0,0,0,0,0,103808,104555,0,232,0
6577.5,1,0,0.00090156,0.0249165,0.198264,0.303039,1,0,,0,0,0,0,0,0,0,0,103808,104555,0,232,0
6677.5,1,0,0.000631092,0.0200594,0.180444,0.280816,1,0,,0,0,0,0,0,0,0,0,103808,104555,0,232,0
6777.5,1,0,0.000441764,0.0161359,0.164013,0.25869,1,0,,0,0,0,0,0,0,0,0,103808,104555,0,232,0
6877.5,1,0,0.000309235,0.0129705,0.148909,0.27035,1,0,,0,0,0,0,0,0,0,0,103808,104555,0,232,0
6977.5,1,0,0.000216465,0.0104197,0.13506,0.337753,1,0,,0,0,0,0,0,0,0,0,103808,104555,0,232,0
7077.5,1,0,0.000151525,0.00836609,0.12239,0.28799,1,0,,0,0,0,0,0,0,0,0,103808,104555,0,232,0
7177.5,1,0,0.000106068,0.00671409,0.110823,0.297065,1,0,,0,0,0,0,0,0,0,0,103808,104555,0,232,0
7277.5,1,0,7.42473e-005,0.00538612,0.100279,0.315552,1,0,,0,0,0,0,0,0,0,0,103808,104555,0,232,0
7377.5,1,0,5.19731e-005,0.00431929,0.0906832,0.287353,1,0,,0,0,0,0,0,0,0,0,103808,104555,0,232,0
7477.5,1,0,3.63812e-005,0.00346271,0.0819611,0.279165,1,0,,0,0,0,0,0,0,0,0,103808,104555,0,232,0
7577.5,1,0,2.54668e-005,0.00277526,0.0740425,0.274527,1,0,,0,0,0,0,0,0,0,0,103808,104555,0,232,0
7677.5,1,0,1.78268e-005,0.00222377,0.0668607,0.266389,1,0,,0,0,0,0,0,0,0,0,103808,104555,0,232,0
7777.5,1,0,1.24787e-005,0.00178151,0.0603528,0.279791,1,0,,0,0,0,0,0,0,0,0,103808,104555,0,232,0
7877.5,1,0,8.73512e-006,0.00142696,0.0544602,0.312191,1,0,,0,0,0,0,0,0,0,0,103808,104555,0,232,0
7977.5,1,0,6.11459e-006,0.00114279,0.0491284,0.266942,1,0,,0,0,0,0,0,0,0,0,103808,104555,0,232,0
8077.5,1,0,4.28021e-006,0.000915088,0.0443071,0.297429,1,0,,0,0,0,0,0,0,0,0,103808,104555,0,232,0
8177.5,1,1,0.300003,0.0607327,0.0459497,0.283168,1,0,,0,0,0,0,0,0,0,0,103808,104555,0,232,0
8277.5,1,0,0.210002,0.0905866,0.0504133,0.254356,1,0,,0,0,0,0,0,0,0,0,103808,104555,0,232,0
8377.5,1,0,0.147001,0.10187,0.055559,0.305544,1,0,,0,0,0,0,0,0,0,0,103808,104555,0,232,0
8477.5,1,0,0.102901,0.102076,0.0602107,0.288245,1,0,,0,0,0,0,0,0,0,0,103808,104555,0,232,0
8577.5,1,0,0.0720307,0.0960668,0.0637963,0.254556,1,0,,0,0,0,0,0,0,0,0,103808,104555,0,232,0
8677.5,1,0,0.0504215,0.0869378,0.0661104,0.293791,1,0,,0,0,0,0,0,0,0,0,103808,104555,0,232,0
8777.5,1,0,0.0352951,0.0766092,0.0671603,0.309778,1,0,,0,0,0,0,0,0,0,0,103808,104555,0,232,0
8877.5,1,0,0.0247065,0.0662287,0.0670671,0.295165,1,0,,0,0,0,0,0,0,0,0,103808,104555,0,232,0
8977.5,1,0,0.0172946,0.0564419,0.0660046,0.300016,1,0,,0,0,0,0,0,0,0,0,103808,104555,0,232,0
9077.5,1,0,0.0121062,0.0475747,0.0641616,0.272491,1,0,,0,0,0,0,0,0,0,0,103808,104555,0,232,0
9177.5,1,0,0.00847434,0.0397547,0.0617209,0.329789,1,0,,0,0,0,0,0,0,0,0,103808,104555,0,232,0
9277.5,1,0,0.00593204,0.0329901,0.0588478,0.262652,1,0,,0,0,0,0,0,0,0,0,103808,104555,0,232,0
9377.5,1,0,0.00415243,0.0272226,0.0556853,0.265813,1,0,,0,0,0,0,0,0,0,0,103808,104555,0,232,0
9477.5,1,0,0.0029067,0.0223594,0.0523527,0.281376,1,0,,0,0,0,0,0,0,0,0,103808,104555,0,232,0
9577.5,1,0,0.00203469,0.0182945,0.0489469,0.263425,1,0,,0,0,0,0,0,0,0,0,103808,104555,0,232,0
9677.5,1,0,0.00142428,0.0149204,0.0455442,0.299261,1,0,,0,0,0,0,0,0,0,0,103808,104555,0,232,0
9777.5,1,0,0.000996998,0.0121357,0.0422034,0.258525,1,0,,0,0,0,0,0,0,0,0,103808,104555,0,232,0
9877.5,1,0,0.000697898,0.00984818,0.0389679,0.259263,1,0,,0,0,0,0,0,0,0,0,103808,104555,0,232,0
9977.5,1,0,0.000488529,0.00797625,0.0358687,0.285162,1,0,,0,0,0,0,0,0,0,0,103808,104555,0,232,0
10077.5,1,0,0.00034197,0.00644939,0.0329268,0.292937,1,0,,0,0,0,0,0,0,0,0,103808,104555,0,232,0
10177.5,1,0,0.000239379,0.00520739,0.0301548,0.297386,1,0,,0,0,0,0,0,0,0,0,103808,104555,0,232,0
10277.5,1,0,0.000167565,0.00419942,0.0275593,0.266936,1,0,,0,0,0,0,0,0,0,0,103808,104555,0,232,0
10377.5,1,0,0.000117296,0.003383,0.0251417,0.288748,1,0,,0,0,0,0,0,0,0,0,103808,104555,0,232,0
10477.5,1,0,8.2107e-005,0.00272282,0.0228998,0.289209,1,0,,0,0,0,0,0,0,0,0,103808,104555,0,232,0
10577.5,1,0,5.74749e-005,0.00218975,0.0208288,0.281309,1,0,,0,0,0,0,0,0,0,0,103808,104555,0,232,0
10677.5,1,0,4.02325e-005,0.00175985,0.0189219,0.289633,1,0,,0,0,0,0,0,0,0,0,103808,104555,0,232,0
10777.5,1,0,2.81627e-005,0.00141351,0.017171,0.281645,1,0,,0,0,0,0,0,0,0,0,103808,104555,0,232,0
10877.5,1,0,1.97139e-005,0.00113475,0.0155674,0.276518,1,0,,0,0,0,0,0,0,0,0,103808,104555,0,232,0
10977.5,1,0,1.37997e-005,0.000910561,0.0141017,0.299543,1,0,,0,0,0,0,0,0,0,0,103808,104555,0,232,0
11077.5,1,0,9.65981e-006,0.000730381,0.0127646,0.27013,1,0,,0,0,0,0,0,0,0,0,103808,104555,0,232,0
11177.5,1,0,6.76187e-006,0.000585657,0.0115467,0.275829,1,0,,0,0,0,0,0,0,0,0,103808,104555,0,232,0
11277.5,1,0,4.73331e-006,0.000469472,0.010439,0.306666,1,0,,0,0,0,0,0,0,0,0,103808,104555,0,232,0
11377.5,1,0,3.31332e-006,0.000376241,0.0094327,0.301642,1,0,,0,0,0,0,0,0,0,0,103808,104555,0,232,0
11477.5,1,0,2.31932e-006,0.000301456,0.00851958,0.283767,1,0,,0,0,0,0,0,0,0,0,103808,104555,0,232,0
11577.5,1,0,1.62352e-006,0.00024149,0.00769177,0.310367,1,0,,0,0,0,0,0,0,0,0,103808,104555,0,232,0
11677.5,1,0,1.13647e-006,0.000193419,0.00694193,0.29423,1,0,,0,0,0,0,0,0,0,0,103808,104555,0,232,0
11777.5,1,0,7.95527e-007,0.000154894,0.00626323,0.277844,1,0,,0,0,0,0,0,0,0,0,103808,104555,0,232,0
11877.5,1,0,5.56869e-007,0.000124027,0.00564931,0.283156,1,0,,0,0,0,0,0,0,0,0,103808,104555,0,232,0
11977.5,1,0,3.89808e-007,9.92995e-005,0.00509431,0.293943,1,0,,0,0,0,0,0,0,0,0,103808,104555,0,232,0
12077.5,1,0,2.72866e-007,7.94942e-005,0.00459283,0.282292,1,0,,0,0,0,0,0,0,0,0,103808,104555,0,232,0
12177.5,1,2,0.6,0.120064,0.0161399,0.285104,1,0,,0,0,0,0,0,0,0,0,103808,104555,0,232,0
12277.5,1,0,0.42,0.180051,0.032531,0.296666,1,0,,0,0,0,0,0,0,0,0,103808,104555,0,232,0
12377.5,1,0,0.294,0.202841,0.049562,0.27859,1,0,,0,0,0,0,0,0,0,0,103808,104555,0,232,0
12477.5,1,0,0.2058,0.203433,0.0649491,0.256651,1,0,,0,0,0,0,0,0,0,0,103808,104555,0,232,0
12577.5,1,0,0.14406,0.191558,0.07761,0.279863,1,0,,0,0,0,0,0,0,0,0,103808,104555,0,232,0
12677.5,1,0,0.100842,0.173415,0.0871905,0.315375,1,0,,0,0,0,0,0,0,0,0,103808,104555,0,232,0
12777.5,1,0,0.0705894,0.15285,0.0937564,0.309713,1,0,,0,0,0,0,0,0,0,0,103808,104555,0,232,0
12877.5,1,0,0.0494126,0.132162,0.097597,0.269476,1,0,,0,0,0,0,0,0,0,0,103808,104555,0,232,0
12977.5,1,0,0.0345888,0.112648,0.0991021,0.297562,1,0,,0,0,0,0,0,0,0,0,103808,104555,0,232,0
13077.5,1,0,0.0242122,0.0949606,0.0986879,0.269811,1,0,,0,0,0,0,0,0,0,0,103808,104555,0,232,0
13177.5,1,0,0.0169485,0.0793582,0.0967549,0.294387,1,0,,0,0,0,0,0,0,0,0,103808,104555,0,232,0
13277.5,1,0,0.011864,0.0658593,0.0936654,0.283976,1,0,,0,0,0,0,0,0,0,0,103808,104555,0,232,0
13377.5,1,0,0.00830477,0.0543484,0.0897337,0.284876,1,0,,0,0,0,0,0,0,0,0,103808,104555,0,232,0
13477.5,1,0,0.00581334,0.0446414,0.0852244,0.294514,1,0,,0,0,0,0,0,0,0,0,103808,104555,0,232,0
13577.5,1,0,0.00406934,0.036527,0.0803547,0.28459,1,0,,0,0,0,0,0,0,0,0,103808,104555,0,232,0
13677.5,1,0,0.00284854,0.0297913,0.0752983,0.284465,1,0,,0,0,0,0,0,0,0,0,103808,104555,0,232,0
13777.5,1,0,0.00199398,0.0242318,0.0701917,0.271078,1,0,,0,0,0,0,0,0,0,0,103808,104555,0,232,0
13877.5,1,0,0.00139578,0.0196646,0.065139,0.298028,1,0,,0,0,0,0,0,0,0,0,103808,104555,0,232,0
13977.5,1,0,0.000977048,0.0159271,0.0602178,0.282892,1,0,,0,0,0,0,0,0,0,0,103808,104555,0,232,0
14077.5,1,0,0.000683934,0.0128785,0.0554839,0.261678,1,0,,0,0,0,0,0,0,0,0,103808,104555,0,232,0
14177.5,1,0,0.000478754,0.0103985,0.0509753,0.287226,1,0,,0,0,0,0,0,0,0,0,103808,104555,0,232,0
14277.5,1,0,0.000335127,0.00838585,0.0467164,0.275088,1,0,,0,0,0,0,0,0,0,0,103808,104555,0,232,0
14377.5,1,0,0.000234589,0.0067556,0.0427203,0.326189,1,0,,0,0,0,0,0,0,0,0,103808,104555,0,232,0
14477.5,1,0,0.000164212,0.00543732,0.038992,0.266765,1,0,,0,0,0,0,0,0,0,0,103808,104555,0,232,0
14577.5,1,0,0.000114949,0.00437285,0.0355301,0.297642,1,0,,0,0,0,0,0,0,0,0,103808,104555,0,232,0
14677.5,1,0,8.04641e-005,0.00351437,0.0323285,0.292139,1,0,,0,0,0,0,0,0,0,0,103808,104555,0,232,0
14777.5,1,0,5.63249e-005,0.00282276,0.0293779,0.261041,1,0,,0,0,0,0,0,0,0,0,103808,104555,0,232,0
14877.5,1,0,3.94274e-005,0.00226609,0.0266667,0.293313,1,0,,0,0,0,0,0,0,0,0,103808,104555,0,232,0
14977.5,1,0,2.75992e-005,0.0018184,0.0241819,0.27045,1,0,,0,0,0,0,0,0,0,0,103808,104555,0,232,0
15077.5,1,0,1.93194e-005,0.00145858,0.0219096,0.317736,1,0,,0,0,0,0,0,0,0,0,103808,104555,0,232,0
15177.5,1,0,1.35236e-005,0.00116957,0.0198356,0.305712,1,0,,0,0,0,0,0,0,0,0,103808,104555,0,232,0
15277.5,1,0,9.46652e-006,0.000937549,0.0179458,0.2703,1,0,,0,0,0,0,0,0,0,0,103808,104555,0,232,0
15377.5,1,0,6.62656e-006,0.000751364,0.0162263,0.302951,1,0,,0,0,0,0,0,0,0,0,103808,104555,0,232,0
15477.5,1,0,4.63859e-006,0.000602019,0.0146639,0.290525,1,0,,0,0,0,0,0,0,0,0,103808,104555,0,232,0
15577.5,1,0,3.24702e-006,0.000482265,0.0132457,0.304925,1,0,,0,0,0,0,0,0,0,0,103808,104555,0,232,0
15677.5,1,0,2.27291e-006,0.000386266,0.0119598,0.294188,1,0,,0,0,0,0,0,0,0,0,103808,104555,0,232,0
15777.5,1,0,1.59104e-006,0.000309331,0.0107947,0.303086,1,0,,0,0,0,0,0,0,0,0,103808,104555,0,232,0
15877.5,1,0,1.11373e-006,0.000247688,0.00974004,0.273198,1,0,,0,0,0,0,0,0,0,0,103808,104555,0,232,0
15977.5,1,0,7.79608e-007,0.000198306,0.00878586,0.288623,1,0,,0,0,0,0,0,0,0,0,103808,104555,0,232,0
16077.5,1,2,0.600001,0.120159,0.0199232,0.273932,1,0,,0,0,0,0,0,0,0,0,103808,104555,0,232,0
16177.5,1,0,0.42,0.180127,0.0359435,0.281844,1,0,,0,0,0,0,0,0,0,0,103808,104555,0,232,0
16277.5,1,0,0.294,0.202902,0.0526394,0.274268,1,0,,0,0,0,0,0,0,0,0,103808,104555,0,232,0
16377.5,1,0,0.2058,0.203481,0.0677236,0.297644,1,0,,0,0,0,0,0,0,0,0,103808,104555,0,232,0
16477.5,1,0,0.14406,0.191597,0.0801109,0.270369,1,0,,0,0,0,0,0,0,0,0,103808,104555,0,232,0
16577.5,1,0,0.100842,0.173446,0.0894444,0.31232,1,0,,0,0,0,0,0,0,0,0,103808,104555,0,232,0
16677.5,1,0,0.0705895,0.152875,0.0957875,0.285782,1,0,,0,0,0,0,0,0,0,0,103808,104555,0,232,0
16777.5,1,0,0.0494126,0.132182,0.099427,0.286633,1,0,,0,0,0,0,0,0,0,0,103808,104555,0,232,0
16877.5,1,0,0.0345888,0.112664,0.100751,0.305696,1,0,,0,0,0,0,0,0,0,0,103808,104555,0,232,0
16977.5,1,0,0.0242122,0.0949734,0.100173,0.308457,1,0,,0,0,0,0,0,0,0,0,103808,104555,0,232,0
17077.5,1,0,0.0169485,0.0793684,0.0980925,0.280318,1,0,,0,0,0,0,0,0,0,0,103808,104555,0,232,0
17177.5,1,0,0.011864,0.0658675,0.09487,0.276644,1,0,,0,0,0,0,0,0,0,0,103808,104555,0,232,0
17277.5,1,0,0.00830478,0.054355,0.0908185,0.278843,1,0,,0,0,0,0,0,0,0,0,103808,104555,0,232,0
17377.5,1,0,0.00581335,0.0446467,0.0862013,0.309042,1,0,,0,0,0,0,0,0,0,0,103808,104555,0,232,0
17477.5,1,0,0.00406934,0.0365312,0.0812343,0.283617,1,0,,0,0,0,0,0,0,0,0,103808,104555,0,232,0
17577.5,1,0,0.00284854,0.0297947,0.0760903,0.27593,1,0,,0,0,0,0,0,0,0,0,103808,104555,0,232,0
17677.5,1,0,0.00199398,0.0242345,0.0709047,0.272968,1,0,,0,0,0,0,0,0,0,0,103808,104555,0,232,0
17777.5,1,0,0.00139578,0.0196668,0.0657809,0.267793,1,0,,0,0,0,0,0,0,0,0,103808,104555,0,232,0
17877.5,1,0,0.000977049,0.0159288,0.0607957,0.283406,1,0,,0,0,0,0,0,0,0,0,103808,104555,0,232,0
17977.5,1,0,0.000683934,0.0128799,0.0560041,0.282393,1,0,,0,0,0,0,0,0,0,0,103808,104555,0,232,0
18077.5,1,0,0.000478754,0.0103996,0.0514437,0.288567,1,0,,0,0,0,0,0,0,0,0,103808,104555,0,232,0
18177.5,1,0,0.000335128,0.00838673,0.047138,0.282706,1,0,,0,0,0,0,0,0,0,0,103808,104555,0,232,0
18277.5,1,0,0.000234589,0.0067563,0.0430998,0.286392,1,0,,0,0,0,0,0,0,0,0,103808,104555,0,232,0
18377.5,1,0,0.000164213,0.00543789,0.0393336,0.276091,1,0,,0,0,0,0,0,0,0,0,103808,104555,0,232,0
18477.5,1,0,0.000114949,0.0043733,0.0358376,0.319327,1,0,,0,0,0,0,0,0,0,0,103808,104555,0,232,0
18577.5,1,0,8.04642e-005,0.00351473,0.0326053,0.29199,1,0,,0,0,0,0,0,0,0,0,103808,104555,0,232,0
18677.5,1,0,5.63249e-005,0.00282305,0.0296271,0.249815,1,0,,0,0,0,0,0,0,0,0,103808,104555,0,232,0
18777.5,1,0,3.94274e-005,0.00226633,0.026891,0.263015,1,0,,0,0,0,0,0,0,0,0,103808,104555,0,232,0
18877.5,1,0,2.75992e-005,0.00181858,0.0243838,0.288239,1,0,,0,0,0,0,0,0,0,0,103808,104555,0,232,0
18977.5,1,0,1.93194e-005,0.00145873,0.0220913,0.297616,1,0,,0,0,0,0,0,0,0,0,103808,104555,0,232,0
19077.5,1,0,1.35236e-005,0.00116969,0.0199991,0.265603,1,0,,0,0,0,0,0,0,0,0,103808,104555,0,232,0
19177.5,1,0,9.46653e-006,0.000937643,0.0180929,0.121552,1,0,,0,0,0,0,0,0,0,0,103808,104555,0,232,0
19277.5,1,0,6.62657e-006,0.00075144,0.0163588,0.298014,1,0,,0,0,0,0,0,0,0,0,103808,104555,0,232,0
19377.5,1,0,4.6386e-006,0.00060208,0.0147831,0.285437,1,0,,0,0,0,0,0,0,0,0,103808,104555,0,232,0
19477.5,1,0,3.24702e-006,0.000482313,0.013353,0.278437,1,0,,0,0,0,0,0,0,0,0,103808,104555,0,232,0
19577.5,1,0,2.27291e-006,0.000386305,0.0120564,0.28195,1,0,,0,0,0,0,0,0,0,0,103808,104555,0,232,0
19677.5,1,0,1.59104e-006,0.000309362,0.0108817,0.292312,1,0,,0,0,0,0,0,0,0,0,103808,104555,0,232,0
19777.5,1,0,1.11373e-006,0.000247713,0.00981827,0.265212,1,0,,0,0,0,0,0,0,0,0,103808,104555,0,232,0
19877.5,1,0,7.79609e-007,0.000198326,0.00885628,0.27345,1,0,,0,0,0,0,0,0,0,0,103808,104555,0,232,0
19977.5,1,1,0.300001,0.0601588,0.0139865,0.266327,1,0,,0,0,0,0,0,0,0,0,103808,104555,0,232,0
20077.5,1,1,0.51,0.150127,0.0276006,0.345302,1,0,,0,0,0,0,0,0,0,0,103808,104555,0,232,0
20177.5,1,0,0.357,0.191502,0.0439907,0.29089,1,0,,0,0,0,0,0,0,0,0,103808,104555,0,232,0
20277.5,1,0,0.2499,0.203181,0.0599098,0.30809,1,0,,0,0,0,0,0,0,0,0,103808,104555,0,232,0
20377.5,1,0,0.17493,0.197531,0.0736719,0.270602,1,0,,0,0,0,0,0,0,0,0,103808,104555,0,232,0
20477.5,1,1,0.422451,0.242515,0.0905562,0.290939,1,0,,0,0,0,0,0,0,0,0,103808,104555,0,232,0
20577.5,1,0,0.295716,0.253155,0.106816,0.302602,1,0,,0,0,0,0,0,0,0,0,103808,104555,0,232,0
20677.5,1,0,0.207001,0.243924,0.120527,0.273816,1,0,,0,0,0,0,0,0,0,0,103808,104555,0,232,0
20777.5,1,0,0.144901,0.22412,0.130886,0.305993,1,0,,0,0,0,0,0,0,0,0,103808,104555,0,232,0
20877.5,1,1,0.401431,0.259582,0.143756,0.27783,1,0,,0,0,0,0,0,0,0,0,103808,104555,0,232,0
20977.5,1,0,0.281001,0.263866,0.155767,0.26933,1,0,,0,0,0,0,0,0,0,0,103808,104555,0,232,0
21077.5,1,0,0.196701,0.250433,0.165233,0.287342,1,0,,0,0,0,0,0,0,0,0,103808,104555,0,232,0
21177.5,1,0,0.137691,0.227884,0.171498,0.288378,1,0,,0,0,0,0,0,0,0,0,103808,104555,0,232,0
21277.5,1,0,0.0963835,0.201584,0.174507,0.288252,1,0,,0,0,0,0,0,0,0,0,103808,104555,0,232,0
21377.5,1,1,0.367468,0.234761,0.180532,0.305952,1,0,,0,0,0,0,0,0,0,0,103808,104555,0,232,0
21477.5,1,0,0.257228,0.239254,0.186405,0.26533,1,0,,0,0,0,0,0,0,0,0,103808,104555,0,232,0
21577.5,1,0,0.18006,0.227415,0.190506,0.274417,1,0,,0,0,0,0,0,0,0,0,103808,104555,0,232,0
21677.5,1,1,0.426042,0.267141,0.198169,0.288456,1,0,,0,0,0,0,0,0,0,0,103808,104555,0,232,0
21777.5,1,0,0.298229,0.273358,0.205688,0.272092,1,0,,0,0,0,0,0,0,0,0,103808,104555,0,232,0
21877.5,1,0,0.20876,0.260439,0.211163,0.281944,1,0,,0,0,0,0,0,0,0,0,103808,104555,0,232,0
21977.5,1,0,0.146132,0.237577,0.213805,0.275154,1,0,,0,0,0,0,0,0,0,0,103808,104555,0,232,0
22077.5,1,0,0.102293,0.210521,0.213476,0.270141,1,0,,0,0,0,0,0,0,0,0,103808,104555,0,232,0
22177.5,1,0,0.0716048,0.182737,0.210402,0.27508,1,0,,0,0,0,0,0,0,0,0,103808,104555,0,232,0
22277.5,1,0,0.0501234,0.156215,0.204984,0.249166,1,0,,0,0,0,0,0,0,0,0,103808,104555,0,232,0
22377.5,1,0,0.0350864,0.131989,0.197684,0.264865,1,0,,0,0,0,0,0,0,0,0,103808,104555,0,232,0
22477.5,1,1,0.32456,0.170503,0.194966,0.276592,1,0,,0,0,0,0,0,0,0,0,103808,104555,0,232,0
22577.5,1,0,0.227192,0.181841,0.193653,0.287406,1,0,,0,0,0,0,0,0,0,0,103808,104555,0,232,0
22677.5,1,1,0.459035,0.23728,0.198016,0.269668,1,0,,0,0,0,0,0,0,0,0,103808,104555,0,232,0
22777.5,1,0,0.321324,0.254089,0.203623,0.27418,1,0,,0,0,0,0,0,0,0,0,103808,104555,0,232,0
22877.5,1,0,0.224927,0.248256,0.208087,0.259443,1,0,,0,0,0,0,0,0,0,0,103808,104555,0,232,0
22977.5,1,0,0.157449,0.230095,0.210287,0.297168,1,0,,0,0,0,0,0,0,0,0,103808,104555,0,232,0
23077.5,1,0,0.110214,0.206119,0.209871,0.273854,1,0,,0,0,0,0,0,0,0,0,103808,104555,0,232,0
23177.5,1,0,0.0771499,0.180325,0.206916,0.309542,1,0,,0,0,0,0,0,0,0,0,103808,104555,0,232,0
23277.5,1,0,0.054005,0.155061,0.20173,0.279867,1,0,,0,0,0,0,0,0,0,0,103808,104555,0,232,0
23377.5,1,0,0.0378035,0.131609,0.194718,0.249392,1,0,,0,0,0,0,0,0,0,0,103808,104555,0,232,0
23477.5,1,1,0.326462,0.17058,0.192305,0.278666,1,0,,0,0,0,0,0,0,0,0,103808,104555,0,232,0
23577.5,1,0,0.228524,0.182169,0.191291,0.288604,1,0,,0,0,0,0,0,0,0,0,103808,104555,0,232,0
23677.5,1,0,0.159967,0.177728,0.189935,0.335793,1,0,,0,0,0,0,0,0,0,0,103808,104555,0,232,0
23777.5,1,1,0.411977,0.224578,0.193399,0.289482,1,0,,0,0,0,0,0,0,0,0,103808,104555,0,232,0
23877.5,1,1,0.588384,0.297339,0.203793,0.271677,1,0,,0,0,0,0,0,0,0,0,103808,104555,0,232,0
23977.5,1,0,0.411869,0.320245,0.215438,0.269086,1,0,,0,0,0,0,0,0,0,0,103808,104555,0,232,0
24077.5,1,0,0.288308,0.313858,0.22528,0.297036,1,0,,0,0,0,0,0,0,0,0,103808,104555,0,232,0
24177.5,1,0,0.201816,0.291449,0.231897,0.289083,1,0,,0,0,0,0,0,0,0,0,103808,104555,0,232,0
24277.5,1,0,0.141271,0.261414,0.234849,0.304571,1,0,,0,0,0,0,0,0,0,0,103808,104555,0,232,0
24377.5,1,0,0.0988896,0.228909,0.234255,0.280995,1,0,,0,0,0,0,0,0,0,0,103808,104555,0,232,0
24477.5,1,0,0.0692227,0.196972,0.230526,0.285047,1,0,,0,0,0,0,0,0,0,0,103808,104555,0,232,0
24577.5,1,0,0.0484559,0.167268,0.224201,0.270235,1,0,,0,0,0,0,0,0,0,0,103808,104555,0,232,0
24677.5,1,0,0.0339191,0.140599,0.21584,0.286546,1,0,,0,0,0,0,0,0,0,0,103808,104555,0,232,0
24777.5,1,0,0.0237434,0.117228,0.205979,0.261045,1,0,,0,0,0,0,0,0,0,0,103808,104555,0,232,0
24877.5,1,0,0.0166204,0.0971061,0.195092,0.283783,1,0,,0,0,0,0,0,0,0,0,103808,104555,0,232,0
24977.5,1,0,0.0116343,0.0800117,0.183584,0.288769,1,0,,0,0,0,0,0,0,0,0,103808,104555,0,232,0
25077.5,1,0,0.00814399,0.0656382,0.171789,0.287418,1,0,,0,0,0,0,0,0,0,0,103808,104555,0,232,0
25177.5,1,0,0.00570079,0.0536507,0.159975,0.265369,1,0,,0,0,0,0,0,0,0,0,103808,104555,0,232,0
25277.5,1,0,0.00399055,0.0437187,0.14835,0.302769,1,0,,0,0,0,0,0,0,0,0,103808,104555,0,232,0
25377.5,1,0,0.00279339,0.0355336,0.137068,0.284484,1,0,,0,0,0,0,0,0,0,0,103808,104555,0,232,0
25477.5,1,0,0.00195537,0.028818,0.126243,0.323573,1,0,,0,0,0,0,0,0,0,0,103808,104555,0,232,0
25577.5,1,0,0.00136876,0.0233281,0.115952,0.296186,1,0,,0,0,0,0,0,0,0,0,103808,104555,0,232,0
25677.5,1,0,0.000958132,0.0188541,0.106242,0.294886,1,0,,0,0,0,0,0,0,0,0,103808,104555,0,232,0
25777.5,1,0,0.000670692,0.0152174,0.0971394,0.284486,1,0,,0,0,0,0,0,0,0,0,103808,104555,0,232,0
25877.5,1,0,0.000469485,0.0122679,0.0886522,0.273387,1,0,,0,0,0,0,0,0,0,0,103808,104555,0,232,0
25977.5,1,0,0.000328639,0.00988001,0.080775,0.284748,1,0,,0,0,0,0,0,0,0,0,103808,104555,0,232,0
26077.5,1,0,0.000230047,0.00795002,0.0734925,0.272034,1,0,,0,0,0,0,0,0,0,0,103808,104555,0,232,0
26177.5,1,0,0.000161033,0.00639222,0.0667825,0.273259,1,0,,0,0,0,0,0,0,0,0,103808,104555,0,232,0
26277.5,1,0,0.000112723,0.00513632,0.0606178,0.292523,1,0,,0,0,0,0,0,0,0,0,103808,104555,0,232,0
26377.5,1,0,7.89063e-005,0.00412484,0.0549685,0.280636,1,0,,0,0,0,0,0,0,0,0,103808,104555,0,232,0
26477.5,1,0,5.52344e-005,0.00331092,0.0498028,0.283337,1,0,,0,0,0,0,0,0,0,0,103808,104555,0,232,0
26577.5,1,0,3.86641e-005,0.00265647,0.0450881,0.277425,1,0,,0,0,0,0,0,0,0,0,103808,104555,0,232,0
26677.5,1,0,2.70648e-005,0.00213059,0.0407924,0.299911,1,0,,0,0,0,0,0,0,0,0,103808,104555,0,232,0
26777.5,1,0,1.89454e-005,0.00170826,0.036884,0.274936,1,0,,0,0,0,0,0,0,0,0,103808,104555,0,232,0
26877.5,1,0,1.32618e-005,0.00136926,0.0333325,0.256362,1,0,,0,0,0,0,0,0,0,0,103808,104555,0,232,0
26977.5,1,0,9.28324e-006,0.00109726,0.030109,0.281025,1,0,,0,0,0,0,0,0,0,0,103808,104555,0,232,0
27077.5,1,0,6.49827e-006,0.000879111,0.027186,0.283738,1,0,,0,0,0,0,0,0,0,0,103808,104555,0,232,0
27177.5,1,0,4.54879e-006,0.000704198,0.0245378,0.278251,1,0,,0,0,0,0,0,0,0,0,103808,104555,0,232,0
27277.5,1,0,3.18415e-006,0.000563995,0.0221404,0.285276,1,0,,0,0,0,0,0,0,0,0,103808,104555,0,232,0
27377.5,1,0,2.22891e-006,0.000451642,0.0199715,0.290925,1,0,,0,0,0,0,0,0,0,0,103808,104555,0,232,0
27477.5,1,0,1.56023e-006,0.000361626,0.0180106,0.305739,1,0,,0,0,0,0,0,0,0,0,103808,104555,0,232,0
27577.5,1,0,1.09216e-006,0.000289519,0.0162384,0.265314,1,0,,0,0,0,0,0,0,0,0,103808,104555,0,232,0
27677.5,1,0,7.64515e-007,0.000231768,0.0146378,0.290876,1,0,,0,0,0,0,0,0,0,0,103808,104555,0,232,0
27777.5,1,0,5.3516e-007,0.000185522,0.0131926,0.296102,1,0,,0,0,0,0,0,0,0,0,103808,104555,0,232,0
27877.5,1,2,0.6,0.120148,0.0238881,0.288103,1,0,,0,0,0,0,0,0,0,0,103808,104555,0,232,0
27977.5,1,0,0.42,0.180119,0.0395112,0.285653,1,0,,0,0,0,0,0,0,0,0,103808,104555,0,232,0
28077.5,1,0,0.294,0.202895,0.0558496,0.283479,1,0,,0,0,0,0,0,0,0,0,103808,104555,0,232,0
28177.5,1,0,0.2058,0.203476,0.0706123,0.310303,1,0,,0,0,0,0,0,0,0,0,103808,104555,0,232,0
28277.5,1,0,0.14406,0.191593,0.0827103,0.289756,1,0,,0,0,0,0,0,0,0,0,103808,104555,0,232,0
28377.5,1,0,0.100842,0.173443,0.0917836,0.259867,1,0,,0,0,0,0,0,0,0,0,103808,104555,0,232,0
28477.5,1,0,0.0705894,0.152872,0.0978924,0.267344,1,0,,0,0,0,0,0,0,0,0,103808,104555,0,232,0
28577.5,1,0,0.0494126,0.13218,0.101321,0.293632,1,0,,0,0,0,0,0,0,0,0,103808,104555,0,232,0
28677.5,1,0,0.0345888,0.112662,0.102455,0.289845,1,0,,0,0,0,0,0,0,0,0,103808,104555,0,232,0
28777.5,1,0,0.0242122,0.094972,0.101707,0.298209,1,0,,0,0,0,0,0,0,0,0,103808,104555,0,232,0
28877.5,1,0,0.0169485,0.0793673,0.099473,0.31126,1,0,,0,0,0,0,0,0,0,0,103808,104555,0,232,0
28977.5,1,0,0.011864,0.0658666,0.0961123,0.307095,1,0,,0,0,0,0,0,0,0,0,103808,104555,0,232,0
29077.5,1,0,0.00830477,0.0543543,0.0919365,0.29187,1,0,,0,0,0,0,0,0,0,0,103808,104555,0,232,0
29177.5,1,0,0.00581334,0.0446461,0.0872075,0.282793,1,0,,0,0,0,0,0,0,0,0,103808,104555,0,232,0
29277.5,1,0,0.00406934,0.0365307,0.0821398,0.292155,1,0,,0,0,0,0,0,0,0,0,103808,104555,0,232,0
29377.5,1,0,0.00284854,0.0297943,0.0769052,0.279693,1,0,,0,0,0,0,0,0,0,0,103808,104555,0,232,0
29477.5,1,0,0.00199398,0.0242342,0.0716381,0.294693,1,0,,0,0,0,0,0,0,0,0,103808,104555,0,232,0
29577.5,1,0,0.00139578,0.0196665,0.066441,0.298944,1,0,,0,0,0,0,0,0,0,0,103808,104555,0,232,0
29677.5,1,0,0.000977048,0.0159286,0.0613897,0.289668,1,0,,0,0,0,0,0,0,0,0,103808,104555,0,232,0
29777.5,1,0,0.000683934,0.0128797,0.0565387,0.27913,1,0,,0,0,0,0,0,0,0,0,103808,104555,0,232,0
29877.5,1,0,0.000478754,0.0103995,0.0519248,0.285693,1,0,,0,0,0,0,0,0,0,0,103808,104555,0,232,0
29977.5,1,0,0.000335128,0.00838664,0.047571,0.269557,1,0,,0,0,0,0,0,0,0,0,103808,104555,0,232,0
30077.5,1,0,0.000234589,0.00675623,0.0434895,0.259795,1,0,,0,0,0,0,0,0,0,0,103808,104555,0,232,0
30177.5,1,0,0.000164212,0.00543782,0.0396843,0.30662,1,0,,0,0,0,0,0,0,0,0,103808,104555,0,232,0
30277.5,1,0,0.000114949,0.00437325,0.0361532,0.297596,1,0,,0,0,0,0,0,0,0,0,103808,104555,0,232,0
30377.5,1,0,8.04641e-005,0.00351469,0.0328894,0.315233,1,0,,0,0,0,0,0,0,0,0,103808,104555,0,232,0
30477.5,1,0,5.63249e-005,0.00282302,0.0298827,0.33172,1,0,,0,0,0,0,0,0,0,0,103808,104555,0,232,0
30577.5,1,0,3.94274e-005,0.0022663,0.0271211,0.343646,1,0,,0,0,0,0,0,0,0,0,103808,104555,0,232,0
30677.5,1,0,2.75992e-005,0.00181856,0.0245908,0.289083,1,0,,0,0,0,0,0,0,0,0,103808,104555,0,232,0
30777.5,1,0,1.93194e-005,0.00145871,0.0222776,0.303496,1,0,,0,0,0,0,0,0,0,0,103808,104555,0,232,0
30877.5,1,0,1.35236e-005,0.00116967,0.0201668,0.287544,1,0,,0,0,0,0,0,0,0,0,103808,104555,0,232,0
30977.5,1,0,9.46652e-006,0.000937633,0.0182439,0.287081,1,0,,0,0,0,0,0,0,0,0,103808,104555,0,232,0
31077.5,1,0,6.62657e-006,0.000751432,0.0164947,0.285917,1,0,,0,0,0,0,0,0,0,0,103808,104555,0,232,0
31177.5,1,0,4.6386e-006,0.000602073,0.0149054,0.316705,1,0,,0,0,0,0,0,0,0,0,103808,104555,0,232,0
31277.5,1,0,3.24702e-006,0.000482308,0.0134631,0.300965,1,0,,0,0,0,0,0,0,0,0,103808,104555,0,232,0
31377.5,1,0,2.27291e-006,0.000386301,0.0121554,0.260254,1,0,,0,0,0,0,0,0,0,0,103808,104555,0,232,0
31477.5,1,0,1.59104e-006,0.000309359,0.0109708,0.259556,1,0,,0,0,0,0,0,0,0,0,103808,104555,0,232,0
31577.5,1,0,1.11373e-006,0.00024771,0.0098985,0.304832,1,0,,0,0,0,0,0,0,0,0,103808,104555,0,232,0
31677.5,1,0,7.79609e-007,0.000198324,0.00892848,0.286606,1,0,,0,0,0,0,0,0,0,0,103808,104555,0,232,0
31777.5,1,2,0.600001,0.120159,0.0200515,0.273713,1,0,,0,0,0,0,0,0,0,0,103808,104555,0,232,0
31877.5,1,0,0.42,0.180127,0.0360591,0.321851,1,0,,0,0,0,0,0,0,0,0,103808,104555,0,232,0
31977.5,1,0,0.294,0.202902,0.0527433,0.283753,1,0,,0,0,0,0,0,0,0,0,103808,104555,0,232,0
32077.5,1,0,0.2058,0.203481,0.0678171,0.314952,1,0,,0,0,0,0,0,0,0,0,103808,104555,0,232,0
32177.5,1,0,0.14406,0.191597,0.0801951,0.263715,1,0,,0,0,0,0,0,0,0,0,103808,104555,0,232,0
32277.5,1,0,0.100842,0.173446,0.0895202,0.272025,1,0,,0,0,0,0,0,0,0,0,103808,104555,0,232,0
32377.5,1,0,0.0705895,0.152875,0.0958557,0.264388,1,0,,0,0,0,0,0,0,0,0,103808,104555,0,232,0
32477.5,1,0,0.0494126,0.132182,0.0994884,0.293601,1,0,,0,0,0,0,0,0,0,0,103808,104555,0,232,0
32577.5,1,0,0.0345888,0.112664,0.100806,0.274064,1,0,,0,0,0,0,0,0,0,0,103808,104555,0,232,0
32677.5,1,0,0.0242122,0.0949734,0.100223,0.276024,1,0,,0,0,0,0,0,0,0,0,103808,104555,0,232,0
32777.5,1,0,0.0169485,0.0793684,0.0981372,0.289275,1,0,,0,0,0,0,0,0,0,0,103808,104555,0,232,0
32877.5,1,0,0.011864,0.0658675,0.0949102,0.284326,1,0,,0,0,0,0,0,0,0,0,103808,104555,0,232,0
32977.5,1,0,0.00830478,0.054355,0.0908547,0.273839,1,0,,0,0,0,0,0,0,0,0,103808,104555,0,232,0
33077.5,1,0,0.00581335,0.0446467,0.0862339,0.283252,1,0,,0,0,0,0,0,0,0,0,103808,104555,0,232,0
33177.5,1,0,0.00406934,0.0365312,0.0812636,0.29649,1,0,,0,0,0,0,0,0,0,0,103808,104555,0,232,0
33277.5,1,0,0.00284854,0.0297947,0.0761167,0.291077,1,0,,0,0,0,0,0,0,0,0,103808,104555,0,232,0
33377.5,1,0,0.00199398,0.0242345,0.0709285,0.276065,1,0,,0,0,0,0,0,0,0,0,103808,104555,0,232,0
33477.5,1,0,0.00139578,0.0196668,0.0658023,0.297252,1,0,,0,0,0,0,0,0,0,0,103808,104555,0,232,0
33577.5,1,0,0.000977049,0.0159288,0.060815,0.270328,1,0,,0,0,0,0,0,0,0,0,103808,104555,0,232,0
33677.5,1,0,0.000683934,0.0128799,0.0560215,0.282051,1,0,,0,0,0,0,0,0,0,0,103808,104555,0,232,0
33777.5,1,0,0.000478754,0.0103996,0.0514593,0.279825,1,0,,0,0,0,0,0,0,0,0,103808,104555,0,232,0
33877.5,1,0,0.000335128,0.00838673,0.047152,0.283638,1,0,,0,0,0,0,0,0,0,0,103808,104555,0,232,0
33977.5,1,0,0.000234589,0.0067563,0.0431124,0.283139,1,0,,0,0,0,0,0,0,0,0,103808,104555,0,232,0
34077.5,1,0,0.000164213,0.00543789,0.039345,0.271214,1,0,,0,0,0,0,0,0,0,0,103808,104555,0,232,0
34177.5,1,0,0.000114949,0.0043733,0.0358478,0.275988,1,0,,0,0,0,0,0,0,0,0,103808,104555,0,232,0
34277.5,1,0,8.04642e-005,0.00351473,0.0326145,0.2821,1,0,,0,0,0,0,0,0,0,0,103808,104555,0,232,0
34377.5,1,0,5.63249e-005,0.00282305,0.0296354,0.297963,1,0,,0,0,0,0,0,0,0,0,103808,104555,0,232,0
34477.5,1,0,3.94274e-005,0.00226633,0.0268985,0.265602,1,0,,0,0,0,0,0,0,0,0,103808,104555,0,232,0
34577.5,1,0,2.75992e-005,0.00181858,0.0243905,0.290702,1,0,,0,0,0,0,0,0,0,0,103808,104555,0,232,0
34677.5,1,0,1.93194e-005,0.00145873,0.0220973,0.304539,1,0,,0,0,0,0,0,0,0,0,103808,104555,0,232,0
34777.5,1,0,1.35236e-005,0.00116969,0.0200045,0.270165,1,0,,0,0,0,0,0,0,0,0,103808,104555,0,232,0
34877.5,1,0,9.46653e-006,0.000937643,0.0180978,0.313715,1,0,,0,0,0,0,0,0,0,0,103808,104555,0,232,0
34977.5,1,0,6.62657e-006,0.00075144,0.0163632,0.286138,1,0,,0,0,0,0,0,0,0,0,103808,104555,0,232,0
35077.5,1,0,4.6386e-006,0.00060208,0.0147871,0.284499,1,0,,0,0,0,0,0,0,0,0,103808,104555,0,232,0
35177.5,1,0,3.24702e-006,0.000482313,0.0133566,0.2663,1,0,,0,0,0,0,0,0,0,0,103808,104555,0,232,0
35277.5,1,0,2.27291e-006,0.000386305,0.0120596,0.274675,1,0,,0,0,0,0,0,0,0,0,103808,104555,0,232,0
35377.5,1,0,1.59104e-006,0.000309362,0.0108846,0.261839,1,0,,0,0,0,0,0,0,0,0,103808,104555,0,232,0
35477.5,1,0,1.11373e-006,0.000247713,0.00982087,0.264264,1,0,,0,0,0,0,0,0,0,0,103808,104555,0,232,0
35577.5,1,0,7.79609e-007,0.000198326,0.00885862,0.290187,1,0,,0,0,0,0,0,0,0,0,103808,104555,0,232,0
35677.5,1,2,0.600001,0.120159,0.0199886,0.286747,1,0,,0,0,0,0,0,0,0,0,103808,104555,0,232,0
35777.5,1,0,0.42,0.180127,0.0360025,0.271236,1,0,,0,0,0,0,0,0,0,0,103808,104555,0,232,0
35877.5,1,0,0.294,0.202902,0.0526924,0.288323,1,0,,0,0,0,0,0,0,0,0,103808,104555,0,232,0
35977.5,1,0,0.2058,0.203481,0.0677713,0.268972,1,0,,0,0,0,0,0,0,0,0,103808,104555,0,232,0
36077.5,1,0,0.14406,0.191597,0.0801539,0.276772,1,0,,0,0,0,0,0,0,0,0,103808,104555,0,232,0
36177.5,1,0,0.100842,0.173446,0.0894831,0.278835,1,0,,0,0,0,0,0,0,0,0,103808,104555,0,232,0
36277.5,1,0,0.0705895,0.152875,0.0958223,0.29691,1,0,,0,0,0,0,0,0,0,0,103808,104555,0,232,0
36377.5,1,0,0.0494126,0.132182,0.0994583,0.283862,1,0,,0,0,0,0,0,0,0,0,103808,104555,0,232,0
36477.5,1,0,0.0345888,0.112664,0.100779,0.2958,1,0,,0,0,0,0,0,0,0,0,103808,104555,0,232,0
36577.5,1,0,0.0242122,0.0949734,0.100198,0.306238,1,0,,0,0,0,0,0,0,0,0,103808,104555,0,232,0
36677.5,1,0,0.0169485,0.0793684,0.0981153,0.265352,1,0,,0,0,0,0,0,0,0,0,103808,104555,0,232,0
36777.5,1,0,0.011864,0.0658675,0.0948905,0.280725,1,0,,0,0,0,0,0,0,0,0,103808,104555,0,232,0
36877.5,1,0,0.00830478,0.054355,0.090837,0.299747,1,0,,0,0,0,0,0,0,0,0,103808,104555,0,232,0
36977.5,1,0,0.00581335,0.0446467,0.0862179,0.314524,1,0,,0,0,0,0,0,0,0,0,103808,104555,0,232,0
37077.5,1,0,0.00406934,0.0365312,0.0812492,0.291774,1,0,,0,0,0,0,0,0,0,0,103808,104555,0,232,0
37177.5,1,0,0.00284854,0.0297947,0.0761038,0.276874,1,0,,0,0,0,0,0,0,0,0,103808,104555,0,232,0
37277.5,1,0,0.00199398,0.0242345,0.0709169,0.302886,1,0,,0,0,0,0,0,0,0,0,103808,104555,0,232,0
37377.5,1,0,0.00139578,0.0196668,0.0657918,0.274973,1,0,,0,0,0,0,0,0,0,0,103808,104555,0,232,0
37477.5,1,0,0.000977049,0.0159288,0.0608055,0.309909,1,0,,0,0,0,0,0,0,0,0,103808,104555,0,232,0
37577.5,1,0,0.000683934,0.0128799,0.056013,0.280158,1,0,,0,0,0,0,0,0,0,0,103808,104555,0,232,0
37677.5,1,0,0.000478754,0.0103996,0.0514516,0.286883,1,0,,0,0,0,0,0,0,0,0,103808,104555,0,232,0
37777.5,1,0,0.000335128,0.00838673,0.0471451,0.282732,1,0,,0,0,0,0,0,0,0,0,103808,104555,0,232,0
37877.5,1,0,0.000234589,0.0067563,0.0431063,0.268732,1,0,,0,0,0,0,0,0,0,0,103808,104555,0,232,0
37977.5,1,0,0.000164213,0.00543789,0.0393394,0.302122,1,0,,0,0,0,0,0,0,0,0,103808,104555,0,232,0
38077.5,1,0,0.000114949,0.0043733,0.0358428,0.266222,1,0,,0,0,0,0,0,0,0,0,103808,104555,0,232,0
38177.5,1,0,8.04642e-005,0.00351473,0.03261,0.266582,1,0,,0,0,0,0,0,0,0,0,103808,104555,0,232,0
38277.5,1,0,5.63249e-005,0.00282305,0.0296313,0.268894,1,0,,0,0,0,0,0,0,0,0,103808,104555,0,232,0
38377.5,1,0,3.94274e-005,0.00226633,0.0268948,0.284083,1,0,,0,0,0,0,0,0,0,0,103808,104555,0,232,0
38477.5,1,0,2.75992e-005,0.00181858,0.0243872,0.271357,1,0,,0,0,0,0,0,0,0,0,103808,104555,0,232,0
38577.5,1,0,1.93194e-005,0.00145873,0.0220943,0.265771,1,0,,0,0,0,0,0,0,0,0,103808,104555,0,232,0
38677.5,1,0,1.35236e-005,0.00116969,0.0200019,0.302561,1,0,,0,0,0,0,0,0,0,0,103808,104555,0,232,0
38777.5,1,0,9.46653e-006,0.000937643,0.0180954,0.273185,1,0,,0,0,0,0,0,0,0,0,103808,104555,0,232,0
38877.5,1,0,6.62657e-006,0.00075144,0.016361,0.294647,1,0,,0,0,0,0,0,0,0,0,103808,104555,0,232,0
38977.5,1,0,4.6386e-006,0.00060208,0.0147852,0.289183,1,0,,0,0,0,0,0,0,0,0,103808,104555,0,232,0
39077.5,1,0,3.24702e-006,0.000482313,0.0133549,0.27582,1,0,,0,0,0,0,0,0,0,0,103808,104555,0,232,0
39177.5,1,0,2.27291e-006,0.000386305,0.012058,0.286531,1,0,,0,0,0,0,0,0,0,0,103808,104555,0,232,0
39277.5,1,0,1.59104e-006,0.000309362,0.0108831,0.24828,1,0,,0,0,0,0,0,0,0,0,103808,104555,0,232,0
39377.5,1,0,1.11373e-006,0.000247713,0.0098196,0.279853,1,0,,0,0,0,0,0,0,0,0,103808,104555,0,232,0
39477.5,1,0,7.79609e-007,0.000198326,0.00885747,0.271478,1,0,,0,0,0,0,0,0,0,0,103808,104555,0,232,0
39577.5,1,0,5.45726e-007,0.00015877,0.0079876,0.282754,1,0,,0,0,0,0,0,0,0,0,103808,104555,0,232,0
39677.5,1,2,0.6,0.120127,0.0192016,0.250737,1,0,,0,0,0,0,0,0,0,0,103808,104555,0,232,0
39777.5,1,0,0.42,0.180102,0.0352916,0.330236,1,0,,0,0,0,0,0,0,0,0,103808,104555,0,232,0
39877.5,1,0,0.294,0.202881,0.0520506,0.268724,1,0,,0,0,0,0,0,0,0,0,103808,104555,0,232,0
39977.5,1,0,0.2058,0.203465,0.067192,0.265511,1,0,,0,0,0,0,0,0,0,0,103808,104555,0,232,0
40077.5,1,0,0.14406,0.191584,0.0796312,0.310236,1,0,,0,0,0,0,0,0,0,0,103808,104555,0,232,0
40177.5,1,0,0.100842,0.173436,0.0890117,0.2608,1,0,,0,0,0,0,0,0,0,0,103808,104555,0,232,0
40277.5,1,0,0.0705894,0.152866,0.0953972,0.303474,1,0,,0,0,0,0,0,0,0,0,103808,104555,0,232,0
40377.5,1,0,0.0494126,0.132176,0.099075,0.300261,1,0,,0,0,0,0,0,0,0,0,103808,104555,0,232,0
40477.5,1,0,0.0345888,0.112658,0.100433,0.314511,1,0,,0,0,0,0,0,0,0,0,103808,104555,0,232,0
40577.5,1,0,0.0242122,0.0949691,0.0998869,0.279684,1,0,,0,0,0,0,0,0,0,0,103808,104555,0,232,0
40677.5,1,0,0.0169485,0.079365,0.0978347,0.287997,1,0,,0,0,0,0,0,0,0,0,103808,104555,0,232,0
40777.5,1,0,0.011864,0.0658648,0.0946377,0.308147,1,0,,0,0,0,0,0,0,0,0,103808,104555,0,232,0
40877.5,1,0,0.00830477,0.0543528,0.0906092,0.325309,1,0,,0,0,0,0,0,0,0,0,103808,104555,0,232,0
40977.5,1,0,0.00581334,0.0446449,0.0860128,0.273321,1,0,,0,0,0,0,0,0,0,0,103808,104555,0,232,0
41077.5,1,0,0.00406934,0.0365298,0.0810645,0.312896,1,0,,0,0,0,0,0,0,0,0,103808,104555,0,232,0
41177.5,1,0,0.00284854,0.0297935,0.0759374,0.27891,1,0,,0,0,0,0,0,0,0,0,103808,104555,0,232,0
41277.5,1,0,0.00199398,0.0242336,0.070767,0.260671,1,0,,0,0,0,0,0,0,0,0,103808,104555,0,232,0
41377.5,1,0,0.00139578,0.0196661,0.0656569,0.259844,1,0,,0,0,0,0,0,0,0,0,103808,104555,0,232,0
41477.5,1,0,0.000977048,0.0159283,0.060684,0.273045,1,0,,0,0,0,0,0,0,0,0,103808,104555,0,232,0
41577.5,1,0,0.000683934,0.0128794,0.0559036,0.260119,1,0,,0,0,0,0,0,0,0,0,103808,104555,0,232,0
41677.5,1,0,0.000478754,0.0103993,0.0513531,0.312857,1,0,,0,0,0,0,0,0,0,0,103808,104555,0,232,0
41777.5,1,0,0.000335128,0.00838644,0.0470565,0.251908,1,0,,0,0,0,0,0,0,0,0,103808,104555,0,232,0
41877.5,1,0,0.000234589,0.00675607,0.0430264,0.273382,1,0,,0,0,0,0,0,0,0,0,103808,104555,0,232,0
41977.5,1,0,0.000164212,0.0054377,0.0392676,0.268145,1,0,,0,0,0,0,0,0,0,0,103808,104555,0,232,0
42077.5,1,0,0.000114949,0.00437315,0.0357781,0.287532,1,0,,0,0,0,0,0,0,0,0,103808,104555,0,232,0
42177.5,1,0,8.04641e-005,0.00351461,0.0325518,0.27827,1,0,,0,0,0,0,0,0,0,0,103808,104555,0,232,0
42277.5,1,0,5.63249e-005,0.00282295,0.0295789,0.277992,1,0,,0,0,0,0,0,0,0,0,103808,104555,0,232,0
42377.5,1,0,3.94274e-005,0.00226625,0.0268476,0.287294,1,0,,0,0,0,0,0,0,0,0,103808,104555,0,232,0
42477.5,1,0,2.75992e-005,0.00181852,0.0243447,0.272021,1,0,,0,0,0,0,0,0,0,0,103808,104555,0,232,0
42577.5,1,0,1.93194e-005,0.00145868,0.0220561,0.270033,1,0,,0,0,0,0,0,0,0,0,103808,104555,0,232,0
42677.5,1,0,1.35236e-005,0.00116965,0.0199675,0.258422,1,0,,0,0,0,0,0,0,0,0,103808,104555,0,232,0
42777.5,1,0,9.46652e-006,0.000937611,0.0180645,0.260308,1,0,,0,0,0,0,0,0,0,0,103808,104555,0,232,0
42877.5,1,0,6.62657e-006,0.000751414,0.0163332,0.320621,1,0,,0,0,0,0,0,0,0,0,103808,104555,0,232,0
42977.5,1,0,4.6386e-006,0.000602059,0.0147601,0.303896,1,0,,0,0,0,0,0,0,0,0,103808,104555,0,232,0
43077.5,1,0,3.24702e-006,0.000482297,0.0133323,0.296156,1,0,,0,0,0,0,0,0,0,0,103808,104555,0,232,0
43177.5,1,0,2.27291e-006,0.000386292,0.0120377,0.270682,1,0,,0,0,0,0,0,0,0,0,103808,104555,0,232,0
43277.5,1,0,1.59104e-006,0.000309352,0.0108648,0.279919,1,0,,0,0,0,0,0,0,0,0,103808,104555,0,232,0
43377.5,1,0,1.11373e-006,0.000247704,0.00980313,0.248305,1,0,,0,0,0,0,0,0,0,0,103808,104555,0,232,0
43477.5,1,0,7.79609e-007,0.000198319,0.00884265,0.299016,1,0,,0,0,0,0,0,0,0,0,103808,104555,0,232,0
43577.5,1,2,0.600001,0.120159,0.0199743,0.283566,1,0,,0,0,0,0,0,0,0,0,103808,104555,0,232,0
43677.5,1,0,0.42,0.180127,0.0359895,0.298341,1,0,,0,0,0,0,0,0,0,0,103808,104555,0,232,0
43777.5,1,0,0.294,0.202902,0.0526808,0.302217,1,0,,0,0,0,0,0,0,0,0,103808,104555,0,232,0
43877.5,1,0,0.2058,0.203481,0.0677608,0.263654,1,0,,0,0,0,0,0,0,0,0,103808,104555,0,232,0
43977.5,1,0,0.14406,0.191597,0.0801445,0.278418,1,0,,0,0,0,0,0,0,0,0,103808,104555,0,232,0
44077.5,1,0,0.100842,0.173446,0.0894746,0.296193,1,0,,0,0,0,0,0,0,0,0,103808,104555,0,232,0
44177.5,1,0,0.0705895,0.152875,0.0958146,0.275517,1,0,,0,0,0,0,0,0,0,0,103808,104555,0,232,0
44277.5,1,0,0.0494126,0.132182,0.0994514,0.290017,1,0,,0,0,0,0,0,0,0,0,103808,104555,0,232,0
44377.5,1,0,0.0345888,0.112664,0.100773,0.264428,1,0,,0,0,0,0,0,0,0,0,103808,104555,0,232,0
44477.5,1,0,0.0242122,0.0949734,0.100193,0.265715,1,0,,0,0,0,0,0,0,0,0,103808,104555,0,232,0
44577.5,1,0,0.0169485,0.0793684,0.0981103,0.303876,1,0,,0,0,0,0,0,0,0,0,103808,104555,0,232,0
44677.5,1,0,0.011864,0.0658675,0.094886,0.329203,1,0,,0,0,0,0,0,0,0,0,103808,104555,0,232,0
44777.5,1,0,0.00830478,0.054355,0.0908329,0.287878,1,0,,0,0,0,0,0,0,0,0,103808,104555,0,232,0
44877.5,1,0,0.00581335,0.0446467,0.0862143,0.289755,1,0,,0,0,0,0,0,0,0,0,103808,104555,0,232,0
44977.5,1,0,0.00406934,0.0365312,0.081246,0.281731,1,0,,0,0,0,0,0,0,0,0,103808,104555,0,232,0
45077.5,1,0,0.00284854,0.0297947,0.0761008,0.281481,1,0,,0,0,0,0,0,0,0,0,103808,104555,0,232,0
45177.5,1,0,0.00199398,0.0242345,0.0709142,0.25818,1,0,,0,0,0,0,0,0,0,0,103808,104555,0,232,0
45277.5,1,0,0.00139578,0.0196668,0.0657894,0.267906,1,0,,0,0,0,0,0,0,0,0,103808,104555,0,232,0
45377.5,1,0,0.000977049,0.0159288,0.0608034,0.296468,1,0,,0,0,0,0,0,0,0,0,103808,104555,0,232,0
45477.5,1,0,0.000683934,0.0128799,0.056011,0.295519,1,0,,0,0,0,0,0,0,0,0,103808,104555,0,232,0
45577.5,1,0,0.000478754,0.0103996,0.0514499,0.28227,1,0,,0,0,0,0,0,0,0,0,103808,104555,0,232,0
45677.5,1,0,0.000335128,0.00838673,0.0471436,0.278684,1,0,,0,0,0,0,0,0,0,0,103808,104555,0,232,0
45777.5,1,0,0.000234589,0.0067563,0.0431048,0.269761,1,0,,0,0,0,0,0,0,0,0,103808,104555,0,232,0
45877.5,1,0,0.000164213,0.00543789,0.0393381,0.291148,1,0,,0,0,0,0,0,0,0,0,103808,104555,0,232,0
45977.5,1,0,0.000114949,0.0043733,0.0358417,0.33241,1,0,,0,0,0,0,0,0,0,0,103808,104555,0,232,0
46077.5,1,0,8.04642e-005,0.00351473,0.032609,0.285698,1,0,,0,0,0,0,0,0,0,0,103808,104555,0,232,0
46177.5,1,0,5.63249e-005,0.00282305,0.0296304,0.330584,1,0,,0,0,0,0,0,0,0,0,103808,104555,0,232,0
46277.5,1,0,3.94274e-005,0.00226633,0.026894,0.281384,1,0,,0,0,0,0,0,0,0,0,103808,104555,0,232,0
46377.5,1,0,2.75992e-005,0.00181858,0.0243864,0.295184,1,0,,0,0,0,0,0,0,0,0,103808,104555,0,232,0
46477.5,1,0,1.93194e-005,0.00145873,0.0220937,0.271785,1,0,,0,0,0,0,0,0,0,0,103808,104555,0,232,0
46577.5,1,0,1.35236e-005,0.00116969,0.0200013,0.273435,1,0,,0,0,0,0,0,0,0,0,103808,104555,0,232,0
46677.5,1,0,9.46653e-006,0.000937643,0.0180949,0.26586,1,0,,0,0,0,0,0,0,0,0,103808,104555,0,232,0
46777.5,1,0,6.62657e-006,0.00075144,0.0163606,0.263247,1,0,,0,0,0,0,0,0,0,0,103808,104555,0,232,0
46877.5,1,0,4.6386e-006,0.00060208,0.0147847,0.305333,1,0,,0,0,0,0,0,0,0,0,103808,104555,0,232,0
46977.5,1,0,3.24702e-006,0.000482313,0.0133545,0.29482,1,0,,0,0,0,0,0,0,0,0,103808,104555,0,232,0
47077.5,1,0,2.27291e-006,0.000386305,0.0120576,0.285269,1,0,,0,0,0,0,0,0,0,0,103808,104555,0,232,0
47177.5,1,0,1.59104e-006,0.000309362,0.0108828,0.327545,1,0,,0,0,0,0,0,0,0,0,103808,104555,0,232,0
47277.5,1,0,1.11373e-006,0.000247713,0.00981931,0.320008,1,0,,0,0,0,0,0,0,0,0,103808,104555,0,232,0
47377.5,1,0,7.79609e-007,0.000198326,0.00885721,0.284994,1,0,,0,0,0,0,0,0,0,0,103808,104555,0,232,0
47477.5,1,2,0.600001,0.120159,0.0199874,0.298298,1,0,,0,0,0,0,0,0,0,0,103808,104555,0,232,0
47577.5,1,0,0.42,0.180127,0.0360013,0.27609,1,0,,0,0,0,0,0,0,0,0,103808,104555,0,232,0
47677.5,1,0,0.294,0.202902,0.0526914,0.285077,1,0,,0,0,0,0,0,0,0,0,103808,104555,0,232,0
47777.5,1,0,0.2058,0.203481,0.0677704,0.296215,1,0,,0,0,0,0,0,0,0,0,103808,104555,0,232,0
47877.5,1,0,0.14406,0.191597,0.0801531,0.265452,1,0,,0,0,0,0,0,0,0,0,103808,104555,0,232,0
47977.5,1,0,0.100842,0.173446,0.0894824,0.281327,1,0,,0,0,0,0,0,0,0,0,103808,104555,0,232,0
48077.5,1,0,0.0705895,0.152875,0.0958216,0.286863,1,0,,0,0,0,0,0,0,0,0,103808,104555,0,232,0
48177.5,1,0,0.0494126,0.132182,0.0994577,0.287851,1,0,,0,0,0,0,0,0,0,0,103808,104555,0,232,0
48277.5,1,0,0.0345888,0.112664,0.100778,0.272538,1,0,,0,0,0,0,0,0,0,0,103808,104555,0,232,0
48377.5,1,0,0.0242122,0.0949734,0.100198,0.278364,1,0,,0,0,0,0,0,0,0,0,103808,104555,0,232,0
48477.5,1,0,0.0169485,0.0793684,0.0981149,0.269152,1,0,,0,0,0,0,0,0,0,0,103808,104555,0,232,0
48577.5,1,0,0.011864,0.0658675,0.0948901,0.286114,1,0,,0,0,0,0,0,0,0,0,103808,104555,0,232,0
48677.5,1,0,0.00830478,0.054355,0.0908366,0.279,1,0,,0,0,0,0,0,0,0,0,103808,104555,0,232,0
48777.5,1,0,0.00581335,0.0446467,0.0862176,0.290222,1,0,,0,0,0,0,0,0,0,0,103808,104555,0,232,0
48877.5,1,0,0.00406934,0.0365312,0.081249,0.303624,1,0,,0,0,0,0,0,0,0,0,103808,104555,0,232,0
48977.5,1,0,0.00284854,0.0297947,0.0761035,0.25026,1,0,,0,0,0,0,0,0,0,0,103808,104555,0,232,0
49077.5,1,0,0.00199398,0.0242345,0.0709166,0.266157,1,0,,0,0,0,0,0,0,0,0,103808,104555,0,232,0
49177.5,1,0,0.00139578,0.0196668,0.0657916,0.280182,1,0,,0,0,0,0,0,0,0,0,103808,104555,0,232,0
49277.5,1,0,0.000977049,0.0159288,0.0608054,0.282019,1,0,,0,0,0,0,0,0,0,0,103808,104555,0,232,0
49377.5,1,0,0.000683934,0.0128799,0.0560128,0.269107,1,0,,0,0,0,0,0,0,0,0,103808,104555,0,232,0
49477.5,1,0,0.000478754,0.0103996,0.0514515,0.260632,1,0,,0,0,0,0,0,0,0,0,103808,104555,0,232,0
49577.5,1,0,0.000335128,0.00838673,0.047145,0.291981,1,0,,0,0,0,0,0,0,0,0,103808,104555,0,232,0
49677.5,1,0,0.000234589,0.0067563,0.0431061,0.289994,1,0,,0,0,0,0,0,0,0,0,103808,104555,0,232,0
49777.5,1,0,0.000164213,0.00543789,0.0393393,0.279456,1,0,,0,0,0,0,0,0,0,0,103808,104555,0,232,0
49877.5,1,0,0.000114949,0.0043733,0.0358427,0.285468,1,0,,0,0,0,0,0,0,0,0,103808,104555,0,232,0
49977.5,1,0,8.04642e-005,0.00351473,0.0326099,0.27928,1,0,,0,0,0,0,0,0,0,0,103808,104555,0,232,0
50077.5,1,0,5.63249e-005,0.00282305,0.0296312,0.253317,1,0,,0,0,0,0,0,0,0,0,103808,104555,0,232,0
50177.5,1,0,3.94274e-005,0.00226633,0.0268947,0.287627,1,0,,0,0,0,0,0,0,0,0,103808,104555,0,232,0
50277.5,1,0,2.75992e-005,0.00181858,0.0243871,0.294202,1,0,,0,0,0,0,0,0,0,0,103808,104555,0,232,0
50377.5,1,0,1.93194e-005,0.00145873,0.0220943,0.293328,1,0,,0,0,0,0,0,0,0,0,103808,104555,0,232,0
50477.5,1,0,1.35236e-005,0.00116969,0.0200018,0.260389,1,0,,0,0,0,0,0,0,0,0,103808,104555,0,232,0
50577.5,1,0,9.46653e-006,0.000937643,0.0180954,0.276526,1,0,,0,0,0,0,0,0,0,0,103808,104555,0,232,0
50677.5,1,0,6.62657e-006,0.00075144,0.016361,0.272815,1,0,,0,0,0,0,0,0,0,0,103808,104555,0,232,0
50777.5,1,0,4.6386e-006,0.00060208,0.0147851,0.302815,1,0,,0,0,0,0,0,0,0,0,103808,104555,0,232,0
50877.5,1,0,3.24702e-006,0.000482313,0.0133548,0.278726,1,0,,0,0,0,0,0,0,0,0,103808,104555,0,232,0
50977.5,1,0,2.27291e-006,0.000386305,0.012058,0.26389,1,0,,0,0,0,0,0,0,0,0,103808,104555,0,232,0
51077.5,1,0,1.59104e-006,0.000309362,0.0108831,0.279027,1,0,,0,0,0,0,0,0,0,0,103808,104555,0,232,0
51177.5,1,0,1.11373e-006,0.000247713,0.00981957,0.279102,1,0,,0,0,0,0,0,0,0,0,103808,104555,0,232,0
51277.5,1,0,7.79609e-007,0.000198326,0.00885745,0.284427,1,0,,0,0,0,0,0,0,0,0,103808,104555,0,232,0
51377.5,1,0,5.45726e-007,0.00015877,0.00798758,0.285054,1,0,,0,0,0,0,0,0,0,0,103808,104555,0,232,0
51477.5,1,2,0.6,0.120127,0.0192015,0.271731,1,0,,0,0,0,0,0,0,0,0,103808,104555,0,232,0
51577.5,1,0,0.42,0.180102,0.0352916,0.315517,1,0,,0,0,0,0,0,0,0,0,103808,104555,0,232,0
51677.5,1,0,0.294,0.202881,0.0520505,0.279106,1,0,,0,0,0,0,0,0,0,0,103808,104555,0,232,0
51777.5,1,0,0.2058,0.203465,0.067192,0.283018,1,0,,0,0,0,0,0,0,0,0,103808,104555,0,232,0
51877.5,1,0,0.14406,0.191584,0.0796312,0.283854,1,0,,0,0,0,0,0,0,0,0,103808,104555,0,232,0
51977.5,1,0,0.100842,0.173436,0.0890117,0.307092,1,0,,0,0,0,0,0,0,0,0,103808,104555,0,232,0
52077.5,1,0,0.0705894,0.152866,0.0953971,0.292041,1,0,,0,0,0,0,0,0,0,0,103808,104555,0,232,0
52177.5,1,0,0.0494126,0.132176,0.099075,0.266616,1,0,,0,0,0,0,0,0,0,0,103808,104555,0,232,0
52277.5,1,0,0.0345888,0.112658,0.100433,0.293879,1,0,,0,0,0,0,0,0,0,0,103808,104555,0,232,0
52377.5,1,0,0.0242122,0.0949691,0.0998869,0.313613,1,0,,0,0,0,0,0,0,0,0,103808,104555,0,232,0
52477.5,1,0,0.0169485,0.079365,0.0978347,0.274826,1,0,,0,0,0,0,0,0,0,0,103808,104555,0,232,0
52577.5,1,0,0.011864,0.0658648,0.0946377,0.282614,1,0,,0,0,0,0,0,0,0,0,103808,104555,0,232,0
52677.5,1,0,0.00830477,0.0543528,0.0906092,0.284766,1,0,,0,0,0,0,0,0,0,0,103808,104555,0,232,0
52777.5,1,0,0.00581334,0.0446449,0.0860128,0.315204,1,0,,0,0,0,0,0,0,0,0,103808,104555,0,232,0
52877.5,1,0,0.00406934,0.0365298,0.0810645,0.288242,1,0,,0,0,0,0,0,0,0,0,103808,104555,0,232,0
52977.5,1,0,0.00284854,0.0297935,0.0759374,0.314753,1,0,,0,0,0,0,0,0,0,0,103808,104555,0,232,0
53077.5,1,0,0.00199398,0.0242336,0.070767,0.282819,1,0,,0,0,0,0,0,0,0,0,103808,104555,0,232,0
53177.5,1,0,0.00139578,0.0196661,0.0656569,0.27347,1,0,,0,0,0,0,0,0,0,0,103808,104555,0,232,0
53277.5,1,0,0.000977048,0.0159283,0.060684,0.294658,1,0,,0,0,0,0,0,0,0,0,103808,104555,0,232,0
53377.5,1,0,0.000683934,0.0128794,0.0559036,0.281944,1,0,,0,0,0,0,0,0,0,0,103808,104555,0,232,0
53477.5,1,0,0.000478754,0.0103993,0.0513531,0.292968,1,0,,0,0,0,0,0,0,0,0,103808,104555,0,232,0
53577.5,1,0,0.000335128,0.00838644,0.0470565,0.297219,1,0,,0,0,0,0,0,0,0,0,103808,104555,0,232,0
53677.5,1,0,0.000234589,0.00675607,0.0430264,0.290157,1,0,,0,0,0,0,0,0,0,0,103808,104555,0,232,0
53777.5,1,0,0.000164212,0.0054377,0.0392676,0.284207,1,0,,0,0,0,0,0,0,0,0,103808,104555,0,232,0
53877.5,1,0,0.000114949,0.00437315,0.0357781,0.252581,1,0,,0,0,0,0,0,0,0,0,103808,104555,0,232,0
53977.5,1,0,8.04641e-005,0.00351461,0.0325518,0.27613,1,0,,0,0,0,0,0,0,0,0,103808,104555,0,232,0
54077.5,1,0,5.63249e-005,0.00282295,0.0295789,0.272206,1,0,,0,0,0,0,0,0,0,0,103808,104555,0,232,0
54177.5,1,0,3.94274e-005,0.00226625,0.0268476,0.295129,1,0,,0,0,0,0,0,0,0,0,103808,104555,0,232,0
54277.5,1,0,2.75992e-005,0.00181852,0.0243447,0.290603,1,0,,0,0,0,0,0,0,0,0,103808,104555,0,232,0
54377.5,1,0,1.93194e-005,0.00145868,0.0220561,0.266366,1,0,,0,0,0,0,0,0,0,0,103808,104555,0,232,0
54477.5,1,0,1.35236e-005,0.00116965,0.0199675,0.25539,1,0,,0,0,0,0,0,0,0,0,103808,104555,0,232,0
54577.5,1,0,9.46652e-006,0.000937611,0.0180645,0.284492,1,0,,0,0,0,0,0,0,0,0,103808,104555,0,232,0
54677.5,1,0,6.62657e-006,0.000751414,0.0163332,0.276855,1,0,,0,0,0,0,0,0,0,0,103808,104555,0,232,0
54777.5,1,0,4.6386e-006,0.000602059,0.0147601,0.312343,1,0,,0,0,0,0,0,0,0,0,103808,104555,0,232,0
54877.5,1,0,3.24702e-006,0.000482297,0.0133323,0.276879,1,0,,0,0,0,0,0,0,0,0,103808,104555,0,232,0
54977.5,1,0,2.27291e-006,0.000386292,0.0120377,0.302529,1,0,,0,0,0,0,0,0,0,0,103808,104555,0,232,0
55077.5,1,0,1.59104e-006,0.000309352,0.0108648,0.324652,1,0,,0,0,0,0,0,0,0,0,103808,104555,0,232,0
55177.5,1,0,1.11373e-006,0.000247704,0.00980313,0.319542,1,0,,0,0,0,0,0,0,0,0,103808,104555,0,232,0
55277.5,1,0,7.79609e-007,0.000198319,0.00884265,0.300552,1,0,,0,0,0,0,0,0,0,0,103808,104555,0,232,0
55377.5,1,2,0.600001,0.120159,0.0199743,0.278478,1,0,,0,0,0,0,0,0,0,0,103808,104555,0,232,0
55477.5,1,0,0.42,0.180127,0.0359895,0.281555,1,0,,0,0,0,0,0,0,0,0,103808,104555,0,232,0
55577.5,1,0,0.294,0.202902,0.0526808,0.267182,1,0,,0,0,0,0,0,0,0,0,103808,104555,0,232,0
55677.5,1,0,0.2058,0.203481,0.0677608,0.293072,1,0,,0,0,0,0,0,0,0,0,103808,104555,0,232,0
55777.5,1,0,0.14406,0.191597,0.0801445,0.267385,1,0,,0,0,0,0,0,0,0,0,103808,104555,0,232,0
55877.5,1,0,0.100842,0.173446,0.0894746,0.293358,1,0,,0,0,0,0,0,0,0,0,103808,104555,0,232,0
55977.5,1,0,0.0705895,0.152875,0.0958146,0.304296,1,0,,0,0,0,0,0,0,0,0,103808,104555,0,232,0
56077.5,1,0,0.0494126,0.132182,0.0994514,0.307547,1,0,,0,0,0,0,0,0,0,0,103808,104555,0,232,0
56177.5,1,0,0.0345888,0.112664,0.100773,0.302948,1,0,,0,0,0,0,0,0,0,0,103808,104555,0,232,0
56277.5,1,0,0.0242122,0.0949734,0.100193,0.260823,1,0,,0,0,0,0,0,0,0,0,103808,104555,0,232,0
56377.5,1,0,0.0169485,0.0793684,0.0981103,0.287035,1,0,,0,0,0,0,0,0,0,0,103808,104555,0,232,0
56477.5,1,0,0.011864,0.0658675,0.094886,0.309224,1,0,,0,0,0,0,0,0,0,0,103808,104555,0,232,0
56577.5,1,0,0.00830478,0.054355,0.0908329,0.2646,1,0,,0,0,0,0,0,0,0,0,103808,104555,0,232,0
56677.5,1,0,0.00581335,0.0446467,0.0862143,0.29225,1,0,,0,0,0,0,0,0,0,0,103808,104555,0,232,0
56777.5,1,0,0.00406934,0.0365312,0.081246,0.274274,1,0,,0,0,0,0,0,0,0,0,103808,104555,0,232,0
56877.5,1,0,0.00284854,0.0297947,0.0761008,0.303672,1,0,,0,0,0,0,0,0,0,0,103808,104555,0,232,0
56977.5,1,0,0.00199398,0.0242345,0.0709142,0.274508,1,0,,0,0,0,0,0,0,0,0,103808,104555,0,232,0
57077.5,1,0,0.00139578,0.0196668,0.0657894,0.269132,1,0,,0,0,0,0,0,0,0,0,103808,104555,0,232,0
57177.5,1,0,0.000977049,0.0159288,0.0608034,0.279394,1,0,,0,0,0,0,0,0,0,0,103808,104555,0,232,0
57277.5,1,0,0.000683934,0.0128799,0.056011,0.256819,1,0,,0,0,0,0,0,0,0,0,103808,104555,0,232,0
57377.5,1,0,0.000478754,0.0103996,0.0514499,0.287107,1,0,,0,0,0,0,0,0,0,0,103808,104555,0,232,0
57477.5,1,0,0.000335128,0.00838673,0.0471436,0.269144,1,0,,0,0,0,0,0,0,0,0,103808,104555,0,232,0
57577.5,1,0,0.000234589,0.0067563,0.0431048,0.30057,1,0,,0,0,0,0,0,0,0,0,103808,104555,0,232,0
57677.5,1,0,0.000164213,0.00543789,0.0393381,0.268382,1,0,,0,0,0,0,0,0,0,0,103808,104555,0,232,0
57777.5,1,0,0.000114949,0.0043733,0.0358417,0.317168,1,0,,0,0,0,0,0,0,0,0,103808,104555,0,232,0
57877.5,1,0,8.04642e-005,0.00351473,0.032609,0.287044,1,0,,0,0,0,0,0,0,0,0,103808,104555,0,232,0
57977.5,1,0,5.63249e-005,0.00282305,0.0296304,0.281342,1,0,,0,0,0,0,0,0,0,0,103808,104555,0,232,0
58077.5,1,0,3.94274e-005,0.00226633,0.026894,0.273254,1,0,,0,0,0,0,0,0,0,0,103808,104555,0,232,0
58177.5,1,0,2.75992e-005,0.00181858,0.0243864,0.271642,1,0,,0,0,0,0,0,0,0,0,103808,104555,0,232,0
58277.5,1,0,1.93194e-005,0.00145873,0.0220937,0.254531,1,0,,0,0,0,0,0,0,0,0,103808,104555,0,232,0
58377.5,1,0,1.35236e-005,0.00116969,0.0200013,0.28342,1,0,,0,0,0,0,0,0,0,0,103808,104555,0,232,0
58477.5,1,0,9.46653e-006,0.000937643,0.0180949,0.280294,1,0,,0,0,0,0,0,0,0,0,103808,104555,0,232,0
58577.5,1,0,6.62657e-006,0.00075144,0.0163606,0.278168,1,0,,0,0,0,0,0,0,0,0,103808,104555,0,232,0
58677.5,1,0,4.6386e-006,0.00060208,0.0147847,0.260819,1,0,,0,0,0,0,0,0,0,0,103808,104555,0,232,0
58777.5,1,0,3.24702e-006,0.000482313,0.0133545,0.276181,1,0,,0,0,0,0,0,0,0,0,103808,104555,0,232,0
58877.5,1,0,2.27291e-006,0.000386305,0.0120576,0.325319,1,0,,0,0,0,0,0,0,0,0,103808,104555,0,232,0
58977.5,1,0,1.59104e-006,0.000309362,0.0108828,0.276768,1,0,,0,0,0,0,0,0,0,0,103808,104555,0,232,0
59077.5,1,0,1.11373e-006,0.000247713,0.00981931,0.322682,1,0,,0,0,0,0,0,0,0,0,103808,104555,0,232,0
59177.5,1,0,7.79609e-007,0.000198326,0.00885721,0.262833,1,0,,0,0,0,0,0,0,0,0,103808,104555,0,232,0
59277.5,1,2,0.600001,0.120159,0.0199874,0.300144,1,0,,0,0,0,0,0,0,0,0,103808,104555,0,232,0
59377.5,1,0,0.42,0.180127,0.0360013,0.278179,1,0,,0,0,0,0,0,0,0,0,103808,104555,0,232,0
59477.5,1,0,0.294,0.202902,0.0526914,0.283166,1,0,,0,0,0,0,0,0,0,0,103808,104555,0,232,0
59577.5,1,0,0.2058,0.203481,0.0677704,0.286142,1,0,,0,0,0,0,0,0,0,0,103808,104555,0,232,0
59677.5,1,0,0.14406,0.191597,0.0801531,0.271779,1,0,,0,0,0,0,0,0,0,0,103808,104555,0,232,0
59777.5,1,0,0.100842,0.173446,0.0894824,0.257539,1,0,,0,0,0,0,0,0,0,0,103808,104555,0,232,0
59877.5,1,0,0.0705895,0.152875,0.0958216,0.283965,1,0,,0,0,0,0,0,0,0,0,103808,104555,0,232,0
59977.5,1,0,0.0494126,0.132182,0.0994577,0.287502,1,0,,0,0,0,0,0,0,0,0,103808,104555,0,232,0
60077.5,1,0,0.0345888,0.112664,0.100778,0.289411,1,0,,0,0,0,0,0,0,0,0,103808,104555,0,232,0
60177.5,1,0,0.0242122,0.0949734,0.100198,0.315623,1,0,,0,0,0,0,0,0,0,0,103808,104555,0,232,0
60277.5,1,0,0.0169485,0.0793684,0.0981149,0.279734,1,0,,0,0,0,0,0,0,0,0,103808,104555,0,232,0
60377.5,1,0,0.011864,0.0658675,0.0948901,0.29192,1,0,,0,0,0,0,0,0,0,0,103808,104555,0,232,0
60477.5,1,0,0.00830478,0.054355,0.0908366,0.277982,1,0,,0,0,0,0,0,0,0,0,103808,104555,0,232,0
60577.5,1,0,0.00581335,0.0446467,0.0862176,0.279682,1,0,,0,0,0,0,0,0,0,0,103808,104555,0,232,0
60677.5,1,0,0.00406934,0.0365312,0.081249,0.287381,1,0,,0,0,0,0,0,0,0,0,103808,104555,0,232,0
60777.5,1,0,0.00284854,0.0297947,0.0761035,0.266781,1,0,,0,0,0,0,0,0,0,0,103808,104555,0,232,0
60877.5,1,0,0.00199398,0.0242345,0.0709166,0.268506,1,0,,0,0,0,0,0,0,0,0,103808,104555,0,232,0
60977.5,1,0,0.00139578,0.0196668,0.0657916,0.259269,1,0,,0,0,0,0,0,0,0,0,103808,104555,0,232,0
61077.5,1,0,0.000977049,0.0159288,0.0608054,0.288604,1,0,,0,0,0,0,0,0,0,0,103808,104555,0,232,0
61177.5,1,0,0.000683934,0.0128799,0.0560128,0.279592,1,0,,0,0,0,0,0,0,0,0,103808,104555,0,232,0
61277.5,1,0,0.000478754,0.0103996,0.0514515,0.271216,1,0,,0,0,0,0,0,0,0,0,103808,104555,0,232,0
61377.5,1,0,0.000335128,0.00838673,0.047145,0.293277,1,0,,0,0,0,0,0,0,0,0,103808,104555,0,232,0
61477.5,1,0,0.000234589,0.0067563,0.0431061,0.310953,1,0,,0,0,0,0,0,0,0,0,103808,104555,0,232,0
61577.5,1,0,0.000164213,0.00543789,0.0393393,0.288255,1,0,,0,0,0,0,0,0,0,0,103808,104555,0,232,0
61677.5,1,0,0.000114949,0.0043733,0.0358427,0.336154,1,0,,0,0,0,0,0,0,0,0,103808,104555,0,232,0
61777.5,1,0,8.04642e-005,0.00351473,0.0326099,0.248291,1,0,,0,0,0,0,0,0,0,0,103808,104555,0,232,0
61877.5,1,0,5.63249e-005,0.00282305,0.0296312,0.261403,1,0,,0,0,0,0,0,0,0,0,103808,104555,0,232,0
61977.5,1,0,3.94274e-005,0.00226633,0.0268947,0.260729,1,0,,0,0,0,0,0,0,0,0,103808,104555,0,232,0
62077.5,1,0,2.75992e-005,0.00181858,0.0243871,0.282866,1,0,,0,0,0,0,0,0,0,0,103808,104555,0,232,0
62177.5,1,0,1.93194e-005,0.00145873,0.0220943,0.290191,1,0,,0,0,0,0,0,0,0,0,103808,104555,0,232,0
62277.5,1,0,1.35236e-005,0.00116969,0.0200018,0.247716,1,0,,0,0,0,0,0,0,0,0,103808,104555,0,232,0
62377.5,1,0,9.46653e-006,0.000937643,0.0180954,0.261178,1,0,,0,0,0,0,0,0,0,0,103808,104555,0,232,0
62477.5,1,0,6.62657e-006,0.00075144,0.016361,0.29854,1,0,,0,0,0,0,0,0,0,0,103808,104555,0,232,0
62577.5,1,0,4.6386e-006,0.00060208,0.0147851,0.27044,1,0,,0,0,0,0,0,0,0,0,103808,104555,0,232,0
62677.5,1,0,3.24702e-006,0.000482313,0.0133548,0.268464,1,0,,0,0,0,0,0,0,0,0,103808,104555,0,232,0
62777.5,1,0,2.27291e-006,0.000386305,0.012058,0.27229,1,0,,0,0,0,0,0,0,0,0,103808,104555,0,232,0
62877.5,1,0,1.59104e-006,0.000309362,0.0108831,0.288478,1,0,,0,0,0,0,0,0,0,0,103808,104555,0,232,0
62977.5,1,0,1.11373e-006,0.000247713,0.00981957,0.28309,1,0,,0,0,0,0,0,0,0,0,103808,104555,0,232,0
63077.5,1,0,7.79609e-007,0.000198326,0.00885745,0.29739,1,0,,0,0,0,0,0,0,0,0,103808,104555,0,232,0
63177.5,1,0,5.45726e-007,0.00015877,0.00798758,0.304404,1,0,,0,0,0,0,0,0,0,0,103808,104555,0,232,0
63277.5,1,2,0.6,0.120127,0.0192015,0.262132,1,0,,0,0,0,0,0,0,0,0,103808,104555,0,232,0
63377.5,1,0,0.42,0.180102,0.0352916,0.300669,1,0,,0,0,0,0,0,0,0,0,103808,104555,0,232,0
63477.5,1,0,0.294,0.202881,0.0520505,0.276855,1,0,,0,0,0,0,0,0,0,0,103808,104555,0,232,0
63577.5,1,0,0.2058,0.203465,0.067192,0.275794,1,0,,0,0,0,0,0,0,0,0,103808,104555,0,232,0
63677.5,1,0,0.14406,0.191584,0.0796312,0.277858,1,0,,0,0,0,0,0,0,0,0,103808,104555,0,232,0
63777.5,1,0,0.100842,0.173436,0.0890117,0.297884,1,0,,0,0,0,0,0,0,0,0,103808,104555,0,232,0
63877.5,1,0,0.0705894,0.152866,0.0953971,0.259122,1,0,,0,0,0,0,0,0,0,0,103808,104555,0,232,0
63977.5,1,0,0.0494126,0.132176,0.099075,0.296372,1,0,,0,0,0,0,0,0,0,0,103808,104555,0,232,0
64077.5,1,0,0.0345888,0.112658,0.100433,0.286486,1,0,,0,0,0,0,0,0,0,0,103808,104555,0,232,0
64177.5,1,0,0.0242122,0.0949691,0.0998869,0.267823,1,0,,0,0,0,0,0,0,0,0,103808,104555,0,232,0
64277.5,1,0,0.0169485,0.079365,0.0978347,0.299174,1,0,,0,0,0,0,0,0,0,0,103808,104555,0,232,0
64377.5,1,0,0.011864,0.0658648,0.0946377,0.303535,1,0,,0,0,0,0,0,0,0,0,103808,104555,0,232,0
64477.5,1,0,0.00830477,0.0543528,0.0906092,0.314071,1,0,,0,0,0,0,0,0,0,0,103808,104555,0,232,0
64577.5,1,0,0.00581334,0.0446449,0.0860128,0.262508,1,0,,0,0,0,0,0,0,0,0,103808,104555,0,232,0
64677.5,1,0,0.00406934,0.0365298,0.0810645,0.281299,1,0,,0,0,0,0,0,0,0,0,103808,104555,0,232,0
64777.5,1,0,0.00284854,0.0297935,0.0759374,0.319624,1,0,,0,0,0,0,0,0,0,0,103808,104555,0,232,0
64877.5,1,0,0.00199398,0.0242336,0.070767,0.276585,1,0,,0,0,0,0,0,0,0,0,103808,104555,0,232,0
64977.5,1,0,0.00139578,0.0196661,0.0656569,0.281474,1,0,,0,0,0,0,0,0,0,0,103808,104555,0,232,0
65077.5,1,0,0.000977048,0.0159283,0.060684,0.290699,1,0,,0,0,0,0,0,0,0,0,103808,104555,0,232,0
65177.5,1,0,0.000683934,0.0128794,0.0559036,0.271013,1,0,,0,0,0,0,0,0,0,0,103808,104555,0,232,0
65277.5,1,0,0.000478754,0.0103993,0.0513531,0.302062,1,0,,0,0,0,0,0,0,0,0,103808,104555,0,232,0
65377.5,1,0,0.000335128,0.00838644,0.0470565,0.324524,1,0,,0,0,0,0,0,0,0,0,103808,104555,0,232,0
65477.5,1,0,0.000234589,0.00675607,0.0430264,0.302376,1,0,,0,0,0,0,0,0,0,0,103808,104555,0,232,0
65577.5,1,0,0.000164212,0.0054377,0.0392676,0.32424,1,0,,0,0,0,0,0,0,0,0,103808,104555,0,232,0
65677.5,1,0,0.000114949,0.00437315,0.0357781,0.29714,1,0,,0,0,0,0,0,0,0,0,103808,104555,0,232,0
65777.5,1,0,8.04641e-005,0.00351461,0.0325518,0.29784,1,0,,0,0,0,0,0,0,0,0,103808,104555,0,232,0
65877.5,1,0,5.63249e-005,0.00282295,0.0295789,0.238513,1,0,,0,0,0,0,0,0,0,0,103808,104555,0,232,0
65977.5,1,0,3.94274e-005,0.00226625,0.0268476,0.312451,1,0,,0,0,0,0,0,0,0,0,103808,104555,0,232,0
66077.5,1,0,2.75992e-005,0.00181852,0.0243447,0.265065,1,0,,0,0,0,0,0,0,0,0,103808,104555,0,232,0
66177.5,1,0,1.93194e-005,0.00145868,0.0220561,0.296616,1,0,,0,0,0,0,0,0,0,0,103808,104555,0,232,0
66277.5,1,0,1.35236e-005,0.00116965,0.0199675,0.272579,1,0,,0,0,0,0,0,0,0,0,103808,104555,0,232,0
66377.5,1,0,9.46652e-006,0.000937611,0.0180645,0.269965,1,0,,0,0,0,0,0,0,0,0,103808,104555,0,232,0
66477.5,1,0,6.62657e-006,0.000751414,0.0163332,0.277916,1,0,,0,0,0,0,0,0,0,0,103808,104555,0,232,0
66577.5,1,0,4.6386e-006,0.000602059,0.0147601,0.26449,1,0,,0,0,0,0,0,0,0,0,103808,104555,0,232,0
66677.5,1,0,3.24702e-006,0.000482297,0.0133323,0.314866,1,0,,0,0,0,0,0,0,0,0,103808,104555,0,232,0
66777.5,1,0,2.27291e-006,0.000386292,0.0120377,0.280939,1,0,,0,0,0,0,0,0,0,0,103808,104555,0,232,0
66877.5,1,0,1.59104e-006,0.000309352,0.0108648,0.29939,1,0,,0,0,0,0,0,0,0,0,103808,104555,0,232,0
66977.5,1,0,1.11373e-006,0.000247704,0.00980313,0.306827,1,0,,0,0,0,0,0,0,0,0,103808,104555,0,232,0
67077.5,1,0,7.79609e-007,0.000198319,0.00884265,0.29254,1,0,,0,0,0,0,0,0,0,0,103808,104555,0,232,0
67177.5,1,2,0.600001,0.120159,0.0199743,0.281879,1,0,,0,0,0,0,0,0,0,0,103808,104555,0,232,0
67277.5,1,0,0.42,0.180127,0.0359895,0.292604,1,0,,0,0,0,0,0,0,0,0,103808,104555,0,232,0
67377.5,1,0,0.294,0.202902,0.0526808,0.283691,1,0,,0,0,0,0,0,0,0,0,103808,104555,0,232,0
67477.5,1,0,0.2058,0.203481,0.0677608,0.283541,1,0,,0,0,0,0,0,0,0,0,103808,104555,0,232,0
67577.5,1,0,0.14406,0.191597,0.0801445,0.289751,1,0,,0,0,0,0,0,0,0,0,103808,104555,0,232,0
67677.5,1,0,0.100842,0.173446,0.0894746,0.306038,1,0,,0,0,0,0,0,0,0,0,103808,104555,0,232,0
67777.5,1,0,0.0705895,0.152875,0.0958146,0.313313,1,0,,0,0,0,0,0,0,0,0,103808,104555,0,232,0
67877.5,1,0,0.0494126,0.132182,0.0994514,0.242775,1,0,,0,0,0,0,0,0,0,0,103808,104555,0,232,0
67977.5,1,0,0.0345888,0.112664,0.100773,0.265788,1,0,,0,0,0,0,0,0,0,0,103808,104555,0,232,0
68077.5,1,0,0.0242122,0.0949734,0.100193,0.294099,1,0,,0,0,0,0,0,0,0,0,103808,104555,0,232,0
68177.5,1,0,0.0169485,0.0793684,0.0981103,0.292513,1,0,,0,0,0,0,0,0,0,0,103808,104555,0,232,0
68277.5,1,0,0.011864,0.0658675,0.094886,0.313039,1,0,,0,0,0,0,0,0,0,0,103808,104555,0,232,0
68377.5,1,0,0.00830478,0.054355,0.0908329,0.316177,1,0,,0,0,0,0,0,0,0,0,103808,104555,0,232,0
68477.5,1,0,0.00581335,0.0446467,0.0862143,0.303214,1,0,,0,0,0,0,0,0,0,0,103808,104555,0,232,0
68577.5,1,0,0.00406934,0.0365312,0.081246,0.276786,1,0,,0,0,0,0,0,0,0,0,103808,104555,0,232,0
68677.5,1,0,0.00284854,0.0297947,0.0761008,0.311223,1,0,,0,0,0,0,0,0,0,0,103808,104555,0,232,0
68777.5,1,0,0.00199398,0.0242345,0.0709142,0.275373,1,0,,0,0,0,0,0,0,0,0,103808,104555,0,232,0
68877.5,1,0,0.00139578,0.0196668,0.0657894,0.316033,1,0,,0,0,0,0,0,0,0,0,103808,104555,0,232,0
68977.5,1,0,0.000977049,0.0159288,0.0608034,0.288884,1,0,,0,0,0,0,0,0,0,0,103808,104555,0,232,0
69077.5,1,0,0.000683934,0.0128799,0.056011,0.326009,1,0,,0,0,0,0,0,0,0,0,103808,104555,0,232,0
69177.5,1,0,0.000478754,0.0103996,0.0514499,0.277983,1,0,,0,0,0,0,0,0,0,0,103808,104555,0,232,0
69277.5,1,0,0.000335128,0.00838673,0.0471436,0.265882,1,0,,0,0,0,0,0,0,0,0,103808,104555,0,232,0
69377.5,1,0,0.000234589,0.0067563,0.0431048,0.260645,1,0,,0,0,0,0,0,0,0,0,103808,104555,0,232,0
69477.5,1,0,0.000164213,0.00543789,0.0393381,0.30067,1,0,,0,0,0,0,0,0,0,0,103808,104555,0,232,0
69577.5,1,0,0.000114949,0.0043733,0.0358417,0.268331,1,0,,0,0,0,0,0,0,0,0,103808,104555,0,232,0
69677.5,1,0,8.04642e-005,0.00351473,0.032609,0.287857,1,0,,0,0,0,0,0,0,0,0,103808,104555,0,232,0
69777.5,1,0,5.63249e-005,0.00282305,0.0296304,0.291331,1,0,,0,0,0,0,0,0,0,0,103808,104555,0,232,0
69877.5,1,0,3.94274e-005,0.00226633,0.026894,0.260507,1,0,,0,0,0,0,0,0,0,0,103808,104555,0,232,0
69977.5,1,0,2.75992e-005,0.00181858,0.0243864,0.283507,1,0,,0,0,0,0,0,0,0,0,103808,104555,0,232,0
70077.5,1,0,1.93194e-005,0.00145873,0.0220937,0.280106,1,0,,0,0,0,0,0,0,0,0,103808,104555,0,232,0
70177.5,1,0,1.35236e-005,0.00116969,0.0200013,0.287857,1,0,,0,0,0,0,0,0,0,0,103808,104555,0,232,0
70277.5,1,0,9.46653e-006,0.000937643,0.0180949,0.314457,1,0,,0,0,0,0,0,0,0,0,103808,104555,0,232,0
70377.5,1,0,6.62657e-006,0.00075144,0.0163606,0.286217,1,0,,0,0,0,0,0,0,0,0,103808,104555,0,232,0
70477.5,1,0,4.6386e-006,0.00060208,0.0147847,0.260167,1,0,,0,0,0,0,0,0,0,0,103808,104555,0,232,0
70577.5,1,0,3.24702e-006,0.000482313,0.0133545,0.267892,1,0,,0,0,0,0,0,0,0,0,103808,104555,0,232,0
70677.5,1,0,2.27291e-006,0.000386305,0.0120576,0.284755,1,0,,0,0,0,0,0,0,0,0,103808,104555,0,232,0
70777.5,1,0,1.59104e-006,0.000309362,0.0108828,0.315682,1,0,,0,0,0,0,0,0,0,0,103808,104555,0,232,0
70877.5,1,0,1.11373e-006,0.000247713,0.00981931,0.30307,1,0,,0,0,0,0,0,0,0,0,103808,104555,0,232,0
70977.5,1,0,7.79609e-007,0.000198326,0.00885721,0.295921,1,0,,0,0,0,0,0,0,0,0,103808,104555,0,232,0
71077.5,1,2,0.600001,0.120159,0.0199874,0.308189,1,0,,0,0,0,0,0,0,0,0,103808,104555,0,232,0
71177.5,1,0,0.42,0.180127,0.0360013,0.291777,1,0,,0,0,0,0,0,0,0,0,103808,104555,0,232,0
71277.5,1,0,0.294,0.202902,0.0526914,0.320239,1,0,,0,0,0,0,0,0,0,0,103808,104555,0,232,0
71377.5,1,0,0.2058,0.203481,0.0677704,0.272152,1,0,,0,0,0,0,0,0,0,0,103808,104555,0,232,0
71477.5,1,0,0.14406,0.191597,0.0801531,0.263003,1,0,,0,0,0,0,0,0,0,0,103808,104555,0,232,0
71577.5,1,0,0.100842,0.173446,0.0894824,0.284416,1,0,,0,0,0,0,0,0,0,0,103808,104555,0,232,0
71677.5,1,0,0.0705895,0.152875,0.0958216,0.303216,1,0,,0,0,0,0,0,0,0,0,103808,104555,0,232,0
71777.5,1,0,0.0494126,0.132182,0.0994577,0.30159,1,0,,0,0,0,0,0,0,0,0,103808,104555,0,232,0
71877.5,1,0,0.0345888,0.112664,0.100778,0.285642,1,0,,0,0,0,0,0,0,0,0,103808,104555,0,232,0
71977.5,1,0,0.0242122,0.0949734,0.100198,0.274841,1,0,,0,0,0,0,0,0,0,0,103808,104555,0,232,0
72077.5,1,0,0.0169485,0.0793684,0.0981149,0.261651,1,0,,0,0,0,0,0,0,0,0,103808,104555,0,232,0
72177.5,1,0,0.011864,0.0658675,0.0948901,0.272988,1,0,,0,0,0,0,0,0,0,0,103808,104555,0,232,0
72277.5,1,0,0.00830478,0.054355,0.0908366,0.268701,1,0,,0,0,0,0,0,0,0,0,103808,104555,0,232,0
72377.5,1,0,0.00581335,0.0446467,0.0862176,0.282663,1,0,,0,0,0,0,0,0,0,0,103808,104555,0,232,0
72477.5,1,0,0.00406934,0.0365312,0.081249,0.247927,1,0,,0,0,0,0,0,0,0,0,103808,104555,0,232,0
72577.5,1,0,0.00284854,0.0297947,0.0761035,0.337978,1,0,,0,0,0,0,0,0,0,0,103808,104555,0,232,0
72677.5,1,0,0.00199398,0.0242345,0.0709166,0.286389,1,0,,0,0,0,0,0,0,0,0,103808,104555,0,232,0
72777.5,1,0,0.00139578,0.0196668,0.0657916,0.282378,1,0,,0,0,0,0,0,0,0,0,103808,104555,0,232,0
72877.5,1,0,0.000977049,0.0159288,0.0608054,0.293889,1,0,,0,0,0,0,0,0,0,0,103808,104555,0,232,0
72977.5,1,0,0.000683934,0.0128799,0.0560128,0.304778,1,0,,0,0,0,0,0,0,0,0,103808,104555,0,232,0
73077.5,1,0,0.000478754,0.0103996,0.0514515,0.275729,1,0,,0,0,0,0,0,0,0,0,103808,104555,0,232,0
73177.5,1,0,0.000335128,0.00838673,0.047145,0.292954,1,0,,0,0,0,0,0,0,0,0,103808,104555,0,232,0
73277.5,1,0,0.000234589,0.0067563,0.0431061,0.283942,1,0,,0,0,0,0,0,0,0,0,103808,104555,0,232,0
73377.5,1,0,0.000164213,0.00543789,0.0393393,0.261967,1,0,,0,0,0,0,0,0,0,0,103808,104555,0,232,0
73477.5,1,0,0.000114949,0.0043733,0.0358427,0.269593,1,0,,0,0,0,0,0,0,0,0,103808,104555,0,232,0
73577.5,1,0,8.04642e-005,0.00351473,0.0326099,0.285731,1,0,,0,0,0,0,0,0,0,0,103808,104555,0,232,0
73677.5,1,0,5.63249e-005,0.00282305,0.0296312,0.301981,1,0,,0,0,0,0,0,0,0,0,103808,104555,0,232,0
73777.5,1,0,3.94274e-005,0.00226633,0.0268947,0.285191,1,0,,0,0,0,0,0,0,0,0,103808,104555,0,232,0
73877.5,1,0,2.75992e-005,0.00181858,0.0243871,0.265905,1,0,,0,0,0,0,0,0,0,0,103808,104555,0,232,0
73977.5,1,0,1.93194e-005,0.00145873,0.0220943,0.262331,1,0,,0,0,0,0,0,0,0,0,103808,104555,0,232,0
74077.5,1,0,1.35236e-005,0.00116969,0.0200018,0.304343,1,0,,0,0,0,0,0,0,0,0,103808,104555,0,232,0
74177.5,1,0,9.46653e-006,0.000937643,0.0180954,0.287843,1,0,,0,0,0,0,0,0,0,0,103808,104555,0,232,0
74277.5,1,0,6.62657e-006,0.00075144,0.016361,0.290532,1,0,,0,0,0,0,0,0,0,0,103808,104555,0,232,0
74377.5,1,0,4.6386e-006,0.00060208,0.0147851,0.258058,1,0,,0,0,0,0,0,0,0,0,103808,104555,0,232,0
74477.5,1,0,3.24702e-006,0.000482313,0.0133548,0.26657,1,0,,0,0,0,0,0,0,0,0,103808,104555,0,232,0
74577.5,1,0,2.27291e-006,0.000386305,0.012058,0.262695,1,0,,0,0,0,0,0,0,0,0,103808,104555,0,232,0
74677.5,1,0,1.59104e-006,0.000309362,0.0108831,0.282019,1,0,,0,0,0,0,0,0,0,0,103808,104555,0,232,0
74777.5,1,0,1.11373e-006,0.000247713,0.00981957,0.288568,1,0,,0,0,0,0,0,0,0,0,103808,104555,0,232,0
74877.5,1,0,7.79609e-007,0.000198326,0.00885745,0.294907,1,0,,0,0,0,0,0,0,0,0,103808,104555,0,232,0
74977.5,1,0,5.45726e-007,0.00015877,0.00798758,0.311418,1,0,,0,0,0,0,0,0,0,0,103808,104555,0,232,0
75077.5,1,2,0.6,0.120127,0.0192015,0.291331,1,0,,0,0,0,0,0,0,0,0,103808,104555,0,232,0
75177.5,1,0,0.42,0.180102,0.0352916,0.275354,1,0,,0,0,0,0,0,0,0,0,103808,104555,0,232,0
75277.5,1,0,0.294,0.202881,0.0520505,0.309066,1,0,,0,0,0,0,0,0,0,0,103808,104555,0,232,0
75377.5,1,0,0.2058,0.203465,0.067192,0.29839,1,0,,0,0,0,0,0,0,0,0,103808,104555,0,232,0
75477.5,1,0,0.14406,0.191584,0.0796312,0.271078,1,0,,0,0,0,0,0,0,0,0,103808,104555,0,232,0
75577.5,1,0,0.100842,0.173436,0.0890117,0.310317,1,0,,0,0,0,0,0,0,0,0,103808,104555,0,232,0
75677.5,1,0,0.0705894,0.152866,0.0953971,0.287243,1,0,,0,0,0,0,0,0,0,0,103808,104555,0,232,0
75777.5,1,0,0.0494126,0.132176,0.099075,0.284316,1,0,,0,0,0,0,0,0,0,0,103808,104555,0,232,0
75877.5,1,0,0.0345888,0.112658,0.100433,0.310603,1,0,,0,0,0,0,0,0,0,0,103808,104555,0,232,0
75977.5,1,0,0.0242122,0.0949691,0.0998869,0.282504,1,0,,0,0,0,0,0,0,0,0,103808,104555,0,232,0
76077.5,1,0,0.0169485,0.079365,0.0978347,0.255978,1,0,,0,0,0,0,0,0,0,0,103808,104555,0,232,0
76177.5,1,0,0.011864,0.0658648,0.0946377,0.260891,1,0,,0,0,0,0,0,0,0,0,103808,104555,0,232,0
76277.5,1,0,0.00830477,0.0543528,0.0906092,0.310215,1,0,,0,0,0,0,0,0,0,0,103808,104555,0,232,0
76377.5,1,0,0.00581334,0.0446449,0.0860128,0.28869,1,0,,0,0,0,0,0,0,0,0,103808,104555,0,232,0
76477.5,1,0,0.00406934,0.0365298,0.0810645,0.281128,1,0,,0,0,0,0,0,0,0,0,103808,104555,0,232,0
76577.5,1,0,0.00284854,0.0297935,0.0759374,0.250953,1,0,,0,0,0,0,0,0,0,0,103808,104555,0,232,0
76677.5,1,0,0.00199398,0.0242336,0.070767,0.274502,1,0,,0,0,0,0,0,0,0,0,103808,104555,0,232,0
76777.5,1,0,0.00139578,0.0196661,0.0656569,0.271715,1,0,,0,0,0,0,0,0,0,0,103808,104555,0,232,0
76877.5,1,0,0.000977048,0.0159283,0.060684,0.324578,1,0,,0,0,0,0,0,0,0,0,103808,104555,0,232,0
76977.5,1,0,0.000683934,0.0128794,0.0559036,0.252666,1,0,,0,0,0,0,0,0,0,0,103808,104555,0,232,0
77077.5,1,0,0.000478754,0.0103993,0.0513531,0.264554,1,0,,0,0,0,0,0,0,0,0,103808,104555,0,232,0
77177.5,1,0,0.000335128,0.00838644,0.0470565,0.26619,1,0,,0,0,0,0,0,0,0,0,103808,104555,0,232,0
77277.5,1,0,0.000234589,0.00675607,0.0430264,0.281704,1,0,,0,0,0,0,0,0,0,0,103808,104555,0,232,0
77377.5,1,0,0.000164212,0.0054377,0.0392676,0.29214,1,0,,0,0,0,0,0,0,0,0,103808,104555,0,232,0
77477.5,1,0,0.000114949,0.00437315,0.0357781,0.278328,1,0,,0,0,0,0,0,0,0,0,103808,104555,0,232,0
77577.5,1,0,8.04641e-005,0.00351461,0.0325518,0.276827,1,0,,0,0,0,0,0,0,0,0,103808,104555,0,232,0
77677.5,1,0,5.63249e-005,0.00282295,0.0295789,0.321715,1,0,,0,0,0,0,0,0,0,0,103808,104555,0,232,0
77777.5,1,0,3.94274e-005,0.00226625,0.0268476,0.294501,1,0,,0,0,0,0,0,0,0,0,103808,104555,0,232,0
77877.5,1,0,2.75992e-005,0.00181852,0.0243447,0.265376,1,0,,0,0,0,0,0,0,0,0,103808,104555,0,232,0
77977.5,1,0,1.93194e-005,0.00145868,0.0220561,0.253064,1,0,,0,0,0,0,0,0,0,0,103808,104555,0,232,0
78077.5,1,0,1.35236e-005,0.00116965,0.0199675,0.263525,1,0,,0,0,0,0,0,0,0,0,103808,104555,0,232,0
78177.5,1,0,9.46652e-006,0.000937611,0.0180645,0.280851,1,0,,0,0,0,0,0,0,0,0,103808,104555,0,232,0
78277.5,1,0,6.62657e-006,0.000751414,0.0163332,0.256987,1,0,,0,0,0,0,0,0,0,0,103808,104555,0,232,0
78377.5,1,0,4.6386e-006,0.000602059,0.0147601,0.265113,1,0,,0,0,0,0,0,0,0,0,103808,104555,0,232,0
78477.5,1,0,3.24702e-006,0.000482297,0.0133323,0.279186,1,0,,0,0,0,0,0,0,0,0,103808,104555,0,232,0
78577.5,1,0,2.27291e-006,0.000386292,0.0120377,0.281073,1,0,,0,0,0,0,0,0,0,0,103808,104555,0,232,0
78677.5,1,0,1.59104e-006,0.000309352,0.0108648,0.267045,1,0,,0,0,0,0,0,0,0,0,103808,104555,0,232,0
78777.5,1,0,1.11373e-006,0.000247704,0.00980313,0.313983,1,0,,0,0,0,0,0,0,0,0,103808,104555,0,232,0
78877.5,1,0,7.79609e-007,0.000198319,0.00884265,0.262409,1,0,,0,0,0,0,0,0,0,0,103808,104555,0,232,0
78977.5,1,3,0.900001,0.180159,0.0259743,0.261543,1,0,,0,0,0,0,0,0,0,0,103808,104555,0,232,0
79077.5,1,0,0.63,0.270127,0.0503895,0.281479,1,0,,0,0,0,0,0,0,0,0,103808,104555,0,232,0
79177.5,1,0,0.441,0.304302,0.0757808,0.308967,1,0,,0,0,0,0,0,0,0,0,103808,104555,0,232,0
79277.5,1,0,0.3087,0.305181,0.0987208,0.284679,1,0,,0,0,0,0,0,0,0,0,103808,104555,0,232,0
79377.5,1,0,0.21609,0.287363,0.117585,0.296561,1,0,,0,0,0,0,0,0,0,0,103808,104555,0,232,0
79477.5,1,0,0.151263,0.260143,0.131841,0.280887,1,0,,0,0,0,0,0,0,0,0,103808,104555,0,232,0
79577.5,1,0,0.105884,0.229291,0.141586,0.30505,1,0,,0,0,0,0,0,0,0,0,103808,104555,0,232,0
79677.5,1,0,0.0741189,0.198257,0.147253,0.279499,1,0,,0,0,0,0,0,0,0,0,103808,104555,0,232,0
79777.5,1,0,0.0518832,0.168982,0.149426,0.299787,1,0,,0,0,0,0,0,0,0,0,103808,104555,0,232,0
79877.5,1,0,0.0363183,0.142449,0.148728,0.280674,1,0,,0,0,0,0,0,0,0,0,103808,104555,0,232,0
79977.5,1,0,0.0254228,0.119044,0.14576,0.266225,1,0,,0,0,0,0,0,0,0,0,103808,104555,0,232,0
80077.5,1,0,0.017796,0.0987944,0.141063,0.333601,1,0,,0,0,0,0,0,0,0,0,103808,104555,0,232,0
80177.5,1,0,0.0124572,0.081527,0.13511,0.308913,1,0,,0,0,0,0,0,0,0,0,103808,104555,0,232,0
80277.5,1,0,0.00872002,0.0669656,0.128295,0.298161,1,0,,0,0,0,0,0,0,0,0,103808,104555,0,232,0
80377.5,1,0,0.00610401,0.0547933,0.120945,0.286059,1,0,,0,0,0,0,0,0,0,0,103808,104555,0,232,0
80477.5,1,0,0.00427281,0.0446892,0.113319,0.30441,1,0,,0,0,0,0,0,0,0,0,103808,104555,0,232,0
80577.5,1,0,0.00299097,0.0363495,0.105622,0.28572,1,0,,0,0,0,0,0,0,0,0,103808,104555,0,232,0
80677.5,1,0,0.00209368,0.0294984,0.09801,0.301121,1,0,,0,0,0,0,0,0,0,0,103808,104555,0,232,0
80777.5,1,0,0.00146557,0.0238918,0.0905982,0.281596,1,0,,0,0,0,0,0,0,0,0,103808,104555,0,232,0
80877.5,1,0,0.0010259,0.0193186,0.0834703,0.328235,1,0,,0,0,0,0,0,0,0,0,103808,104555,0,232,0
80977.5,1,0,0.000718131,0.0155985,0.0766831,0.264287,1,0,,0,0,0,0,0,0,0,0,103808,104555,0,232,0
81077.5,1,0,0.000502691,0.0125794,0.0702727,0.275998,1,0,,0,0,0,0,0,0,0,0,103808,104555,0,232,0
81177.5,1,0,0.000351884,0.0101339,0.0642588,0.279311,1,0,,0,0,0,0,0,0,0,0,103808,104555,0,232,0
81277.5,1,0,0.000246319,0.00815636,0.0586486,0.256484,1,0,,0,0,0,0,0,0,0,0,103808,104555,0,232,0
81377.5,1,0,0.000172423,0.00655957,0.0534397,0.266097,1,0,,0,0,0,0,0,0,0,0,103808,104555,0,232,0
81477.5,1,0,0.000120696,0.0052718,0.0486229,0.298821,1,0,,0,0,0,0,0,0,0,0,103808,104555,0,232,0
81577.5,1,0,8.44874e-005,0.00423433,0.044184,0.295307,1,0,,0,0,0,0,0,0,0,0,103808,104555,0,232,0
81677.5,1,0,5.91411e-005,0.0033993,0.0401056,0.267582,1,0,,0,0,0,0,0,0,0,0,103808,104555,0,232,0
81777.5,1,0,4.13988e-005,0.00272772,0.0363678,0.308371,1,0,,0,0,0,0,0,0,0,0,103808,104555,0,232,0
81877.5,1,0,2.89792e-005,0.00218797,0.0329498,0.277596,1,0,,0,0,0,0,0,0,0,0,103808,104555,0,232,0
81977.5,1,0,2.02854e-005,0.00175443,0.0298303,0.283722,1,0,,0,0,0,0,0,0,0,0,103808,104555,0,232,0
82077.5,1,0,1.41998e-005,0.00140639,0.0269879,0.261647,1,0,,0,0,0,0,0,0,0,0,103808,104555,0,232,0
82177.5,1,0,9.93985e-006,0.0011271,0.0244018,0.279661,1,0,,0,0,0,0,0,0,0,0,103808,104555,0,232,0
82277.5,1,0,6.9579e-006,0.000903069,0.0220519,0.258697,1,0,,0,0,0,0,0,0,0,0,103808,104555,0,232,0
82377.5,1,0,4.87053e-006,0.000723429,0.0199191,0.277947,1,0,,0,0,0,0,0,0,0,0,103808,104555,0,232,0
82477.5,1,0,3.40937e-006,0.000579425,0.0179851,0.309885,1,0,,0,0,0,0,0,0,0,0,103808,104555,0,232,0
82577.5,1,0,2.38656e-006,0.000464018,0.016233,0.272897,1,0,,0,0,0,0,0,0,0,0,103808,104555,0,232,0
82677.5,1,0,1.67059e-006,0.000371548,0.0146469,0.274021,1,0,,0,0,0,0,0,0,0,0,103808,104555,0,232,0
82777.5,1,0,1.16941e-006,0.000297472,0.0132119,0.27946,1,0,,0,0,0,0,0,0,0,0,103808,104555,0,232,0
82877.5,1,2,0.600001,0.120238,0.0239145,0.286774,1,0,,0,0,0,0,0,0,0,0,103808,104555,0,232,0
82977.5,1,0,0.420001,0.180191,0.0395421,0.299248,1,0,,0,0,0,0,0,0,0,0,103808,104555,0,232,0
83077.5,1,0,0.294,0.202953,0.0558832,0.275762,1,0,,0,0,0,0,0,0,0,0,103808,104555,0,232,0
83177.5,1,0,0.2058,0.203522,0.0706471,0.254987,1,0,,0,0,0,0,0,0,0,0,103808,104555,0,232,0
83277.5,1,0,0.14406,0.19163,0.0827454,0.295288,1,0,,0,0,0,0,0,0,0,0,103808,104555,0,232,0
83377.5,1,0,0.100842,0.173472,0.091818,0.257575,1,0,,0,0,0,0,0,0,0,0,103808,104555,0,232,0
83477.5,1,0,0.0705895,0.152896,0.0979258,0.279987,1,0,,0,0,0,0,0,0,0,0,103808,104555,0,232,0
83577.5,1,0,0.0494127,0.132199,0.101353,0.292436,1,0,,0,0,0,0,0,0,0,0,103808,104555,0,232,0
83677.5,1,0,0.0345889,0.112677,0.102486,0.265037,1,0,,0,0,0,0,0,0,0,0,103808,104555,0,232,0
83777.5,1,0,0.0242122,0.0949841,0.101735,0.281737,1,0,,0,0,0,0,0,0,0,0,103808,104555,0,232,0
83877.5,1,0,0.0169485,0.079377,0.0994995,0.293038,1,0,,0,0,0,0,0,0,0,0,103808,104555,0,232,0
83977.5,1,0,0.011864,0.0658744,0.096137,0.281887,1,0,,0,0,0,0,0,0,0,0,103808,104555,0,232,0
84077.5,1,0,0.00830478,0.0543604,0.0919593,0.270011,1,0,,0,0,0,0,0,0,0,0,103808,104555,0,232,0
84177.5,1,0,0.00581335,0.044651,0.0872285,0.292359,1,0,,0,0,0,0,0,0,0,0,103808,104555,0,232,0
84277.5,1,0,0.00406934,0.0365347,0.0821591,0.267559,1,0,,0,0,0,0,0,0,0,0,103808,104555,0,232,0
84377.5,1,0,0.00284854,0.0297975,0.076923,0.281123,1,0,,0,0,0,0,0,0,0,0,103808,104555,0,232,0
84477.5,1,0,0.00199398,0.0242368,0.0716543,0.28511,1,0,,0,0,0,0,0,0,0,0,103808,104555,0,232,0
84577.5,1,0,0.00139578,0.0196686,0.0664558,0.303435,1,0,,0,0,0,0,0,0,0,0,103808,104555,0,232,0
84677.5,1,0,0.000977049,0.0159303,0.0614032,0.280087,1,0,,0,0,0,0,0,0,0,0,103808,104555,0,232,0
84777.5,1,0,0.000683934,0.012881,0.056551,0.2667,1,0,,0,0,0,0,0,0,0,0,103808,104555,0,232,0
84877.5,1,0,0.000478754,0.0104006,0.0519359,0.289076,1,0,,0,0,0,0,0,0,0,0,103808,104555,0,232,0
84977.5,1,0,0.000335128,0.00838747,0.0475811,0.305514,1,0,,0,0,0,0,0,0,0,0,103808,104555,0,232,0
85077.5,1,0,0.000234589,0.00675689,0.0434987,0.275978,1,0,,0,0,0,0,0,0,0,0,103808,104555,0,232,0
85177.5,1,0,0.000164213,0.00543836,0.0396926,0.27963,1,0,,0,0,0,0,0,0,0,0,103808,104555,0,232,0
85277.5,1,0,0.000114949,0.00437367,0.0361607,0.281465,1,0,,0,0,0,0,0,0,0,0,103808,104555,0,232,0
85377.5,1,0,8.04642e-005,0.00351503,0.0328962,0.306241,1,0,,0,0,0,0,0,0,0,0,103808,104555,0,232,0
85477.5,1,0,5.63249e-005,0.00282329,0.0298889,0.269642,1,0,,0,0,0,0,0,0,0,0,103808,104555,0,232,0
85577.5,1,0,3.94275e-005,0.00226652,0.0271266,0.294142,1,0,,0,0,0,0,0,0,0,0,103808,104555,0,232,0
85677.5,1,0,2.75992e-005,0.00181873,0.0245959,0.285857,1,0,,0,0,0,0,0,0,0,0,103808,104555,0,232,0
85777.5,1,0,1.93195e-005,0.00145885,0.0222822,0.25682,1,0,,0,0,0,0,0,0,0,0,103808,104555,0,232,0
85877.5,1,0,1.35236e-005,0.00116979,0.0201709,0.282918,1,0,,0,0,0,0,0,0,0,0,103808,104555,0,232,0
85977.5,1,0,9.46653e-006,0.000937722,0.0182476,0.265493,1,0,,0,0,0,0,0,0,0,0,103808,104555,0,232,0
86077.5,1,0,6.62657e-006,0.000751503,0.016498,0.268557,1,0,,0,0,0,0,0,0,0,0,103808,104555,0,232,0
86177.5,1,0,4.6386e-006,0.00060213,0.0149084,0.260543,1,0,,0,0,0,0,0,0,0,0,103808,104555,0,232,0
86277.5,1,0,3.24702e-006,0.000482353,0.0134658,0.277644,1,0,,0,0,0,0,0,0,0,0,103808,104555,0,232,0
86377.5,1,0,2.27291e-006,0.000386337,0.0121578,0.302755,1,0,,0,0,0,0,0,0,0,0,103808,104555,0,232,0
86477.5,1,0,1.59104e-006,0.000309388,0.010973,0.300992,1,0,,0,0,0,0,0,0,0,0,103808,104555,0,232,0
86577.5,1,0,1.11373e-006,0.000247733,0.00990048,0.273402,1,0,,0,0,0,0,0,0,0,0,103808,104555,0,232,0
86677.5,1,0,7.7961e-007,0.000198343,0.00893026,0.286917,1,0,,0,0,0,0,0,0,0,0,103808,104555,0,232,0
86777.5,1,0,5.45727e-007,0.000158783,0.00805311,0.282067,1,0,,0,0,0,0,0,0,0,0,103808,104555,0,232,0
86877.5,1,2,0.6,0.120127,0.0192605,0.271897,1,0,,0,0,0,0,0,0,0,0,103808,104555,0,232,0
86977.5,1,0,0.42,0.180102,0.0353446,0.289948,1,0,,0,0,0,0,0,0,0,0,103808,104555,0,232,0
87077.5,1,0,0.294,0.202881,0.0520983,0.304135,1,0,,0,0,0,0,0,0,0,0,103808,104555,0,232,0
87177.5,1,0,0.2058,0.203465,0.067235,0.287248,1,0,,0,0,0,0,0,0,0,0,103808,104555,0,232,0
87277.5,1,0,0.14406,0.191584,0.0796699,0.305357,1,0,,0,0,0,0,0,0,0,0,103808,104555,0,232,0
87377.5,1,0,0.100842,0.173436,0.0890465,0.319195,1,0,,0,0,0,0,0,0,0,0,103808,104555,0,232,0
87477.5,1,0,0.0705894,0.152866,0.0954285,0.26388,1,0,,0,0,0,0,0,0,0,0,103808,104555,0,232,0
87577.5,1,0,0.0494126,0.132176,0.0991032,0.298629,1,0,,0,0,0,0,0,0,0,0,103808,104555,0,232,0
87677.5,1,0,0.0345888,0.112658,0.100459,0.27983,1,0,,0,0,0,0,0,0,0,0,103808,104555,0,232,0
87777.5,1,0,0.0242122,0.0949691,0.0999098,0.312007,1,0,,0,0,0,0,0,0,0,0,103808,104555,0,232,0
87877.5,1,0,0.0169485,0.079365,0.0978553,0.275296,1,0,,0,0,0,0,0,0,0,0,103808,104555,0,232,0
87977.5,1,0,0.011864,0.0658648,0.0946562,0.281536,1,0,,0,0,0,0,0,0,0,0,103808,104555,0,232,0
88077.5,1,0,0.00830477,0.0543528,0.0906259,0.30476,1,0,,0,0,0,0,0,0,0,0,103808,104555,0,232,0
88177.5,1,0,0.00581334,0.0446449,0.0860278,0.292034,1,0,,0,0,0,0,0,0,0,0,103808,104555,0,232,0
88277.5,1,0,0.00406934,0.0365298,0.081078,0.266022,1,0,,0,0,0,0,0,0,0,0,103808,104555,0,232,0
88377.5,1,0,0.00284854,0.0297935,0.0759495,0.268849,1,0,,0,0,0,0,0,0,0,0,103808,104555,0,232,0
88477.5,1,0,0.00199398,0.0242336,0.0707779,0.275287,1,0,,0,0,0,0,0,0,0,0,103808,104555,0,232,0
88577.5,1,0,0.00139578,0.0196661,0.0656667,0.2786,1,0,,0,0,0,0,0,0,0,0,103808,104555,0,232,0
88677.5,1,0,0.000977048,0.0159283,0.0606929,0.285124,1,0,,0,0,0,0,0,0,0,0,103808,104555,0,232,0
88777.5,1,0,0.000683934,0.0128794,0.0559115,0.270823,1,0,,0,0,0,0,0,0,0,0,103808,104555,0,232,0
88877.5,1,0,0.000478754,0.0103993,0.0513603,0.272136,1,0,,0,0,0,0,0,0,0,0,103808,104555,0,232,0
88977.5,1,0,0.000335128,0.00838644,0.0470629,0.290163,1,0,,0,0,0,0,0,0,0,0,103808,104555,0,232,0
89077.5,1,0,0.000234589,0.00675607,0.0430322,0.291625,1,0,,0,0,0,0,0,0,0,0,103808,104555,0,232,0
89177.5,1,0,0.000164212,0.0054377,0.0392728,0.284048,1,0,,0,0,0,0,0,0,0,0,103808,104555,0,232,0
89277.5,1,0,0.000114949,0.00437315,0.0357828,0.240159,1,0,,0,0,0,0,0,0,0,0,103808,104555,0,232,0
89377.5,1,0,8.04641e-005,0.00351461,0.032556,0.300322,1,0,,0,0,0,0,0,0,0,0,103808,104555,0,232,0
89477.5,1,0,5.63249e-005,0.00282295,0.0295827,0.268986,1,0,,0,0,0,0,0,0,0,0,103808,104555,0,232,0
89577.5,1,0,3.94274e-005,0.00226625,0.0268511,0.342122,1,0,,0,0,0,0,0,0,0,0,103808,104555,0,232,0
89677.5,1,0,2.75992e-005,0.00181852,0.0243478,0.249797,1,0,,0,0,0,0,0,0,0,0,103808,104555,0,232,0
89777.5,1,0,1.93194e-005,0.00145868,0.0220589,0.30961,1,0,,0,0,0,0,0,0,0,0,103808,104555,0,232,0
89877.5,1,0,1.35236e-005,0.00116965,0.01997,0.290474,1,0,,0,0,0,0,0,0,0,0,103808,104555,0,232,0
89977.5,1,0,9.46652e-006,0.000937611,0.0180667,0.296586,1,0,,0,0,0,0,0,0,0,0,103808,104555,0,232,0
90077.5,1,0,6.62657e-006,0.000751414,0.0163352,0.326047,1,0,,0,0,0,0,0,0,0,0,103808,104555,0,232,0
90177.5,1,0,4.6386e-006,0.000602059,0.0147619,0.28561,1,0,,0,0,0,0,0,0,0,0,103808,104555,0,232,0
90277.5,1,0,3.24702e-006,0.000482297,0.0133339,0.270899,1,0,,0,0,0,0,0,0,0,0,103808,104555,0,232,0
90377.5,1,0,2.27291e-006,0.000386292,0.0120392,0.3038,1,0,,0,0,0,0,0,0,0,0,103808,104555,0,232,0
90477.5,1,0,1.59104e-006,0.000309352,0.0108662,0.322475,1,0,,0,0,0,0,0,0,0,0,103808,104555,0,232,0
90577.5,1,0,1.11373e-006,0.000247704,0.00980433,0.294774,1,0,,0,0,0,0,0,0,0,0,103808,104555,0,232,0
90677.5,1,0,7.79609e-007,0.000198319,0.00884373,0.263899,1,0,,0,0,0,0,0,0,0,0,103808,104555,0,232,0
90777.5,1,3,0.900001,0.180159,0.0259752,0.273459,1,0,,0,0,0,0,0,0,0,0,103808,104555,0,232,0
90877.5,1,0,0.63,0.270127,0.0503904,0.288559,1,0,,0,0,0,0,0,0,0,0,103808,104555,0,232,0
90977.5,1,0,0.441,0.304302,0.0757815,0.274207,1,0,,0,0,0,0,0,0,0,0,103808,104555,0,232,0
91077.5,1,0,0.3087,0.305181,0.0987215,0.266569,1,0,,0,0,0,0,0,0,0,0,103808,104555,0,232,0
91177.5,1,0,0.21609,0.287363,0.117586,0.275633,1,0,,0,0,0,0,0,0,0,0,103808,104555,0,232,0
91277.5,1,0,0.151263,0.260143,0.131841,0.252495,1,0,,0,0,0,0,0,0,0,0,103808,104555,0,232,0
91377.5,1,0,0.105884,0.229291,0.141586,0.263707,1,0,,0,0,0,0,0,0,0,0,103808,104555,0,232,0
91477.5,1,0,0.0741189,0.198257,0.147253,0.260146,1,0,,0,0,0,0,0,0,0,0,103808,104555,0,232,0
91577.5,1,0,0.0518832,0.168982,0.149426,0.281546,1,0,,0,0,0,0,0,0,0,0,103808,104555,0,232,0
91677.5,1,0,0.0363183,0.142449,0.148729,0.267997,1,0,,0,0,0,0,0,0,0,0,103808,104555,0,232,0
91777.5,1,0,0.0254228,0.119044,0.14576,0.314273,1,0,,0,0,0,0,0,0,0,0,103808,104555,0,232,0
91877.5,1,0,0.017796,0.0987944,0.141064,0.265686,1,0,,0,0,0,0,0,0,0,0,103808,104555,0,232,0
91977.5,1,0,0.0124572,0.081527,0.13511,0.277735,1,0,,0,0,0,0,0,0,0,0,103808,104555,0,232,0
92077.5,1,0,0.00872002,0.0669656,0.128295,0.270208,1,0,,0,0,0,0,0,0,0,0,103808,104555,0,232,0
92177.5,1,0,0.00610401,0.0547933,0.120945,0.260009,1,0,,0,0,0,0,0,0,0,0,103808,104555,0,232,0
92277.5,1,0,0.00427281,0.0446892,0.11332,0.26842,1,0,,0,0,0,0,0,0,0,0,103808,104555,0,232,0
92377.5,1,0,0.00299097,0.0363495,0.105623,0.298259,1,0,,0,0,0,0,0,0,0,0,103808,104555,0,232,0
92477.5,1,0,0.00209368,0.0294984,0.0980102,0.260747,1,0,,0,0,0,0,0,0,0,0,103808,104555,0,232,0
92577.5,1,0,0.00146557,0.0238918,0.0905984,0.277511,1,0,,0,0,0,0,0,0,0,0,103808,104555,0,232,0
92677.5,1,0,0.0010259,0.0193186,0.0834704,0.273012,1,0,,0,0,0,0,0,0,0,0,103808,104555,0,232,0
92777.5,1,0,0.000718131,0.0155985,0.0766832,0.268662,1,0,,0,0,0,0,0,0,0,0,103808,104555,0,232,0
92877.5,1,0,0.000502691,0.0125794,0.0702728,0.321275,1,0,,0,0,0,0,0,0,0,0,103808,104555,0,232,0
92977.5,1,0,0.000351884,0.0101339,0.0642589,0.278038,1,0,,0,0,0,0,0,0,0,0,103808,104555,0,232,0
93077.5,1,0,0.000246319,0.00815636,0.0586487,0.277235,1,0,,0,0,0,0,0,0,0,0,103808,104555,0,232,0
93177.5,1,0,0.000172423,0.00655957,0.0534397,0.309548,1,0,,0,0,0,0,0,0,0,0,103808,104555,0,232,0
93277.5,1,0,0.000120696,0.0052718,0.048623,0.279887,1,0,,0,0,0,0,0,0,0,0,103808,104555,0,232,0
93377.5,1,0,8.44874e-005,0.00423433,0.0441841,0.276038,1,0,,0,0,0,0,0,0,0,0,103808,104555,0,232,0
93477.5,1,0,5.91411e-005,0.0033993,0.0401056,0.279788,1,0,,0,0,0,0,0,0,0,0,103808,104555,0,232,0
93577.5,1,0,4.13988e-005,0.00272772,0.0363678,0.272014,1,0,,0,0,0,0,0,0,0,0,103808,104555,0,232,0
93677.5,1,0,2.89792e-005,0.00218797,0.0329498,0.285041,1,0,,0,0,0,0,0,0,0,0,103808,104555,0,232,0
93777.5,1,0,2.02854e-005,0.00175443,0.0298303,0.305918,1,0,,0,0,0,0,0,0,0,0,103808,104555,0,232,0
93877.5,1,0,1.41998e-005,0.00140639,0.0269879,0.308666,1,0,,0,0,0,0,0,0,0,0,103808,104555,0,232,0
93977.5,1,0,9.93985e-006,0.0011271,0.0244018,0.298165,1,0,,0,0,0,0,0,0,0,0,103808,104555,0,232,0
94077.5,1,0,6.9579e-006,0.000903069,0.0220519,0.256166,1,0,,0,0,0,0,0,0,0,0,103808,104555,0,232,0
94177.5,1,0,4.87053e-006,0.000723429,0.0199191,0.297515,1,0,,0,0,0,0,0,0,0,0,103808,104555,0,232,0
94277.5,1,0,3.40937e-006,0.000579425,0.0179851,0.273779,1,0,,0,0,0,0,0,0,0,0,103808,104555,0,232,0
94377.5,1,0,2.38656e-006,0.000464018,0.016233,0.340879,1,0,,0,0,0,0,0,0,0,0,103808,104555,0,232,0
94477.5,1,0,1.67059e-006,0.000371548,0.0146469,0.242115,1,0,,0,0,0,0,0,0,0,0,103808,104555,0,232,0
94577.5,1,0,1.16941e-006,0.000297472,0.0132119,0.343339,1,0,,0,0,0,0,0,0,0,0,103808,104555,0,232,0
94677.5,1,2,0.600001,0.120238,0.0239146,0.320865,1,0,,0,0,0,0,0,0,0,0,103808,104555,0,232,0
94777.5,1,0,0.420001,0.180191,0.0395422,0.295804,1,0,,0,0,0,0,0,0,0,0,103808,104555,0,232,0
94877.5,1,0,0.294,0.202953,0.0558832,0.287204,1,0,,0,0,0,0,0,0,0,0,103808,104555,0,232,0
94977.5,1,0,0.2058,0.203522,0.0706471,0.278814,1,0,,0,0,0,0,0,0,0,0,103808,104555,0,232,0
95077.5,1,0,0.14406,0.19163,0.0827454,0.29939,1,0,,0,0,0,0,0,0,0,0,103808,104555,0,232,0
95177.5,1,0,0.100842,0.173472,0.091818,0.303777,1,0,,0,0,0,0,0,0,0,0,103808,104555,0,232,0
95277.5,1,0,0.0705895,0.152896,0.0979258,0.277127,1,0,,0,0,0,0,0,0,0,0,103808,104555,0,232,0
95377.5,1,0,0.0494127,0.132199,0.101353,0.280966,1,0,,0,0,0,0,0,0,0,0,103808,104555,0,232,0
95477.5,1,0,0.0345889,0.112677,0.102486,0.253379,1,0,,0,0,0,0,0,0,0,0,103808,104555,0,232,0
95577.5,1,0,0.0242122,0.0949841,0.101735,0.25319,1,0,,0,0,0,0,0,0,0,0,103808,104555,0,232,0
95677.5,1,0,0.0169485,0.079377,0.0994995,0.297179,1,0,,0,0,0,0,0,0,0,0,103808,104555,0,232,0
95777.5,1,0,0.011864,0.0658744,0.096137,0.298441,1,0,,0,0,0,0,0,0,0,0,103808,104555,0,232,0
95877.5,1,0,0.00830478,0.0543604,0.0919593,0.269904,1,0,,0,0,0,0,0,0,0,0,103808,104555,0,232,0
95977.5,1,0,0.00581335,0.044651,0.0872285,0.271017,1,0,,0,0,0,0,0,0,0,0,103808,104555,0,232,0
96077.5,1,0,0.00406934,0.0365347,0.0821591,0.294829,1,0,,0,0,0,0,0,0,0,0,103808,104555,0,232,0
96177.5,1,0,0.00284854,0.0297975,0.076923,0.290542,1,0,,0,0,0,0,0,0,0,0,103808,104555,0,232,0
96277.5,1,0,0.00199398,0.0242368,0.0716543,0.318679,1,0,,0,0,0,0,0,0,0,0,103808,104555,0,232,0
96377.5,1,0,0.00139578,0.0196686,0.0664558,0.27503,1,0,,0,0,0,0,0,0,0,0,103808,104555,0,232,0
96477.5,1,0,0.000977049,0.0159303,0.0614032,0.266868,1,0,,0,0,0,0,0,0,0,0,103808,104555,0,232,0
96577.5,1,0,0.000683934,0.012881,0.056551,0.251429,1,0,,0,0,0,0,0,0,0,0,103808,104555,0,232,0
96677.5,1,0,0.000478754,0.0104006,0.0519359,0.25958,1,0,,0,0,0,0,0,0,0,0,103808,104555,0,232,0
96777.5,1,0,0.000335128,0.00838747,0.0475811,0.275691,1,0,,0,0,0,0,0,0,0,0,103808,104555,0,232,0
96877.5,1,0,0.000234589,0.00675689,0.0434987,0.275627,1,0,,0,0,0,0,0,0,0,0,103808,104555,0,232,0
96977.5,1,0,0.000164213,0.00543836,0.0396926,0.295664,1,0,,0,0,0,0,0,0,0,0,103808,104555,0,232,0
97077.5,1,0,0.000114949,0.00437367,0.0361607,0.277664,1,0,,0,0,0,0,0,0,0,0,103808,104555,0,232,0
97177.5,1,0,8.04642e-005,0.00351503,0.0328962,0.264252,1,0,,0,0,0,0,0,0,0,0,103808,104555,0,232,0
97277.5,1,0,5.63249e-005,0.00282329,0.0298889,0.262478,1,0,,0,0,0,0,0,0,0,0,103808,104555,0,232,0
97377.5,1,0,3.94275e-005,0.00226652,0.0271266,0.270378,1,0,,0,0,0,0,0,0,0,0,103808,104555,0,232,0
97477.5,1,0,2.75992e-005,0.00181873,0.0245959,0.265438,1,0,,0,0,0,0,0,0,0,0,103808,104555,0,232,0
97577.5,1,0,1.93195e-005,0.00145885,0.0222822,0.24769,1,0,,0,0,0,0,0,0,0,0,103808,104555,0,232,0
97677.5,1,0,1.35236e-005,0.00116979,0.0201709,0.282388,1,0,,0,0,0,0,0,0,0,0,103808,104555,0,232,0
97777.5,1,0,9.46653e-006,0.000937722,0.0182476,0.302575,1,0,,0,0,0,0,0,0,0,0,103808,104555,0,232,0
97877.5,1,0,6.62657e-006,0.000751503,0.016498,0.282212,1,0,,0,0,0,0,0,0,0,0,103808,104555,0,232,0
97977.5,1,0,4.6386e-006,0.00060213,0.0149084,0.267261,1,0,,0,0,0,0,0,0,0,0,103808,104555,0,232,0
98077.5,1,0,3.24702e-006,0.000482353,0.0134658,0.281888,1,0,,0,0,0,0,0,0,0,0,103808,104555,0,232,0
98177.5,1,0,2.27291e-006,0.000386337,0.0121578,0.260211,1,0,,0,0,0,0,0,0,0,0,103808,104555,0,232,0
98277.5,1,0,1.59104e-006,0.000309388,0.010973,0.2902,1,0,,0,0,0,0,0,0,0,0,103808,104555,0,232,0
98377.5,1,0,1.11373e-006,0.000247733,0.00990048,0.261476,1,0,,0,0,0,0,0,0,0,0,103808,104555,0,232,0
98477.5,1,0,7.7961e-007,0.000198343,0.00893026,0.290749,1,0,,0,0,0,0,0,0,0,0,103808,104555,0,232,0
98577.5,1,0,5.45727e-007,0.000158783,0.00805311,0.303486,1,0,,0,0,0,0,0,0,0,0,103808,104555,0,232,0
98677.5,1,2,0.6,0.120127,0.0192605,0.276644,1,0,,0,0,0,0,0,0,0,0,103808,104555,0,232,0
98777.5,1,0,0.42,0.180102,0.0353446,0.271883,1,0,,0,0,0,0,0,0,0,0,103808,104555,0,232,0
98877.5,1,0,0.294,0.202881,0.0520983,0.275932,1,0,,0,0,0,0,0,0,0,0,103808,104555,0,232,0
98977.5,1,0,0.2058,0.203465,0.067235,0.277844,1,0,,0,0,0,0,0,0,0,0,103808,104555,0,232,0
99077.5,1,0,0.14406,0.191584,0.0796699,0.310431,1,0,,0,0,0,0,0,0,0,0,103808,104555,0,232,0
99177.5,1,0,0.100842,0.173436,0.0890465,0.265593,1,0,,0,0,0,0,0,0,0,0,103808,104555,0,232,0
99277.5,1,0,0.0705894,0.152866,0.0954285,0.268904,1,0,,0,0,0,0,0,0,0,0,103808,104555,0,232,0
99377.5,1,0,0.0494126,0.132176,0.0991032,0.306491,1,0,,0,0,0,0,0,0,0,0,103808,104555,0,232,0
99477.5,1,0,0.0345888,0.112658,0.100459,0.36028,1,0,,0,0,0,0,0,0,0,0,103808,104555,0,232,0
99577.5,1,0,0.0242122,0.0949691,0.0999098,0.272143,1,0,,0,0,0,0,0,0,0,0,103808,104555,0,232,0
99677.5,1,0,0.0169485,0.079365,0.0978553,0.261117,1,0,,0,0,0,0,0,0,0,0,103808,104555,0,232,0
99777.5,1,0,0.011864,0.0658648,0.0946562,0.266431,1,0,,0,0,0,0,0,0,0,0,103808,104555,0,232,0
99877.5,1,0,0.00830477,0.0543528,0.0906259,0.280207,1,0,,0,0,0,0,0,0,0,0,103808,104555,0,232,0
99977.5,1,0,0.00581334,0.0446449,0.0860278,0.277633,1,0,,0,0,0,0,0,0,0,0,103808,104555,0,232,0
100078,1,0,0.00406934,0.0365298,0.081078,0.28342,1,0,,0,0,0,0,0,0,0,0,103808,104555,0,232,0
100178,1,0,0.00284854,0.0297935,0.0759495,0.270418,1,0,,0,0,0,0,0,0,0,0,103808,104555,0,232,0
100278,1,0,0.00199398,0.0242336,0.0707779,0.266768,1,0,,0,0,0,0,0,0,0,0,103808,104555,0,232,0
100378,1,0,0.00139578,0.0196661,0.0656667,0.288493,1,0,,0,0,0,0,0,0,0,0,103808,104555,0,232,0
100478,1,0,0.000977048,0.0159283,0.0606929,0.253656,1,0,,0,0,0,0,0,0,0,0,103808,104555,0,232,0
100578,1,0,0.000683934,0.0128794,0.0559115,0.267132,1,0,,0,0,0,0,0,0,0,0,103808,104555,0,232,0
100678,1,0,0.000478754,0.0103993,0.0513603,0.267458,1,0,,0,0,0,0,0,0,0,0,103808,104555,0,232,0
100778,1,0,0.000335128,0.00838644,0.0470629,0.28607,1,0,,0,0,0,0,0,0,0,0,103808,104555,0,232,0
100878,1,0,0.000234589,0.00675607,0.0430322,0.311322,1,0,,0,0,0,0,0,0,0,0,103808,104555,0,232,0
100978,1,0,0.000164212,0.0054377,0.0392728,0.276012,1,0,,0,0,0,0,0,0,0,0,103808,104555,0,232,0
101078,1,0,0.000114949,0.00437315,0.0357828,0.301686,1,0,,0,0,0,0,0,0,0,0,103808,104555,0,232,0
101178,1,0,8.04641e-005,0.00351461,0.032556,0.282149,1,0,,0,0,0,0,0,0,0,0,103808,104555,0,232,0
101278,1,0,5.63249e-005,0.00282295,0.0295827,0.278537,1,0,,0,0,0,0,0,0,0,0,103808,104555,0,232,0
101378,1,0,3.94274e-005,0.00226625,0.0268511,0.250386,1,0,,0,0,0,0,0,0,0,0,103808,104555,0,232,0
101478,1,0,2.75992e-005,0.00181852,0.0243478,0.278297,1,0,,0,0,0,0,0,0,0,0,103808,104555,0,232,0
101578,1,0,1.93194e-005,0.00145868,0.0220589,0.269446,1,0,,0,0,0,0,0,0,0,0,103808,104555,0,232,0
101678,1,0,1.35236e-005,0.00116965,0.01997,0.282397,1,0,,0,0,0,0,0,0,0,0,103808,104555,0,232,0
101778,1,0,9.46652e-006,0.000937611,0.0180667,0.248072,1,0,,0,0,0,0,0,0,0,0,103808,104555,0,232,0
101878,1,0,6.62657e-006,0.000751414,0.0163352,0.302374,1,0,,0,0,0,0,0,0,0,0,103808,104555,0,232,0
101978,1,0,4.6386e-006,0.000602059,0.0147619,0.276211,1,0,,0,0,0,0,0,0,0,0,103808,104555,0,232,0
102078,1,0,3.24702e-006,0.000482297,0.0133339,0.263161,1,0,,0,0,0,0,0,0,0,0,103808,104555,0,232,0
102178,1,0,2.27291e-006,0.000386292,0.0120392,0.269886,1,0,,0,0,0,0,0,0,0,0,103808,104555,0,232,0
102278,1,0,1.59104e-006,0.000309352,0.0108662,0.277697,1,0,,0,0,0,0,0,0,0,0,103808,104555,0,232,0
102378,1,0,1.11373e-006,0.000247704,0.00980433,0.274498,1,0,,0,0,0,0,0,0,0,0,103808,104555,0,232,0
102478,1,0,7.79609e-007,0.000198319,0.00884373,0.269147,1,0,,0,0,0,0,0,0,0,0,103808,104555,0,232,0
102578,1,2,0.600001,0.120159,0.0199752,0.268843,1,0,,0,0,0,0,0,0,0,0,103808,104555,0,232,0
102678,1,0,0.42,0.180127,0.0359904,0.31058,1,0,,0,0,0,0,0,0,0,0,103808,104555,0,232,0
102778,1,0,0.294,0.202902,0.0526815,0.294316,1,0,,0,0,0,0,0,0,0,0,103808,104555,0,232,0
102878,1,0,0.2058,0.203481,0.0677615,0.270716,1,0,,0,0,0,0,0,0,0,0,103808,104555,0,232,0
102978,1,0,0.14406,0.191597,0.0801451,0.273592,1,0,,0,0,0,0,0,0,0,0,103808,104555,0,232,0
103078,1,0,0.100842,0.173446,0.0894752,0.274939,1,0,,0,0,0,0,0,0,0,0,103808,104555,0,232,0
103178,1,0,0.0705895,0.152875,0.0958152,0.275678,1,0,,0,0,0,0,0,0,0,0,103808,104555,0,232,0
103278,1,0,0.0494126,0.132182,0.0994519,0.278254,1,0,,0,0,0,0,0,0,0,0,103808,104555,0,232,0
103378,1,0,0.0345888,0.112664,0.100773,0.276277,1,0,,0,0,0,0,0,0,0,0,103808,104555,0,232,0
103478,1,0,0.0242122,0.0949734,0.100193,0.281289,1,0,,0,0,0,0,0,0,0,0,103808,104555,0,232,0
103578,1,0,0.0169485,0.0793684,0.0981106,0.292538,1,0,,0,0,0,0,0,0,0,0,103808,104555,0,232,0
103678,1,0,0.011864,0.0658675,0.0948863,0.272537,1,0,,0,0,0,0,0,0,0,0,103808,104555,0,232,0
103778,1,0,0.00830478,0.054355,0.0908332,0.292625,1,0,,0,0,0,0,0,0,0,0,103808,104555,0,232,0
103878,1,0,0.00581335,0.0446467,0.0862145,0.266825,1,0,,0,0,0,0,0,0,0,0,103808,104555,0,232,0
103978,1,0,0.00406934,0.0365312,0.0812462,0.2967,1,0,,0,0,0,0,0,0,0,0,103808,104555,0,232,0
104078,1,0,0.00284854,0.0297947,0.076101,0.284713,1,0,,0,0,0,0,0,0,0,0,103808,104555,0,232,0
104178,1,0,0.00199398,0.0242345,0.0709144,0.308002,1,0,,0,0,0,0,0,0,0,0,103808,104555,0,232,0
104278,1,0,0.00139578,0.0196668,0.0657896,0.29384,1,0,,0,0,0,0,0,0,0,0,103808,104555,0,232,0
104378,1,0,0.000977049,0.0159288,0.0608035,0.292528,1,0,,0,0,0,0,0,0,0,0,103808,104555,0,232,0
104478,1,0,0.000683934,0.0128799,0.0560112,0.291492,1,0,,0,0,0,0,0,0,0,0,103808,104555,0,232,0
104578,1,0,0.000478754,0.0103996,0.05145,0.314345,1,0,,0,0,0,0,0,0,0,0,103808,104555,0,232,0
104678,1,0,0.000335128,0.00838673,0.0471437,0.277546,1,0,,0,0,0,0,0,0,0,0,103808,104555,0,232,0
104778,1,0,0.000234589,0.0067563,0.0431049,0.283869,1,0,,0,0,0,0,0,0,0,0,103808,104555,0,232,0
104878,1,0,0.000164213,0.00543789,0.0393382,0.275244,1,0,,0,0,0,0,0,0,0,0,103808,104555,0,232,0
104978,1,0,0.000114949,0.0043733,0.0358417,0.279131,1,0,,0,0,0,0,0,0,0,0,103808,104555,0,232,0
105078,1,0,8.04642e-005,0.00351473,0.032609,0.28947,1,0,,0,0,0,0,0,0,0,0,103808,104555,0,232,0
105178,1,0,5.63249e-005,0.00282305,0.0296304,0.288669,1,0,,0,0,0,0,0,0,0,0,103808,104555,0,232,0
105278,1,0,3.94274e-005,0.00226633,0.026894,0.281654,1,0,,0,0,0,0,0,0,0,0,103808,104555,0,232,0
105378,1,0,2.75992e-005,0.00181858,0.0243865,0.275656,1,0,,0,0,0,0,0,0,0,0,103808,104555,0,232,0
105478,1,0,1.93194e-005,0.00145873,0.0220937,0.283418,1,0,,0,0,0,0,0,0,0,0,103808,104555,0,232,0
105578,1,0,1.35236e-005,0.00116969,0.0200013,0.278168,1,0,,0,0,0,0,0,0,0,0,103808,104555,0,232,0
105678,1,0,9.46653e-006,0.000937643,0.0180949,0.308569,1,0,,0,0,0,0,0,0,0,0,103808,104555,0,232,0
105778,1,0,6.62657e-006,0.00075144,0.0163606,0.276394,1,0,,0,0,0,0,0,0,0,0,103808,104555,0,232,0
105878,1,0,4.6386e-006,0.00060208,0.0147847,0.303757,1,0,,0,0,0,0,0,0,0,0,103808,104555,0,232,0
105978,1,0,3.24702e-006,0.000482313,0.0133545,0.275219,1,0,,0,0,0,0,0,0,0,0,103808,104555,0,232,0
106078,1,0,2.27291e-006,0.000386305,0.0120577,0.300319,1,0,,0,0,0,0,0,0,0,0,103808,104555,0,232,0
106178,1,0,1.59104e-006,0.000309362,0.0108828,0.290067,1,0,,0,0,0,0,0,0,0,0,103808,104555,0,232,0
106278,1,0,1.11373e-006,0.000247713,0.00981933,0.300279,1,0,,0,0,0,0,0,0,0,0,103808,104555,0,232,0
106378,1,0,7.79609e-007,0.000198326,0.00885723,0.29459,1,0,,0,0,0,0,0,0,0,0,103808,104555,0,232,0
106478,1,3,0.900001,0.180159,0.0259874,0.30119,1,0,,0,0,0,0,0,0,0,0,103808,104555,0,232,0
106578,1,0,0.63,0.270127,0.0504014,0.290129,1,0,,0,0,0,0,0,0,0,0,103808,104555,0,232,0
106678,1,0,0.441,0.304302,0.0757914,0.300553,1,0,,0,0,0,0,0,0,0,0,103808,104555,0,232,0
106778,1,0,0.3087,0.305181,0.0987304,0.284279,1,0,,0,0,0,0,0,0,0,0,103808,104555,0,232,0
106878,1,0,0.21609,0.287363,0.117594,0.276641,1,0,,0,0,0,0,0,0,0,0,103808,104555,0,232,0
106978,1,0,0.151263,0.260143,0.131849,0.284029,1,0,,0,0,0,0,0,0,0,0,103808,104555,0,232,0
107078,1,0,0.105884,0.229291,0.141593,0.276279,1,0,,0,0,0,0,0,0,0,0,103808,104555,0,232,0
107178,1,0,0.0741189,0.198257,0.147259,0.286941,1,0,,0,0,0,0,0,0,0,0,103808,104555,0,232,0
107278,1,0,0.0518832,0.168982,0.149432,0.292078,1,0,,0,0,0,0,0,0,0,0,103808,104555,0,232,0
107378,1,0,0.0363183,0.142449,0.148733,0.276466,1,0,,0,0,0,0,0,0,0,0,103808,104555,0,232,0
107478,1,0,0.0254228,0.119044,0.145764,0.297006,1,0,,0,0,0,0,0,0,0,0,103808,104555,0,232,0
107578,1,0,0.017796,0.0987944,0.141067,0.28407,1,0,,0,0,0,0,0,0,0,0,103808,104555,0,232,0
107678,1,0,0.0124572,0.081527,0.135113,0.288583,1,0,,0,0,0,0,0,0,0,0,103808,104555,0,232,0
107778,1,0,0.00872002,0.0669656,0.128299,0.284522,1,0,,0,0,0,0,0,0,0,0,103808,104555,0,232,0
107878,1,0,0.00610401,0.0547933,0.120948,0.263847,1,0,,0,0,0,0,0,0,0,0,103808,104555,0,232,0
107978,1,0,0.00427281,0.0446892,0.113322,0.280548,1,0,,0,0,0,0,0,0,0,0,103808,104555,0,232,0
108078,1,0,0.00299097,0.0363495,0.105625,0.289085,1,0,,0,0,0,0,0,0,0,0,103808,104555,0,232,0
108178,1,0,0.00209368,0.0294984,0.0980122,0.277423,1,0,,0,0,0,0,0,0,0,0,103808,104555,0,232,0
108278,1,0,0.00146557,0.0238918,0.0906002,0.310997,1,0,,0,0,0,0,0,0,0,0,103808,104555,0,232,0
108378,1,0,0.0010259,0.0193186,0.083472,0.300833,1,0,,0,0,0,0,0,0,0,0,103808,104555,0,232,0
108478,1,0,0.000718131,0.0155985,0.0766847,0.27022,1,0,,0,0,0,0,0,0,0,0,103808,104555,0,232,0
108578,1,0,0.000502691,0.0125794,0.0702741,0.291705,1,0,,0,0,0,0,0,0,0,0,103808,104555,0,232,0
108678,1,0,0.000351884,0.0101339,0.0642601,0.296792,1,0,,0,0,0,0,0,0,0,0,103808,104555,0,232,0
108778,1,0,0.000246319,0.00815636,0.0586497,0.283904,1,0,,0,0,0,0,0,0,0,0,103808,104555,0,232,0
108878,1,0,0.000172423,0.00655957,0.0534407,0.28839,1,0,,0,0,0,0,0,0,0,0,103808,104555,0,232,0
108978,1,0,0.000120696,0.0052718,0.0486238,0.310204,1,0,,0,0,0,0,0,0,0,0,103808,104555,0,232,0
109078,1,0,8.44874e-005,0.00423433,0.0441849,0.273853,1,0,,0,0,0,0,0,0,0,0,103808,104555,0,232,0
109178,1,0,5.91411e-005,0.0033993,0.0401063,0.26593,1,0,,0,0,0,0,0,0,0,0,103808,104555,0,232,0
109278,1,0,4.13988e-005,0.00272772,0.0363685,0.305614,1,0,,0,0,0,0,0,0,0,0,103808,104555,0,232,0
109378,1,0,2.89792e-005,0.00218797,0.0329504,0.278728,1,0,,0,0,0,0,0,0,0,0,103808,104555,0,232,0
109478,1,0,2.02854e-005,0.00175443,0.0298308,0.299343,1,0,,0,0,0,0,0,0,0,0,103808,104555,0,232,0
109578,1,0,1.41998e-005,0.00140639,0.0269884,0.315279,1,0,,0,0,0,0,0,0,0,0,103808,104555,0,232,0
109678,1,0,9.93985e-006,0.0011271,0.0244022,0.264666,1,0,,0,0,0,0,0,0,0,0,103808,104555,0,232,0
109778,1,0,6.9579e-006,0.000903069,0.0220523,0.303241,1,0,,0,0,0,0,0,0,0,0,103808,104555,0,232,0
109878,1,0,4.87053e-006,0.000723429,0.0199194,0.27764,1,0,,0,0,0,0,0,0,0,0,103808,104555,0,232,0
109978,1,0,3.40937e-006,0.000579425,0.0179854,0.293253,1,0,,0,0,0,0,0,0,0,0,103808,104555,0,232,0
110078,1,0,2.38656e-006,0.000464018,0.0162333,0.280717,1,0,,0,0,0,0,0,0,0,0,103808,104555,0,232,0
110178,1,0,1.67059e-006,0.000371548,0.0146471,0.274004,1,0,,0,0,0,0,0,0,0,0,103808,104555,0,232,0
110278,1,0,1.16941e-006,0.000297472,0.0132121,0.296406,1,0,,0,0,0,0,0,0,0,0,103808,104555,0,232,0
110378,1,0,8.18589e-007,0.000238142,0.0119147,0.298879,1,0,,0,0,0,0,0,0,0,0,103808,104555,0,232,0
110478,1,2,0.600001,0.120191,0.0227423,0.285956,1,0,,0,0,0,0,0,0,0,0,103808,104555,0,232,0
110578,1,0,0.42,0.180153,0.0384834,0.297932,1,0,,0,0,0,0,0,0,0,0,103808,104555,0,232,0
110678,1,0,0.294,0.202922,0.0549272,0.305731,1,0,,0,0,0,0,0,0,0,0,103808,104555,0,232,0
110778,1,0,0.2058,0.203498,0.0697843,0.251344,1,0,,0,0,0,0,0,0,0,0,103808,104555,0,232,0
110878,1,0,0.14406,0.19161,0.0819669,0.270781,1,0,,0,0,0,0,0,0,0,0,103808,104555,0,232,0
110978,1,0,0.100842,0.173457,0.0911159,0.298504,1,0,,0,0,0,0,0,0,0,0,103808,104555,0,232,0
111078,1,0,0.0705895,0.152883,0.0972926,0.268932,1,0,,0,0,0,0,0,0,0,0,103808,104555,0,232,0
111178,1,0,0.0494126,0.132189,0.100782,0.272647,1,0,,0,0,0,0,0,0,0,0,103808,104555,0,232,0
111278,1,0,0.0345888,0.112669,0.101971,0.266209,1,0,,0,0,0,0,0,0,0,0,103808,104555,0,232,0
111378,1,0,0.0242122,0.0949777,0.101272,0.264796,1,0,,0,0,0,0,0,0,0,0,103808,104555,0,232,0
111478,1,0,0.0169485,0.0793718,0.0990816,0.28271,1,0,,0,0,0,0,0,0,0,0,103808,104555,0,232,0
111578,1,0,0.011864,0.0658703,0.0957605,0.2998,1,0,,0,0,0,0,0,0,0,0,103808,104555,0,232,0
111678,1,0,0.00830478,0.0543572,0.0916201,0.265887,1,0,,0,0,0,0,0,0,0,0,103808,104555,0,232,0
111778,1,0,0.00581335,0.0446484,0.086923,0.27635,1,0,,0,0,0,0,0,0,0,0,103808,104555,0,232,0
111878,1,0,0.00406934,0.0365326,0.0818839,0.277837,1,0,,0,0,0,0,0,0,0,0,103808,104555,0,232,0
111978,1,0,0.00284854,0.0297958,0.0766751,0.288074,1,0,,0,0,0,0,0,0,0,0,103808,104555,0,232,0
112078,1,0,0.00199398,0.0242354,0.0714311,0.292912,1,0,,0,0,0,0,0,0,0,0,103808,104555,0,232,0
112178,1,0,0.00139578,0.0196675,0.0662548,0.25965,1,0,,0,0,0,0,0,0,0,0,103808,104555,0,232,0
112278,1,0,0.000977049,0.0159294,0.0612222,0.293952,1,0,,0,0,0,0,0,0,0,0,103808,104555,0,232,0
112378,1,0,0.000683934,0.0128803,0.056388,0.268941,1,0,,0,0,0,0,0,0,0,0,103808,104555,0,232,0
112478,1,0,0.000478754,0.0104,0.0517892,0.281093,1,0,,0,0,0,0,0,0,0,0,103808,104555,0,232,0
112578,1,0,0.000335128,0.00838703,0.047449,0.267017,1,0,,0,0,0,0,0,0,0,0,103808,104555,0,232,0
112678,1,0,0.000234589,0.00675654,0.0433798,0.259467,1,0,,0,0,0,0,0,0,0,0,103808,104555,0,232,0
112778,1,0,0.000164213,0.00543807,0.0395856,0.287578,1,0,,0,0,0,0,0,0,0,0,103808,104555,0,232,0
112878,1,0,0.000114949,0.00437345,0.0360644,0.26569,1,0,,0,0,0,0,0,0,0,0,103808,104555,0,232,0
112978,1,0,8.04642e-005,0.00351485,0.0328094,0.346476,1,0,,0,0,0,0,0,0,0,0,103808,104555,0,232,0
113078,1,0,5.63249e-005,0.00282315,0.0298108,0.290477,1,0,,0,0,0,0,0,0,0,0,103808,104555,0,232,0
113178,1,0,3.94274e-005,0.0022664,0.0270564,0.271262,1,0,,0,0,0,0,0,0,0,0,103808,104555,0,232,0
113278,1,0,2.75992e-005,0.00181864,0.0245326,0.305051,1,0,,0,0,0,0,0,0,0,0,103808,104555,0,232,0
113378,1,0,1.93194e-005,0.00145878,0.0222252,0.300289,1,0,,0,0,0,0,0,0,0,0,103808,104555,0,232,0
113478,1,0,1.35236e-005,0.00116973,0.0201197,0.289501,1,0,,0,0,0,0,0,0,0,0,103808,104555,0,232,0
113578,1,0,9.46653e-006,0.000937675,0.0182015,0.319216,1,0,,0,0,0,0,0,0,0,0,103808,104555,0,232,0
113678,1,0,6.62657e-006,0.000751465,0.0164565,0.268243,1,0,,0,0,0,0,0,0,0,0,103808,104555,0,232,0
113778,1,0,4.6386e-006,0.0006021,0.014871,0.275507,1,0,,0,0,0,0,0,0,0,0,103808,104555,0,232,0
113878,1,0,3.24702e-006,0.000482329,0.0134322,0.27823,1,0,,0,0,0,0,0,0,0,0,103808,104555,0,232,0
113978,1,0,2.27291e-006,0.000386318,0.0121276,0.280478,1,0,,0,0,0,0,0,0,0,0,103808,104555,0,232,0
114078,1,0,1.59104e-006,0.000309373,0.0109457,0.284703,1,0,,0,0,0,0,0,0,0,0,103808,104555,0,232,0
114178,1,0,1.11373e-006,0.000247721,0.00987595,0.291603,1,0,,0,0,0,0,0,0,0,0,103808,104555,0,232,0
114278,1,0,7.79609e-007,0.000198333,0.00890818,0.29634,1,0,,0,0,0,0,0,0,0,0,103808,104555,0,232,0
114378,1,3,0.900001,0.180159,0.0260332,0.279838,1,0,,0,0,0,0,0,0,0,0,103808,104555,0,232,0
114478,1,0,0.63,0.270127,0.0504426,0.289801,1,0,,0,0,0,0,0,0,0,0,103808,104555,0,232,0
114578,1,0,0.441,0.304302,0.0758285,0.292899,1,0,,0,0,0,0,0,0,0,0,103808,104555,0,232,0
114678,1,0,0.3087,0.305181,0.0987638,0.290624,1,0,,0,0,0,0,0,0,0,0,103808,104555,0,232,0
114778,1,0,0.21609,0.287363,0.117624,0.26521,1,0,,0,0,0,0,0,0,0,0,103808,104555,0,232,0
114878,1,0,0.151263,0.260143,0.131876,0.318086,1,0,,0,0,0,0,0,0,0,0,103808,104555,0,232,0
114978,1,0,0.105884,0.229291,0.141617,0.281199,1,0,,0,0,0,0,0,0,0,0,103808,104555,0,232,0
115078,1,0,0.0741189,0.198257,0.147281,0.285775,1,0,,0,0,0,0,0,0,0,0,103808,104555,0,232,0
115178,1,0,0.0518832,0.168982,0.149451,0.287837,1,0,,0,0,0,0,0,0,0,0,103808,104555,0,232,0
115278,1,0,0.0363183,0.142449,0.148751,0.328687,1,0,,0,0,0,0,0,0,0,0,103808,104555,0,232,0
115378,1,0,0.0254228,0.119044,0.14578,0.251373,1,0,,0,0,0,0,0,0,0,0,103808,104555,0,232,0
115478,1,0,0.017796,0.0987944,0.141082,0.285447,1,0,,0,0,0,0,0,0,0,0,103808,104555,0,232,0
115578,1,0,0.0124572,0.081527,0.135126,0.279534,1,0,,0,0,0,0,0,0,0,0,103808,104555,0,232,0
115678,1,0,0.00872002,0.0669656,0.12831,0.288873,1,0,,0,0,0,0,0,0,0,0,103808,104555,0,232,0
115778,1,0,0.00610401,0.0547933,0.120959,0.279823,1,0,,0,0,0,0,0,0,0,0,103808,104555,0,232,0
115878,1,0,0.00427281,0.0446892,0.113332,0.309673,1,0,,0,0,0,0,0,0,0,0,103808,104555,0,232,0
115978,1,0,0.00299097,0.0363495,0.105633,0.282134,1,0,,0,0,0,0,0,0,0,0,103808,104555,0,232,0
116078,1,0,0.00209368,0.0294984,0.0980199,0.26377,1,0,,0,0,0,0,0,0,0,0,103808,104555,0,232,0
116178,1,0,0.00146557,0.0238918,0.0906071,0.319042,1,0,,0,0,0,0,0,0,0,0,103808,104555,0,232,0
116278,1,0,0.0010259,0.0193186,0.0834782,0.300492,1,0,,0,0,0,0,0,0,0,0,103808,104555,0,232,0
116378,1,0,0.000718131,0.0155985,0.0766902,0.303291,1,0,,0,0,0,0,0,0,0,0,103808,104555,0,232,0
116478,1,0,0.000502691,0.0125794,0.0702791,0.301964,1,0,,0,0,0,0,0,0,0,0,103808,104555,0,232,0
116578,1,0,0.000351884,0.0101339,0.0642646,0.271374,1,0,,0,0,0,0,0,0,0,0,103808,104555,0,232,0
116678,1,0,0.000246319,0.00815636,0.0586538,0.278014,1,0,,0,0,0,0,0,0,0,0,103808,104555,0,232,0
116778,1,0,0.000172423,0.00655957,0.0534444,0.266289,1,0,,0,0,0,0,0,0,0,0,103808,104555,0,232,0
116878,1,0,0.000120696,0.0052718,0.0486271,0.255176,1,0,,0,0,0,0,0,0,0,0,103808,104555,0,232,0
116978,1,0,8.44874e-005,0.00423433,0.0441878,0.265014,1,0,,0,0,0,0,0,0,0,0,103808,104555,0,232,0
117078,1,0,5.91411e-005,0.0033993,0.040109,0.284028,1,0,,0,0,0,0,0,0,0,0,103808,104555,0,232,0
117178,1,0,4.13988e-005,0.00272772,0.0363709,0.283139,1,0,,0,0,0,0,0,0,0,0,103808,104555,0,232,0
117278,1,0,2.89792e-005,0.00218797,0.0329526,0.275514,1,0,,0,0,0,0,0,0,0,0,103808,104555,0,232,0
117378,1,0,2.02854e-005,0.00175443,0.0298327,0.289665,1,0,,0,0,0,0,0,0,0,0,103808,104555,0,232,0
117478,1,0,1.41998e-005,0.00140639,0.0269901,0.289364,1,0,,0,0,0,0,0,0,0,0,103808,104555,0,232,0
117578,1,0,9.93985e-006,0.0011271,0.0244038,0.255101,1,0,,0,0,0,0,0,0,0,0,103808,104555,0,232,0
117678,1,0,6.9579e-006,0.000903069,0.0220537,0.315114,1,0,,0,0,0,0,0,0,0,0,103808,104555,0,232,0
117778,1,0,4.87053e-006,0.000723429,0.0199207,0.307316,1,0,,0,0,0,0,0,0,0,0,103808,104555,0,232,0
117878,1,0,3.40937e-006,0.000579425,0.0179866,0.270405,1,0,,0,0,0,0,0,0,0,0,103808,104555,0,232,0
117978,1,0,2.38656e-006,0.000464018,0.0162343,0.27858,1,0,,0,0,0,0,0,0,0,0,103808,104555,0,232,0
118078,1,0,1.67059e-006,0.000371548,0.014648,0.308367,1,0,,0,0,0,0,0,0,0,0,103808,104555,0,232,0
118178,1,0,1.16941e-006,0.000297472,0.013213,0.301853,1,0,,0,0,0,0,0,0,0,0,103808,104555,0,232,0
118278,1,2,0.600001,0.120238,0.0239155,0.316189,1,0,,0,0,0,0,0,0,0,0,103808,104555,0,232,0
118378,1,0,0.420001,0.180191,0.039543,0.265065,1,0,,0,0,0,0,0,0,0,0,103808,104555,0,232,0
118478,1,0,0.294,0.202953,0.055884,0.287553,1,0,,0,0,0,0,0,0,0,0,103808,104555,0,232,0
118578,1,0,0.2058,0.203522,0.0706478,0.304453,1,0,,0,0,0,0,0,0,0,0,103808,104555,0,232,0
118678,1,0,0.14406,0.19163,0.082746,0.281978,1,0,,0,0,0,0,0,0,0,0,103808,104555,0,232,0
118778,1,0,0.100842,0.173472,0.0918186,0.271404,1,0,,0,0,0,0,0,0,0,0,103808,104555,0,232,0
118878,1,0,0.0705895,0.152896,0.0979263,0.325281,1,0,,0,0,0,0,0,0,0,0,103808,104555,0,232,0
118978,1,0,0.0494127,0.132199,0.101354,0.283754,1,0,,0,0,0,0,0,0,0,0,103808,104555,0,232,0
119078,1,0,0.0345889,0.112677,0.102486,0.286741,1,0,,0,0,0,0,0,0,0,0,103808,104555,0,232,0
119178,1,0,0.0242122,0.0949841,0.101736,0.298193,1,0,,0,0,0,0,0,0,0,0,103808,104555,0,232,0
119278,1,0,0.0169485,0.079377,0.0994999,0.296444,1,0,,0,0,0,0,0,0,0,0,103808,104555,0,232,0
119378,1,0,0.011864,0.0658744,0.0961373,0.319918,1,0,,0,0,0,0,0,0,0,0,103808,104555,0,232,0
119478,1,0,0.00830478,0.0543604,0.0919596,0.279454,1,0,,0,0,0,0,0,0,0,0,103808,104555,0,232,0
119578,1,0,0.00581335,0.044651,0.0872288,0.318379,1,0,,0,0,0,0,0,0,0,0,103808,104555,0,232,0
119678,1,0,0.00406934,0.0365347,0.0821593,0.283091,1,0,,0,0,0,0,0,0,0,0,103808,104555,0,232,0
119778,1,0,0.00284854,0.0297975,0.0769232,0.307115,1,0,,0,0,0,0,0,0,0,0,103808,104555,0,232,0
119878,1,0,0.00199398,0.0242368,0.0716545,0.283603,1,0,,0,0,0,0,0,0,0,0,103808,104555,0,232,0
119978,1,0,0.00139578,0.0196686,0.0664559,0.281828,1,0,,0,0,0,0,0,0,0,0,103808,104555,0,232,0
120078,1,0,0.000977049,0.0159303,0.0614033,0.281389,1,0,,0,0,0,0,0,0,0,0,103808,104555,0,232,0
120178,1,0,0.000683934,0.012881,0.0565511,0.263291,1,0,,0,0,0,0,0,0,0,0,103808,104555,0,232,0
120278,1,0,0.000478754,0.0104006,0.0519361,0.288304,1,0,,0,0,0,0,0,0,0,0,103808,104555,0,232,0
120378,1,0,0.000335128,0.00838747,0.0475812,0.294815,1,0,,0,0,0,0,0,0,0,0,103808,104555,0,232,0
120478,1,0,0.000234589,0.00675689,0.0434988,0.306227,1,0,,0,0,0,0,0,0,0,0,103808,104555,0,232,0
120578,1,0,0.000164213,0.00543836,0.0396927,0.28344,1,0,,0,0,0,0,0,0,0,0,103808,104555,0,232,0
120678,1,0,0.000114949,0.00437367,0.0361608,0.28098,1,0,,0,0,0,0,0,0,0,0,103808,104555,0,232,0
120778,1,0,8.04642e-005,0.00351503,0.0328962,0.285291,1,0,,0,0,0,0,0,0,0,0,103808,104555,0,232,0
120878,1,0,5.63249e-005,0.00282329,0.0298889,0.286379,1,0,,0,0,0,0,0,0,0,0,103808,104555,0,232,0
120978,1,0,3.94275e-005,0.00226652,0.0271267,0.286417,1,0,,0,0,0,0,0,0,0,0,103808,104555,0,232,0
121078,1,0,2.75992e-005,0.00181873,0.0245959,0.250407,1,0,,0,0,0,0,0,0,0,0,103808,104555,0,232,0
121178,1,0,1.93195e-005,0.00145885,0.0222822,0.289531,1,0,,0,0,0,0,0,0,0,0,103808,104555,0,232,0
121278,1,0,1.35236e-005,0.00116979,0.020171,0.287382,1,0,,0,0,0,0,0,0,0,0,103808,104555,0,232,0
121378,1,0,9.46653e-006,0.000937722,0.0182476,0.316368,1,0,,0,0,0,0,0,0,0,0,103808,104555,0,232,0
121478,1,0,6.62657e-006,0.000751503,0.016498,0.271379,1,0,,0,0,0,0,0,0,0,0,103808,104555,0,232,0
121578,1,0,4.6386e-006,0.00060213,0.0149084,0.27808,1,0,,0,0,0,0,0,0,0,0,103808,104555,0,232,0
121678,1,0,3.24702e-006,0.000482353,0.0134658,0.263043,1,0,,0,0,0,0,0,0,0,0,103808,104555,0,232,0
121778,1,0,2.27291e-006,0.000386337,0.0121579,0.266743,1,0,,0,0,0,0,0,0,0,0,103808,104555,0,232,0
121878,1,0,1.59104e-006,0.000309388,0.010973,0.273456,1,0,,0,0,0,0,0,0,0,0,103808,104555,0,232,0
121978,1,0,1.11373e-006,0.000247733,0.00990049,0.290656,1,0,,0,0,0,0,0,0,0,0,103808,104555,0,232,0
122078,1,0,7.7961e-007,0.000198343,0.00893028,0.276505,1,0,,0,0,0,0,0,0,0,0,103808,104555,0,232,0
122178,1,0,5.45727e-007,0.000158783,0.00805313,0.282604,1,0,,0,0,0,0,0,0,0,0,103808,104555,0,232,0
122278,1,3,0.9,0.180127,0.0252605,0.293708,1,0,,0,0,0,0,0,0,0,0,103808,104555,0,232,0
122378,1,0,0.63,0.270102,0.0497447,0.281871,1,0,,0,0,0,0,0,0,0,0,103808,104555,0,232,0
122478,1,0,0.441,0.304281,0.0751983,0.284258,1,0,,0,0,0,0,0,0,0,0,103808,104555,0,232,0
122578,1,0,0.3087,0.305165,0.098195,0.273634,1,0,,0,0,0,0,0,0,0,0,103808,104555,0,232,0
122678,1,0,0.21609,0.28735,0.117111,0.290272,1,0,,0,0,0,0,0,0,0,0,103808,104555,0,232,0
122778,1,0,0.151263,0.260133,0.131413,0.284285,1,0,,0,0,0,0,0,0,0,0,103808,104555,0,232,0
122878,1,0,0.105884,0.229283,0.1412,0.275921,1,0,,0,0,0,0,0,0,0,0,103808,104555,0,232,0
122978,1,0,0.0741189,0.19825,0.146905,0.290296,1,0,,0,0,0,0,0,0,0,0,103808,104555,0,232,0
123078,1,0,0.0518832,0.168977,0.149112,0.312133,1,0,,0,0,0,0,0,0,0,0,103808,104555,0,232,0
123178,1,0,0.0363183,0.142445,0.148445,0.275058,1,0,,0,0,0,0,0,0,0,0,103808,104555,0,232,0
123278,1,0,0.0254228,0.119041,0.145505,0.318408,1,0,,0,0,0,0,0,0,0,0,103808,104555,0,232,0
123378,1,0,0.0177959,0.0987917,0.140834,0.285083,1,0,,0,0,0,0,0,0,0,0,103808,104555,0,232,0
123478,1,0,0.0124572,0.0815248,0.134903,0.278133,1,0,,0,0,0,0,0,0,0,0,103808,104555,0,232,0
123578,1,0,0.00872001,0.0669638,0.128109,0.256983,1,0,,0,0,0,0,0,0,0,0,103808,104555,0,232,0
123678,1,0,0.00610401,0.0547919,0.120777,0.25537,1,0,,0,0,0,0,0,0,0,0,103808,104555,0,232,0
123778,1,0,0.00427281,0.0446881,0.113168,0.292107,1,0,,0,0,0,0,0,0,0,0,103808,104555,0,232,0
123878,1,0,0.00299096,0.0363486,0.105486,0.29677,1,0,,0,0,0,0,0,0,0,0,103808,104555,0,232,0
123978,1,0,0.00209368,0.0294977,0.0978873,0.289283,1,0,,0,0,0,0,0,0,0,0,103808,104555,0,232,0
124078,1,0,0.00146557,0.0238912,0.0904877,0.283083,1,0,,0,0,0,0,0,0,0,0,103808,104555,0,232,0
124178,1,0,0.0010259,0.0193182,0.0833708,0.279183,1,0,,0,0,0,0,0,0,0,0,103808,104555,0,232,0
124278,1,0,0.00071813,0.0155982,0.0765935,0.309782,1,0,,0,0,0,0,0,0,0,0,103808,104555,0,232,0
124378,1,0,0.000502691,0.0125791,0.0701921,0.295359,1,0,,0,0,0,0,0,0,0,0,103808,104555,0,232,0
124478,1,0,0.000351884,0.0101336,0.0641862,0.306823,1,0,,0,0,0,0,0,0,0,0,103808,104555,0,232,0
124578,1,0,0.000246319,0.00815617,0.0585832,0.273185,1,0,,0,0,0,0,0,0,0,0,103808,104555,0,232,0
124678,1,0,0.000172423,0.00655942,0.0533808,0.286548,1,0,,0,0,0,0,0,0,0,0,103808,104555,0,232,0
124778,1,0,0.000120696,0.00527168,0.0485699,0.286537,1,0,,0,0,0,0,0,0,0,0,103808,104555,0,232,0
124878,1,0,8.44873e-005,0.00423424,0.0441363,0.25995,1,0,,0,0,0,0,0,0,0,0,103808,104555,0,232,0
124978,1,0,5.91411e-005,0.00339922,0.0400626,0.288713,1,0,,0,0,0,0,0,0,0,0,103808,104555,0,232,0
125078,1,0,4.13988e-005,0.00272765,0.0363291,0.272274,1,0,,0,0,0,0,0,0,0,0,103808,104555,0,232,0
125178,1,0,2.89791e-005,0.00218792,0.032915,0.287835,1,0,,0,0,0,0,0,0,0,0,103808,104555,0,232,0
125278,1,0,2.02854e-005,0.00175439,0.0297989,0.31422,1,0,,0,0,0,0,0,0,0,0,103808,104555,0,232,0
125378,1,0,1.41998e-005,0.00140635,0.0269597,0.285794,1,0,,0,0,0,0,0,0,0,0,103808,104555,0,232,0
125478,1,0,9.93985e-006,0.00112707,0.0243764,0.290532,1,0,,0,0,0,0,0,0,0,0,103808,104555,0,232,0
125578,1,0,6.95789e-006,0.000903049,0.0220291,0.276695,1,0,,0,0,0,0,0,0,0,0,103808,104555,0,232,0
125678,1,0,4.87052e-006,0.000723413,0.0198985,0.267371,1,0,,0,0,0,0,0,0,0,0,103808,104555,0,232,0
125778,1,0,3.40937e-006,0.000579412,0.0179666,0.300521,1,0,,0,0,0,0,0,0,0,0,103808,104555,0,232,0
125878,1,0,2.38656e-006,0.000464007,0.0162163,0.284458,1,0,,0,0,0,0,0,0,0,0,103808,104555,0,232,0
125978,1,0,1.67059e-006,0.00037154,0.0146319,0.307234,1,0,,0,0,0,0,0,0,0,0,103808,104555,0,232,0
126078,1,0,1.16941e-006,0.000297466,0.0131984,0.282583,1,0,,0,0,0,0,0,0,0,0,103808,104555,0,232,0
126178,1,2,0.600001,0.120238,0.0239024,0.317167,1,0,,0,0,0,0,0,0,0,0,103808,104555,0,232,0
126278,1,0,0.420001,0.180191,0.0395312,0.284841,1,0,,0,0,0,0,0,0,0,0,103808,104555,0,232,0
126378,1,0,0.294,0.202953,0.0558734,0.312191,1,0,,0,0,0,0,0,0,0,0,103808,104555,0,232,0
126478,1,0,0.2058,0.203522,0.0706382,0.270002,1,0,,0,0,0,0,0,0,0,0,103808,104555,0,232,0
126578,1,0,0.14406,0.19163,0.0827374,0.281752,1,0,,0,0,0,0,0,0,0,0,103808,104555,0,232,0
126678,1,0,0.100842,0.173472,0.0918109,0.303226,1,0,,0,0,0,0,0,0,0,0,103808,104555,0,232,0
126778,1,0,0.0705895,0.152896,0.0979193,0.294288,1,0,,0,0,0,0,0,0,0,0,103808,104555,0,232,0
126878,1,0,0.0494127,0.132199,0.101347,0.281874,1,0,,0,0,0,0,0,0,0,0,103808,104555,0,232,0
126978,1,0,0.0345889,0.112677,0.10248,0.282799,1,0,,0,0,0,0,0,0,0,0,103808,104555,0,232,0
127078,1,0,0.0242122,0.0949841,0.101731,0.269788,1,0,,0,0,0,0,0,0,0,0,103808,104555,0,232,0
127178,1,0,0.0169485,0.079377,0.0994953,0.289225,1,0,,0,0,0,0,0,0,0,0,103808,104555,0,232,0
127278,1,0,0.011864,0.0658744,0.0961332,0.280501,1,0,,0,0,0,0,0,0,0,0,103808,104555,0,232,0
127378,1,0,0.00830478,0.0543604,0.0919559,0.265377,1,0,,0,0,0,0,0,0,0,0,103808,104555,0,232,0
127478,1,0,0.00581335,0.044651,0.0872254,0.278778,1,0,,0,0,0,0,0,0,0,0,103808,104555,0,232,0
127578,1,0,0.00406934,0.0365347,0.0821563,0.279953,1,0,,0,0,0,0,0,0,0,0,103808,104555,0,232,0
127678,1,0,0.00284854,0.0297975,0.0769205,0.289529,1,0,,0,0,0,0,0,0,0,0,103808,104555,0,232,0
127778,1,0,0.00199398,0.0242368,0.0716521,0.29624,1,0,,0,0,0,0,0,0,0,0,103808,104555,0,232,0
127878,1,0,0.00139578,0.0196686,0.0664537,0.297278,1,0,,0,0,0,0,0,0,0,0,103808,104555,0,232,0
127978,1,0,0.000977049,0.0159303,0.0614014,0.270114,1,0,,0,0,0,0,0,0,0,0,103808,104555,0,232,0
128078,1,0,0.000683934,0.012881,0.0565493,0.277102,1,0,,0,0,0,0,0,0,0,0,103808,104555,0,232,0
128178,1,0,0.000478754,0.0104006,0.0519345,0.313865,1,0,,0,0,0,0,0,0,0,0,103808,104555,0,232,0
128278,1,0,0.000335128,0.00838747,0.0475798,0.257375,1,0,,0,0,0,0,0,0,0,0,103808,104555,0,232,0
128378,1,0,0.000234589,0.00675689,0.0434975,0.2482,1,0,,0,0,0,0,0,0,0,0,103808,104555,0,232,0
128478,1,0,0.000164213,0.00543836,0.0396916,0.298676,1,0,,0,0,0,0,0,0,0,0,103808,104555,0,232,0
128578,1,0,0.000114949,0.00437367,0.0361598,0.267665,1,0,,0,0,0,0,0,0,0,0,103808,104555,0,232,0
128678,1,0,8.04642e-005,0.00351503,0.0328953,0.275204,1,0,,0,0,0,0,0,0,0,0,103808,104555,0,232,0
128778,1,0,5.63249e-005,0.00282329,0.0298881,0.293241,1,0,,0,0,0,0,0,0,0,0,103808,104555,0,232,0
128878,1,0,3.94275e-005,0.00226652,0.0271259,0.283004,1,0,,0,0,0,0,0,0,0,0,103808,104555,0,232,0
128978,1,0,2.75992e-005,0.00181873,0.0245952,0.276717,1,0,,0,0,0,0,0,0,0,0,103808,104555,0,232,0
129078,1,0,1.93195e-005,0.00145885,0.0222816,0.303618,1,0,,0,0,0,0,0,0,0,0,103808,104555,0,232,0
129178,1,0,1.35236e-005,0.00116979,0.0201704,0.290644,1,0,,0,0,0,0,0,0,0,0,103808,104555,0,232,0
129278,1,0,9.46653e-006,0.000937722,0.0182471,0.284696,1,0,,0,0,0,0,0,0,0,0,103808,104555,0,232,0
129378,1,0,6.62657e-006,0.000751503,0.0164976,0.281571,1,0,,0,0,0,0,0,0,0,0,103808,104555,0,232,0
129478,1,0,4.6386e-006,0.00060213,0.014908,0.285436,1,0,,0,0,0,0,0,0,0,0,103808,104555,0,232,0
129578,1,0,3.24702e-006,0.000482353,0.0134655,0.272199,1,0,,0,0,0,0,0,0,0,0,103808,104555,0,232,0
129678,1,0,2.27291e-006,0.000386337,0.0121575,0.289475,1,0,,0,0,0,0,0,0,0,0,103808,104555,0,232,0
129778,1,0,1.59104e-006,0.000309388,0.0109727,0.276325,1,0,,0,0,0,0,0,0,0,0,103808,104555,0,232,0
129878,1,0,1.11373e-006,0.000247733,0.00990023,0.261549,1,0,,0,0,0,0,0,0,0,0,103808,104555,0,232,0
129978,1,0,7.7961e-007,0.000198343,0.00893004,0.259838,1,0,,0,0,0,0,0,0,0,0,103808,104555,0,232,0
130078,1,3,0.900001,0.180159,0.0260529,0.297469,1,0,,0,0,0,0,0,0,0,0,103808,104555,0,232,0
130178,1,0,0.63,0.270127,0.0504603,0.291456,1,0,,0,0,0,0,0,0,0,0,103808,104555,0,232,0
130278,1,0,0.441,0.304302,0.0758445,0.279755,1,0,,0,0,0,0,0,0,0,0,103808,104555,0,232,0
130378,1,0,0.3087,0.305181,0.0987782,0.285745,1,0,,0,0,0,0,0,0,0,0,103808,104555,0,232,0
130478,1,0,0.21609,0.287363,0.117637,0.306719,1,0,,0,0,0,0,0,0,0,0,103808,104555,0,232,0
130578,1,0,0.151263,0.260143,0.131887,0.289806,1,0,,0,0,0,0,0,0,0,0,103808,104555,0,232,0
130678,1,0,0.105884,0.229291,0.141628,0.275156,1,0,,0,0,0,0,0,0,0,0,103808,104555,0,232,0
130778,1,0,0.0741189,0.198257,0.147291,0.260305,1,0,,0,0,0,0,0,0,0,0,103808,104555,0,232,0
130878,1,0,0.0518832,0.168982,0.14946,0.283655,1,0,,0,0,0,0,0,0,0,0,103808,104555,0,232,0
130978,1,0,0.0363183,0.142449,0.148759,0.269481,1,0,,0,0,0,0,0,0,0,0,103808,104555,0,232,0
131078,1,0,0.0254228,0.119044,0.145787,0.29022,1,0,,0,0,0,0,0,0,0,0,103808,104555,0,232,0
131178,1,0,0.017796,0.0987944,0.141088,0.257008,1,0,,0,0,0,0,0,0,0,0,103808,104555,0,232,0
131278,1,0,0.0124572,0.081527,0.135132,0.290558,1,0,,0,0,0,0,0,0,0,0,103808,104555,0,232,0
131378,1,0,0.00872002,0.0669656,0.128315,0.288609,1,0,,0,0,0,0,0,0,0,0,103808,104555,0,232,0
131478,1,0,0.00610401,0.0547933,0.120963,0.27917,1,0,,0,0,0,0,0,0,0,0,103808,104555,0,232,0
131578,1,0,0.00427281,0.0446892,0.113336,0.305146,1,0,,0,0,0,0,0,0,0,0,103808,104555,0,232,0
131678,1,0,0.00299097,0.0363495,0.105637,0.261584,1,0,,0,0,0,0,0,0,0,0,103808,104555,0,232,0
131778,1,0,0.00209368,0.0294984,0.0980232,0.257495,1,0,,0,0,0,0,0,0,0,0,103808,104555,0,232,0
131878,1,0,0.00146557,0.0238918,0.09061,0.286745,1,0,,0,0,0,0,0,0,0,0,103808,104555,0,232,0
131978,1,0,0.0010259,0.0193186,0.0834809,0.279433,1,0,,0,0,0,0,0,0,0,0,103808,104555,0,232,0
132078,1,0,0.000718131,0.0155985,0.0766926,0.270597,1,0,,0,0,0,0,0,0,0,0,103808,104555,0,232,0
132178,1,0,0.000502691,0.0125794,0.0702813,0.303458,1,0,,0,0,0,0,0,0,0,0,103808,104555,0,232,0
132278,1,0,0.000351884,0.0101339,0.0642666,0.284783,1,0,,0,0,0,0,0,0,0,0,103808,104555,0,232,0
132378,1,0,0.000246319,0.00815636,0.0586555,0.31947,1,0,,0,0,0,0,0,0,0,0,103808,104555,0,232,0
132478,1,0,0.000172423,0.00655957,0.0534459,0.266657,1,0,,0,0,0,0,0,0,0,0,103808,104555,0,232,0
132578,1,0,0.000120696,0.0052718,0.0486285,0.291581,1,0,,0,0,0,0,0,0,0,0,103808,104555,0,232,0
132678,1,0,8.44874e-005,0.00423433,0.0441891,0.259442,1,0,,0,0,0,0,0,0,0,0,103808,104555,0,232,0
132778,1,0,5.91411e-005,0.0033993,0.0401101,0.283781,1,0,,0,0,0,0,0,0,0,0,103808,104555,0,232,0
132878,1,0,4.13988e-005,0.00272772,0.0363719,0.274056,1,0,,0,0,0,0,0,0,0,0,103808,104555,0,232,0
132978,1,0,2.89792e-005,0.00218797,0.0329535,0.287967,1,0,,0,0,0,0,0,0,0,0,103808,104555,0,232,0
133078,1,0,2.02854e-005,0.00175443,0.0298336,0.267318,1,0,,0,0,0,0,0,0,0,0,103808,104555,0,232,0
133178,1,0,1.41998e-005,0.00140639,0.0269909,0.296545,1,0,,0,0,0,0,0,0,0,0,103808,104555,0,232,0
133278,1,0,9.93985e-006,0.0011271,0.0244045,0.291981,1,0,,0,0,0,0,0,0,0,0,103808,104555,0,232,0
133378,1,0,6.9579e-006,0.000903069,0.0220543,0.295004,1,0,,0,0,0,0,0,0,0,0,103808,104555,0,232,0
133478,1,0,4.87053e-006,0.000723429,0.0199213,0.28478,1,0,,0,0,0,0,0,0,0,0,103808,104555,0,232,0
133578,1,0,3.40937e-006,0.000579425,0.0179871,0.319194,1,0,,0,0,0,0,0,0,0,0,103808,104555,0,232,0
133678,1,0,2.38656e-006,0.000464018,0.0162348,0.27857,1,0,,0,0,0,0,0,0,0,0,103808,104555,0,232,0
133778,1,0,1.67059e-006,0.000371548,0.0146484,0.276494,1,0,,0,0,0,0,0,0,0,0,103808,104555,0,232,0
133878,1,0,1.16941e-006,0.000297472,0.0132133,0.306758,1,0,,0,0,0,0,0,0,0,0,103808,104555,0,232,0
133978,1,0,8.18589e-007,0.000238142,0.0119158,0.284883,1,0,,0,0,0,0,0,0,0,0,103808,104555,0,232,0
134078,1,2,0.600001,0.120191,0.0227433,0.333363,1,0,,0,0,0,0,0,0,0,0,103808,104555,0,232,0
134178,1,0,0.42,0.180153,0.0384842,0.278375,1,0,,0,0,0,0,0,0,0,0,103808,104555,0,232,0
134278,1,0,0.294,0.202922,0.054928,0.263886,1,0,,0,0,0,0,0,0,0,0,103808,104555,0,232,0
134378,1,0,0.2058,0.203498,0.069785,0.253687,1,0,,0,0,0,0,0,0,0,0,103808,104555,0,232,0
134478,1,0,0.14406,0.19161,0.0819675,0.312424,1,0,,0,0,0,0,0,0,0,0,103808,104555,0,232,0
134578,1,0,0.100842,0.173457,0.0911164,0.265085,1,0,,0,0,0,0,0,0,0,0,103808,104555,0,232,0
134678,1,0,0.0705895,0.152883,0.0972931,0.281558,1,0,,0,0,0,0,0,0,0,0,103808,104555,0,232,0
134778,1,0,0.0494126,0.132189,0.100783,0.281708,1,0,,0,0,0,0,0,0,0,0,103808,104555,0,232,0
134878,1,0,0.0345888,0.112669,0.101971,0.304132,1,0,,0,0,0,0,0,0,0,0,103808,104555,0,232,0
134978,1,0,0.0242122,0.0949777,0.101272,0.303059,1,0,,0,0,0,0,0,0,0,0,103808,104555,0,232,0
135078,1,0,0.0169485,0.0793718,0.0990819,0.289147,1,0,,0,0,0,0,0,0,0,0,103808,104555,0,232,0
135178,1,0,0.011864,0.0658703,0.0957608,0.288347,1,0,,0,0,0,0,0,0,0,0,103808,104555,0,232,0
135278,1,0,0.00830478,0.0543572,0.0916204,0.270599,1,0,,0,0,0,0,0,0,0,0,103808,104555,0,232,0
135378,1,0,0.00581335,0.0446484,0.0869232,0.281462,1,0,,0,0,0,0,0,0,0,0,103808,104555,0,232,0
135478,1,0,0.00406934,0.0365326,0.0818841,0.29101,1,0,,0,0,0,0,0,0,0,0,103808,104555,0,232,0
135578,1,0,0.00284854,0.0297958,0.0766753,0.274335,1,0,,0,0,0,0,0,0,0,0,103808,104555,0,232,0
135678,1,0,0.00199398,0.0242354,0.0714313,0.287547,1,0,,0,0,0,0,0,0,0,0,103808,104555,0,232,0
135778,1,0,0.00139578,0.0196675,0.0662549,0.27171,1,0,,0,0,0,0,0,0,0,0,103808,104555,0,232,0
135878,1,0,0.000977049,0.0159294,0.0612224,0.302959,1,0,,0,0,0,0,0,0,0,0,103808,104555,0,232,0
135978,1,0,0.000683934,0.0128803,0.0563882,0.284886,1,0,,0,0,0,0,0,0,0,0,103808,104555,0,232,0
136078,1,0,0.000478754,0.0104,0.0517893,0.276661,1,0,,0,0,0,0,0,0,0,0,103808,104555,0,232,0
136178,1,0,0.000335128,0.00838703,0.0474491,0.276074,1,0,,0,0,0,0,0,0,0,0,103808,104555,0,232,0
136278,1,0,0.000234589,0.00675654,0.0433799,0.281264,1,0,,0,0,0,0,0,0,0,0,103808,104555,0,232,0
136378,1,0,0.000164213,0.00543807,0.0395857,0.303364,1,0,,0,0,0,0,0,0,0,0,103808,104555,0,232,0
136478,1,0,0.000114949,0.00437345,0.0360644,0.257064,1,0,,0,0,0,0,0,0,0,0,103808,104555,0,232,0
136578,1,0,8.04642e-005,0.00351485,0.0328095,0.271501,1,0,,0,0,0,0,0,0,0,0,103808,104555,0,232,0
136678,1,0,5.63249e-005,0.00282315,0.0298109,0.256689,1,0,,0,0,0,0,0,0,0,0,103808,104555,0,232,0
136778,1,0,3.94274e-005,0.0022664,0.0270564,0.273389,1,0,,0,0,0,0,0,0,0,0,103808,104555,0,232,0
136878,1,0,2.75992e-005,0.00181864,0.0245326,0.278915,1,0,,0,0,0,0,0,0,0,0,103808,104555,0,232,0
136978,1,0,1.93194e-005,0.00145878,0.0222252,0.293913,1,0,,0,0,0,0,0,0,0,0,103808,104555,0,232,0
137078,1,0,1.35236e-005,0.00116973,0.0201197,0.284777,1,0,,0,0,0,0,0,0,0,0,103808,104555,0,232,0
137178,1,0,9.46653e-006,0.000937675,0.0182015,0.285052,1,0,,0,0,0,0,0,0,0,0,103808,104555,0,232,0
137278,1,0,6.62657e-006,0.000751465,0.0164565,0.306953,1,0,,0,0,0,0,0,0,0,0,103808,104555,0,232,0
137378,1,0,4.6386e-006,0.0006021,0.0148711,0.304365,1,0,,0,0,0,0,0,0,0,0,103808,104555,0,232,0
137478,1,0,3.24702e-006,0.000482329,0.0134322,0.260178,1,0,,0,0,0,0,0,0,0,0,103808,104555,0,232,0
137578,1,0,2.27291e-006,0.000386318,0.0121276,0.269678,1,0,,0,0,0,0,0,0,0,0,103808,104555,0,232,0
137678,1,0,1.59104e-006,0.000309373,0.0109458,0.271977,1,0,,0,0,0,0,0,0,0,0,103808,104555,0,232,0
137778,1,0,1.11373e-006,0.000247721,0.00987597,0.280138,1,0,,0,0,0,0,0,0,0,0,103808,104555,0,232,0
137878,1,0,7.79609e-007,0.000198333,0.0089082,0.29505,1,0,,0,0,0,0,0,0,0,0,103808,104555,0,232,0
137978,1,3,0.900001,0.180159,0.0260333,0.269224,1,0,,0,0,0,0,0,0,0,0,103808,104555,0,232,0
138078,1,0,0.63,0.270127,0.0504426,0.274098,1,0,,0,0,0,0,0,0,0,0,103808,104555,0,232,0
138178,1,0,0.441,0.304302,0.0758286,0.282774,1,0,,0,0,0,0,0,0,0,0,103808,104555,0,232,0
138278,1,0,0.3087,0.305181,0.0987638,0.276737,1,0,,0,0,0,0,0,0,0,0,103808,104555,0,232,0
138378,1,0,0.21609,0.287363,0.117624,0.28935,1,0,,0,0,0,0,0,0,0,0,103808,104555,0,232,0
138478,1,0,0.151263,0.260143,0.131876,0.286701,1,0,,0,0,0,0,0,0,0,0,103808,104555,0,232,0
138578,1,0,0.105884,0.229291,0.141617,0.25395,1,0,,0,0,0,0,0,0,0,0,103808,104555,0,232,0
138678,1,0,0.0741189,0.198257,0.147281,0.260626,1,0,,0,0,0,0,0,0,0,0,103808,104555,0,232,0
138778,1,0,0.0518832,0.168982,0.149451,0.30445,1,0,,0,0,0,0,0,0,0,0,103808,104555,0,232,0
138878,1,0,0.0363183,0.142449,0.148751,0.269425,1,0,,0,0,0,0,0,0,0,0,103808,104555,0,232,0
138978,1,0,0.0254228,0.119044,0.14578,0.321886,1,0,,0,0,0,0,0,0,0,0,103808,104555,0,232,0
139078,1,0,0.017796,0.0987944,0.141082,0.267084,1,0,,0,0,0,0,0,0,0,0,103808,104555,0,232,0
139178,1,0,0.0124572,0.081527,0.135126,0.281697,1,0,,0,0,0,0,0,0,0,0,103808,104555,0,232,0
139278,1,0,0.00872002,0.0669656,0.12831,0.298258,1,0,,0,0,0,0,0,0,0,0,103808,104555,0,232,0
139378,1,0,0.00610401,0.0547933,0.120959,0.283232,1,0,,0,0,0,0,0,0,0,0,103808,104555,0,232,0
139478,1,0,0.00427281,0.0446892,0.113332,0.284408,1,0,,0,0,0,0,0,0,0,0,103808,104555,0,232,0
139578,1,0,0.00299097,0.0363495,0.105633,0.261833,1,0,,0,0,0,0,0,0,0,0,103808,104555,0,232,0
139678,1,0,0.00209368,0.0294984,0.0980199,0.275633,1,0,,0,0,0,0,0,0,0,0,103808,104555,0,232,0
139778,1,0,0.00146557,0.0238918,0.0906071,0.258497,1,0,,0,0,0,0,0,0,0,0,103808,104555,0,232,0
139878,1,0,0.0010259,0.0193186,0.0834782,0.287335,1,0,,0,0,0,0,0,0,0,0,103808,104555,0,232,0
139978,1,0,0.000718131,0.0155985,0.0766902,0.30032,1,0,,0,0,0,0,0,0,0,0,103808,104555,0,232,0
140078,1,0,0.000502691,0.0125794,0.0702792,0.289532,1,0,,0,0,0,0,0,0,0,0,103808,104555,0,232,0
140178,1,0,0.000351884,0.0101339,0.0642646,0.282618,1,0,,0,0,0,0,0,0,0,0,103808,104555,0,232,0
140278,1,0,0.000246319,0.00815636,0.0586538,0.259517,1,0,,0,0,0,0,0,0,0,0,103808,104555,0,232,0
140378,1,0,0.000172423,0.00655957,0.0534444,0.290179,1,0,,0,0,0,0,0,0,0,0,103808,104555,0,232,0
140478,1,0,0.000120696,0.0052718,0.0486271,0.284065,1,0,,0,0,0,0,0,0,0,0,103808,104555,0,232,0
140578,1,0,8.44874e-005,0.00423433,0.0441878,0.295803,1,0,,0,0,0,0,0,0,0,0,103808,104555,0,232,0
140678,1,0,5.91411e-005,0.0033993,0.040109,0.284091,1,0,,0,0,0,0,0,0,0,0,103808,104555,0,232,0
140778,1,0,4.13988e-005,0.00272772,0.0363709,0.300902,1,0,,0,0,0,0,0,0,0,0,103808,104555,0,232,0
140878,1,0,2.89792e-005,0.00218797,0.0329526,0.282674,1,0,,0,0,0,0,0,0,0,0,103808,104555,0,232,0
140978,1,0,2.02854e-005,0.00175443,0.0298328,0.284836,1,0,,0,0,0,0,0,0,0,0,103808,104555,0,232,0
141078,1,0,1.41998e-005,0.00140639,0.0269901,0.280559,1,0,,0,0,0,0,0,0,0,0,103808,104555,0,232,0
141178,1,0,9.93985e-006,0.0011271,0.0244038,0.239307,1,0,,0,0,0,0,0,0,0,0,103808,104555,0,232,0
141278,1,0,6.9579e-006,0.000903069,0.0220537,0.272058,1,0,,0,0,0,0,0,0,0,0,103808,104555,0,232,0
141378,1,0,4.87053e-006,0.000723429,0.0199207,0.297096,1,0,,0,0,0,0,0,0,0,0,103808,104555,0,232,0
141478,1,0,3.40937e-006,0.000579425,0.0179866,0.281448,1,0,,0,0,0,0,0,0,0,0,103808,104555,0,232,0
141578,1,0,2.38656e-006,0.000464018,0.0162343,0.26337,1,0,,0,0,0,0,0,0,0,0,103808,104555,0,232,0
141678,1,0,1.67059e-006,0.000371548,0.014648,0.270906,1,0,,0,0,0,0,0,0,0,0,103808,104555,0,232,0
141778,1,0,1.16941e-006,0.000297472,0.013213,0.268806,1,0,,0,0,0,0,0,0,0,0,103808,104555,0,232,0
141878,1,3,0.900001,0.180238,0.0299155,0.273157,1,0,,0,0,0,0,0,0,0,0,103808,104555,0,232,0
141978,1,0,0.630001,0.270191,0.053943,0.297432,1,0,,0,0,0,0,0,0,0,0,103808,104555,0,232,0
142078,1,0,0.441,0.304353,0.078984,0.280232,1,0,,0,0,0,0,0,0,0,0,103808,104555,0,232,0
142178,1,0,0.3087,0.305222,0.101608,0.305545,1,0,,0,0,0,0,0,0,0,0,103808,104555,0,232,0
142278,1,0,0.21609,0.287396,0.120187,0.278845,1,0,,0,0,0,0,0,0,0,0,103808,104555,0,232,0
142378,1,0,0.151263,0.260169,0.134185,0.289222,1,0,,0,0,0,0,0,0,0,0,103808,104555,0,232,0
142478,1,0,0.105884,0.229312,0.143698,0.27381,1,0,,0,0,0,0,0,0,0,0,103808,104555,0,232,0
142578,1,0,0.0741189,0.198274,0.149155,0.278249,1,0,,0,0,0,0,0,0,0,0,103808,104555,0,232,0
142678,1,0,0.0518833,0.168995,0.151139,0.265111,1,0,,0,0,0,0,0,0,0,0,103808,104555,0,232,0
142778,1,0,0.0363183,0.14246,0.150271,0.253722,1,0,,0,0,0,0,0,0,0,0,103808,104555,0,232,0
142878,1,0,0.0254228,0.119053,0.147149,0.297148,1,0,,0,0,0,0,0,0,0,0,103808,104555,0,232,0
142978,1,0,0.017796,0.0988013,0.142315,0.270358,1,0,,0,0,0,0,0,0,0,0,103808,104555,0,232,0
143078,1,0,0.0124572,0.0815325,0.136236,0.322171,1,0,,0,0,0,0,0,0,0,0,103808,104555,0,232,0
143178,1,0,0.00872002,0.06697,0.12931,0.27982,1,0,,0,0,0,0,0,0,0,0,103808,104555,0,232,0
143278,1,0,0.00610401,0.0547968,0.121858,0.279895,1,0,,0,0,0,0,0,0,0,0,103808,104555,0,232,0
143378,1,0,0.00427281,0.044692,0.114142,0.275544,1,0,,0,0,0,0,0,0,0,0,103808,104555,0,232,0
143478,1,0,0.00299097,0.0363518,0.106363,0.312682,1,0,,0,0,0,0,0,0,0,0,103808,104555,0,232,0
143578,1,0,0.00209368,0.0295002,0.0986765,0.250032,1,0,,0,0,0,0,0,0,0,0,103808,104555,0,232,0
143678,1,0,0.00146557,0.0238932,0.0911982,0.250095,1,0,,0,0,0,0,0,0,0,0,103808,104555,0,232,0
143778,1,0,0.0010259,0.0193198,0.0840104,0.271296,1,0,,0,0,0,0,0,0,0,0,103808,104555,0,232,0
143878,1,0,0.000718131,0.0155994,0.0771693,0.25932,1,0,,0,0,0,0,0,0,0,0,103808,104555,0,232,0
143978,1,0,0.000502692,0.0125801,0.0707103,0.269333,1,0,,0,0,0,0,0,0,0,0,103808,104555,0,232,0
144078,1,0,0.000351884,0.0101345,0.0646528,0.279122,1,0,,0,0,0,0,0,0,0,0,103808,104555,0,232,0
144178,1,0,0.000246319,0.00815683,0.0590032,0.27817,1,0,,0,0,0,0,0,0,0,0,103808,104555,0,232,0
144278,1,0,0.000172423,0.00655995,0.0537588,0.262257,1,0,,0,0,0,0,0,0,0,0,103808,104555,0,232,0
144378,1,0,0.000120696,0.0052721,0.0489102,0.29427,1,0,,0,0,0,0,0,0,0,0,103808,104555,0,232,0
144478,1,0,8.44874e-005,0.00423458,0.0444426,0.279144,1,0,,0,0,0,0,0,0,0,0,103808,104555,0,232,0
144578,1,0,5.91411e-005,0.00339949,0.0403383,0.297233,1,0,,0,0,0,0,0,0,0,0,103808,104555,0,232,0
144678,1,0,4.13988e-005,0.00272787,0.0365772,0.262207,1,0,,0,0,0,0,0,0,0,0,103808,104555,0,232,0
144778,1,0,2.89792e-005,0.00218809,0.0331383,0.266906,1,0,,0,0,0,0,0,0,0,0,103808,104555,0,232,0
144878,1,0,2.02854e-005,0.00175453,0.03,0.302905,1,0,,0,0,0,0,0,0,0,0,103808,104555,0,232,0
144978,1,0,1.41998e-005,0.00140646,0.0271406,0.276392,1,0,,0,0,0,0,0,0,0,0,103808,104555,0,232,0
145078,1,0,9.93985e-006,0.00112716,0.0245393,0.299504,1,0,,0,0,0,0,0,0,0,0,103808,104555,0,232,0
145178,1,0,6.9579e-006,0.000903119,0.0221756,0.303703,1,0,,0,0,0,0,0,0,0,0,103808,104555,0,232,0
145278,1,0,4.87053e-006,0.00072347,0.0200304,0.273643,1,0,,0,0,0,0,0,0,0,0,103808,104555,0,232,0
145378,1,0,3.40937e-006,0.000579458,0.0180853,0.280104,1,0,,0,0,0,0,0,0,0,0,103808,104555,0,232,0
145478,1,0,2.38656e-006,0.000464043,0.0163232,0.31803,1,0,,0,0,0,0,0,0,0,0,103808,104555,0,232,0
145578,1,0,1.67059e-006,0.000371569,0.014728,0.280719,1,0,,0,0,0,0,0,0,0,0,103808,104555,0,232,0
145678,1,0,1.16941e-006,0.000297489,0.013285,0.247221,1,0,,0,0,0,0,0,0,0,0,103808,104555,0,232,0
145778,1,0,8.18589e-007,0.000238155,0.0119803,0.271022,1,0,,0,0,0,0,0,0,0,0,103808,104555,0,232,0
145878,1,3,0.900001,0.180191,0.0288013,0.298716,1,0,,0,0,0,0,0,0,0,0,103808,104555,0,232,0
145978,1,0,0.63,0.270153,0.0529365,0.271553,1,0,,0,0,0,0,0,0,0,0,103808,104555,0,232,0
146078,1,0,0.441,0.304322,0.078075,0.292252,1,0,,0,0,0,0,0,0,0,0,103808,104555,0,232,0
146178,1,0,0.3087,0.305198,0.100787,0.304727,1,0,,0,0,0,0,0,0,0,0,103808,104555,0,232,0
146278,1,0,0.21609,0.287376,0.119446,0.313891,1,0,,0,0,0,0,0,0,0,0,103808,104555,0,232,0
146378,1,0,0.151263,0.260154,0.133517,0.302928,1,0,,0,0,0,0,0,0,0,0,103808,104555,0,232,0
146478,1,0,0.105884,0.2293,0.143095,0.275916,1,0,,0,0,0,0,0,0,0,0,103808,104555,0,232,0
146578,1,0,0.0741189,0.198264,0.148612,0.306516,1,0,,0,0,0,0,0,0,0,0,103808,104555,0,232,0
146678,1,0,0.0518832,0.168987,0.15065,0.272016,1,0,,0,0,0,0,0,0,0,0,103808,104555,0,232,0
146778,1,0,0.0363183,0.142454,0.14983,0.277805,1,0,,0,0,0,0,0,0,0,0,103808,104555,0,232,0
146878,1,0,0.0254228,0.119047,0.146752,0.298482,1,0,,0,0,0,0,0,0,0,0,103808,104555,0,232,0
146978,1,0,0.017796,0.0987972,0.141956,0.300205,1,0,,0,0,0,0,0,0,0,0,103808,104555,0,232,0
147078,1,0,0.0124572,0.0815292,0.135914,0.27947,1,0,,0,0,0,0,0,0,0,0,103808,104555,0,232,0
147178,1,0,0.00872002,0.0669673,0.129019,0.276408,1,0,,0,0,0,0,0,0,0,0,103808,104555,0,232,0
147278,1,0,0.00610401,0.0547947,0.121597,0.313008,1,0,,0,0,0,0,0,0,0,0,103808,104555,0,232,0
147378,1,0,0.00427281,0.0446903,0.113906,0.302596,1,0,,0,0,0,0,0,0,0,0,103808,104555,0,232,0
147478,1,0,0.00299097,0.0363504,0.10615,0.269709,1,0,,0,0,0,0,0,0,0,0,103808,104555,0,232,0
147578,1,0,0.00209368,0.0294991,0.0984852,0.280875,1,0,,0,0,0,0,0,0,0,0,103808,104555,0,232,0
147678,1,0,0.00146557,0.0238924,0.0910259,0.271664,1,0,,0,0,0,0,0,0,0,0,103808,104555,0,232,0
147778,1,0,0.0010259,0.0193191,0.0838552,0.284112,1,0,,0,0,0,0,0,0,0,0,103808,104555,0,232,0
147878,1,0,0.000718131,0.0155989,0.0770296,0.310937,1,0,,0,0,0,0,0,0,0,0,103808,104555,0,232,0
147978,1,0,0.000502691,0.0125797,0.0705846,0.280213,1,0,,0,0,0,0,0,0,0,0,103808,104555,0,232,0
148078,1,0,0.000351884,0.0101341,0.0645396,0.309811,1,0,,0,0,0,0,0,0,0,0,103808,104555,0,232,0
148178,1,0,0.000246319,0.00815655,0.0589013,0.267247,1,0,,0,0,0,0,0,0,0,0,103808,104555,0,232,0
148278,1,0,0.000172423,0.00655972,0.0536671,0.290658,1,0,,0,0,0,0,0,0,0,0,103808,104555,0,232,0
148378,1,0,0.000120696,0.00527192,0.0488276,0.28162,1,0,,0,0,0,0,0,0,0,0,103808,104555,0,232,0
148478,1,0,8.44874e-005,0.00423443,0.0443683,0.278258,1,0,,0,0,0,0,0,0,0,0,103808,104555,0,232,0
148578,1,0,5.91411e-005,0.00339937,0.0402714,0.295232,1,0,,0,0,0,0,0,0,0,0,103808,104555,0,232,0
148678,1,0,4.13988e-005,0.00272778,0.036517,0.277007,1,0,,0,0,0,0,0,0,0,0,103808,104555,0,232,0
148778,1,0,2.89792e-005,0.00218802,0.0330841,0.258968,1,0,,0,0,0,0,0,0,0,0,103808,104555,0,232,0
148878,1,0,2.02854e-005,0.00175447,0.0299511,0.240906,1,0,,0,0,0,0,0,0,0,0,103808,104555,0,232,0
148978,1,0,1.41998e-005,0.00140642,0.0270967,0.291142,1,0,,0,0,0,0,0,0,0,0,103808,104555,0,232,0
149078,1,0,9.93985e-006,0.00112712,0.0244997,0.289793,1,0,,0,0,0,0,0,0,0,0,103808,104555,0,232,0
149178,1,0,6.9579e-006,0.000903089,0.02214,0.289919,1,0,,0,0,0,0,0,0,0,0,103808,104555,0,232,0
149278,1,0,4.87053e-006,0.000723445,0.0199984,0.304246,1,0,,0,0,0,0,0,0,0,0,103808,104555,0,232,0
149378,1,0,3.40937e-006,0.000579438,0.0180565,0.267533,1,0,,0,0,0,0,0,0,0,0,103808,104555,0,232,0
149478,1,0,2.38656e-006,0.000464028,0.0162972,0.27397,1,0,,0,0,0,0,0,0,0,0,103808,104555,0,232,0
149578,1,0,1.67059e-006,0.000371556,0.0147047,0.263456,1,0,,0,0,0,0,0,0,0,0,103808,104555,0,232,0
149678,1,0,1.16941e-006,0.000297479,0.013264,0.268991,1,0,,0,0,0,0,0,0,0,0,103808,104555,0,232,0
149778,1,3,0.900001,0.180238,0.0299614,0.270308,1,0,,0,0,0,0,0,0,0,0,103808,104555,0,232,0
149878,1,0,0.630001,0.270191,0.0539843,0.286358,1,0,,0,0,0,0,0,0,0,0,103808,104555,0,232,0
149978,1,0,0.441,0.304353,0.0790211,0.294273,1,0,,0,0,0,0,0,0,0,0,103808,104555,0,232,0
150078,1,0,0.3087,0.305222,0.101641,0.274861,1,0,,0,0,0,0,0,0,0,0,103808,104555,0,232,0
150178,1,0,0.21609,0.287396,0.120217,0.289873,1,0,,0,0,0,0,0,0,0,0,103808,104555,0,232,0
150278,1,0,0.151263,0.260169,0.134212,0.310311,1,0,,0,0,0,0,0,0,0,0,103808,104555,0,232,0
150378,1,0,0.105884,0.229312,0.143722,0.254484,1,0,,0,0,0,0,0,0,0,0,103808,104555,0,232,0
150478,1,0,0.0741189,0.198274,0.149177,0.273609,1,0,,0,0,0,0,0,0,0,0,103808,104555,0,232,0
150578,1,0,0.0518833,0.168995,0.151159,0.320805,1,0,,0,0,0,0,0,0,0,0,103808,104555,0,232,0
150678,1,0,0.0363183,0.14246,0.150289,0.288555,1,0,,0,0,0,0,0,0,0,0,103808,104555,0,232,0
150778,1,0,0.0254228,0.119053,0.147165,0.306866,1,0,,0,0,0,0,0,0,0,0,103808,104555,0,232,0
150878,1,0,0.017796,0.0988013,0.142329,0.250729,1,0,,0,0,0,0,0,0,0,0,103808,104555,0,232,0
150978,1,0,0.0124572,0.0815325,0.136249,0.259091,1,0,,0,0,0,0,0,0,0,0,103808,104555,0,232,0
151078,1,0,0.00872002,0.06697,0.129321,0.293965,1,0,,0,0,0,0,0,0,0,0,103808,104555,0,232,0
151178,1,0,0.00610401,0.0547968,0.121869,0.278953,1,0,,0,0,0,0,0,0,0,0,103808,104555,0,232,0
151278,1,0,0.00427281,0.044692,0.114151,0.29079,1,0,,0,0,0,0,0,0,0,0,103808,104555,0,232,0
151378,1,0,0.00299097,0.0363518,0.106371,0.27844,1,0,,0,0,0,0,0,0,0,0,103808,104555,0,232,0
151478,1,0,0.00209368,0.0295002,0.0986842,0.284341,1,0,,0,0,0,0,0,0,0,0,103808,104555,0,232,0
151578,1,0,0.00146557,0.0238932,0.0912051,0.282153,1,0,,0,0,0,0,0,0,0,0,103808,104555,0,232,0
151678,1,0,0.0010259,0.0193198,0.0840166,0.295078,1,0,,0,0,0,0,0,0,0,0,103808,104555,0,232,0
151778,1,0,0.000718131,0.0155994,0.0771748,0.256065,1,0,,0,0,0,0,0,0,0,0,103808,104555,0,232,0
151878,1,0,0.000502692,0.0125801,0.0707154,0.282277,1,0,,0,0,0,0,0,0,0,0,103808,104555,0,232,0
151978,1,0,0.000351884,0.0101345,0.0646573,0.282291,1,0,,0,0,0,0,0,0,0,0,103808,104555,0,232,0
152078,1,0,0.000246319,0.00815683,0.0590072,0.286654,1,0,,0,0,0,0,0,0,0,0,103808,104555,0,232,0
152178,1,0,0.000172423,0.00655995,0.0537625,0.299328,1,0,,0,0,0,0,0,0,0,0,103808,104555,0,232,0
152278,1,0,0.000120696,0.0052721,0.0489135,0.284002,1,0,,0,0,0,0,0,0,0,0,103808,104555,0,232,0
152378,1,0,8.44874e-005,0.00423458,0.0444456,0.277651,1,0,,0,0,0,0,0,0,0,0,103808,104555,0,232,0
152478,1,0,5.91411e-005,0.00339949,0.040341,0.29459,1,0,,0,0,0,0,0,0,0,0,103808,104555,0,232,0
152578,1,0,4.13988e-005,0.00272787,0.0365796,0.291752,1,0,,0,0,0,0,0,0,0,0,103808,104555,0,232,0
152678,1,0,2.89792e-005,0.00218809,0.0331405,0.276778,1,0,,0,0,0,0,0,0,0,0,103808,104555,0,232,0
152778,1,0,2.02854e-005,0.00175453,0.0300019,0.277862,1,0,,0,0,0,0,0,0,0,0,103808,104555,0,232,0
152878,1,0,1.41998e-005,0.00140646,0.0271423,0.361099,1,0,,0,0,0,0,0,0,0,0,103808,104555,0,232,0
152978,1,0,9.93985e-006,0.00112716,0.0245408,0.30241,1,0,,0,0,0,0,0,0,0,0,103808,104555,0,232,0
153078,1,0,6.9579e-006,0.000903119,0.0221771,0.302258,1,0,,0,0,0,0,0,0,0,0,103808,104555,0,232,0
153178,1,0,4.87053e-006,0.00072347,0.0200317,0.276371,1,0,,0,0,0,0,0,0,0,0,103808,104555,0,232,0
153278,1,0,3.40937e-006,0.000579458,0.0180865,0.303621,1,0,,0,0,0,0,0,0,0,0,103808,104555,0,232,0
153378,1,0,2.38656e-006,0.000464043,0.0163242,0.283696,1,0,,0,0,0,0,0,0,0,0,103808,104555,0,232,0
153478,1,0,1.67059e-006,0.000371569,0.014729,0.262471,1,0,,0,0,0,0,0,0,0,0,103808,104555,0,232,0
153578,1,0,1.16941e-006,0.000297489,0.0132858,0.287347,1,0,,0,0,0,0,0,0,0,0,103808,104555,0,232,0
153678,1,2,0.600001,0.120238,0.023981,0.277423,1,0,,0,0,0,0,0,0,0,0,103808,104555,0,232,0
153778,1,0,0.420001,0.180191,0.039602,0.314221,1,0,,0,0,0,0,0,0,0,0,103808,104555,0,232,0
153878,1,0,0.294,0.202953,0.0559371,0.286959,1,0,,0,0,0,0,0,0,0,0,103808,104555,0,232,0
153978,1,0,0.2058,0.203522,0.0706956,0.270373,1,0,,0,0,0,0,0,0,0,0,103808,104555,0,232,0
154078,1,0,0.14406,0.19163,0.082789,0.29511,1,0,,0,0,0,0,0,0,0,0,103808,104555,0,232,0
154178,1,0,0.100842,0.173472,0.0918573,0.307135,1,0,,0,0,0,0,0,0,0,0,103808,104555,0,232,0
154278,1,0,0.0705895,0.152896,0.0979612,0.325184,1,0,,0,0,0,0,0,0,0,0,103808,104555,0,232,0
154378,1,0,0.0494127,0.132199,0.101385,0.256858,1,0,,0,0,0,0,0,0,0,0,103808,104555,0,232,0
154478,1,0,0.0345889,0.112677,0.102514,0.272984,1,0,,0,0,0,0,0,0,0,0,103808,104555,0,232,0
154578,1,0,0.0242122,0.0949841,0.101761,0.276184,1,0,,0,0,0,0,0,0,0,0,103808,104555,0,232,0
154678,1,0,0.0169485,0.079377,0.0995227,0.283271,1,0,,0,0,0,0,0,0,0,0,103808,104555,0,232,0
154778,1,0,0.011864,0.0658744,0.0961579,0.278659,1,0,,0,0,0,0,0,0,0,0,103808,104555,0,232,0
154878,1,0,0.00830478,0.0543604,0.0919781,0.282611,1,0,,0,0,0,0,0,0,0,0,103808,104555,0,232,0
154978,1,0,0.00581335,0.044651,0.0872454,0.252722,1,0,,0,0,0,0,0,0,0,0,103808,104555,0,232,0
155078,1,0,0.00406934,0.0365347,0.0821743,0.269635,1,0,,0,0,0,0,0,0,0,0,103808,104555,0,232,0
155178,1,0,0.00284854,0.0297975,0.0769367,0.302834,1,0,,0,0,0,0,0,0,0,0,103808,104555,0,232,0
155278,1,0,0.00199398,0.0242368,0.0716667,0.283444,1,0,,0,0,0,0,0,0,0,0,103808,104555,0,232,0
155378,1,0,0.00139578,0.0196686,0.0664668,0.275657,1,0,,0,0,0,0,0,0,0,0,103808,104555,0,232,0
155478,1,0,0.000977049,0.0159303,0.0614132,0.310106,1,0,,0,0,0,0,0,0,0,0,103808,104555,0,232,0
155578,1,0,0.000683934,0.012881,0.05656,0.273581,1,0,,0,0,0,0,0,0,0,0,103808,104555,0,232,0
155678,1,0,0.000478754,0.0104006,0.051944,0.289219,1,0,,0,0,0,0,0,0,0,0,103808,104555,0,232,0
155778,1,0,0.000335128,0.00838747,0.0475884,0.287543,1,0,,0,0,0,0,0,0,0,0,103808,104555,0,232,0
155878,1,0,0.000234589,0.00675689,0.0435052,0.283241,1,0,,0,0,0,0,0,0,0,0,103808,104555,0,232,0
155978,1,0,0.000164213,0.00543836,0.0396985,0.26394,1,0,,0,0,0,0,0,0,0,0,103808,104555,0,232,0
156078,1,0,0.000114949,0.00437367,0.036166,0.282992,1,0,,0,0,0,0,0,0,0,0,103808,104555,0,232,0
156178,1,0,8.04642e-005,0.00351503,0.0329009,0.289741,1,0,,0,0,0,0,0,0,0,0,103808,104555,0,232,0
156278,1,0,5.63249e-005,0.00282329,0.0298932,0.288366,1,0,,0,0,0,0,0,0,0,0,103808,104555,0,232,0
156378,1,0,3.94275e-005,0.00226652,0.0271305,0.304363,1,0,,0,0,0,0,0,0,0,0,103808,104555,0,232,0
156478,1,0,2.75992e-005,0.00181873,0.0245993,0.297442,1,0,,0,0,0,0,0,0,0,0,103808,104555,0,232,0
156578,1,0,1.93195e-005,0.00145885,0.0222853,0.264041,1,0,,0,0,0,0,0,0,0,0,103808,104555,0,232,0
156678,1,0,1.35236e-005,0.00116979,0.0201737,0.257392,1,0,,0,0,0,0,0,0,0,0,103808,104555,0,232,0
156778,1,0,9.46653e-006,0.000937722,0.0182501,0.299381,1,0,,0,0,0,0,0,0,0,0,103808,104555,0,232,0
156878,1,0,6.62657e-006,0.000751503,0.0165003,0.297557,1,0,,0,0,0,0,0,0,0,0,103808,104555,0,232,0
156978,1,0,4.6386e-006,0.00060213,0.0149105,0.279731,1,0,,0,0,0,0,0,0,0,0,103808,104555,0,232,0
157078,1,0,3.24702e-006,0.000482353,0.0134676,0.304004,1,0,,0,0,0,0,0,0,0,0,103808,104555,0,232,0
157178,1,0,2.27291e-006,0.000386337,0.0121595,0.255743,1,0,,0,0,0,0,0,0,0,0,103808,104555,0,232,0
157278,1,0,1.59104e-006,0.000309388,0.0109745,0.264555,1,0,,0,0,0,0,0,0,0,0,103808,104555,0,232,0
157378,1,0,1.11373e-006,0.000247733,0.00990182,0.291792,1,0,,0,0,0,0,0,0,0,0,103808,104555,0,232,0
157478,1,0,7.7961e-007,0.000198343,0.00893148,0.272192,1,0,,0,0,0,0,0,0,0,0,103808,104555,0,232,0
157578,1,0,5.45727e-007,0.000158783,0.00805421,0.276541,1,0,,0,0,0,0,0,0,0,0,103808,104555,0,232,0
157678,1,4,1.2,0.240127,0.0312615,0.306118,1,0,,0,0,0,0,0,0,0,0,103808,104555,0,232,0
157778,1,0,0.84,0.360102,0.0641455,0.290418,1,0,,0,0,0,0,0,0,0,0,103808,104555,0,232,0
157878,1,0,0.588,0.405681,0.0982991,0.257844,1,0,,0,0,0,0,0,0,0,0,103808,104555,0,232,0
157978,1,0,0.4116,0.406865,0.129156,0.277855,1,0,,0,0,0,0,0,0,0,0,103808,104555,0,232,0
158078,1,0,0.28812,0.383116,0.154552,0.274615,1,0,,0,0,0,0,0,0,0,0,103808,104555,0,232,0
158178,1,0,0.201684,0.34683,0.17378,0.279628,1,0,,0,0,0,0,0,0,0,0,103808,104555,0,232,0
158278,1,0,0.141179,0.3057,0.186972,0.274691,1,0,,0,0,0,0,0,0,0,0,103808,104555,0,232,0
158378,1,0,0.0988252,0.264325,0.194707,0.275553,1,0,,0,0,0,0,0,0,0,0,103808,104555,0,232,0
158478,1,0,0.0691776,0.225295,0.197766,0.274979,1,0,,0,0,0,0,0,0,0,0,103808,104555,0,232,0
158578,1,0,0.0484243,0.189921,0.196981,0.25649,1,0,,0,0,0,0,0,0,0,0,103808,104555,0,232,0
158678,1,0,0.033897,0.158716,0.193155,0.258979,1,0,,0,0,0,0,0,0,0,0,103808,104555,0,232,0
158778,1,0,0.0237279,0.131719,0.187011,0.277929,1,0,,0,0,0,0,0,0,0,0,103808,104555,0,232,0
158878,1,0,0.0166095,0.108697,0.17918,0.286416,1,0,,0,0,0,0,0,0,0,0,103808,104555,0,232,0
158978,1,0,0.0116267,0.0892828,0.17019,0.270942,1,0,,0,0,0,0,0,0,0,0,103808,104555,0,232,0
159078,1,0,0.00813868,0.073054,0.160476,0.275268,1,0,,0,0,0,0,0,0,0,0,103808,104555,0,232,0
159178,1,0,0.00569707,0.0595826,0.150387,0.26078,1,0,,0,0,0,0,0,0,0,0,103808,104555,0,232,0
159278,1,0,0.00398795,0.0484637,0.140195,0.284617,1,0,,0,0,0,0,0,0,0,0,103808,104555,0,232,0
159378,1,0,0.00279157,0.0393292,0.130108,0.253831,1,0,,0,0,0,0,0,0,0,0,103808,104555,0,232,0
159478,1,0,0.0019541,0.0318542,0.120283,0.270507,1,0,,0,0,0,0,0,0,0,0,103808,104555,0,232,0
159578,1,0,0.00136787,0.0257569,0.11083,0.273206,1,0,,0,0,0,0,0,0,0,0,103808,104555,0,232,0
159678,1,0,0.000957507,0.0207971,0.101827,0.288982,1,0,,0,0,0,0,0,0,0,0,103808,104555,0,232,0
159778,1,0,0.000670255,0.0167717,0.0933213,0.260856,1,0,,0,0,0,0,0,0,0,0,103808,104555,0,232,0
159878,1,0,0.000469178,0.0135112,0.0853403,0.30362,1,0,,0,0,0,0,0,0,0,0,103808,104555,0,232,0
159978,1,0,0.000328425,0.0108746,0.0778937,0.267183,1,0,,0,0,0,0,0,0,0,0,103808,104555,0,232,0
160078,1,0,0.000229897,0.00874569,0.0709789,0.261206,1,0,,0,0,0,0,0,0,0,0,103808,104555,0,232,0
160178,1,0,0.000160928,0.00702874,0.0645839,0.273705,1,0,,0,0,0,0,0,0,0,0,103808,104555,0,232,0
160278,1,0,0.00011265,0.00564552,0.0586901,0.31323,1,0,,0,0,0,0,0,0,0,0,103808,104555,0,232,0
160378,1,0,7.88548e-005,0.00453219,0.0532743,0.254526,1,0,,0,0,0,0,0,0,0,0,103808,104555,0,232,0
160478,1,0,5.51984e-005,0.00363679,0.0483105,0.273989,1,0,,0,0,0,0,0,0,0,0,103808,104555,0,232,0
160578,1,0,3.86389e-005,0.00291716,0.0437712,0.311653,1,0,,0,0,0,0,0,0,0,0,103808,104555,0,232,0
160678,1,0,2.70472e-005,0.00233914,0.039628,0.253478,1,0,,0,0,0,0,0,0,0,0,103808,104555,0,232,0
160778,1,0,1.8933e-005,0.0018751,0.0358527,0.31479,1,0,,0,0,0,0,0,0,0,0,103808,104555,0,232,0
160878,1,0,1.32531e-005,0.00150273,0.0324177,0.262164,1,0,,0,0,0,0,0,0,0,0,103808,104555,0,232,0
160978,1,0,9.27719e-006,0.00120404,0.0292963,0.262027,1,0,,0,0,0,0,0,0,0,0,103808,104555,0,232,0
161078,1,0,6.49403e-006,0.000964529,0.0264632,0.284002,1,0,,0,0,0,0,0,0,0,0,103808,104555,0,232,0
161178,1,0,4.54582e-006,0.000772532,0.0238941,0.26584,1,0,,0,0,0,0,0,0,0,0,103808,104555,0,232,0
161278,1,0,3.18208e-006,0.000618662,0.0215665,0.313052,1,0,,0,0,0,0,0,0,0,0,103808,104555,0,232,0
161378,1,0,2.22745e-006,0.000495375,0.0194594,0.279217,1,0,,0,0,0,0,0,0,0,0,103808,104555,0,232,0
161478,1,0,1.55922e-006,0.000396612,0.0175531,0.264779,1,0,,0,0,0,0,0,0,0,0,103808,104555,0,232,0
161578,1,3,0.900001,0.180318,0.0338296,0.302946,1,0,,0,0,0,0,0,0,0,0,103808,104555,0,232,0
161678,1,0,0.630001,0.270254,0.057472,0.297707,1,0,,0,0,0,0,0,0,0,0,103808,104555,0,232,0
161778,1,0,0.441001,0.304403,0.0821652,0.278445,1,0,,0,0,0,0,0,0,0,0,103808,104555,0,232,0
161878,1,0,0.3087,0.305263,0.104475,0.279082,1,0,,0,0,0,0,0,0,0,0,103808,104555,0,232,0
161978,1,0,0.21609,0.287428,0.12277,0.304319,1,0,,0,0,0,0,0,0,0,0,103808,104555,0,232,0
162078,1,0,0.151263,0.260195,0.136513,0.281507,1,0,,0,0,0,0,0,0,0,0,103808,104555,0,232,0
162178,1,0,0.105884,0.229333,0.145795,0.295904,1,0,,0,0,0,0,0,0,0,0,103808,104555,0,232,0
162278,1,0,0.074119,0.19829,0.151044,0.259741,1,0,,0,0,0,0,0,0,0,0,103808,104555,0,232,0
162378,1,0,0.0518833,0.169009,0.152841,0.275527,1,0,,0,0,0,0,0,0,0,0,103808,104555,0,232,0
162478,1,0,0.0363183,0.142471,0.151804,0.347302,1,0,,0,0,0,0,0,0,0,0,103808,104555,0,232,0
162578,1,0,0.0254228,0.119061,0.148529,0.331402,1,0,,0,0,0,0,0,0,0,0,103808,104555,0,232,0
162678,1,0,0.017796,0.0988081,0.143557,0.281851,1,0,,0,0,0,0,0,0,0,0,103808,104555,0,232,0
162778,1,0,0.0124572,0.0815379,0.137355,0.296451,1,0,,0,0,0,0,0,0,0,0,103808,104555,0,232,0
162878,1,0,0.00872002,0.0669744,0.130317,0.249751,1,0,,0,0,0,0,0,0,0,0,103808,104555,0,232,0
162978,1,0,0.00610401,0.0548003,0.122766,0.288977,1,0,,0,0,0,0,0,0,0,0,103808,104555,0,232,0
163078,1,0,0.00427281,0.0446948,0.114959,0.266927,1,0,,0,0,0,0,0,0,0,0,103808,104555,0,232,0
163178,1,0,0.00299097,0.036354,0.107098,0.259102,1,0,,0,0,0,0,0,0,0,0,103808,104555,0,232,0
163278,1,0,0.00209368,0.029502,0.0993385,0.277065,1,0,,0,0,0,0,0,0,0,0,103808,104555,0,232,0
163378,1,0,0.00146557,0.0238947,0.0917941,0.303877,1,0,,0,0,0,0,0,0,0,0,103808,104555,0,232,0
163478,1,0,0.0010259,0.0193209,0.0845468,0.29048,1,0,,0,0,0,0,0,0,0,0,103808,104555,0,232,0
163578,1,0,0.000718131,0.0156004,0.0776521,0.306442,1,0,,0,0,0,0,0,0,0,0,103808,104555,0,232,0
163678,1,0,0.000502692,0.0125808,0.071145,0.306454,1,0,,0,0,0,0,0,0,0,0,103808,104555,0,232,0
163778,1,0,0.000351884,0.010135,0.065044,0.312816,1,0,,0,0,0,0,0,0,0,0,103808,104555,0,232,0
163878,1,0,0.000246319,0.0081573,0.0593553,0.274416,1,0,,0,0,0,0,0,0,0,0,103808,104555,0,232,0
163978,1,0,0.000172423,0.00656032,0.0540758,0.286317,1,0,,0,0,0,0,0,0,0,0,103808,104555,0,232,0
164078,1,0,0.000120696,0.0052724,0.0491955,0.25583,1,0,,0,0,0,0,0,0,0,0,103808,104555,0,232,0
164178,1,0,8.44874e-005,0.00423482,0.0446994,0.265805,1,0,,0,0,0,0,0,0,0,0,103808,104555,0,232,0
164278,1,0,5.91412e-005,0.00339968,0.0405694,0.302229,1,0,,0,0,0,0,0,0,0,0,103808,104555,0,232,0
164378,1,0,4.13988e-005,0.00272803,0.0367853,0.286941,1,0,,0,0,0,0,0,0,0,0,103808,104555,0,232,0
164478,1,0,2.89792e-005,0.00218822,0.0333256,0.279878,1,0,,0,0,0,0,0,0,0,0,103808,104555,0,232,0
164578,1,0,2.02854e-005,0.00175463,0.0301685,0.308515,1,0,,0,0,0,0,0,0,0,0,103808,104555,0,232,0
164678,1,0,1.41998e-005,0.00140654,0.0272923,0.278104,1,0,,0,0,0,0,0,0,0,0,103808,104555,0,232,0
164778,1,0,9.93986e-006,0.00112722,0.0246758,0.268802,1,0,,0,0,0,0,0,0,0,0,103808,104555,0,232,0
164878,1,0,6.9579e-006,0.00090317,0.0222985,0.2873,1,0,,0,0,0,0,0,0,0,0,103808,104555,0,232,0
164978,1,0,4.87053e-006,0.00072351,0.020141,0.273036,1,0,,0,0,0,0,0,0,0,0,103808,104555,0,232,0
165078,1,0,3.40937e-006,0.00057949,0.0181849,0.283397,1,0,,0,0,0,0,0,0,0,0,103808,104555,0,232,0
165178,1,0,2.38656e-006,0.000464069,0.0164128,0.313785,1,0,,0,0,0,0,0,0,0,0,103808,104555,0,232,0
165278,1,0,1.67059e-006,0.00037159,0.0148087,0.328785,1,0,,0,0,0,0,0,0,0,0,103808,104555,0,232,0
165378,1,0,1.16941e-006,0.000297506,0.0133575,0.285112,1,0,,0,0,0,0,0,0,0,0,103808,104555,0,232,0
165478,1,3,0.900001,0.180238,0.0300456,0.332386,1,0,,0,0,0,0,0,0,0,0,103808,104555,0,232,0
165578,1,0,0.630001,0.270191,0.0540601,0.254003,1,0,,0,0,0,0,0,0,0,0,103808,104555,0,232,0
165678,1,0,0.441,0.304353,0.0790894,0.295704,1,0,,0,0,0,0,0,0,0,0,103808,104555,0,232,0
165778,1,0,0.3087,0.305222,0.101703,0.301704,1,0,,0,0,0,0,0,0,0,0,103808,104555,0,232,0
165878,1,0,0.21609,0.287396,0.120272,0.275692,1,0,,0,0,0,0,0,0,0,0,103808,104555,0,232,0
165978,1,0,0.151263,0.260169,0.134262,0.292516,1,0,,0,0,0,0,0,0,0,0,103808,104555,0,232,0
166078,1,0,0.105884,0.229312,0.143767,0.264943,1,0,,0,0,0,0,0,0,0,0,103808,104555,0,232,0
166178,1,0,0.0741189,0.198274,0.149217,0.322279,1,0,,0,0,0,0,0,0,0,0,103808,104555,0,232,0
166278,1,0,0.0518833,0.168995,0.151195,0.275529,1,0,,0,0,0,0,0,0,0,0,103808,104555,0,232,0
166378,1,0,0.0363183,0.14246,0.150322,0.288179,1,0,,0,0,0,0,0,0,0,0,103808,104555,0,232,0
166478,1,0,0.0254228,0.119053,0.147195,0.271756,1,0,,0,0,0,0,0,0,0,0,103808,104555,0,232,0
166578,1,0,0.017796,0.0988013,0.142355,0.262455,1,0,,0,0,0,0,0,0,0,0,103808,104555,0,232,0
166678,1,0,0.0124572,0.0815325,0.136273,0.299193,1,0,,0,0,0,0,0,0,0,0,103808,104555,0,232,0
166778,1,0,0.00872002,0.06697,0.129343,0.29123,1,0,,0,0,0,0,0,0,0,0,103808,104555,0,232,0
166878,1,0,0.00610401,0.0547968,0.121888,0.26988,1,0,,0,0,0,0,0,0,0,0,103808,104555,0,232,0
166978,1,0,0.00427281,0.044692,0.114169,0.283018,1,0,,0,0,0,0,0,0,0,0,103808,104555,0,232,0
167078,1,0,0.00299097,0.0363518,0.106387,0.286893,1,0,,0,0,0,0,0,0,0,0,103808,104555,0,232,0
167178,1,0,0.00209368,0.0295002,0.0986982,0.27658,1,0,,0,0,0,0,0,0,0,0,103808,104555,0,232,0
167278,1,0,0.00146557,0.0238932,0.0912177,0.302255,1,0,,0,0,0,0,0,0,0,0,103808,104555,0,232,0
167378,1,0,0.0010259,0.0193198,0.0840279,0.254931,1,0,,0,0,0,0,0,0,0,0,103808,104555,0,232,0
167478,1,0,0.000718131,0.0155994,0.0771851,0.272069,1,0,,0,0,0,0,0,0,0,0,103808,104555,0,232,0
167578,1,0,0.000502692,0.0125801,0.0707246,0.286421,1,0,,0,0,0,0,0,0,0,0,103808,104555,0,232,0
167678,1,0,0.000351884,0.0101345,0.0646656,0.258596,1,0,,0,0,0,0,0,0,0,0,103808,104555,0,232,0
167778,1,0,0.000246319,0.00815683,0.0590147,0.265271,1,0,,0,0,0,0,0,0,0,0,103808,104555,0,232,0
167878,1,0,0.000172423,0.00655995,0.0537692,0.287521,1,0,,0,0,0,0,0,0,0,0,103808,104555,0,232,0
167978,1,0,0.000120696,0.0052721,0.0489195,0.273072,1,0,,0,0,0,0,0,0,0,0,103808,104555,0,232,0
168078,1,0,8.44874e-005,0.00423458,0.044451,0.262373,1,0,,0,0,0,0,0,0,0,0,103808,104555,0,232,0
168178,1,0,5.91411e-005,0.00339949,0.0403459,0.312486,1,0,,0,0,0,0,0,0,0,0,103808,104555,0,232,0
168278,1,0,4.13988e-005,0.00272787,0.0365841,0.251398,1,0,,0,0,0,0,0,0,0,0,103808,104555,0,232,0
168378,1,0,2.89792e-005,0.00218809,0.0331445,0.262387,1,0,,0,0,0,0,0,0,0,0,103808,104555,0,232,0
168478,1,0,2.02854e-005,0.00175453,0.0300055,0.306598,1,0,,0,0,0,0,0,0,0,0,103808,104555,0,232,0
168578,1,0,1.41998e-005,0.00140646,0.0271456,0.282648,1,0,,0,0,0,0,0,0,0,0,103808,104555,0,232,0
168678,1,0,9.93985e-006,0.00112716,0.0245437,0.293197,1,0,,0,0,0,0,0,0,0,0,103808,104555,0,232,0
168778,1,0,6.9579e-006,0.000903119,0.0221797,0.284322,1,0,,0,0,0,0,0,0,0,0,103808,104555,0,232,0
168878,1,0,4.87053e-006,0.00072347,0.020034,0.312649,1,0,,0,0,0,0,0,0,0,0,103808,104555,0,232,0
168978,1,0,3.40937e-006,0.000579458,0.0180886,0.294085,1,0,,0,0,0,0,0,0,0,0,103808,104555,0,232,0
169078,1,0,2.38656e-006,0.000464043,0.0163261,0.270983,1,0,,0,0,0,0,0,0,0,0,103808,104555,0,232,0
169178,1,0,1.67059e-006,0.000371569,0.0147307,0.285095,1,0,,0,0,0,0,0,0,0,0,103808,104555,0,232,0
169278,1,0,1.16941e-006,0.000297489,0.0132874,0.26603,1,0,,0,0,0,0,0,0,0,0,103808,104555,0,232,0
169378,1,0,8.18589e-007,0.000238155,0.0119824,0.264068,1,0,,0,0,0,0,0,0,0,0,103808,104555,0,232,0
169478,1,3,0.900001,0.180191,0.0288033,0.276391,1,0,,0,0,0,0,0,0,0,0,103808,104555,0,232,0
169578,1,0,0.63,0.270153,0.0529382,0.302904,1,0,,0,0,0,0,0,0,0,0,103808,104555,0,232,0
169678,1,0,0.441,0.304322,0.0780766,0.286216,1,0,,0,0,0,0,0,0,0,0,103808,104555,0,232,0
169778,1,0,0.3087,0.305198,0.100789,0.278467,1,0,,0,0,0,0,0,0,0,0,103808,104555,0,232,0
169878,1,0,0.21609,0.287376,0.119447,0.305643,1,0,,0,0,0,0,0,0,0,0,103808,104555,0,232,0
169978,1,0,0.151263,0.260154,0.133518,0.292456,1,0,,0,0,0,0,0,0,0,0,103808,104555,0,232,0
170078,1,0,0.105884,0.2293,0.143096,0.344045,1,0,,0,0,0,0,0,0,0,0,103808,104555,0,232,0
170178,1,0,0.0741189,0.198264,0.148613,0.262132,1,0,,0,0,0,0,0,0,0,0,103808,104555,0,232,0
170278,1,0,0.0518832,0.168987,0.15065,0.267082,1,0,,0,0,0,0,0,0,0,0,103808,104555,0,232,0
170378,1,0,0.0363183,0.142454,0.149831,0.325157,1,0,,0,0,0,0,0,0,0,0,103808,104555,0,232,0
170478,1,0,0.0254228,0.119047,0.146752,0.27536,1,0,,0,0,0,0,0,0,0,0,103808,104555,0,232,0
170578,1,0,0.017796,0.0987972,0.141957,0.288345,1,0,,0,0,0,0,0,0,0,0,103808,104555,0,232,0
170678,1,0,0.0124572,0.0815292,0.135914,0.282119,1,0,,0,0,0,0,0,0,0,0,103808,104555,0,232,0
170778,1,0,0.00872002,0.0669673,0.129019,0.333256,1,0,,0,0,0,0,0,0,0,0,103808,104555,0,232,0
170878,1,0,0.00610401,0.0547947,0.121597,0.278067,1,0,,0,0,0,0,0,0,0,0,103808,104555,0,232,0
170978,1,0,0.00427281,0.0446903,0.113906,0.322904,1,0,,0,0,0,0,0,0,0,0,103808,104555,0,232,0
171078,1,0,0.00299097,0.0363504,0.106151,0.278453,1,0,,0,0,0,0,0,0,0,0,103808,104555,0,232,0
171178,1,0,0.00209368,0.0294991,0.0984855,0.301641,1,0,,0,0,0,0,0,0,0,0,103808,104555,0,232,0
171278,1,0,0.00146557,0.0238924,0.0910262,0.28333,1,0,,0,0,0,0,0,0,0,0,103808,104555,0,232,0
171378,1,0,0.0010259,0.0193191,0.0838555,0.26563,1,0,,0,0,0,0,0,0,0,0,103808,104555,0,232,0
171478,1,0,0.000718131,0.0155989,0.0770298,0.274167,1,0,,0,0,0,0,0,0,0,0,103808,104555,0,232,0
171578,1,0,0.000502691,0.0125797,0.0705848,0.264417,1,0,,0,0,0,0,0,0,0,0,103808,104555,0,232,0
171678,1,0,0.000351884,0.0101341,0.0645397,0.273631,1,0,,0,0,0,0,0,0,0,0,103808,104555,0,232,0
171778,1,0,0.000246319,0.00815655,0.0589014,0.304122,1,0,,0,0,0,0,0,0,0,0,103808,104555,0,232,0
171878,1,0,0.000172423,0.00655972,0.0536672,0.264847,1,0,,0,0,0,0,0,0,0,0,103808,104555,0,232,0
171978,1,0,0.000120696,0.00527192,0.0488277,0.301047,1,0,,0,0,0,0,0,0,0,0,103808,104555,0,232,0
172078,1,0,8.44874e-005,0.00423443,0.0443684,0.272959,1,0,,0,0,0,0,0,0,0,0,103808,104555,0,232,0
172178,1,0,5.91411e-005,0.00339937,0.0402715,0.278783,1,0,,0,0,0,0,0,0,0,0,103808,104555,0,232,0
172278,1,0,4.13988e-005,0.00272778,0.0365171,0.280509,1,0,,0,0,0,0,0,0,0,0,103808,104555,0,232,0
172378,1,0,2.89792e-005,0.00218802,0.0330842,0.266748,1,0,,0,0,0,0,0,0,0,0,103808,104555,0,232,0
172478,1,0,2.02854e-005,0.00175447,0.0299512,0.315935,1,0,,0,0,0,0,0,0,0,0,103808,104555,0,232,0
172578,1,0,1.41998e-005,0.00140642,0.0270967,0.289308,1,0,,0,0,0,0,0,0,0,0,103808,104555,0,232,0
172678,1,0,9.93985e-006,0.00112712,0.0244998,0.291984,1,0,,0,0,0,0,0,0,0,0,103808,104555,0,232,0
172778,1,0,6.9579e-006,0.000903089,0.0221401,0.283884,1,0,,0,0,0,0,0,0,0,0,103808,104555,0,232,0
172878,1,0,4.87053e-006,0.000723445,0.0199984,0.266858,1,0,,0,0,0,0,0,0,0,0,103808,104555,0,232,0
172978,1,0,3.40937e-006,0.000579438,0.0180565,0.286434,1,0,,0,0,0,0,0,0,0,0,103808,104555,0,232,0
173078,1,0,2.38656e-006,0.000464028,0.0162973,0.271271,1,0,,0,0,0,0,0,0,0,0,103808,104555,0,232,0
173178,1,0,1.67059e-006,0.000371556,0.0147047,0.312209,1,0,,0,0,0,0,0,0,0,0,103808,104555,0,232,0
173278,1,0,1.16941e-006,0.000297479,0.013264,0.363073,1,0,,0,0,0,0,0,0,0,0,103808,104555,0,232,0
173378,1,3,0.900001,0.180238,0.0299614,0.267914,1,0,,0,0,0,0,0,0,0,0,103808,104555,0,232,0
173478,1,0,0.630001,0.270191,0.0539843,0.276891,1,0,,0,0,0,0,0,0,0,0,103808,104555,0,232,0
173578,1,0,0.441,0.304353,0.0790212,0.29869,1,0,,0,0,0,0,0,0,0,0,103808,104555,0,232,0
173678,1,0,0.3087,0.305222,0.101641,0.26045,1,0,,0,0,0,0,0,0,0,0,103808,104555,0,232,0
173778,1,0,0.21609,0.287396,0.120217,0.318174,1,0,,0,0,0,0,0,0,0,0,103808,104555,0,232,0
173878,1,0,0.151263,0.260169,0.134212,0.266635,1,0,,0,0,0,0,0,0,0,0,103808,104555,0,232,0
173978,1,0,0.105884,0.229312,0.143722,0.302611,1,0,,0,0,0,0,0,0,0,0,103808,104555,0,232,0
174078,1,0,0.0741189,0.198274,0.149177,0.312286,1,0,,0,0,0,0,0,0,0,0,103808,104555,0,232,0
174178,1,0,0.0518833,0.168995,0.151159,0.252384,1,0,,0,0,0,0,0,0,0,0,103808,104555,0,232,0
174278,1,0,0.0363183,0.14246,0.150289,0.282235,1,0,,0,0,0,0,0,0,0,0,103808,104555,0,232,0
174378,1,0,0.0254228,0.119053,0.147165,0.278996,1,0,,0,0,0,0,0,0,0,0,103808,104555,0,232,0
174478,1,0,0.017796,0.0988013,0.142329,0.308257,1,0,,0,0,0,0,0,0,0,0,103808,104555,0,232,0
174578,1,0,0.0124572,0.0815325,0.136249,0.276445,1,0,,0,0,0,0,0,0,0,0,103808,104555,0,232,0
174678,1,0,0.00872002,0.06697,0.129321,0.287818,1,0,,0,0,0,0,0,0,0,0,103808,104555,0,232,0
174778,1,0,0.00610401,0.0547968,0.121869,0.260008,1,0,,0,0,0,0,0,0,0,0,103808,104555,0,232,0
174878,1,0,0.00427281,0.044692,0.114151,0.293407,1,0,,0,0,0,0,0,0,0,0,103808,104555,0,232,0
174978,1,0,0.00299097,0.0363518,0.106371,0.271781,1,0,,0,0,0,0,0,0,0,0,103808,104555,0,232,0
175078,1,0,0.00209368,0.0295002,0.0986842,0.281556,1,0,,0,0,0,0,0,0,0,0,103808,104555,0,232,0
175178,1,0,0.00146557,0.0238932,0.0912051,0.267817,1,0,,0,0,0,0,0,0,0,0,103808,104555,0,232,0
175278,1,0,0.0010259,0.0193198,0.0840166,0.265241,1,0,,0,0,0,0,0,0,0,0,103808,104555,0,232,0
175378,1,0,0.000718131,0.0155994,0.0771748,0.257715,1,0,,0,0,0,0,0,0,0,0,103808,104555,0,232,0
175478,1,0,0.000502692,0.0125801,0.0707154,0.292417,1,0,,0,0,0,0,0,0,0,0,103808,104555,0,232,0
175578,1,0,0.000351884,0.0101345,0.0646573,0.289155,1,0,,0,0,0,0,0,0,0,0,103808,104555,0,232,0
175678,1,0,0.000246319,0.00815683,0.0590072,0.273954,1,0,,0,0,0,0,0,0,0,0,103808,104555,0,232,0
175778,1,0,0.000172423,0.00655995,0.0537625,0.277432,1,0,,0,0,0,0,0,0,0,0,103808,104555,0,232,0
175878,1,0,0.000120696,0.0052721,0.0489135,0.269692,1,0,,0,0,0,0,0,0,0,0,103808,104555,0,232,0
175978,1,0,8.44874e-005,0.00423458,0.0444456,0.276105,1,0,,0,0,0,0,0,0,0,0,103808,104555,0,232,0
176078,1,0,5.91411e-005,0.00339949,0.040341,0.303554,1,0,,0,0,0,0,0,0,0,0,103808,104555,0,232,0
176178,1,0,4.13988e-005,0.00272787,0.0365796,0.277382,1,0,,0,0,0,0,0,0,0,0,103808,104555,0,232,0
176278,1,0,2.89792e-005,0.00218809,0.0331405,0.280444,1,0,,0,0,0,0,0,0,0,0,103808,104555,0,232,0
176378,1,0,2.02854e-005,0.00175453,0.0300019,0.285344,1,0,,0,0,0,0,0,0,0,0,103808,104555,0,232,0
176478,1,0,1.41998e-005,0.00140646,0.0271423,0.329169,1,0,,0,0,0,0,0,0,0,0,103808,104555,0,232,0
176578,1,0,9.93985e-006,0.00112716,0.0245408,0.270804,1,0,,0,0,0,0,0,0,0,0,103808,104555,0,232,0
176678,1,0,6.9579e-006,0.000903119,0.0221771,0.297068,1,0,,0,0,0,0,0,0,0,0,103808,104555,0,232,0
176778,1,0,4.87053e-006,0.00072347,0.0200317,0.265241,1,0,,0,0,0,0,0,0,0,0,103808,104555,0,232,0
176878,1,0,3.40937e-006,0.000579458,0.0180865,0.292829,1,0,,0,0,0,0,0,0,0,0,103808,104555,0,232,0
176978,1,0,2.38656e-006,0.000464043,0.0163242,0.287554,1,0,,0,0,0,0,0,0,0,0,103808,104555,0,232,0
177078,1,0,1.67059e-006,0.000371569,0.014729,0.281443,1,0,,0,0,0,0,0,0,0,0,103808,104555,0,232,0
177178,1,0,1.16941e-006,0.000297489,0.0132858,0.298719,1,0,,0,0,0,0,0,0,0,0,103808,104555,0,232,0
177278,1,0,8.18589e-007,0.000238155,0.011981,0.29173,1,0,,0,0,0,0,0,0,0,0,103808,104555,0,232,0
177378,1,3,0.900001,0.180191,0.028802,0.295329,1,0,,0,0,0,0,0,0,0,0,103808,104555,0,232,0
177478,1,0,0.63,0.270153,0.0529371,0.280213,1,0,,0,0,0,0,0,0,0,0,103808,104555,0,232,0
177578,1,0,0.441,0.304322,0.0780756,0.28164,1,0,,0,0,0,0,0,0,0,0,103808,104555,0,232,0
177678,1,0,0.3087,0.305198,0.100788,0.286252,1,0,,0,0,0,0,0,0,0,0,103808,104555,0,232,0
177778,1,0,0.21609,0.287376,0.119447,0.288627,1,0,,0,0,0,0,0,0,0,0,103808,104555,0,232,0
177878,1,0,0.151263,0.260154,0.133517,0.318665,1,0,,0,0,0,0,0,0,0,0,103808,104555,0,232,0
177978,1,0,0.105884,0.2293,0.143096,0.276665,1,0,,0,0,0,0,0,0,0,0,103808,104555,0,232,0
178078,1,0,0.0741189,0.198264,0.148612,0.24684,1,0,,0,0,0,0,0,0,0,0,103808,104555,0,232,0
178178,1,0,0.0518832,0.168987,0.15065,0.304415,1,0,,0,0,0,0,0,0,0,0,103808,104555,0,232,0
178278,1,0,0.0363183,0.142454,0.14983,0.290677,1,0,,0,0,0,0,0,0,0,0,103808,104555,0,232,0
178378,1,0,0.0254228,0.119047,0.146752,0.280865,1,0,,0,0,0,0,0,0,0,0,103808,104555,0,232,0
178478,1,0,0.017796,0.0987972,0.141956,0.309262,1,0,,0,0,0,0,0,0,0,0,103808,104555,0,232,0
178578,1,0,0.0124572,0.0815292,0.135914,0.283124,1,0,,0,0,0,0,0,0,0,0,103808,104555,0,232,0
178678,1,0,0.00872002,0.0669673,0.129019,0.301112,1,0,,0,0,0,0,0,0,0,0,103808,104555,0,232,0
178778,1,0,0.00610401,0.0547947,0.121597,0.288698,1,0,,0,0,0,0,0,0,0,0,103808,104555,0,232,0
178878,1,0,0.00427281,0.0446903,0.113906,0.273737,1,0,,0,0,0,0,0,0,0,0,103808,104555,0,232,0
178978,1,0,0.00299097,0.0363504,0.10615,0.279925,1,0,,0,0,0,0,0,0,0,0,103808,104555,0,232,0
179078,1,0,0.00209368,0.0294991,0.0984853,0.274927,1,0,,0,0,0,0,0,0,0,0,103808,104555,0,232,0
179178,1,0,0.00146557,0.0238924,0.091026,0.287838,1,0,,0,0,0,0,0,0,0,0,103808,104555,0,232,0
179278,1,0,0.0010259,0.0193191,0.0838553,0.316039,1,0,,0,0,0,0,0,0,0,0,103808,104555,0,232,0
179378,1,0,0.000718131,0.0155989,0.0770297,0.289112,1,0,,0,0,0,0,0,0,0,0,103808,104555,0,232,0
179478,1,0,0.000502691,0.0125797,0.0705847,0.2944,1,0,,0,0,0,0,0,0,0,0,103808,104555,0,232,0
179578,1,0,0.000351884,0.0101341,0.0645396,0.2801,1,0,,0,0,0,0,0,0,0,0,103808,104555,0,232,0
179678,1,0,0.000246319,0.00815655,0.0589013,0.285877,1,0,,0,0,0,0,0,0,0,0,103808,104555,0,232,0
179778,1,0,0.000172423,0.00655972,0.0536672,0.320202,1,0,,0,0,0,0,0,0,0,0,103808,104555,0,232,0
179878,1,0,0.000120696,0.00527192,0.0488276,0.27779,1,0,,0,0,0,0,0,0,0,0,103808,104555,0,232,0
179978,1,0,8.44874e-005,0.00423443,0.0443683,0.265541,1,0,,0,0,0,0,0,0,0,0,103808,104555,0,232,0
180078,1,0,5.91411e-005,0.00339937,0.0402714,0.290539,1,0,,0,0,0,0,0,0,0,0,103808,104555,0,232,0
180178,1,0,4.13988e-005,0.00272778,0.036517,0.268115,1,0,,0,0,0,0,0,0,0,0,103808,104555,0,232,0
180278,1,0,2.89792e-005,0.00218802,0.0330841,0.306552,1,0,,0,0,0,0,0,0,0,0,103808,104555,0,232,0
180378,1,0,2.02854e-005,0.00175447,0.0299512,0.296463,1,0,,0,0,0,0,0,0,0,0,103808,104555,0,232,0
180478,1,0,1.41998e-005,0.00140642,0.0270967,0.284313,1,0,,0,0,0,0,0,0,0,0,103808,104555,0,232,0
180578,1,0,9.93985e-006,0.00112712,0.0244997,0.281951,1,0,,0,0,0,0,0,0,0,0,103808,104555,0,232,0
180678,1,0,6.9579e-006,0.000903089,0.0221401,0.308565,1,0,,0,0,0,0,0,0,0,0,103808,104555,0,232,0
180778,1,0,4.87053e-006,0.000723445,0.0199984,0.267741,1,0,,0,0,0,0,0,0,0,0,103808,104555,0,232,0
180878,1,0,3.40937e-006,0.000579438,0.0180565,0.312956,1,0,,0,0,0,0,0,0,0,0,103808,104555,0,232,0
180978,1,0,2.38656e-006,0.000464028,0.0162973,0.288878,1,0,,0,0,0,0,0,0,0,0,103808,104555,0,232,0
181078,1,0,1.67059e-006,0.000371556,0.0147047,0.301827,1,0,,0,0,0,0,0,0,0,0,103808,104555,0,232,0
181178,1,0,1.16941e-006,0.000297479,0.013264,0.27029,1,0,,0,0,0,0,0,0,0,0,103808,104555,0,232,0
181278,1,3,0.900001,0.180238,0.0299614,0.292557,1,0,,0,0,0,0,0,0,0,0,103808,104555,0,232,0
181378,1,0,0.630001,0.270191,0.0539843,0.284096,1,0,,0,0,0,0,0,0,0,0,103808,104555,0,232,0
181478,1,0,0.441,0.304353,0.0790211,0.285748,1,0,,0,0,0,0,0,0,0,0,103808,104555,0,232,0
181578,1,0,0.3087,0.305222,0.101641,0.306874,1,0,,0,0,0,0,0,0,0,0,103808,104555,0,232,0
181678,1,0,0.21609,0.287396,0.120217,0.256727,1,0,,0,0,0,0,0,0,0,0,103808,104555,0,232,0
181778,1,0,0.151263,0.260169,0.134212,0.299664,1,0,,0,0,0,0,0,0,0,0,103808,104555,0,232,0
181878,1,0,0.105884,0.229312,0.143722,0.290612,1,0,,0,0,0,0,0,0,0,0,103808,104555,0,232,0
181978,1,0,0.0741189,0.198274,0.149177,0.265184,1,0,,0,0,0,0,0,0,0,0,103808,104555,0,232,0
182078,1,0,0.0518833,0.168995,0.151159,0.281634,1,0,,0,0,0,0,0,0,0,0,103808,104555,0,232,0
182178,1,0,0.0363183,0.14246,0.150289,0.29182,1,0,,0,0,0,0,0,0,0,0,103808,104555,0,232,0
182278,1,0,0.0254228,0.119053,0.147165,0.272032,1,0,,0,0,0,0,0,0,0,0,103808,104555,0,232,0
182378,1,0,0.017796,0.0988013,0.142329,0.265194,1,0,,0,0,0,0,0,0,0,0,103808,104555,0,232,0
182478,1,0,0.0124572,0.0815325,0.136249,0.277296,1,0,,0,0,0,0,0,0,0,0,103808,104555,0,232,0
182578,1,0,0.00872002,0.06697,0.129321,0.258358,1,0,,0,0,0,0,0,0,0,0,103808,104555,0,232,0
182678,1,0,0.00610401,0.0547968,0.121869,0.266371,1,0,,0,0,0,0,0,0,0,0,103808,104555,0,232,0
182778,1,0,0.00427281,0.044692,0.114151,0.278772,1,0,,0,0,0,0,0,0,0,0,103808,104555,0,232,0
182878,1,0,0.00299097,0.0363518,0.106371,0.266058,1,0,,0,0,0,0,0,0,0,0,103808,104555,0,232,0
182978,1,0,0.00209368,0.0295002,0.0986842,0.29611,1,0,,0,0,0,0,0,0,0,0,103808,104555,0,232,0
183078,1,0,0.00146557,0.0238932,0.0912051,0.296934,1,0,,0,0,0,0,0,0,0,0,103808,104555,0,232,0
183178,1,0,0.0010259,0.0193198,0.0840166,0.295784,1,0,,0,0,0,0,0,0,0,0,103808,104555,0,232,0
183278,1,0,0.000718131,0.0155994,0.0771748,0.315621,1,0,,0,0,0,0,0,0,0,0,103808,104555,0,232,0
183378,1,0,0.000502692,0.0125801,0.0707154,0.298759,1,0,,0,0,0,0,0,0,0,0,103808,104555,0,232,0
183478,1,0,0.000351884,0.0101345,0.0646573,0.265323,1,0,,0,0,0,0,0,0,0,0,103808,104555,0,232,0
183578,1,0,0.000246319,0.00815683,0.0590072,0.304309,1,0,,0,0,0,0,0,0,0,0,103808,104555,0,232,0
183678,1,0,0.000172423,0.00655995,0.0537625,0.295447,1,0,,0,0,0,0,0,0,0,0,103808,104555,0,232,0
183778,1,0,0.000120696,0.0052721,0.0489135,0.266449,1,0,,0,0,0,0,0,0,0,0,103808,104555,0,232,0
183878,1,0,8.44874e-005,0.00423458,0.0444456,0.307698,1,0,,0,0,0,0,0,0,0,0,103808,104555,0,232,0
183978,1,0,5.91411e-005,0.00339949,0.040341,0.267357,1,0,,0,0,0,0,0,0,0,0,103808,104555,0,232,0
184078,1,0,4.13988e-005,0.00272787,0.0365796,0.283444,1,0,,0,0,0,0,0,0,0,0,103808,104555,0,232,0
184178,1,0,2.89792e-005,0.00218809,0.0331405,0.252756,1,0,,0,0,0,0,0,0,0,0,103808,104555,0,232,0
184278,1,0,2.02854e-005,0.00175453,0.0300019,0.254432,1,0,,0,0,0,0,0,0,0,0,103808,104555,0,232,0
184378,1,0,1.41998e-005,0.00140646,0.0271423,0.328569,1,0,,0,0,0,0,0,0,0,0,103808,104555,0,232,0
184478,1,0,9.93985e-006,0.00112716,0.0245408,0.323395,1,0,,0,0,0,0,0,0,0,0,103808,104555,0,232,0
184578,1,0,6.9579e-006,0.000903119,0.0221771,0.280507,1,0,,0,0,0,0,0,0,0,0,103808,104555,0,232,0
184678,1,0,4.87053e-006,0.00072347,0.0200317,0.288371,1,0,,0,0,0,0,0,0,0,0,103808,104555,0,232,0
184778,1,0,3.40937e-006,0.000579458,0.0180865,0.316797,1,0,,0,0,0,0,0,0,0,0,103808,104555,0,232,0
184878,1,0,2.38656e-006,0.000464043,0.0163242,0.305409,1,0,,0,0,0,0,0,0,0,0,103808,104555,0,232,0
184978,1,0,1.67059e-006,0.000371569,0.014729,0.299596,1,0,,0,0,0,0,0,0,0,0,103808,104555,0,232,0
185078,1,0,1.16941e-006,0.000297489,0.0132858,0.279433,1,0,,0,0,0,0,0,0,0,0,103808,104555,0,232,0
185178,1,3,0.900001,0.180238,0.0299811,0.275536,1,0,,0,0,0,0,0,0,0,0,103808,104555,0,232,0
185278,1,0,0.630001,0.270191,0.054002,0.278986,1,0,,0,0,0,0,0,0,0,0,103808,104555,0,232,0
185378,1,0,0.441,0.304353,0.0790371,0.276324,1,0,,0,0,0,0,0,0,0,0,103808,104555,0,232,0
185478,1,0,0.3087,0.305222,0.101656,0.296514,1,0,,0,0,0,0,0,0,0,0,103808,104555,0,232,0
185578,1,0,0.21609,0.287396,0.12023,0.2939,1,0,,0,0,0,0,0,0,0,0,103808,104555,0,232,0
185678,1,0,0.151263,0.260169,0.134224,0.289201,1,0,,0,0,0,0,0,0,0,0,103808,104555,0,232,0
185778,1,0,0.105884,0.229312,0.143732,0.281863,1,0,,0,0,0,0,0,0,0,0,103808,104555,0,232,0
185878,1,0,0.0741189,0.198274,0.149187,0.269736,1,0,,0,0,0,0,0,0,0,0,103808,104555,0,232,0
185978,1,0,0.0518833,0.168995,0.151167,0.274059,1,0,,0,0,0,0,0,0,0,0,103808,104555,0,232,0
186078,1,0,0.0363183,0.14246,0.150297,0.305596,1,0,,0,0,0,0,0,0,0,0,103808,104555,0,232,0
186178,1,0,0.0254228,0.119053,0.147172,0.260846,1,0,,0,0,0,0,0,0,0,0,103808,104555,0,232,0
186278,1,0,0.017796,0.0988013,0.142335,0.277758,1,0,,0,0,0,0,0,0,0,0,103808,104555,0,232,0
186378,1,0,0.0124572,0.0815325,0.136255,0.293157,1,0,,0,0,0,0,0,0,0,0,103808,104555,0,232,0
186478,1,0,0.00872002,0.06697,0.129326,0.259595,1,0,,0,0,0,0,0,0,0,0,103808,104555,0,232,0
186578,1,0,0.00610401,0.0547968,0.121873,0.269961,1,0,,0,0,0,0,0,0,0,0,103808,104555,0,232,0
186678,1,0,0.00427281,0.044692,0.114155,0.25745,1,0,,0,0,0,0,0,0,0,0,103808,104555,0,232,0
186778,1,0,0.00299097,0.0363518,0.106375,0.2497,1,0,,0,0,0,0,0,0,0,0,103808,104555,0,232,0
186878,1,0,0.00209368,0.0295002,0.0986874,0.29215,1,0,,0,0,0,0,0,0,0,0,103808,104555,0,232,0
186978,1,0,0.00146557,0.0238932,0.091208,0.27466,1,0,,0,0,0,0,0,0,0,0,103808,104555,0,232,0
187078,1,0,0.0010259,0.0193198,0.0840192,0.267675,1,0,,0,0,0,0,0,0,0,0,103808,104555,0,232,0
187178,1,0,0.000718131,0.0155994,0.0771772,0.2945,1,0,,0,0,0,0,0,0,0,0,103808,104555,0,232,0
187278,1,0,0.000502692,0.0125801,0.0707175,0.271713,1,0,,0,0,0,0,0,0,0,0,103808,104555,0,232,0
187378,1,0,0.000351884,0.0101345,0.0646592,0.273084,1,0,,0,0,0,0,0,0,0,0,103808,104555,0,232,0
187478,1,0,0.000246319,0.00815683,0.059009,0.280448,1,0,,0,0,0,0,0,0,0,0,103808,104555,0,232,0
187578,1,0,0.000172423,0.00655995,0.0537641,0.286847,1,0,,0,0,0,0,0,0,0,0,103808,104555,0,232,0
187678,1,0,0.000120696,0.0052721,0.0489149,0.273034,1,0,,0,0,0,0,0,0,0,0,103808,104555,0,232,0
187778,1,0,8.44874e-005,0.00423458,0.0444468,0.281185,1,0,,0,0,0,0,0,0,0,0,103808,104555,0,232,0
187878,1,0,5.91411e-005,0.00339949,0.0403421,0.283659,1,0,,0,0,0,0,0,0,0,0,103808,104555,0,232,0
187978,1,0,4.13988e-005,0.00272787,0.0365807,0.284282,1,0,,0,0,0,0,0,0,0,0,103808,104555,0,232,0
188078,1,0,2.89792e-005,0.00218809,0.0331414,0.287843,1,0,,0,0,0,0,0,0,0,0,103808,104555,0,232,0
188178,1,0,2.02854e-005,0.00175453,0.0300027,0.274806,1,0,,0,0,0,0,0,0,0,0,103808,104555,0,232,0
188278,1,0,1.41998e-005,0.00140646,0.0271431,0.261379,1,0,,0,0,0,0,0,0,0,0,103808,104555,0,232,0
188378,1,0,9.93985e-006,0.00112716,0.0245415,0.274254,1,0,,0,0,0,0,0,0,0,0,103808,104555,0,232,0
188478,1,0,6.9579e-006,0.000903119,0.0221777,0.27524,1,0,,0,0,0,0,0,0,0,0,103808,104555,0,232,0
188578,1,0,4.87053e-006,0.00072347,0.0200322,0.324862,1,0,,0,0,0,0,0,0,0,0,103808,104555,0,232,0
188678,1,0,3.40937e-006,0.000579458,0.018087,0.256276,1,0,,0,0,0,0,0,0,0,0,103808,104555,0,232,0
188778,1,0,2.38656e-006,0.000464043,0.0163247,0.262852,1,0,,0,0,0,0,0,0,0,0,103808,104555,0,232,0
188878,1,0,1.67059e-006,0.000371569,0.0147294,0.318704,1,0,,0,0,0,0,0,0,0,0,103808,104555,0,232,0
188978,1,0,1.16941e-006,0.000297489,0.0132862,0.260776,1,0,,0,0,0,0,0,0,0,0,103808,104555,0,232,0
189078,1,0,8.18589e-007,0.000238155,0.0119814,0.269754,1,0,,0,0,0,0,0,0,0,0,103808,104555,0,232,0
189178,1,3,0.900001,0.180191,0.0288023,0.290572,1,0,,0,0,0,0,0,0,0,0,103808,104555,0,232,0
189278,1,0,0.63,0.270153,0.0529373,0.303185,1,0,,0,0,0,0,0,0,0,0,103808,104555,0,232,0
189378,1,0,0.441,0.304322,0.0780758,0.278409,1,0,,0,0,0,0,0,0,0,0,103808,104555,0,232,0
189478,1,0,0.3087,0.305198,0.100788,0.280222,1,0,,0,0,0,0,0,0,0,0,103808,104555,0,232,0
189578,1,0,0.21609,0.287376,0.119447,0.262297,1,0,,0,0,0,0,0,0,0,0,103808,104555,0,232,0
189678,1,0,0.151263,0.260154,0.133518,0.290922,1,0,,0,0,0,0,0,0,0,0,103808,104555,0,232,0
189778,1,0,0.105884,0.2293,0.143096,0.252247,1,0,,0,0,0,0,0,0,0,0,103808,104555,0,232,0
189878,1,0,0.0741189,0.198264,0.148612,0.291435,1,0,,0,0,0,0,0,0,0,0,103808,104555,0,232,0
189978,1,0,0.0518832,0.168987,0.15065,0.291771,1,0,,0,0,0,0,0,0,0,0,103808,104555,0,232,0
190078,1,0,0.0363183,0.142454,0.14983,0.257322,1,0,,0,0,0,0,0,0,0,0,103808,104555,0,232,0
190178,1,0,0.0254228,0.119047,0.146752,0.281337,1,0,,0,0,0,0,0,0,0,0,103808,104555,0,232,0
190278,1,0,0.017796,0.0987972,0.141957,0.294349,1,0,,0,0,0,0,0,0,0,0,103808,104555,0,232,0
190378,1,0,0.0124572,0.0815292,0.135914,0.285824,1,0,,0,0,0,0,0,0,0,0,103808,104555,0,232,0
190478,1,0,0.00872002,0.0669673,0.129019,0.262012,1,0,,0,0,0,0,0,0,0,0,103808,104555,0,232,0
190578,1,0,0.00610401,0.0547947,0.121597,0.269186,1,0,,0,0,0,0,0,0,0,0,103808,104555,0,232,0
190678,1,0,0.00427281,0.0446903,0.113906,0.297097,1,0,,0,0,0,0,0,0,0,0,103808,104555,0,232,0
190778,1,0,0.00299097,0.0363504,0.106151,0.285247,1,0,,0,0,0,0,0,0,0,0,103808,104555,0,232,0
190878,1,0,0.00209368,0.0294991,0.0984854,0.272908,1,0,,0,0,0,0,0,0,0,0,103808,104555,0,232,0
190978,1,0,0.00146557,0.0238924,0.0910261,0.284295,1,0,,0,0,0,0,0,0,0,0,103808,104555,0,232,0
191078,1,0,0.0010259,0.0193191,0.0838554,0.298996,1,0,,0,0,0,0,0,0,0,0,103808,104555,0,232,0
191178,1,0,0.000718131,0.0155989,0.0770297,0.280107,1,0,,0,0,0,0,0,0,0,0,103808,104555,0,232,0
191278,1,0,0.000502691,0.0125797,0.0705847,0.280881,1,0,,0,0,0,0,0,0,0,0,103808,104555,0,232,0
191378,1,0,0.000351884,0.0101341,0.0645396,0.277893,1,0,,0,0,0,0,0,0,0,0,103808,104555,0,232,0
191478,1,0,0.000246319,0.00815655,0.0589013,0.278618,1,0,,0,0,0,0,0,0,0,0,103808,104555,0,232,0
191578,1,0,0.000172423,0.00655972,0.0536672,0.266665,1,0,,0,0,0,0,0,0,0,0,103808,104555,0,232,0
191678,1,0,0.000120696,0.00527192,0.0488276,0.286477,1,0,,0,0,0,0,0,0,0,0,103808,104555,0,232,0
191778,1,0,8.44874e-005,0.00423443,0.0443683,0.285437,1,0,,0,0,0,0,0,0,0,0,103808,104555,0,232,0
191878,1,0,5.91411e-005,0.00339937,0.0402714,0.309937,1,0,,0,0,0,0,0,0,0,0,103808,104555,0,232,0
191978,1,0,4.13988e-005,0.00272778,0.0365171,0.282412,1,0,,0,0,0,0,0,0,0,0,103808,104555,0,232,0
192078,1,0,2.89792e-005,0.00218802,0.0330842,0.308425,1,0,,0,0,0,0,0,0,0,0,103808,104555,0,232,0
192178,1,0,2.02854e-005,0.00175447,0.0299512,0.258911,1,0,,0,0,0,0,0,0,0,0,103808,104555,0,232,0
192278,1,0,1.41998e-005,0.00140642,0.0270967,0.275185,1,0,,0,0,0,0,0,0,0,0,103808,104555,0,232,0
192378,1,0,9.93985e-006,0.00112712,0.0244997,0.275774,1,0,,0,0,0,0,0,0,0,0,103808,104555,0,232,0
192478,1,0,6.9579e-006,0.000903089,0.0221401,0.314135,1,0,,0,0,0,0,0,0,0,0,103808,104555,0,232,0
192578,1,0,4.87053e-006,0.000723445,0.0199984,0.277436,1,0,,0,0,0,0,0,0,0,0,103808,104555,0,232,0
192678,1,0,3.40937e-006,0.000579438,0.0180565,0.2863,1,0,,0,0,0,0,0,0,0,0,103808,104555,0,232,0
192778,1,0,2.38656e-006,0.000464028,0.0162973,0.294014,1,0,,0,0,0,0,0,0,0,0,103808,104555,0,232,0
192878,1,0,1.67059e-006,0.000371556,0.0147047,0.282872,1,0,,0,0,0,0,0,0,0,0,103808,104555,0,232,0
192978,1,0,1.16941e-006,0.000297479,0.013264,0.278473,1,0,,0,0,0,0,0,0,0,0,103808,104555,0,232,0
193078,1,4,1.2,0.240238,0.0359614,0.261905,1,0,,0,0,0,0,0,0,0,0,103808,104555,0,232,0
193178,1,0,0.840001,0.360191,0.0683843,0.326829,1,0,,0,0,0,0,0,0,0,0,103808,104555,0,232,0
193278,1,0,0.588,0.405753,0.102121,0.30204,1,0,,0,0,0,0,0,0,0,0,103808,104555,0,232,0
193378,1,0,0.4116,0.406922,0.132601,0.301127,1,0,,0,0,0,0,0,0,0,0,103808,104555,0,232,0
193478,1,0,0.28812,0.383162,0.157657,0.30303,1,0,,0,0,0,0,0,0,0,0,103808,104555,0,232,0
193578,1,0,0.201684,0.346866,0.176578,0.280882,1,0,,0,0,0,0,0,0,0,0,103808,104555,0,232,0
193678,1,0,0.141179,0.305729,0.189493,0.287006,1,0,,0,0,0,0,0,0,0,0,103808,104555,0,232,0
193778,1,0,0.0988252,0.264348,0.196979,0.306031,1,0,,0,0,0,0,0,0,0,0,103808,104555,0,232,0
193878,1,0,0.0691777,0.225314,0.199812,0.316231,1,0,,0,0,0,0,0,0,0,0,103808,104555,0,232,0
193978,1,0,0.0484244,0.189936,0.198825,0.28929,1,0,,0,0,0,0,0,0,0,0,103808,104555,0,232,0
194078,1,0,0.033897,0.158728,0.194815,0.288063,1,0,,0,0,0,0,0,0,0,0,103808,104555,0,232,0
194178,1,0,0.0237279,0.131728,0.188506,0.287913,1,0,,0,0,0,0,0,0,0,0,103808,104555,0,232,0
194278,1,0,0.0166096,0.108704,0.180526,0.371764,1,0,,0,0,0,0,0,0,0,0,103808,104555,0,232,0
194378,1,0,0.0116267,0.0892889,0.171402,0.281189,1,0,,0,0,0,0,0,0,0,0,103808,104555,0,232,0
194478,1,0,0.00813868,0.0730589,0.161568,0.312489,1,0,,0,0,0,0,0,0,0,0,103808,104555,0,232,0
194578,1,0,0.00569708,0.0595865,0.15137,0.269361,1,0,,0,0,0,0,0,0,0,0,103808,104555,0,232,0
194678,1,0,0.00398795,0.0484668,0.14108,0.301048,1,0,,0,0,0,0,0,0,0,0,103808,104555,0,232,0
194778,1,0,0.00279157,0.0393318,0.130905,0.262148,1,0,,0,0,0,0,0,0,0,0,103808,104555,0,232,0
194878,1,0,0.0019541,0.0318562,0.121,0.320285,1,0,,0,0,0,0,0,0,0,0,103808,104555,0,232,0
194978,1,0,0.00136787,0.0257586,0.111476,0.301097,1,0,,0,0,0,0,0,0,0,0,103808,104555,0,232,0
195078,1,0,0.000957508,0.0207983,0.102408,0.288183,1,0,,0,0,0,0,0,0,0,0,103808,104555,0,232,0
195178,1,0,0.000670255,0.0167727,0.0938445,0.295468,1,0,,0,0,0,0,0,0,0,0,103808,104555,0,232,0
195278,1,0,0.000469179,0.013512,0.0858113,0.282744,1,0,,0,0,0,0,0,0,0,0,103808,104555,0,232,0
195378,1,0,0.000328425,0.0108753,0.0783177,0.294043,1,0,,0,0,0,0,0,0,0,0,103808,104555,0,232,0
195478,1,0,0.000229898,0.00874622,0.0713605,0.316069,1,0,,0,0,0,0,0,0,0,0,103808,104555,0,232,0
195578,1,0,0.000160928,0.00702916,0.0649274,0.279481,1,0,,0,0,0,0,0,0,0,0,103808,104555,0,232,0
195678,1,0,0.00011265,0.00564586,0.0589992,0.275494,1,0,,0,0,0,0,0,0,0,0,103808,104555,0,232,0
195778,1,0,7.88549e-005,0.00453246,0.0535525,0.299431,1,0,,0,0,0,0,0,0,0,0,103808,104555,0,232,0
195878,1,0,5.51984e-005,0.00363701,0.048561,0.277105,1,0,,0,0,0,0,0,0,0,0,103808,104555,0,232,0
195978,1,0,3.86389e-005,0.00291733,0.0439966,0.290455,1,0,,0,0,0,0,0,0,0,0,103808,104555,0,232,0
196078,1,0,2.70472e-005,0.00233928,0.0398309,0.274079,1,0,,0,0,0,0,0,0,0,0,103808,104555,0,232,0
196178,1,0,1.89331e-005,0.00187521,0.0360353,0.275692,1,0,,0,0,0,0,0,0,0,0,103808,104555,0,232,0
196278,1,0,1.32531e-005,0.00150282,0.0325821,0.275092,1,0,,0,0,0,0,0,0,0,0,103808,104555,0,232,0
196378,1,0,9.2772e-006,0.00120411,0.0294443,0.274532,1,0,,0,0,0,0,0,0,0,0,103808,104555,0,232,0
196478,1,0,6.49404e-006,0.000964586,0.0265963,0.272869,1,0,,0,0,0,0,0,0,0,0,103808,104555,0,232,0
196578,1,0,4.54583e-006,0.000772578,0.0240139,0.245706,1,0,,0,0,0,0,0,0,0,0,103808,104555,0,232,0
196678,1,0,3.18208e-006,0.000618699,0.0216744,0.273308,1,0,,0,0,0,0,0,0,0,0,103808,104555,0,232,0
196778,1,0,2.22745e-006,0.000495404,0.0195565,0.261345,1,0,,0,0,0,0,0,0,0,0,103808,104555,0,232,0
196878,1,0,1.55922e-006,0.000396635,0.0176405,0.28567,1,0,,0,0,0,0,0,0,0,0,103808,104555,0,232,0
196978,1,2,0.600001,0.120318,0.0279082,0.276432,1,0,,0,0,0,0,0,0,0,0,103808,104555,0,232,0
197078,1,0,0.420001,0.180254,0.0431428,0.255695,1,0,,0,0,0,0,0,0,0,0,103808,104555,0,232,0
197178,1,0,0.294001,0.203003,0.0591289,0.275732,1,0,,0,0,0,0,0,0,0,0,103808,104555,0,232,0
197278,1,0,0.2058,0.203563,0.0735723,0.291319,1,0,,0,0,0,0,0,0,0,0,103808,104555,0,232,0
197378,1,0,0.14406,0.191662,0.0853813,0.277019,1,0,,0,0,0,0,0,0,0,0,103808,104555,0,232,0
197478,1,0,0.100842,0.173498,0.094193,0.264804,1,0,,0,0,0,0,0,0,0,0,103808,104555,0,232,0
197578,1,0,0.0705895,0.152917,0.100065,0.263341,1,0,,0,0,0,0,0,0,0,0,103808,104555,0,232,0
197678,1,0,0.0494127,0.132216,0.10328,0.247603,1,0,,0,0,0,0,0,0,0,0,103808,104555,0,232,0
197778,1,0,0.0345889,0.11269,0.104221,0.279103,1,0,,0,0,0,0,0,0,0,0,103808,104555,0,232,0
197878,1,0,0.0242122,0.0949948,0.103299,0.274203,1,0,,0,0,0,0,0,0,0,0,103808,104555,0,232,0
197978,1,0,0.0169485,0.0793855,0.100907,0.292866,1,0,,0,0,0,0,0,0,0,0,103808,104555,0,232,0
198078,1,0,0.011864,0.0658812,0.0974048,0.277266,1,0,,0,0,0,0,0,0,0,0,103808,104555,0,232,0
198178,1,0,0.00830479,0.0543659,0.0931009,0.268255,1,0,,0,0,0,0,0,0,0,0,103808,104555,0,232,0
198278,1,0,0.00581335,0.0446554,0.0882563,0.283815,1,0,,0,0,0,0,0,0,0,0,103808,104555,0,232,0
198378,1,0,0.00406935,0.0365382,0.0830845,0.303854,1,0,,0,0,0,0,0,0,0,0,103808,104555,0,232,0
198478,1,0,0.00284854,0.0298003,0.0777561,0.268878,1,0,,0,0,0,0,0,0,0,0,103808,104555,0,232,0
198578,1,0,0.00199398,0.024239,0.0724044,0.292953,1,0,,0,0,0,0,0,0,0,0,103808,104555,0,232,0
198678,1,0,0.00139579,0.0196704,0.067131,0.304203,1,0,,0,0,0,0,0,0,0,0,103808,104555,0,232,0
198778,1,0,0.00097705,0.0159317,0.0620111,0.29628,1,0,,0,0,0,0,0,0,0,0,103808,104555,0,232,0
198878,1,0,0.000683935,0.0128821,0.0570982,0.332329,1,0,,0,0,0,0,0,0,0,0,103808,104555,0,232,0
198978,1,0,0.000478754,0.0104015,0.0524285,0.296991,1,0,,0,0,0,0,0,0,0,0,103808,104555,0,232,0
199078,1,0,0.000335128,0.0083882,0.0480245,0.265641,1,0,,0,0,0,0,0,0,0,0,103808,104555,0,232,0
199178,1,0,0.00023459,0.00675748,0.0438978,0.298467,1,0,,0,0,0,0,0,0,0,0,103808,104555,0,232,0
199278,1,0,0.000164213,0.00543883,0.0400519,0.318231,1,0,,0,0,0,0,0,0,0,0,103808,104555,0,232,0
199378,1,0,0.000114949,0.00437405,0.0364841,0.279593,1,0,,0,0,0,0,0,0,0,0,103808,104555,0,232,0
199478,1,0,8.04642e-005,0.00351533,0.0331872,0.287954,1,0,,0,0,0,0,0,0,0,0,103808,104555,0,232,0
199578,1,0,5.6325e-005,0.00282353,0.0301508,0.276504,1,0,,0,0,0,0,0,0,0,0,103808,104555,0,232,0
199678,1,0,3.94275e-005,0.00226671,0.0273624,0.270666,1,0,,0,0,0,0,0,0,0,0,103808,104555,0,232,0
199778,1,0,2.75992e-005,0.00181889,0.0248081,0.260591,1,0,,0,0,0,0,0,0,0,0,103808,104555,0,232,0
199878,1,0,1.93195e-005,0.00145898,0.0224732,0.286242,1,0,,0,0,0,0,0,0,0,0,103808,104555,0,232,0
199978,1,0,1.35236e-005,0.00116988,0.0203428,0.311579,1,0,,0,0,0,0,0,0,0,0,103808,104555,0,232,0
200078,1,0,9.46654e-006,0.000937801,0.0184023,0.31983,1,0,,0,0,0,0,0,0,0,0,103808,104555,0,232,0
200178,1,0,6.62658e-006,0.000751566,0.0166373,0.293729,1,0,,0,0,0,0,0,0,0,0,103808,104555,0,232,0
200278,1,0,4.6386e-006,0.000602181,0.0150337,0.274854,1,0,,0,0,0,0,0,0,0,0,103808,104555,0,232,0
200378,1,0,3.24702e-006,0.000482394,0.0135786,0.299518,1,0,,0,0,0,0,0,0,0,0,103808,104555,0,232,0
200478,1,0,2.27292e-006,0.00038637,0.0122594,0.259893,1,0,,0,0,0,0,0,0,0,0,103808,104555,0,232,0
200578,1,0,1.59104e-006,0.000309414,0.0110644,0.273206,1,0,,0,0,0,0,0,0,0,0,103808,104555,0,232,0
200678,1,0,1.11373e-006,0.000247754,0.00998272,0.261331,1,0,,0,0,0,0,0,0,0,0,103808,104555,0,232,0
200778,1,0,7.7961e-007,0.000198359,0.00900429,0.261395,1,0,,0,0,0,0,0,0,0,0,103808,104555,0,232,0
200878,1,0,5.45727e-007,0.000158796,0.00811974,0.268046,1,0,,0,0,0,0,0,0,0,0,103808,104555,0,232,0
200978,1,3,0.9,0.180127,0.0253205,0.294754,1,0,,0,0,0,0,0,0,0,0,103808,104555,0,232,0
201078,1,0,0.63,0.270102,0.0497986,0.281829,1,0,,0,0,0,0,0,0,0,0,103808,104555,0,232,0
201178,1,0,0.441,0.304281,0.0752469,0.282527,1,0,,0,0,0,0,0,0,0,0,103808,104555,0,232,0
201278,1,0,0.3087,0.305165,0.0982387,0.263015,1,0,,0,0,0,0,0,0,0,0,103808,104555,0,232,0
201378,1,0,0.21609,0.28735,0.11715,0.325541,1,0,,0,0,0,0,0,0,0,0,103808,104555,0,232,0
201478,1,0,0.151263,0.260133,0.131448,0.280104,1,0,,0,0,0,0,0,0,0,0,103808,104555,0,232,0
201578,1,0,0.105884,0.229283,0.141232,0.284491,1,0,,0,0,0,0,0,0,0,0,103808,104555,0,232,0
201678,1,0,0.0741189,0.19825,0.146933,0.29515,1,0,,0,0,0,0,0,0,0,0,103808,104555,0,232,0
201778,1,0,0.0518832,0.168977,0.149138,0.303138,1,0,,0,0,0,0,0,0,0,0,103808,104555,0,232,0
201878,1,0,0.0363183,0.142445,0.148469,0.271639,1,0,,0,0,0,0,0,0,0,0,103808,104555,0,232,0
201978,1,0,0.0254228,0.119041,0.145526,0.278364,1,0,,0,0,0,0,0,0,0,0,103808,104555,0,232,0
202078,1,0,0.0177959,0.0987917,0.140852,0.271052,1,0,,0,0,0,0,0,0,0,0,103808,104555,0,232,0
202178,1,0,0.0124572,0.0815248,0.13492,0.284077,1,0,,0,0,0,0,0,0,0,0,103808,104555,0,232,0
202278,1,0,0.00872001,0.0669638,0.128124,0.243389,1,0,,0,0,0,0,0,0,0,0,103808,104555,0,232,0
202378,1,0,0.00610401,0.0547919,0.120791,0.269463,1,0,,0,0,0,0,0,0,0,0,103808,104555,0,232,0
202478,1,0,0.00427281,0.0446881,0.113181,0.302538,1,0,,0,0,0,0,0,0,0,0,103808,104555,0,232,0
202578,1,0,0.00299096,0.0363486,0.105497,0.269273,1,0,,0,0,0,0,0,0,0,0,103808,104555,0,232,0
202678,1,0,0.00209368,0.0294977,0.0978974,0.276336,1,0,,0,0,0,0,0,0,0,0,103808,104555,0,232,0
202778,1,0,0.00146557,0.0238912,0.0904967,0.299361,1,0,,0,0,0,0,0,0,0,0,103808,104555,0,232,0
202878,1,0,0.0010259,0.0193182,0.0833789,0.28291,1,0,,0,0,0,0,0,0,0,0,103808,104555,0,232,0
202978,1,0,0.00071813,0.0155982,0.0766008,0.271473,1,0,,0,0,0,0,0,0,0,0,103808,104555,0,232,0
203078,1,0,0.000502691,0.0125791,0.0701986,0.30035,1,0,,0,0,0,0,0,0,0,0,103808,104555,0,232,0
203178,1,0,0.000351884,0.0101336,0.0641921,0.320399,1,0,,0,0,0,0,0,0,0,0,103808,104555,0,232,0
203278,1,0,0.000246319,0.00815617,0.0585885,0.285113,1,0,,0,0,0,0,0,0,0,0,103808,104555,0,232,0
203378,1,0,0.000172423,0.00655942,0.0533856,0.282527,1,0,,0,0,0,0,0,0,0,0,103808,104555,0,232,0
203478,1,0,0.000120696,0.00527168,0.0485742,0.292641,1,0,,0,0,0,0,0,0,0,0,103808,104555,0,232,0
203578,1,0,8.44873e-005,0.00423424,0.0441402,0.276165,1,0,,0,0,0,0,0,0,0,0,103808,104555,0,232,0
203678,1,0,5.91411e-005,0.00339922,0.0400661,0.290927,1,0,,0,0,0,0,0,0,0,0,103808,104555,0,232,0
203778,1,0,4.13988e-005,0.00272765,0.0363323,0.295515,1,0,,0,0,0,0,0,0,0,0,103808,104555,0,232,0
203878,1,0,2.89791e-005,0.00218792,0.0329178,0.276705,1,0,,0,0,0,0,0,0,0,0,103808,104555,0,232,0
203978,1,0,2.02854e-005,0.00175439,0.0298015,0.29533,1,0,,0,0,0,0,0,0,0,0,103808,104555,0,232,0
204078,1,0,1.41998e-005,0.00140635,0.026962,0.303641,1,0,,0,0,0,0,0,0,0,0,103808,104555,0,232,0
204178,1,0,9.93985e-006,0.00112707,0.0243785,0.287177,1,0,,0,0,0,0,0,0,0,0,103808,104555,0,232,0
204278,1,0,6.95789e-006,0.000903049,0.0220309,0.2823,1,0,,0,0,0,0,0,0,0,0,103808,104555,0,232,0
204378,1,0,4.87052e-006,0.000723413,0.0199002,0.258661,1,0,,0,0,0,0,0,0,0,0,103808,104555,0,232,0
204478,1,0,3.40937e-006,0.000579412,0.0179681,0.360174,1,0,,0,0,0,0,0,0,0,0,103808,104555,0,232,0
204578,1,0,2.38656e-006,0.000464007,0.0162177,0.284827,1,0,,0,0,0,0,0,0,0,0,103808,104555,0,232,0
204678,1,0,1.67059e-006,0.00037154,0.0146331,0.275204,1,0,,0,0,0,0,0,0,0,0,103808,104555,0,232,0
204778,1,0,1.16941e-006,0.000297466,0.0131995,0.269091,1,0,,0,0,0,0,0,0,0,0,103808,104555,0,232,0
204878,1,4,1.2,0.240238,0.0359034,0.26491,1,0,,0,0,0,0,0,0,0,0,103808,104555,0,232,0
204978,1,0,0.840001,0.360191,0.0683321,0.276008,1,0,,0,0,0,0,0,0,0,0,103808,104555,0,232,0
205078,1,0,0.588,0.405753,0.102074,0.273659,1,0,,0,0,0,0,0,0,0,0,103808,104555,0,232,0
205178,1,0,0.4116,0.406922,0.132559,0.262257,1,0,,0,0,0,0,0,0,0,0,103808,104555,0,232,0
205278,1,0,0.28812,0.383162,0.157619,0.250209,1,0,,0,0,0,0,0,0,0,0,103808,104555,0,232,0
205378,1,0,0.201684,0.346866,0.176544,0.316671,1,0,,0,0,0,0,0,0,0,0,103808,104555,0,232,0
205478,1,0,0.141179,0.305729,0.189462,0.274884,1,0,,0,0,0,0,0,0,0,0,103808,104555,0,232,0
205578,1,0,0.0988252,0.264348,0.196951,0.261559,1,0,,0,0,0,0,0,0,0,0,103808,104555,0,232,0
205678,1,0,0.0691777,0.225314,0.199787,0.260236,1,0,,0,0,0,0,0,0,0,0,103808,104555,0,232,0
205778,1,0,0.0484244,0.189936,0.198802,0.268497,1,0,,0,0,0,0,0,0,0,0,103808,104555,0,232,0
205878,1,0,0.033897,0.158728,0.194795,0.364247,1,0,,0,0,0,0,0,0,0,0,103808,104555,0,232,0
205978,1,0,0.0237279,0.131728,0.188488,0.263873,1,0,,0,0,0,0,0,0,0,0,103808,104555,0,232,0
206078,1,0,0.0166096,0.108704,0.18051,0.279086,1,0,,0,0,0,0,0,0,0,0,103808,104555,0,232,0
206178,1,0,0.0116267,0.0892889,0.171388,0.262272,1,0,,0,0,0,0,0,0,0,0,103808,104555,0,232,0
206278,1,0,0.00813868,0.0730589,0.161555,0.279136,1,0,,0,0,0,0,0,0,0,0,103808,104555,0,232,0
206378,1,0,0.00569708,0.0595865,0.151358,0.275985,1,0,,0,0,0,0,0,0,0,0,103808,104555,0,232,0
206478,1,0,0.00398795,0.0484668,0.141069,0.281461,1,0,,0,0,0,0,0,0,0,0,103808,104555,0,232,0
206578,1,0,0.00279157,0.0393318,0.130895,0.292934,1,0,,0,0,0,0,0,0,0,0,103808,104555,0,232,0
206678,1,0,0.0019541,0.0318562,0.120991,0.249121,1,0,,0,0,0,0,0,0,0,0,103808,104555,0,232,0
206778,1,0,0.00136787,0.0257586,0.111468,0.305961,1,0,,0,0,0,0,0,0,0,0,103808,104555,0,232,0
206878,1,0,0.000957508,0.0207983,0.102401,0.315275,1,0,,0,0,0,0,0,0,0,0,103808,104555,0,232,0
206978,1,0,0.000670255,0.0167727,0.0938382,0.274988,1,0,,0,0,0,0,0,0,0,0,103808,104555,0,232,0
207078,1,0,0.000469179,0.013512,0.0858055,0.247376,1,0,,0,0,0,0,0,0,0,0,103808,104555,0,232,0
207178,1,0,0.000328425,0.0108753,0.0783125,0.22785,1,0,,0,0,0,0,0,0,0,0,103808,104555,0,232,0
207278,1,0,0.000229898,0.00874622,0.0713559,0.262012,1,0,,0,0,0,0,0,0,0,0,103808,104555,0,232,0
207378,1,0,0.000160928,0.00702916,0.0649232,0.265912,1,0,,0,0,0,0,0,0,0,0,103808,104555,0,232,0
207478,1,0,0.00011265,0.00564586,0.0589955,0.275275,1,0,,0,0,0,0,0,0,0,0,103808,104555,0,232,0
207578,1,0,7.88549e-005,0.00453246,0.0535492,0.267551,1,0,,0,0,0,0,0,0,0,0,103808,104555,0,232,0
207678,1,0,5.51984e-005,0.00363701,0.0485579,0.259562,1,0,,0,0,0,0,0,0,0,0,103808,104555,0,232,0
207778,1,0,3.86389e-005,0.00291733,0.0439939,0.273424,1,0,,0,0,0,0,0,0,0,0,103808,104555,0,232,0
207878,1,0,2.70472e-005,0.00233928,0.0398284,0.262824,1,0,,0,0,0,0,0,0,0,0,103808,104555,0,232,0
207978,1,0,1.89331e-005,0.00187521,0.0360331,0.256013,1,0,,0,0,0,0,0,0,0,0,103808,104555,0,232,0
208078,1,0,1.32531e-005,0.00150282,0.0325801,0.284663,1,0,,0,0,0,0,0,0,0,0,103808,104555,0,232,0
208178,1,0,9.2772e-006,0.00120411,0.0294425,0.30425,1,0,,0,0,0,0,0,0,0,0,103808,104555,0,232,0
208278,1,0,6.49404e-006,0.000964586,0.0265947,0.255825,1,0,,0,0,0,0,0,0,0,0,103808,104555,0,232,0
208378,1,0,4.54583e-006,0.000772578,0.0240125,0.261075,1,0,,0,0,0,0,0,0,0,0,103808,104555,0,232,0
208478,1,0,3.18208e-006,0.000618699,0.0216731,0.294926,1,0,,0,0,0,0,0,0,0,0,103808,104555,0,232,0
208578,1,0,2.22745e-006,0.000495404,0.0195553,0.285537,1,0,,0,0,0,0,0,0,0,0,103808,104555,0,232,0
208678,1,0,1.55922e-006,0.000396635,0.0176395,0.26844,1,0,,0,0,0,0,0,0,0,0,103808,104555,0,232,0
208778,1,3,0.900001,0.180318,0.0339073,0.272664,1,0,,0,0,0,0,0,0,0,0,103808,104555,0,232,0
208878,1,0,0.630001,0.270254,0.057542,0.286463,1,0,,0,0,0,0,0,0,0,0,103808,104555,0,232,0
208978,1,0,0.441001,0.304403,0.0822281,0.273226,1,0,,0,0,0,0,0,0,0,0,103808,104555,0,232,0
209078,1,0,0.3087,0.305263,0.104532,0.259601,1,0,,0,0,0,0,0,0,0,0,103808,104555,0,232,0
209178,1,0,0.21609,0.287428,0.122821,0.281301,1,0,,0,0,0,0,0,0,0,0,103808,104555,0,232,0
209278,1,0,0.151263,0.260195,0.136559,0.2709,1,0,,0,0,0,0,0,0,0,0,103808,104555,0,232,0
209378,1,0,0.105884,0.229333,0.145836,0.284762,1,0,,0,0,0,0,0,0,0,0,103808,104555,0,232,0
209478,1,0,0.074119,0.19829,0.151082,0.2941,1,0,,0,0,0,0,0,0,0,0,103808,104555,0,232,0
209578,1,0,0.0518833,0.169009,0.152874,0.274315,1,0,,0,0,0,0,0,0,0,0,103808,104555,0,232,0
209678,1,0,0.0363183,0.142471,0.151834,0.325763,1,0,,0,0,0,0,0,0,0,0,103808,104555,0,232,0
209778,1,0,0.0254228,0.119061,0.148557,0.269152,1,0,,0,0,0,0,0,0,0,0,103808,104555,0,232,0
209878,1,0,0.017796,0.0988081,0.143582,0.289414,1,0,,0,0,0,0,0,0,0,0,103808,104555,0,232,0
209978,1,0,0.0124572,0.0815379,0.137377,0.293789,1,0,,0,0,0,0,0,0,0,0,103808,104555,0,232,0
210078,1,0,0.00872002,0.0669744,0.130337,0.280314,1,0,,0,0,0,0,0,0,0,0,103808,104555,0,232,0
210178,1,0,0.00610401,0.0548003,0.122783,0.282825,1,0,,0,0,0,0,0,0,0,0,103808,104555,0,232,0
210278,1,0,0.00427281,0.0446948,0.114975,0.268602,1,0,,0,0,0,0,0,0,0,0,103808,104555,0,232,0
210378,1,0,0.00299097,0.036354,0.107112,0.299851,1,0,,0,0,0,0,0,0,0,0,103808,104555,0,232,0
210478,1,0,0.00209368,0.029502,0.0993514,0.278666,1,0,,0,0,0,0,0,0,0,0,103808,104555,0,232,0
210578,1,0,0.00146557,0.0238947,0.0918057,0.274867,1,0,,0,0,0,0,0,0,0,0,103808,104555,0,232,0
210678,1,0,0.0010259,0.0193209,0.0845573,0.269367,1,0,,0,0,0,0,0,0,0,0,103808,104555,0,232,0
210778,1,0,0.000718131,0.0156004,0.0776616,0.283942,1,0,,0,0,0,0,0,0,0,0,103808,104555,0,232,0
210878,1,0,0.000502692,0.0125808,0.0711535,0.271028,1,0,,0,0,0,0,0,0,0,0,103808,104555,0,232,0
210978,1,0,0.000351884,0.010135,0.0650516,0.271542,1,0,,0,0,0,0,0,0,0,0,103808,104555,0,232,0
211078,1,0,0.000246319,0.0081573,0.0593622,0.309253,1,0,,0,0,0,0,0,0,0,0,103808,104555,0,232,0
211178,1,0,0.000172423,0.00656032,0.054082,0.289515,1,0,,0,0,0,0,0,0,0,0,103808,104555,0,232,0
211278,1,0,0.000120696,0.0052724,0.0492011,0.273839,1,0,,0,0,0,0,0,0,0,0,103808,104555,0,232,0
211378,1,0,8.44874e-005,0.00423482,0.0447044,0.254302,1,0,,0,0,0,0,0,0,0,0,103808,104555,0,232,0
211478,1,0,5.91412e-005,0.00339968,0.040574,0.284415,1,0,,0,0,0,0,0,0,0,0,103808,104555,0,232,0
211578,1,0,4.13988e-005,0.00272803,0.0367894,0.278589,1,0,,0,0,0,0,0,0,0,0,103808,104555,0,232,0
211678,1,0,2.89792e-005,0.00218822,0.0333292,0.263589,1,0,,0,0,0,0,0,0,0,0,103808,104555,0,232,0
211778,1,0,2.02854e-005,0.00175463,0.0301718,0.289413,1,0,,0,0,0,0,0,0,0,0,103808,104555,0,232,0
211878,1,0,1.41998e-005,0.00140654,0.0272953,0.28605,1,0,,0,0,0,0,0,0,0,0,103808,104555,0,232,0
211978,1,0,9.93986e-006,0.00112722,0.0246785,0.266897,1,0,,0,0,0,0,0,0,0,0,103808,104555,0,232,0
212078,1,0,6.9579e-006,0.00090317,0.0223009,0.272246,1,0,,0,0,0,0,0,0,0,0,103808,104555,0,232,0
212178,1,0,4.87053e-006,0.00072351,0.0201432,0.292736,1,0,,0,0,0,0,0,0,0,0,103808,104555,0,232,0
212278,1,0,3.40937e-006,0.00057949,0.0181868,0.290284,1,0,,0,0,0,0,0,0,0,0,103808,104555,0,232,0
212378,1,0,2.38656e-006,0.000464069,0.0164145,0.292072,1,0,,0,0,0,0,0,0,0,0,103808,104555,0,232,0
212478,1,0,1.67059e-006,0.00037159,0.0148102,0.291633,1,0,,0,0,0,0,0,0,0,0,103808,104555,0,232,0
212578,1,0,1.16941e-006,0.000297506,0.013359,0.262159,1,0,,0,0,0,0,0,0,0,0,103808,104555,0,232,0
212678,1,0,8.1859e-007,0.000238168,0.0120469,0.272148,1,0,,0,0,0,0,0,0,0,0,103808,104555,0,232,0
212778,1,3,0.900001,0.180191,0.0288613,0.301788,1,0,,0,0,0,0,0,0,0,0,103808,104555,0,232,0
212878,1,0,0.63,0.270153,0.0529904,0.269989,1,0,,0,0,0,0,0,0,0,0,103808,104555,0,232,0
212978,1,0,0.441,0.304322,0.0781236,0.285414,1,0,,0,0,0,0,0,0,0,0,103808,104555,0,232,0
213078,1,0,0.3087,0.305198,0.100831,0.243402,1,0,,0,0,0,0,0,0,0,0,103808,104555,0,232,0
213178,1,0,0.21609,0.287376,0.119486,0.261152,1,0,,0,0,0,0,0,0,0,0,103808,104555,0,232,0
213278,1,0,0.151263,0.260154,0.133552,0.252452,1,0,,0,0,0,0,0,0,0,0,103808,104555,0,232,0
213378,1,0,0.105884,0.2293,0.143127,0.273488,1,0,,0,0,0,0,0,0,0,0,103808,104555,0,232,0
213478,1,0,0.0741189,0.198264,0.148641,0.249835,1,0,,0,0,0,0,0,0,0,0,103808,104555,0,232,0
213578,1,0,0.0518832,0.168987,0.150675,0.261212,1,0,,0,0,0,0,0,0,0,0,103808,104555,0,232,0
213678,1,0,0.0363183,0.142454,0.149853,0.312899,1,0,,0,0,0,0,0,0,0,0,103808,104555,0,232,0
213778,1,0,0.0254228,0.119047,0.146773,0.2541,1,0,,0,0,0,0,0,0,0,0,103808,104555,0,232,0
213878,1,0,0.017796,0.0987972,0.141975,0.276861,1,0,,0,0,0,0,0,0,0,0,103808,104555,0,232,0
213978,1,0,0.0124572,0.0815292,0.13593,0.30935,1,0,,0,0,0,0,0,0,0,0,103808,104555,0,232,0
214078,1,0,0.00872002,0.0669673,0.129034,0.273874,1,0,,0,0,0,0,0,0,0,0,103808,104555,0,232,0
214178,1,0,0.00610401,0.0547947,0.12161,0.267099,1,0,,0,0,0,0,0,0,0,0,103808,104555,0,232,0
214278,1,0,0.00427281,0.0446903,0.113918,0.274773,1,0,,0,0,0,0,0,0,0,0,103808,104555,0,232,0
214378,1,0,0.00299097,0.0363504,0.106161,0.288823,1,0,,0,0,0,0,0,0,0,0,103808,104555,0,232,0
214478,1,0,0.00209368,0.0294991,0.0984952,0.280174,1,0,,0,0,0,0,0,0,0,0,103808,104555,0,232,0
214578,1,0,0.00146557,0.0238924,0.0910349,0.291085,1,0,,0,0,0,0,0,0,0,0,103808,104555,0,232,0
214678,1,0,0.0010259,0.0193191,0.0838633,0.289373,1,0,,0,0,0,0,0,0,0,0,103808,104555,0,232,0
214778,1,0,0.000718131,0.0155989,0.0770369,0.240048,1,0,,0,0,0,0,0,0,0,0,103808,104555,0,232,0
214878,1,0,0.000502691,0.0125797,0.0705911,0.278762,1,0,,0,0,0,0,0,0,0,0,103808,104555,0,232,0
214978,1,0,0.000351884,0.0101341,0.0645454,0.289023,1,0,,0,0,0,0,0,0,0,0,103808,104555,0,232,0
215078,1,0,0.000246319,0.00815655,0.0589065,0.267111,1,0,,0,0,0,0,0,0,0,0,103808,104555,0,232,0
215178,1,0,0.000172423,0.00655972,0.0536719,0.256822,1,0,,0,0,0,0,0,0,0,0,103808,104555,0,232,0
215278,1,0,0.000120696,0.00527192,0.0488319,0.283059,1,0,,0,0,0,0,0,0,0,0,103808,104555,0,232,0
215378,1,0,8.44874e-005,0.00423443,0.0443721,0.268432,1,0,,0,0,0,0,0,0,0,0,103808,104555,0,232,0
215478,1,0,5.91411e-005,0.00339937,0.0402748,0.298509,1,0,,0,0,0,0,0,0,0,0,103808,104555,0,232,0
215578,1,0,4.13988e-005,0.00272778,0.0365201,0.278509,1,0,,0,0,0,0,0,0,0,0,103808,104555,0,232,0
215678,1,0,2.89792e-005,0.00218802,0.0330869,0.273695,1,0,,0,0,0,0,0,0,0,0,103808,104555,0,232,0
215778,1,0,2.02854e-005,0.00175447,0.0299537,0.299919,1,0,,0,0,0,0,0,0,0,0,103808,104555,0,232,0
215878,1,0,1.41998e-005,0.00140642,0.027099,0.286493,1,0,,0,0,0,0,0,0,0,0,103808,104555,0,232,0
215978,1,0,9.93985e-006,0.00112712,0.0245018,0.267606,1,0,,0,0,0,0,0,0,0,0,103808,104555,0,232,0
216078,1,0,6.9579e-006,0.000903089,0.0221419,0.273031,1,0,,0,0,0,0,0,0,0,0,103808,104555,0,232,0
216178,1,0,4.87053e-006,0.000723445,0.0200001,0.284469,1,0,,0,0,0,0,0,0,0,0,103808,104555,0,232,0
216278,1,0,3.40937e-006,0.000579438,0.018058,0.287407,1,0,,0,0,0,0,0,0,0,0,103808,104555,0,232,0
216378,1,0,2.38656e-006,0.000464028,0.0162986,0.295318,1,0,,0,0,0,0,0,0,0,0,103808,104555,0,232,0
216478,1,0,1.67059e-006,0.000371556,0.0147059,0.290456,1,0,,0,0,0,0,0,0,0,0,103808,104555,0,232,0
216578,1,0,1.16941e-006,0.000297479,0.0132651,0.245471,1,0,,0,0,0,0,0,0,0,0,103808,104555,0,232,0
216678,1,4,1.2,0.240238,0.0359624,0.276956,1,0,,0,0,0,0,0,0,0,0,103808,104555,0,232,0
216778,1,0,0.840001,0.360191,0.0683852,0.300456,1,0,,0,0,0,0,0,0,0,0,103808,104555,0,232,0
216878,1,0,0.588,0.405753,0.102122,0.293492,1,0,,0,0,0,0,0,0,0,0,103808,104555,0,232,0
216978,1,0,0.4116,0.406922,0.132602,0.261667,1,0,,0,0,0,0,0,0,0,0,103808,104555,0,232,0
217078,1,0,0.28812,0.383162,0.157658,0.267517,1,0,,0,0,0,0,0,0,0,0,103808,104555,0,232,0
217178,1,0,0.201684,0.346866,0.176579,0.282041,1,0,,0,0,0,0,0,0,0,0,103808,104555,0,232,0
217278,1,0,0.141179,0.305729,0.189494,0.264067,1,0,,0,0,0,0,0,0,0,0,103808,104555,0,232,0
217378,1,0,0.0988252,0.264348,0.196979,0.279403,1,0,,0,0,0,0,0,0,0,0,103808,104555,0,232,0
217478,1,0,0.0691777,0.225314,0.199813,0.287141,1,0,,0,0,0,0,0,0,0,0,103808,104555,0,232,0
217578,1,0,0.0484244,0.189936,0.198825,0.275718,1,0,,0,0,0,0,0,0,0,0,103808,104555,0,232,0
217678,1,0,0.033897,0.158728,0.194815,0.281155,1,0,,0,0,0,0,0,0,0,0,103808,104555,0,232,0
217778,1,0,0.0237279,0.131728,0.188507,0.298954,1,0,,0,0,0,0,0,0,0,0,103808,104555,0,232,0
217878,1,0,0.0166096,0.108704,0.180526,0.272068,1,0,,0,0,0,0,0,0,0,0,103808,104555,0,232,0
217978,1,0,0.0116267,0.0892889,0.171403,0.290481,1,0,,0,0,0,0,0,0,0,0,103808,104555,0,232,0
218078,1,0,0.00813868,0.0730589,0.161568,0.317967,1,0,,0,0,0,0,0,0,0,0,103808,104555,0,232,0
218178,1,0,0.00569708,0.0595865,0.15137,0.284854,1,0,,0,0,0,0,0,0,0,0,103808,104555,0,232,0
218278,1,0,0.00398795,0.0484668,0.14108,0.283931,1,0,,0,0,0,0,0,0,0,0,103808,104555,0,232,0
218378,1,0,0.00279157,0.0393318,0.130905,0.276517,1,0,,0,0,0,0,0,0,0,0,103808,104555,0,232,0
218478,1,0,0.0019541,0.0318562,0.121,0.267667,1,0,,0,0,0,0,0,0,0,0,103808,104555,0,232,0
218578,1,0,0.00136787,0.0257586,0.111476,0.29913,1,0,,0,0,0,0,0,0,0,0,103808,104555,0,232,0
218678,1,0,0.000957508,0.0207983,0.102408,0.26528,1,0,,0,0,0,0,0,0,0,0,103808,104555,0,232,0
218778,1,0,0.000670255,0.0167727,0.0938446,0.275266,1,0,,0,0,0,0,0,0,0,0,103808,104555,0,232,0
218878,1,0,0.000469179,0.013512,0.0858114,0.27183,1,0,,0,0,0,0,0,0,0,0,103808,104555,0,232,0
218978,1,0,0.000328425,0.0108753,0.0783177,0.284443,1,0,,0,0,0,0,0,0,0,0,103808,104555,0,232,0
219078,1,0,0.000229898,0.00874622,0.0713606,0.268417,1,0,,0,0,0,0,0,0,0,0,103808,104555,0,232,0
219178,1,0,0.000160928,0.00702916,0.0649275,0.288979,1,0,,0,0,0,0,0,0,0,0,103808,104555,0,232,0
219278,1,0,0.00011265,0.00564586,0.0589993,0.271743,1,0,,0,0,0,0,0,0,0,0,103808,104555,0,232,0
219378,1,0,7.88549e-005,0.00453246,0.0535526,0.275591,1,0,,0,0,0,0,0,0,0,0,103808,104555,0,232,0
219478,1,0,5.51984e-005,0.00363701,0.048561,0.268928,1,0,,0,0,0,0,0,0,0,0,103808,104555,0,232,0
219578,1,0,3.86389e-005,0.00291733,0.0439967,0.295427,1,0,,0,0,0,0,0,0,0,0,103808,104555,0,232,0
219678,1,0,2.70472e-005,0.00233928,0.0398309,0.328188,1,0,,0,0,0,0,0,0,0,0,103808,104555,0,232,0
219778,1,0,1.89331e-005,0.00187521,0.0360354,0.291187,1,0,,0,0,0,0,0,0,0,0,103808,104555,0,232,0
219878,1,0,1.32531e-005,0.00150282,0.0325821,0.29245,1,0,,0,0,0,0,0,0,0,0,103808,104555,0,232,0
219978,1,0,9.2772e-006,0.00120411,0.0294443,0.274902,1,0,,0,0,0,0,0,0,0,0,103808,104555,0,232,0
220078,1,0,6.49404e-006,0.000964586,0.0265963,0.267278,1,0,,0,0,0,0,0,0,0,0,103808,104555,0,232,0
220178,1,0,4.54583e-006,0.000772578,0.024014,0.300293,1,0,,0,0,0,0,0,0,0,0,103808,104555,0,232,0
220278,1,0,3.18208e-006,0.000618699,0.0216744,0.290244,1,0,,0,0,0,0,0,0,0,0,103808,104555,0,232,0
220378,1,0,2.22745e-006,0.000495404,0.0195565,0.260093,1,0,,0,0,0,0,0,0,0,0,103808,104555,0,232,0
220478,1,0,1.55922e-006,0.000396635,0.0176405,0.290594,1,0,,0,0,0,0,0,0,0,0,103808,104555,0,232,0
220578,1,3,0.900001,0.180318,0.0339082,0.29392,1,0,,0,0,0,0,0,0,0,0,103808,104555,0,232,0
220678,1,0,0.630001,0.270254,0.0575428,0.267405,1,0,,0,0,0,0,0,0,0,0,103808,104555,0,232,0
220778,1,0,0.441001,0.304403,0.0822289,0.261729,1,0,,0,0,0,0,0,0,0,0,103808,104555,0,232,0
220878,1,0,0.3087,0.305263,0.104532,0.270128,1,0,,0,0,0,0,0,0,0,0,103808,104555,0,232,0
220978,1,0,0.21609,0.287428,0.122822,0.271754,1,0,,0,0,0,0,0,0,0,0,103808,104555,0,232,0
221078,1,0,0.151263,0.260195,0.136559,0.292855,1,0,,0,0,0,0,0,0,0,0,103808,104555,0,232,0
221178,1,0,0.105884,0.229333,0.145837,0.285342,1,0,,0,0,0,0,0,0,0,0,103808,104555,0,232,0
221278,1,0,0.074119,0.19829,0.151082,0.276079,1,0,,0,0,0,0,0,0,0,0,103808,104555,0,232,0
221378,1,0,0.0518833,0.169009,0.152875,0.310467,1,0,,0,0,0,0,0,0,0,0,103808,104555,0,232,0
221478,1,0,0.0363183,0.142471,0.151834,0.269292,1,0,,0,0,0,0,0,0,0,0,103808,104555,0,232,0
221578,1,0,0.0254228,0.119061,0.148557,0.289244,1,0,,0,0,0,0,0,0,0,0,103808,104555,0,232,0
221678,1,0,0.017796,0.0988081,0.143582,0.275544,1,0,,0,0,0,0,0,0,0,0,103808,104555,0,232,0
221778,1,0,0.0124572,0.0815379,0.137378,0.269934,1,0,,0,0,0,0,0,0,0,0,103808,104555,0,232,0
221878,1,0,0.00872002,0.0669744,0.130337,0.303109,1,0,,0,0,0,0,0,0,0,0,103808,104555,0,232,0
221978,1,0,0.00610401,0.0548003,0.122784,0.280922,1,0,,0,0,0,0,0,0,0,0,103808,104555,0,232,0
222078,1,0,0.00427281,0.0446948,0.114975,0.256745,1,0,,0,0,0,0,0,0,0,0,103808,104555,0,232,0
222178,1,0,0.00299097,0.036354,0.107113,0.283443,1,0,,0,0,0,0,0,0,0,0,103808,104555,0,232,0
222278,1,0,0.00209368,0.029502,0.0993516,0.274119,1,0,,0,0,0,0,0,0,0,0,103808,104555,0,232,0
222378,1,0,0.00146557,0.0238947,0.0918059,0.267668,1,0,,0,0,0,0,0,0,0,0,103808,104555,0,232,0
222478,1,0,0.0010259,0.0193209,0.0845574,0.302004,1,0,,0,0,0,0,0,0,0,0,103808,104555,0,232,0
222578,1,0,0.000718131,0.0156004,0.0776617,0.261904,1,0,,0,0,0,0,0,0,0,0,103808,104555,0,232,0
222678,1,0,0.000502692,0.0125808,0.0711536,0.337076,1,0,,0,0,0,0,0,0,0,0,103808,104555,0,232,0
222778,1,0,0.000351884,0.010135,0.0650517,0.27365,1,0,,0,0,0,0,0,0,0,0,103808,104555,0,232,0
222878,1,0,0.000246319,0.0081573,0.0593623,0.307388,1,0,,0,0,0,0,0,0,0,0,103808,104555,0,232,0
222978,1,0,0.000172423,0.00656032,0.0540821,0.283962,1,0,,0,0,0,0,0,0,0,0,103808,104555,0,232,0
223078,1,0,0.000120696,0.0052724,0.0492011,0.300051,1,0,,0,0,0,0,0,0,0,0,103808,104555,0,232,0
223178,1,0,8.44874e-005,0.00423482,0.0447045,0.289938,1,0,,0,0,0,0,0,0,0,0,103808,104555,0,232,0
223278,1,0,5.91412e-005,0.00339968,0.040574,0.259415,1,0,,0,0,0,0,0,0,0,0,103808,104555,0,232,0
223378,1,0,4.13988e-005,0.00272803,0.0367894,0.299001,1,0,,0,0,0,0,0,0,0,0,103808,104555,0,232,0
223478,1,0,2.89792e-005,0.00218822,0.0333293,0.26119,1,0,,0,0,0,0,0,0,0,0,103808,104555,0,232,0
223578,1,0,2.02854e-005,0.00175463,0.0301718,0.291466,1,0,,0,0,0,0,0,0,0,0,103808,104555,0,232,0
223678,1,0,1.41998e-005,0.00140654,0.0272953,0.269914,1,0,,0,0,0,0,0,0,0,0,103808,104555,0,232,0
223778,1,0,9.93986e-006,0.00112722,0.0246785,0.277752,1,0,,0,0,0,0,0,0,0,0,103808,104555,0,232,0
223878,1,0,6.9579e-006,0.00090317,0.022301,0.288115,1,0,,0,0,0,0,0,0,0,0,103808,104555,0,232,0
223978,1,0,4.87053e-006,0.00072351,0.0201432,0.289475,1,0,,0,0,0,0,0,0,0,0,103808,104555,0,232,0
224078,1,0,3.40937e-006,0.00057949,0.0181868,0.285113,1,0,,0,0,0,0,0,0,0,0,103808,104555,0,232,0
224178,1,0,2.38656e-006,0.000464069,0.0164146,0.281962,1,0,,0,0,0,0,0,0,0,0,103808,104555,0,232,0
224278,1,0,1.67059e-006,0.00037159,0.0148103,0.29461,1,0,,0,0,0,0,0,0,0,0,103808,104555,0,232,0
224378,1,0,1.16941e-006,0.000297506,0.013359,0.319535,1,0,,0,0,0,0,0,0,0,0,103808,104555,0,232,0
224478,1,0,8.1859e-007,0.000238168,0.0120469,0.322811,1,0,,0,0,0,0,0,0,0,0,103808,104555,0,232,0
224578,1,4,1.2,0.240191,0.0348613,0.312007,1,0,,0,0,0,0,0,0,0,0,103808,104555,0,232,0
224678,1,0,0.84,0.360153,0.0673904,0.284458,1,0,,0,0,0,0,0,0,0,0,103808,104555,0,232,0
224778,1,0,0.588,0.405722,0.101224,0.273032,1,0,,0,0,0,0,0,0,0,0,103808,104555,0,232,0
224878,1,0,0.4116,0.406898,0.131791,0.277992,1,0,,0,0,0,0,0,0,0,0,103808,104555,0,232,0
224978,1,0,0.28812,0.383142,0.156926,0.273716,1,0,,0,0,0,0,0,0,0,0,103808,104555,0,232,0
225078,1,0,0.201684,0.346851,0.175919,0.287105,1,0,,0,0,0,0,0,0,0,0,103808,104555,0,232,0
225178,1,0,0.141179,0.305716,0.188898,0.281119,1,0,,0,0,0,0,0,0,0,0,103808,104555,0,232,0
225278,1,0,0.0988252,0.264338,0.196442,0.267293,1,0,,0,0,0,0,0,0,0,0,103808,104555,0,232,0
225378,1,0,0.0691776,0.225306,0.199329,0.278806,1,0,,0,0,0,0,0,0,0,0,103808,104555,0,232,0
225478,1,0,0.0484243,0.18993,0.198389,0.262729,1,0,,0,0,0,0,0,0,0,0,103808,104555,0,232,0
225578,1,0,0.033897,0.158723,0.194422,0.268903,1,0,,0,0,0,0,0,0,0,0,103808,104555,0,232,0
225678,1,0,0.0237279,0.131724,0.188152,0.309816,1,0,,0,0,0,0,0,0,0,0,103808,104555,0,232,0
225778,1,0,0.0166095,0.108701,0.180207,0.282728,1,0,,0,0,0,0,0,0,0,0,103808,104555,0,232,0
225878,1,0,0.0116267,0.0892863,0.171115,0.321179,1,0,,0,0,0,0,0,0,0,0,103808,104555,0,232,0
225978,1,0,0.00813868,0.0730568,0.161309,0.272153,1,0,,0,0,0,0,0,0,0,0,103808,104555,0,232,0
226078,1,0,0.00569708,0.0595848,0.151137,0.302428,1,0,,0,0,0,0,0,0,0,0,103808,104555,0,232,0
226178,1,0,0.00398795,0.0484655,0.14087,0.314291,1,0,,0,0,0,0,0,0,0,0,103808,104555,0,232,0
226278,1,0,0.00279157,0.0393307,0.130716,0.300556,1,0,,0,0,0,0,0,0,0,0,103808,104555,0,232,0
226378,1,0,0.0019541,0.0318554,0.12083,0.271568,1,0,,0,0,0,0,0,0,0,0,103808,104555,0,232,0
226478,1,0,0.00136787,0.0257579,0.111323,0.276142,1,0,,0,0,0,0,0,0,0,0,103808,104555,0,232,0
226578,1,0,0.000957507,0.0207978,0.10227,0.265881,1,0,,0,0,0,0,0,0,0,0,103808,104555,0,232,0
226678,1,0,0.000670255,0.0167723,0.0937203,0.314833,1,0,,0,0,0,0,0,0,0,0,103808,104555,0,232,0
226778,1,0,0.000469179,0.0135117,0.0856994,0.281021,1,0,,0,0,0,0,0,0,0,0,103808,104555,0,232,0
226878,1,0,0.000328425,0.010875,0.078217,0.298195,1,0,,0,0,0,0,0,0,0,0,103808,104555,0,232,0
226978,1,0,0.000229898,0.008746,0.0712699,0.2763,1,0,,0,0,0,0,0,0,0,0,103808,104555,0,232,0
227078,1,0,0.000160928,0.00702898,0.0648458,0.277264,1,0,,0,0,0,0,0,0,0,0,103808,104555,0,232,0
227178,1,0,0.00011265,0.00564572,0.0589258,0.280838,1,0,,0,0,0,0,0,0,0,0,103808,104555,0,232,0
227278,1,0,7.88548e-005,0.00453234,0.0534864,0.27695,1,0,,0,0,0,0,0,0,0,0,103808,104555,0,232,0
227378,1,0,5.51984e-005,0.00363691,0.0485015,0.278123,1,0,,0,0,0,0,0,0,0,0,103808,104555,0,232,0
227478,1,0,3.86389e-005,0.00291726,0.0439431,0.286737,1,0,,0,0,0,0,0,0,0,0,103808,104555,0,232,0
227578,1,0,2.70472e-005,0.00233922,0.0397827,0.306851,1,0,,0,0,0,0,0,0,0,0,103808,104555,0,232,0
227678,1,0,1.8933e-005,0.00187516,0.0359919,0.264062,1,0,,0,0,0,0,0,0,0,0,103808,104555,0,232,0
227778,1,0,1.32531e-005,0.00150278,0.032543,0.262686,1,0,,0,0,0,0,0,0,0,0,103808,104555,0,232,0
227878,1,0,9.27719e-006,0.00120408,0.0294091,0.270946,1,0,,0,0,0,0,0,0,0,0,103808,104555,0,232,0
227978,1,0,6.49404e-006,0.000964562,0.0265647,0.323846,1,0,,0,0,0,0,0,0,0,0,103808,104555,0,232,0
228078,1,0,4.54582e-006,0.000772559,0.0239855,0.289308,1,0,,0,0,0,0,0,0,0,0,103808,104555,0,232,0
228178,1,0,3.18208e-006,0.000618683,0.0216488,0.272409,1,0,,0,0,0,0,0,0,0,0,103808,104555,0,232,0
228278,1,0,2.22745e-006,0.000495392,0.0195334,0.299858,1,0,,0,0,0,0,0,0,0,0,103808,104555,0,232,0
228378,1,0,1.55922e-006,0.000396626,0.0176198,0.27053,1,0,,0,0,0,0,0,0,0,0,103808,104555,0,232,0
228478,1,3,0.900001,0.180318,0.0338895,0.254358,1,0,,0,0,0,0,0,0,0,0,103808,104555,0,232,0
228578,1,0,0.630001,0.270254,0.057526,0.26712,1,0,,0,0,0,0,0,0,0,0,103808,104555,0,232,0
228678,1,0,0.441001,0.304403,0.0822137,0.280831,1,0,,0,0,0,0,0,0,0,0,103808,104555,0,232,0
228778,1,0,0.3087,0.305263,0.104519,0.275995,1,0,,0,0,0,0,0,0,0,0,103808,104555,0,232,0
228878,1,0,0.21609,0.287428,0.12281,0.269371,1,0,,0,0,0,0,0,0,0,0,103808,104555,0,232,0
228978,1,0,0.151263,0.260195,0.136548,0.27211,1,0,,0,0,0,0,0,0,0,0,103808,104555,0,232,0
229078,1,0,0.105884,0.229333,0.145827,0.293484,1,0,,0,0,0,0,0,0,0,0,103808,104555,0,232,0
229178,1,0,0.074119,0.19829,0.151073,0.288011,1,0,,0,0,0,0,0,0,0,0,103808,104555,0,232,0
229278,1,0,0.0518833,0.169009,0.152867,0.29911,1,0,,0,0,0,0,0,0,0,0,103808,104555,0,232,0
229378,1,0,0.0363183,0.142471,0.151827,0.279248,1,0,,0,0,0,0,0,0,0,0,103808,104555,0,232,0
229478,1,0,0.0254228,0.119061,0.14855,0.301847,1,0,,0,0,0,0,0,0,0,0,103808,104555,0,232,0
229578,1,0,0.017796,0.0988081,0.143576,0.269168,1,0,,0,0,0,0,0,0,0,0,103808,104555,0,232,0
229678,1,0,0.0124572,0.0815379,0.137372,0.252831,1,0,,0,0,0,0,0,0,0,0,103808,104555,0,232,0
229778,1,0,0.00872002,0.0669744,0.130333,0.286719,1,0,,0,0,0,0,0,0,0,0,103808,104555,0,232,0
229878,1,0,0.00610401,0.0548003,0.122779,0.26852,1,0,,0,0,0,0,0,0,0,0,103808,104555,0,232,0
229978,1,0,0.00427281,0.0446948,0.114971,0.247395,1,0,,0,0,0,0,0,0,0,0,103808,104555,0,232,0
230078,1,0,0.00299097,0.036354,0.107109,0.295395,1,0,,0,0,0,0,0,0,0,0,103808,104555,0,232,0
230178,1,0,0.00209368,0.029502,0.0993485,0.291068,1,0,,0,0,0,0,0,0,0,0,103808,104555,0,232,0
230278,1,0,0.00146557,0.0238947,0.0918031,0.313145,1,0,,0,0,0,0,0,0,0,0,103808,104555,0,232,0
230378,1,0,0.0010259,0.0193209,0.0845549,0.258996,1,0,,0,0,0,0,0,0,0,0,103808,104555,0,232,0
230478,1,0,0.000718131,0.0156004,0.0776594,0.297371,1,0,,0,0,0,0,0,0,0,0,103808,104555,0,232,0
230578,1,0,0.000502692,0.0125808,0.0711516,0.283296,1,0,,0,0,0,0,0,0,0,0,103808,104555,0,232,0
230678,1,0,0.000351884,0.010135,0.0650499,0.268845,1,0,,0,0,0,0,0,0,0,0,103808,104555,0,232,0
230778,1,0,0.000246319,0.0081573,0.0593606,0.291195,1,0,,0,0,0,0,0,0,0,0,103808,104555,0,232,0
230878,1,0,0.000172423,0.00656032,0.0540806,0.287994,1,0,,0,0,0,0,0,0,0,0,103808,104555,0,232,0
230978,1,0,0.000120696,0.0052724,0.0491998,0.306932,1,0,,0,0,0,0,0,0,0,0,103808,104555,0,232,0
231078,1,0,8.44874e-005,0.00423482,0.0447033,0.288893,1,0,,0,0,0,0,0,0,0,0,103808,104555,0,232,0
231178,1,0,5.91412e-005,0.00339968,0.0405729,0.295592,1,0,,0,0,0,0,0,0,0,0,103808,104555,0,232,0
231278,1,0,4.13988e-005,0.00272803,0.0367884,0.276342,1,0,,0,0,0,0,0,0,0,0,103808,104555,0,232,0
231378,1,0,2.89792e-005,0.00218822,0.0333284,0.29563,1,0,,0,0,0,0,0,0,0,0,103808,104555,0,232,0
231478,1,0,2.02854e-005,0.00175463,0.030171,0.25778,1,0,,0,0,0,0,0,0,0,0,103808,104555,0,232,0
231578,1,0,1.41998e-005,0.00140654,0.0272946,0.278666,1,0,,0,0,0,0,0,0,0,0,103808,104555,0,232,0
231678,1,0,9.93986e-006,0.00112722,0.0246778,0.282267,1,0,,0,0,0,0,0,0,0,0,103808,104555,0,232,0
231778,1,0,6.9579e-006,0.00090317,0.0223004,0.270318,1,0,,0,0,0,0,0,0,0,0,103808,104555,0,232,0
231878,1,0,4.87053e-006,0.00072351,0.0201427,0.304693,1,0,,0,0,0,0,0,0,0,0,103808,104555,0,232,0
231978,1,0,3.40937e-006,0.00057949,0.0181864,0.277843,1,0,,0,0,0,0,0,0,0,0,103808,104555,0,232,0
232078,1,0,2.38656e-006,0.000464069,0.0164141,0.255592,1,0,,0,0,0,0,0,0,0,0,103808,104555,0,232,0
232178,1,0,1.67059e-006,0.00037159,0.0148099,0.271718,1,0,,0,0,0,0,0,0,0,0,103808,104555,0,232,0
232278,1,0,1.16941e-006,0.000297506,0.0133586,0.337866,1,0,,0,0,0,0,0,0,0,0,103808,104555,0,232,0
232378,1,4,1.2,0.240238,0.0360466,0.292473,1,0,,0,0,0,0,0,0,0,0,103808,104555,0,232,0
232478,1,0,0.840001,0.360191,0.068461,0.273273,1,0,,0,0,0,0,0,0,0,0,103808,104555,0,232,0
232578,1,0,0.588,0.405753,0.10219,0.350783,1,0,,0,0,0,0,0,0,0,0,103808,104555,0,232,0
232678,1,0,0.4116,0.406922,0.132663,0.296684,1,0,,0,0,0,0,0,0,0,0,103808,104555,0,232,0
232778,1,0,0.28812,0.383162,0.157713,0.286173,1,0,,0,0,0,0,0,0,0,0,103808,104555,0,232,0
232878,1,0,0.201684,0.346866,0.176629,0.288783,1,0,,0,0,0,0,0,0,0,0,103808,104555,0,232,0
232978,1,0,0.141179,0.305729,0.189539,0.318334,1,0,,0,0,0,0,0,0,0,0,103808,104555,0,232,0
233078,1,0,0.0988252,0.264348,0.197019,0.290409,1,0,,0,0,0,0,0,0,0,0,103808,104555,0,232,0
233178,1,0,0.0691777,0.225314,0.199849,0.287759,1,0,,0,0,0,0,0,0,0,0,103808,104555,0,232,0
233278,1,0,0.0484244,0.189936,0.198858,0.27076,1,0,,0,0,0,0,0,0,0,0,103808,104555,0,232,0
233378,1,0,0.033897,0.158728,0.194845,0.25451,1,0,,0,0,0,0,0,0,0,0,103808,104555,0,232,0
233478,1,0,0.0237279,0.131728,0.188533,0.261048,1,0,,0,0,0,0,0,0,0,0,103808,104555,0,232,0
233578,1,0,0.0166096,0.108704,0.18055,0.29926,1,0,,0,0,0,0,0,0,0,0,103808,104555,0,232,0
233678,1,0,0.0116267,0.0892889,0.171424,0.269473,1,0,,0,0,0,0,0,0,0,0,103808,104555,0,232,0
233778,1,0,0.00813868,0.0730589,0.161588,0.26241,1,0,,0,0,0,0,0,0,0,0,103808,104555,0,232,0
233878,1,0,0.00569708,0.0595865,0.151387,0.26821,1,0,,0,0,0,0,0,0,0,0,103808,104555,0,232,0
233978,1,0,0.00398795,0.0484668,0.141095,0.268797,1,0,,0,0,0,0,0,0,0,0,103808,104555,0,232,0
234078,1,0,0.00279157,0.0393318,0.130919,0.268872,1,0,,0,0,0,0,0,0,0,0,103808,104555,0,232,0
234178,1,0,0.0019541,0.0318562,0.121013,0.319123,1,0,,0,0,0,0,0,0,0,0,103808,104555,0,232,0
234278,1,0,0.00136787,0.0257586,0.111487,0.275599,1,0,,0,0,0,0,0,0,0,0,103808,104555,0,232,0
234378,1,0,0.000957508,0.0207983,0.102418,0.260674,1,0,,0,0,0,0,0,0,0,0,103808,104555,0,232,0
234478,1,0,0.000670255,0.0167727,0.0938538,0.287362,1,0,,0,0,0,0,0,0,0,0,103808,104555,0,232,0
234578,1,0,0.000469179,0.013512,0.0858196,0.264674,1,0,,0,0,0,0,0,0,0,0,103808,104555,0,232,0
234678,1,0,0.000328425,0.0108753,0.0783252,0.284023,1,0,,0,0,0,0,0,0,0,0,103808,104555,0,232,0
234778,1,0,0.000229898,0.00874622,0.0713673,0.269673,1,0,,0,0,0,0,0,0,0,0,103808,104555,0,232,0
234878,1,0,0.000160928,0.00702916,0.0649335,0.258085,1,0,,0,0,0,0,0,0,0,0,103808,104555,0,232,0
234978,1,0,0.00011265,0.00564586,0.0590047,0.324623,1,0,,0,0,0,0,0,0,0,0,103808,104555,0,232,0
235078,1,0,7.88549e-005,0.00453246,0.0535575,0.264736,1,0,,0,0,0,0,0,0,0,0,103808,104555,0,232,0
235178,1,0,5.51984e-005,0.00363701,0.0485654,0.287085,1,0,,0,0,0,0,0,0,0,0,103808,104555,0,232,0
235278,1,0,3.86389e-005,0.00291733,0.0440006,0.280197,1,0,,0,0,0,0,0,0,0,0,103808,104555,0,232,0
235378,1,0,2.70472e-005,0.00233928,0.0398345,0.251998,1,0,,0,0,0,0,0,0,0,0,103808,104555,0,232,0
235478,1,0,1.89331e-005,0.00187521,0.0360386,0.250187,1,0,,0,0,0,0,0,0,0,0,103808,104555,0,232,0
235578,1,0,1.32531e-005,0.00150282,0.032585,0.262575,1,0,,0,0,0,0,0,0,0,0,103808,104555,0,232,0
235678,1,0,9.2772e-006,0.00120411,0.0294469,0.275437,1,0,,0,0,0,0,0,0,0,0,103808,104555,0,232,0
235778,1,0,6.49404e-006,0.000964586,0.0265987,0.267738,1,0,,0,0,0,0,0,0,0,0,103808,104555,0,232,0
235878,1,0,4.54583e-006,0.000772578,0.0240161,0.259188,1,0,,0,0,0,0,0,0,0,0,103808,104555,0,232,0
235978,1,0,3.18208e-006,0.000618699,0.0216763,0.297252,1,0,,0,0,0,0,0,0,0,0,103808,104555,0,232,0
236078,1,0,2.22745e-006,0.000495404,0.0195582,0.27178,1,0,,0,0,0,0,0,0,0,0,103808,104555,0,232,0
236178,1,0,1.55922e-006,0.000396635,0.0176421,0.298693,1,0,,0,0,0,0,0,0,0,0,103808,104555,0,232,0
236278,1,0,1.09145e-006,0.000317527,0.0159096,0.278156,1,0,,0,0,0,0,0,0,0,0,103808,104555,0,232,0
236378,1,3,0.900001,0.180254,0.0323441,0.28634,1,0,,0,0,0,0,0,0,0,0,103808,104555,0,232,0
236478,1,0,0.630001,0.270203,0.05613,0.299053,1,0,,0,0,0,0,0,0,0,0,103808,104555,0,232,0
236578,1,0,0.441,0.304363,0.0809533,0.266002,1,0,,0,0,0,0,0,0,0,0,103808,104555,0,232,0
236678,1,0,0.3087,0.30523,0.103381,0.283288,1,0,,0,0,0,0,0,0,0,0,103808,104555,0,232,0
236778,1,0,0.21609,0.287402,0.121783,0.299613,1,0,,0,0,0,0,0,0,0,0,103808,104555,0,232,0
236878,1,0,0.151263,0.260174,0.135622,0.287114,1,0,,0,0,0,0,0,0,0,0,103808,104555,0,232,0
236978,1,0,0.105884,0.229316,0.144992,0.27475,1,0,,0,0,0,0,0,0,0,0,103808,104555,0,232,0
237078,1,0,0.0741189,0.198277,0.15032,0.304374,1,0,,0,0,0,0,0,0,0,0,103808,104555,0,232,0
237178,1,0,0.0518833,0.168998,0.152188,0.280025,1,0,,0,0,0,0,0,0,0,0,103808,104555,0,232,0
237278,1,0,0.0363183,0.142462,0.151215,0.288164,1,0,,0,0,0,0,0,0,0,0,103808,104555,0,232,0
237378,1,0,0.0254228,0.119054,0.147999,0.239263,1,0,,0,0,0,0,0,0,0,0,103808,104555,0,232,0
237478,1,0,0.017796,0.0988027,0.14308,0.304838,1,0,,0,0,0,0,0,0,0,0,103808,104555,0,232,0
237578,1,0,0.0124572,0.0815336,0.136925,0.271812,1,0,,0,0,0,0,0,0,0,0,103808,104555,0,232,0
237678,1,0,0.00872002,0.0669709,0.12993,0.288824,1,0,,0,0,0,0,0,0,0,0,103808,104555,0,232,0
237778,1,0,0.00610401,0.0547975,0.122416,0.271304,1,0,,0,0,0,0,0,0,0,0,103808,104555,0,232,0
237878,1,0,0.00427281,0.0446926,0.114644,0.282354,1,0,,0,0,0,0,0,0,0,0,103808,104555,0,232,0
237978,1,0,0.00299097,0.0363522,0.106815,0.273129,1,0,,0,0,0,0,0,0,0,0,103808,104555,0,232,0
238078,1,0,0.00209368,0.0295005,0.0990834,0.28844,1,0,,0,0,0,0,0,0,0,0,103808,104555,0,232,0
238178,1,0,0.00146557,0.0238935,0.0915644,0.265925,1,0,,0,0,0,0,0,0,0,0,103808,104555,0,232,0
238278,1,0,0.0010259,0.01932,0.08434,0.313987,1,0,,0,0,0,0,0,0,0,0,103808,104555,0,232,0
238378,1,0,0.000718131,0.0155996,0.0774659,0.294761,1,0,,0,0,0,0,0,0,0,0,103808,104555,0,232,0
238478,1,0,0.000502692,0.0125802,0.0709774,0.260785,1,0,,0,0,0,0,0,0,0,0,103808,104555,0,232,0
238578,1,0,0.000351884,0.0101346,0.0648931,0.305884,1,0,,0,0,0,0,0,0,0,0,103808,104555,0,232,0
238678,1,0,0.000246319,0.00815692,0.0592195,0.266324,1,0,,0,0,0,0,0,0,0,0,103808,104555,0,232,0
238778,1,0,0.000172423,0.00656002,0.0539535,0.287773,1,0,,0,0,0,0,0,0,0,0,103808,104555,0,232,0
238878,1,0,0.000120696,0.00527216,0.0490854,0.307558,1,0,,0,0,0,0,0,0,0,0,103808,104555,0,232,0
238978,1,0,8.44874e-005,0.00423462,0.0446003,0.280357,1,0,,0,0,0,0,0,0,0,0,103808,104555,0,232,0
239078,1,0,5.91411e-005,0.00339953,0.0404802,0.27972,1,0,,0,0,0,0,0,0,0,0,103808,104555,0,232,0
239178,1,0,4.13988e-005,0.0027279,0.036705,0.276869,1,0,,0,0,0,0,0,0,0,0,103808,104555,0,232,0
239278,1,0,2.89792e-005,0.00218812,0.0332533,0.293031,1,0,,0,0,0,0,0,0,0,0,103808,104555,0,232,0
239378,1,0,2.02854e-005,0.00175455,0.0301034,0.25554,1,0,,0,0,0,0,0,0,0,0,103808,104555,0,232,0
239478,1,0,1.41998e-005,0.00140648,0.0272337,0.296104,1,0,,0,0,0,0,0,0,0,0,103808,104555,0,232,0
239578,1,0,9.93985e-006,0.00112717,0.0246231,0.299171,1,0,,0,0,0,0,0,0,0,0,103808,104555,0,232,0
239678,1,0,6.9579e-006,0.00090313,0.0222511,0.27607,1,0,,0,0,0,0,0,0,0,0,103808,104555,0,232,0
239778,1,0,4.87053e-006,0.000723478,0.0200983,0.28477,1,0,,0,0,0,0,0,0,0,0,103808,104555,0,232,0
239878,1,0,3.40937e-006,0.000579464,0.0181464,0.279907,1,0,,0,0,0,0,0,0,0,0,103808,104555,0,232,0
239978,1,0,2.38656e-006,0.000464049,0.0163782,0.282745,1,0,,0,0,0,0,0,0,0,0,103808,104555,0,232,0
240078,1,0,1.67059e-006,0.000371573,0.0147775,0.299795,1,0,,0,0,0,0,0,0,0,0,103808,104555,0,232,0
240178,1,0,1.16941e-006,0.000297492,0.0133295,0.272206,1,0,,0,0,0,0,0,0,0,0,103808,104555,0,232,0
240278,1,3,0.900001,0.180238,0.0300204,0.275213,1,0,,0,0,0,0,0,0,0,0,103808,104555,0,232,0
240378,1,0,0.630001,0.270191,0.0540374,0.291911,1,0,,0,0,0,0,0,0,0,0,103808,104555,0,232,0
240478,1,0,0.441,0.304353,0.0790689,0.27761,1,0,,0,0,0,0,0,0,0,0,103808,104555,0,232,0
240578,1,0,0.3087,0.305222,0.101684,0.283634,1,0,,0,0,0,0,0,0,0,0,103808,104555,0,232,0
240678,1,0,0.21609,0.287396,0.120255,0.274511,1,0,,0,0,0,0,0,0,0,0,103808,104555,0,232,0
240778,1,0,0.151263,0.260169,0.134247,0.262195,1,0,,0,0,0,0,0,0,0,0,103808,104555,0,232,0
240878,1,0,0.105884,0.229312,0.143753,0.305431,1,0,,0,0,0,0,0,0,0,0,103808,104555,0,232,0
240978,1,1,0.374119,0.258274,0.155205,0.276244,1,0,,0,0,0,0,0,0,0,0,103808,104555,0,232,0
241078,1,0,0.261883,0.258996,0.165584,0.288043,1,0,,0,0,0,0,0,0,0,0,103808,104555,0,232,0
241178,1,0,0.183318,0.24386,0.173412,0.296216,1,0,,0,0,0,0,0,0,0,0,103808,104555,0,232,0
241278,1,0,0.128323,0.220753,0.178146,0.277815,1,0,,0,0,0,0,0,0,0,0,103808,104555,0,232,0
241378,1,0,0.089826,0.194567,0.179788,0.279279,1,0,,0,0,0,0,0,0,0,0,103808,104555,0,232,0
241478,1,0,0.0628782,0.168229,0.178632,0.269267,1,0,,0,0,0,0,0,0,0,0,103808,104555,0,232,0
241578,1,0,0.0440147,0.143387,0.175108,0.306493,1,0,,0,0,0,0,0,0,0,0,103808,104555,0,232,0
241678,1,0,0.0308103,0.120871,0.169684,0.34633,1,0,,0,0,0,0,0,0,0,0,103808,104555,0,232,0
241778,1,0,0.0215672,0.10101,0.162817,0.304531,1,0,,0,0,0,0,0,0,0,0,103808,104555,0,232,0
241878,1,0,0.015097,0.0838278,0.154918,0.329368,1,0,,0,0,0,0,0,0,0,0,103808,104555,0,232,0
241978,1,0,0.0105679,0.0691758,0.146344,0.284468,1,0,,0,0,0,0,0,0,0,0,103808,104555,0,232,0
242078,1,0,0.00739755,0.0568202,0.137391,0.32922,1,0,,0,0,0,0,0,0,0,0,103808,104555,0,232,0
242178,1,0,0.00517829,0.0464918,0.128301,0.278658,1,0,,0,0,0,0,0,0,0,0,103808,104555,0,232,0
242278,1,0,0.0036248,0.0379184,0.119263,0.294895,1,0,,0,0,0,0,0,0,0,0,103808,104555,0,232,0
242378,1,0,0.00253736,0.0308422,0.110421,0.274559,1,0,,0,0,0,0,0,0,0,0,103808,104555,0,232,0
242478,1,0,0.00177615,0.025029,0.101882,0.247071,1,0,,0,0,0,0,0,0,0,0,103808,104555,0,232,0
242578,1,0,0.00124331,0.0202718,0.0937207,0.287434,1,0,,0,0,0,0,0,0,0,0,103808,104555,0,232,0
242678,1,0,0.000870315,0.0163915,0.0859878,0.292636,1,0,,0,0,0,0,0,0,0,0,103808,104555,0,232,0
242778,1,0,0.00060922,0.0132351,0.0787125,0.310662,1,0,,0,0,0,0,0,0,0,0,103808,104555,0,232,0
242878,1,1,0.300426,0.0706734,0.0779086,0.287736,1,0,,0,0,0,0,0,0,0,0,103808,104555,0,232,0
242978,1,0,0.210299,0.0985984,0.0799776,0.298985,1,0,,0,0,0,0,0,0,0,0,103808,104555,0,232,0
243078,1,0,0.147209,0.108321,0.0828119,0.296123,1,0,,0,0,0,0,0,0,0,0,103808,104555,0,232,0
243178,1,0,0.103046,0.107266,0.0852573,0.314296,1,0,,0,0,0,0,0,0,0,0,103808,104555,0,232,0
243278,1,0,0.0721324,0.100239,0.0867554,0.309434,1,0,,0,0,0,0,0,0,0,0,103808,104555,0,232,0
243378,1,0,0.0504927,0.0902897,0.0871089,0.265821,1,0,,0,0,0,0,0,0,0,0,103808,104555,0,232,0
243478,1,0,0.0353449,0.0793008,0.086328,0.276871,1,0,,0,0,0,0,0,0,0,0,103808,104555,0,232,0
243578,1,0,0.0247414,0.0683889,0.0845341,0.258833,1,0,,0,0,0,0,0,0,0,0,103808,104555,0,232,0
243678,1,0,0.017319,0.0581749,0.0818982,0.293172,1,0,,0,0,0,0,0,0,0,0,103808,104555,0,232,0
243778,1,0,0.0121233,0.0489646,0.0786048,0.286669,1,0,,0,0,0,0,0,0,0,0,103808,104555,0,232,0
243878,1,0,0.0084863,0.0408689,0.0748312,0.295071,1,0,,0,0,0,0,0,0,0,0,103808,104555,0,232,0
243978,1,0,0.00594041,0.0338832,0.0707364,0.288234,1,0,,0,0,0,0,0,0,0,0,103808,104555,0,232,0
244078,1,0,0.00415829,0.0279382,0.0664566,0.284418,1,0,,0,0,0,0,0,0,0,0,103808,104555,0,232,0
244178,1,4,1.20291,0.262933,0.0861042,0.311333,1,0,,0,0,0,0,0,0,0,0,103808,104555,0,232,0
244278,1,0,0.842038,0.378754,0.115369,0.265047,1,0,,0,0,0,0,0,0,0,0,103808,104555,0,232,0
244378,1,0,0.589426,0.420888,0.145921,0.262796,1,0,,0,0,0,0,0,0,0,0,103808,104555,0,232,0
244478,1,0,0.412598,0.41923,0.173252,0.30621,1,0,,0,0,0,0,0,0,0,0,103808,104555,0,232,0
244578,1,0,0.288819,0.393148,0.195242,0.249996,1,0,,0,0,0,0,0,0,0,0,103808,104555,0,232,0
244678,1,0,0.202173,0.354953,0.211213,0.299122,1,0,,0,0,0,0,0,0,0,0,103808,104555,0,232,0
244778,1,0,0.141521,0.312267,0.221318,0.290209,1,0,,0,0,0,0,0,0,0,0,103808,104555,0,232,0
244878,1,0,0.0990649,0.269626,0.226149,0.268322,1,0,,0,0,0,0,0,0,0,0,103808,104555,0,232,0
244978,1,0,0.0693454,0.22957,0.226491,0.294404,1,0,,0,0,0,0,0,0,0,0,103808,104555,0,232,0
245078,1,0,0.0485418,0.193365,0.223178,0.286467,1,0,,0,0,0,0,0,0,0,0,103808,104555,0,232,0
245178,1,0,0.0339792,0.161487,0.217009,0.29263,1,0,,0,0,0,0,0,0,0,0,103808,104555,0,232,0
245278,1,0,0.0237855,0.133947,0.208703,0.310305,1,0,,0,0,0,0,0,0,0,0,103808,104555,0,232,0
245378,1,0,0.0166498,0.110488,0.198882,0.298379,1,0,,0,0,0,0,0,0,0,0,103808,104555,0,232,0
245478,1,0,0.0116549,0.0907211,0.188065,0.249654,1,0,,0,0,0,0,0,0,0,0,103808,104555,0,232,0
245578,1,0,0.00815842,0.0742085,0.17668,0.285714,1,0,,0,0,0,0,0,0,0,0,103808,104555,0,232,0
245678,1,0,0.00571089,0.060509,0.165063,0.282689,1,0,,0,0,0,0,0,0,0,0,103808,104555,0,232,0
245778,1,0,0.00399762,0.0492067,0.153477,0.264354,1,0,,0,0,0,0,0,0,0,0,103808,104555,0,232,0
245878,1,0,0.00279834,0.0399251,0.142122,0.270666,1,0,,0,0,0,0,0,0,0,0,103808,104555,0,232,0
245978,1,0,0.00195884,0.0323318,0.131143,0.31534,1,0,,0,0,0,0,0,0,0,0,103808,104555,0,232,0
246078,1,0,0.00137119,0.0261397,0.120643,0.278926,1,0,,0,0,0,0,0,0,0,0,103808,104555,0,232,0
246178,1,0,0.00095983,0.0211037,0.110689,0.283789,1,0,,0,0,0,0,0,0,0,0,103808,104555,0,232,0
246278,1,0,0.000671881,0.0170174,0.101322,0.287089,1,0,,0,0,0,0,0,0,0,0,103808,104555,0,232,0
246378,1,0,0.000470316,0.0137079,0.0925602,0.267026,1,0,,0,0,0,0,0,0,0,0,103808,104555,0,232,0
246478,1,0,0.000329222,0.0110322,0.0844074,0.322627,1,0,,0,0,0,0,0,0,0,0,103808,104555,0,232,0
246578,1,0,0.000230455,0.00887185,0.0768538,0.292902,1,0,,0,0,0,0,0,0,0,0,103808,104555,0,232,0
246678,1,0,0.000161319,0.00712975,0.0698814,0.27604,1,0,,0,0,0,0,0,0,0,0,103808,104555,0,232,0
246778,1,0,0.000112923,0.00572638,0.0634659,0.266695,1,0,,0,0,0,0,0,0,0,0,103808,104555,0,232,0
246878,1,0,7.90461e-005,0.00459691,0.057579,0.283233,1,0,,0,0,0,0,0,0,0,0,103808,104555,0,232,0
246978,1,0,5.53323e-005,0.0036886,0.05219,0.254407,1,0,,0,0,0,0,0,0,0,0,103808,104555,0,232,0
247078,1,0,3.87326e-005,0.00295862,0.0472668,0.281994,1,0,,0,0,0,0,0,0,0,0,103808,104555,0,232,0
247178,1,0,2.71128e-005,0.00237232,0.0427774,0.317656,1,0,,0,0,0,0,0,0,0,0,103808,104555,0,232,0
247278,1,0,1.8979e-005,0.00190165,0.0386898,0.321656,1,0,,0,0,0,0,0,0,0,0,103808,104555,0,232,0
247378,1,0,1.32853e-005,0.00152398,0.0349732,0.291606,1,0,,0,0,0,0,0,0,0,0,103808,104555,0,232,0
247478,1,0,9.29969e-006,0.00122104,0.031598,0.278282,1,0,,0,0,0,0,0,0,0,0,103808,104555,0,232,0
247578,1,0,6.50978e-006,0.000978137,0.028536,0.320646,1,0,,0,0,0,0,0,0,0,0,103808,104555,0,232,0
247678,1,0,4.55685e-006,0.000783421,0.0257608,0.281095,1,0,,0,0,0,0,0,0,0,0,103808,104555,0,232,0
247778,1,0,3.18979e-006,0.000627375,0.0232474,0.324858,1,0,,0,0,0,0,0,0,0,0,103808,104555,0,232,0
247878,1,0,2.23286e-006,0.000502346,0.0209729,0.299311,1,0,,0,0,0,0,0,0,0,0,103808,104555,0,232,0
247978,1,0,1.563e-006,0.00040219,0.0189158,0.270937,1,0,,0,0,0,0,0,0,0,0,103808,104555,0,232,0
248078,1,0,1.0941e-006,0.000321971,0.0170565,0.281411,1,0,,0,0,0,0,0,0,0,0,103808,104555,0,232,0
248178,1,3,0.900001,0.180258,0.0333766,0.281329,1,0,,0,0,0,0,0,0,0,0,103808,104555,0,232,0
248278,1,0,0.630001,0.270206,0.0570596,0.296353,1,0,,0,0,0,0,0,0,0,0,103808,104555,0,232,0
248378,1,0,0.441,0.304365,0.0817901,0.30759,1,0,,0,0,0,0,0,0,0,0,103808,104555,0,232,0
248478,1,1,0.6087,0.365232,0.110134,0.314216,1,0,,0,0,0,0,0,0,0,0,103808,104555,0,232,0
248578,1,0,0.42609,0.377404,0.136861,0.289006,1,0,,0,0,0,0,0,0,0,0,103808,104555,0,232,0
248678,1,0,0.298263,0.361576,0.159333,0.28243,1,0,,0,0,0,0,0,0,0,0,103808,104555,0,232,0
248778,1,0,0.208784,0.331017,0.176501,0.273954,1,0,,0,0,0,0,0,0,0,0,103808,104555,0,232,0
248878,1,0,0.146149,0.294044,0.188255,0.313306,1,0,,0,0,0,0,0,0,0,0,103808,104555,0,232,0
248978,1,0,0.102304,0.255696,0.194999,0.30082,1,0,,0,0,0,0,0,0,0,0,103808,104555,0,232,0
249078,1,0,0.071613,0.218879,0.197387,0.27337,1,0,,0,0,0,0,0,0,0,0,103808,104555,0,232,0
249178,1,0,0.0501291,0.185129,0.196162,0.31733,1,0,,0,0,0,0,0,0,0,0,103808,104555,0,232,0
249278,1,0,0.0350904,0.155121,0.192058,0.321894,1,0,,0,0,0,0,0,0,0,0,103808,104555,0,232,0
249378,1,0,0.0245632,0.12901,0.185753,0.296281,1,0,,0,0,0,0,0,0,0,0,103808,104555,0,232,0
249478,1,0,0.0171943,0.106647,0.177842,0.291893,1,0,,0,0,0,0,0,0,0,0,103808,104555,0,232,0
249578,1,0,0.012036,0.0877246,0.16883,0.265042,1,0,,0,0,0,0,0,0,0,0,103808,104555,0,232,0
249678,1,0,0.00842519,0.0718647,0.159134,0.267104,1,0,,0,0,0,0,0,0,0,0,103808,104555,0,232,0
249778,1,0,0.00589764,0.0586713,0.149088,0.305428,1,0,,0,0,0,0,0,0,0,0,103808,104555,0,232,0
249878,1,0,0.00412834,0.0477627,0.138955,0.262752,1,0,,0,0,0,0,0,0,0,0,103808,104555,0,232,0
249978,1,0,0.00288984,0.0387881,0.128938,0.271813,1,0,,0,0,0,0,0,0,0,0,103808,104555,0,232,0
250078,1,0,0.00202289,0.0314351,0.119188,0.287827,1,0,,0,0,0,0,0,0,0,0,103808,104555,0,232,0
250178,1,0,0.00141602,0.0254313,0.109812,0.261202,1,0,,0,0,0,0,0,0,0,0,103808,104555,0,232,0
250278,1,0,0.000991216,0.0205433,0.100885,0.28695,1,0,,0,0,0,0,0,0,0,0,103808,104555,0,232,0
250378,1,0,0.000693851,0.0165734,0.0924543,0.292727,1,0,,0,0,0,0,0,0,0,0,103808,104555,0,232,0
250478,1,0,0.000485696,0.0133558,0.0845444,0.258916,1,0,,0,0,0,0,0,0,0,0,103808,104555,0,232,0
250578,1,0,0.000339987,0.0107527,0.0771653,0.287077,1,0,,0,0,0,0,0,0,0,0,103808,104555,0,232,0
250678,1,0,0.000237991,0.00864974,0.0703137,0.298228,1,0,,0,0,0,0,0,0,0,0,103808,104555,0,232,0
250778,1,0,0.000166594,0.00695311,0.0639776,0.29099,1,0,,0,0,0,0,0,0,0,0,103808,104555,0,232,0
250878,1,0,0.000116616,0.00558581,0.0581385,0.275103,1,0,,0,0,0,0,0,0,0,0,103808,104555,0,232,0
250978,1,0,8.16309e-005,0.00448497,0.0527731,0.309137,1,0,,0,0,0,0,0,0,0,0,103808,104555,0,232,0
251078,1,0,5.71416e-005,0.00359941,0.0478557,0.282588,1,0,,0,0,0,0,0,0,0,0,103808,104555,0,232,0
251178,1,0,3.99991e-005,0.00288753,0.0433589,0.277073,1,0,,0,0,0,0,0,0,0,0,103808,104555,0,232,0
251278,1,0,2.79994e-005,0.00231562,0.0392546,0.25381,1,0,,0,0,0,0,0,0,0,0,103808,104555,0,232,0
251378,1,0,1.95996e-005,0.00185642,0.0355148,0.293296,1,0,,0,0,0,0,0,0,0,0,103808,104555,0,232,0
251478,1,0,1.37197e-005,0.00148788,0.0321121,0.288807,1,0,,0,0,0,0,0,0,0,0,103808,104555,0,232,0
251578,1,0,9.60379e-006,0.00119222,0.0290201,0.294245,1,0,,0,0,0,0,0,0,0,0,103808,104555,0,232,0
251678,1,0,6.72265e-006,0.000955122,0.0262136,0.256431,1,0,,0,0,0,0,0,0,0,0,103808,104555,0,232,0
251778,1,0,4.70586e-006,0.000765039,0.0236687,0.264505,1,0,,0,0,0,0,0,0,0,0,103808,104555,0,232,0
251878,1,0,3.2941e-006,0.00061269,0.0213631,0.295341,1,0,,0,0,0,0,0,0,0,0,103808,104555,0,232,0
251978,1,0,2.30587e-006,0.000490613,0.0192759,0.328328,1,0,,0,0,0,0,0,0,0,0,103808,104555,0,232,0
252078,1,5,1.5,0.300393,0.0473876,0.307957,1,0,,0,0,0,0,0,0,0,0,103808,104555,0,232,0
252178,1,0,1.05,0.450315,0.0876803,0.267184,1,0,,0,0,0,0,0,0,0,0,103808,104555,0,232,0
252278,1,0,0.735001,0.507252,0.129637,0.277246,1,0,,0,0,0,0,0,0,0,0,103808,104555,0,232,0
252378,1,0,0.514501,0.508702,0.167544,0.305933,1,0,,0,0,0,0,0,0,0,0,103808,104555,0,232,0
252478,1,0,0.36015,0.478991,0.198689,0.261158,1,0,,0,0,0,0,0,0,0,0,103808,104555,0,232,0
252578,1,0,0.252105,0.433614,0.222181,0.282881,1,0,,0,0,0,0,0,0,0,0,103808,104555,0,232,0
252678,1,0,0.176474,0.382186,0.238182,0.297969,1,0,,0,0,0,0,0,0,0,0,103808,104555,0,232,0
252778,1,0,0.123532,0.330455,0.247409,0.289019,1,0,,0,0,0,0,0,0,0,0,103808,104555,0,232,0
252878,1,0,0.0864721,0.281659,0.250834,0.28213,1,0,,0,0,0,0,0,0,0,0,103808,104555,0,232,0
252978,1,0,0.0605305,0.237433,0.249494,0.283403,1,0,,0,0,0,0,0,0,0,0,103808,104555,0,232,0
253078,1,0,0.0423713,0.198421,0.244386,0.269078,1,0,,0,0,0,0,0,0,0,0,103808,104555,0,232,0
253178,1,0,0.0296599,0.164668,0.236415,0.275616,1,0,,0,0,0,0,0,0,0,0,103808,104555,0,232,0
253278,1,0,0.020762,0.135887,0.226362,0.262478,1,0,,0,0,0,0,0,0,0,0,103808,104555,0,232,0
253378,1,0,0.0145334,0.111616,0.214887,0.277689,1,0,,0,0,0,0,0,0,0,0,103808,104555,0,232,0
253478,1,0,0.0101734,0.0913278,0.202531,0.277565,1,0,,0,0,0,0,0,0,0,0,103808,104555,0,232,0
253578,1,0,0.00712135,0.0744865,0.189727,0.270752,1,0,,0,0,0,0,0,0,0,0,103808,104555,0,232,0
253678,1,0,0.00498494,0.0605862,0.176813,0.28054,1,0,,0,0,0,0,0,0,0,0,103808,104555,0,232,0
253778,1,0,0.00348946,0.0491668,0.164048,0.267579,1,0,,0,0,0,0,0,0,0,0,103808,104555,0,232,0
253878,1,0,0.00244262,0.039822,0.151626,0.269916,1,0,,0,0,0,0,0,0,0,0,103808,104555,0,232,0
253978,1,0,0.00170984,0.0321996,0.139683,0.264107,1,0,,0,0,0,0,0,0,0,0,103808,104555,0,232,0
254078,1,0,0.00119689,0.025999,0.128315,0.273558,1,0,,0,0,0,0,0,0,0,0,103808,104555,0,232,0
254178,1,0,0.00083782,0.0209668,0.11758,0.282395,1,0,,0,0,0,0,0,0,0,0,103808,104555,0,232,0
254278,1,0,0.000586474,0.0168907,0.107511,0.29947,1,0,,0,0,0,0,0,0,0,0,103808,104555,0,232,0
254378,1,0,0.000410532,0.0135947,0.0981193,0.291458,1,0,,0,0,0,0,0,0,0,0,103808,104555,0,232,0
254478,1,0,0.000287372,0.0109332,0.0894007,0.315234,1,0,,0,0,0,0,0,0,0,0,103808,104555,0,232,0
254578,1,0,0.00020116,0.00878681,0.0813393,0.277722,1,0,,0,0,0,0,0,0,0,0,103808,104555,0,232,0
254678,1,0,0.000140812,0.00705761,0.0739111,0.279571,1,0,,0,0,0,0,0,0,0,0,103808,104555,0,232,0
254778,1,0,9.85686e-005,0.0056658,0.0670866,0.252957,1,0,,0,0,0,0,0,0,0,0,103808,104555,0,232,0
254878,1,0,6.8998e-005,0.00454644,0.0608326,0.275295,1,0,,0,0,0,0,0,0,0,0,103808,104555,0,232,0
254978,1,0,4.82986e-005,0.00364681,0.055114,0.301183,1,0,,0,0,0,0,0,0,0,0,103808,104555,0,232,0
255078,1,0,3.3809e-005,0.00292421,0.049895,0.311183,1,0,,0,0,0,0,0,0,0,0,103808,104555,0,232,0
255178,1,0,2.36663e-005,0.0023441,0.0451399,0.281406,1,0,,0,0,0,0,0,0,0,0,103808,104555,0,232,0
255278,1,0,1.65664e-005,0.0018786,0.0408138,0.297446,1,0,,0,0,0,0,0,0,0,0,103808,104555,0,232,0
255378,1,0,1.15965e-005,0.0015052,0.0368829,0.255997,1,0,,0,0,0,0,0,0,0,0,103808,104555,0,232,0
255478,1,0,8.11755e-006,0.00120578,0.0333152,0.281422,1,0,,0,0,0,0,0,0,0,0,103808,104555,0,232,0
255578,1,0,5.68229e-006,0.000965761,0.0300803,0.293621,1,0,,0,0,0,0,0,0,0,0,103808,104555,0,232,0
255678,1,0,3.9776e-006,0.000773404,0.0271496,0.272346,1,0,,0,0,0,0,0,0,0,0,103808,104555,0,232,0
255778,1,0,2.78432e-006,0.00061928,0.0244965,0.257195,1,0,,0,0,0,0,0,0,0,0,103808,104555,0,232,0
255878,1,0,1.94902e-006,0.000495814,0.0220965,0.270955,1,0,,0,0,0,0,0,0,0,0,103808,104555,0,232,0
255978,1,3,0.900001,0.180397,0.0379265,0.316593,1,0,,0,0,0,0,0,0,0,0,103808,104555,0,232,0
256078,1,0,0.630001,0.270318,0.0611656,0.284918,1,0,,0,0,0,0,0,0,0,0,103808,104555,0,232,0
256178,1,0,0.441001,0.304454,0.0854945,0.307756,1,0,,0,0,0,0,0,0,0,0,103808,104555,0,232,0
256278,1,0,0.3087,0.305304,0.107475,0.260468,1,0,,0,0,0,0,0,0,0,0,103808,104555,0,232,0
256378,1,0,0.21609,0.287461,0.125474,0.297318,1,0,,0,0,0,0,0,0,0,0,103808,104555,0,232,0
256478,1,0,0.151263,0.260221,0.138949,0.285206,1,0,,0,0,0,0,0,0,0,0,103808,104555,0,232,0
256578,1,0,0.105884,0.229354,0.147989,0.317144,1,0,,0,0,0,0,0,0,0,0,103808,104555,0,232,0
256678,1,0,0.074119,0.198307,0.153021,0.235492,1,0,,0,0,0,0,0,0,0,0,103808,104555,0,232,0
256778,1,0,0.0518833,0.169022,0.154621,0.286529,1,0,,0,0,0,0,0,0,0,0,103808,104555,0,232,0
256878,1,0,0.0363183,0.142481,0.153407,0.28433,1,0,,0,0,0,0,0,0,0,0,103808,104555,0,232,0
256978,1,0,0.0254228,0.11907,0.149973,0.289619,1,0,,0,0,0,0,0,0,0,0,103808,104555,0,232,0
257078,1,0,0.017796,0.098815,0.144858,0.292094,1,0,,0,0,0,0,0,0,0,0,103808,104555,0,232,0
257178,1,0,0.0124572,0.0815434,0.138526,0.298705,1,0,,0,0,0,0,0,0,0,0,103808,104555,0,232,0
257278,1,0,0.00872002,0.0669787,0.131371,0.276569,1,0,,0,0,0,0,0,0,0,0,103808,104555,0,232,0
257378,1,0,0.00610402,0.0548038,0.123715,0.264455,1,0,,0,0,0,0,0,0,0,0,103808,104555,0,232,0
257478,1,0,0.00427281,0.0446976,0.115813,0.272153,1,0,,0,0,0,0,0,0,0,0,103808,104555,0,232,0
257578,1,0,0.00299097,0.0363563,0.107867,0.275695,1,0,,0,0,0,0,0,0,0,0,103808,104555,0,232,0
257678,1,0,0.00209368,0.0295037,0.100031,0.264206,1,0,,0,0,0,0,0,0,0,0,103808,104555,0,232,0
257778,1,0,0.00146557,0.0238961,0.0924174,0.257181,1,0,,0,0,0,0,0,0,0,0,103808,104555,0,232,0
257878,1,0,0.0010259,0.0193221,0.0851079,0.249895,1,0,,0,0,0,0,0,0,0,0,103808,104555,0,232,0
257978,1,0,0.000718131,0.0156013,0.0781572,0.29197,1,0,,0,0,0,0,0,0,0,0,103808,104555,0,232,0
258078,1,0,0.000502692,0.0125816,0.0715996,0.313172,1,0,,0,0,0,0,0,0,0,0,103808,104555,0,232,0
258178,1,0,0.000351884,0.0101356,0.0654532,0.300184,1,0,,0,0,0,0,0,0,0,0,103808,104555,0,232,0
258278,1,0,0.000246319,0.00815777,0.0597237,0.365996,1,0,,0,0,0,0,0,0,0,0,103808,104555,0,232,0
258378,1,0,0.000172423,0.0065607,0.0544074,0.274947,1,0,,0,0,0,0,0,0,0,0,103808,104555,0,232,0
258478,1,0,0.000120696,0.0052727,0.0494939,0.240259,1,0,,0,0,0,0,0,0,0,0,103808,104555,0,232,0
258578,1,0,8.44874e-005,0.00423506,0.044968,0.278284,1,0,,0,0,0,0,0,0,0,0,103808,104555,0,232,0
258678,1,0,5.91412e-005,0.00339987,0.0408112,0.309759,1,0,,0,0,0,0,0,0,0,0,103808,104555,0,232,0
258778,1,0,4.13988e-005,0.00272818,0.0370029,0.296308,1,0,,0,0,0,0,0,0,0,0,103808,104555,0,232,0
258878,1,0,2.89792e-005,0.00218834,0.0335215,0.309422,1,0,,0,0,0,0,0,0,0,0,103808,104555,0,232,0
258978,1,0,2.02854e-005,0.00175473,0.0303448,0.28861,1,0,,0,0,0,0,0,0,0,0,103808,104555,0,232,0
259078,1,0,1.41998e-005,0.00140662,0.027451,0.281011,1,0,,0,0,0,0,0,0,0,0,103808,104555,0,232,0
259178,1,0,9.93986e-006,0.00112729,0.0248186,0.261537,1,0,,0,0,0,0,0,0,0,0,103808,104555,0,232,0
259278,1,0,6.9579e-006,0.00090322,0.0224271,0.275924,1,0,,0,0,0,0,0,0,0,0,103808,104555,0,232,0
259378,1,0,4.87053e-006,0.00072355,0.0202567,0.289697,1,0,,0,0,0,0,0,0,0,0,103808,104555,0,232,0
259478,1,0,3.40937e-006,0.000579522,0.018289,0.273397,1,0,,0,0,0,0,0,0,0,0,103808,104555,0,232,0
259578,1,0,2.38656e-006,0.000464095,0.0165065,0.249997,1,0,,0,0,0,0,0,0,0,0,103808,104555,0,232,0
259678,1,0,1.67059e-006,0.00037161,0.014893,0.270609,1,0,,0,0,0,0,0,0,0,0,103808,104555,0,232,0
259778,1,0,1.16941e-006,0.000297522,0.0134335,0.273709,1,0,,0,0,0,0,0,0,0,0,103808,104555,0,232,0
259878,1,0,8.1859e-007,0.000238181,0.0121139,0.310047,1,0,,0,0,0,0,0,0,0,0,103808,104555,0,232,0
259978,1,4,1.2,0.240191,0.0349216,0.278791,1,0,,0,0,0,0,0,0,0,0,103808,104555,0,232,0
260078,1,0,0.84,0.360153,0.0674447,0.247516,1,0,,0,0,0,0,0,0,0,0,103808,104555,0,232,0
260178,1,0,0.588,0.405722,0.101272,0.263215,1,0,,0,0,0,0,0,0,0,0,103808,104555,0,232,0
260278,1,0,0.4116,0.406898,0.131835,0.301027,1,0,,0,0,0,0,0,0,0,0,103808,104555,0,232,0
260378,1,0,0.28812,0.383142,0.156966,0.278777,1,0,,0,0,0,0,0,0,0,0,103808,104555,0,232,0
260478,1,0,0.201684,0.346851,0.175954,0.28494,1,0,,0,0,0,0,0,0,0,0,103808,104555,0,232,0
260578,1,0,0.141179,0.305716,0.18893,0.318164,1,0,,0,0,0,0,0,0,0,0,103808,104555,0,232,0
260678,1,0,0.0988252,0.264338,0.196471,0.283813,1,0,,0,0,0,0,0,0,0,0,103808,104555,0,232,0
260778,1,0,0.0691776,0.225306,0.199355,0.271925,1,0,,0,0,0,0,0,0,0,0,103808,104555,0,232,0
260878,1,0,0.0484243,0.18993,0.198412,0.295389,1,0,,0,0,0,0,0,0,0,0,103808,104555,0,232,0
260978,1,0,0.033897,0.158723,0.194443,0.307838,1,0,,0,0,0,0,0,0,0,0,103808,104555,0,232,0
261078,1,0,0.0237279,0.131724,0.188171,0.276152,1,0,,0,0,0,0,0,0,0,0,103808,104555,0,232,0
261178,1,0,0.0166095,0.108701,0.180224,0.299686,1,0,,0,0,0,0,0,0,0,0,103808,104555,0,232,0
261278,1,0,0.0116267,0.0892863,0.17113,0.270948,1,0,,0,0,0,0,0,0,0,0,103808,104555,0,232,0
261378,1,0,0.00813868,0.0730568,0.161323,0.309347,1,0,,0,0,0,0,0,0,0,0,103808,104555,0,232,0
261478,1,0,0.00569708,0.0595848,0.151149,0.28161,1,0,,0,0,0,0,0,0,0,0,103808,104555,0,232,0
261578,1,0,0.00398795,0.0484655,0.140881,0.282084,1,0,,0,0,0,0,0,0,0,0,103808,104555,0,232,0
261678,1,0,0.00279157,0.0393307,0.130726,0.254273,1,0,,0,0,0,0,0,0,0,0,103808,104555,0,232,0
261778,1,0,0.0019541,0.0318554,0.120839,0.260074,1,0,,0,0,0,0,0,0,0,0,103808,104555,0,232,0
261878,1,0,0.00136787,0.0257579,0.111331,0.298372,1,0,,0,0,0,0,0,0,0,0,103808,104555,0,232,0
261978,1,0,0.000957507,0.0207978,0.102277,0.317634,1,0,,0,0,0,0,0,0,0,0,103808,104555,0,232,0
262078,1,0,0.000670255,0.0167723,0.0937269,0.298097,1,0,,0,0,0,0,0,0,0,0,103808,104555,0,232,0
262178,1,0,0.000469179,0.0135117,0.0857054,0.284347,1,0,,0,0,0,0,0,0,0,0,103808,104555,0,232,0
262278,1,0,0.000328425,0.010875,0.0782223,0.291436,1,0,,0,0,0,0,0,0,0,0,103808,104555,0,232,0
262378,1,0,0.000229898,0.008746,0.0712747,0.265877,1,0,,0,0,0,0,0,0,0,0,103808,104555,0,232,0
262478,1,0,0.000160928,0.00702898,0.0648501,0.284927,1,0,,0,0,0,0,0,0,0,0,103808,104555,0,232,0
262578,1,0,0.00011265,0.00564572,0.0589297,0.294289,1,0,,0,0,0,0,0,0,0,0,103808,104555,0,232,0
262678,1,0,7.88548e-005,0.00453234,0.0534899,0.307139,1,0,,0,0,0,0,0,0,0,0,103808,104555,0,232,0
262778,1,0,5.51984e-005,0.00363691,0.0485046,0.319614,1,0,,0,0,0,0,0,0,0,0,103808,104555,0,232,0
262878,1,0,3.86389e-005,0.00291726,0.0439459,0.266901,1,0,,0,0,0,0,0,0,0,0,103808,104555,0,232,0
262978,1,0,2.70472e-005,0.00233922,0.0397852,0.283103,1,0,,0,0,0,0,0,0,0,0,103808,104555,0,232,0
263078,1,0,1.8933e-005,0.00187516,0.0359942,0.294589,1,0,,0,0,0,0,0,0,0,0,103808,104555,0,232,0
263178,1,0,1.32531e-005,0.00150278,0.0325451,0.292852,1,0,,0,0,0,0,0,0,0,0,103808,104555,0,232,0
263278,1,0,9.27719e-006,0.00120408,0.029411,0.276703,1,0,,0,0,0,0,0,0,0,0,103808,104555,0,232,0
263378,1,0,6.49404e-006,0.000964562,0.0265663,0.270865,1,0,,0,0,0,0,0,0,0,0,103808,104555,0,232,0
263478,1,0,4.54582e-006,0.000772559,0.023987,0.281664,1,0,,0,0,0,0,0,0,0,0,103808,104555,0,232,0
263578,1,0,3.18208e-006,0.000618683,0.0216501,0.296627,1,0,,0,0,0,0,0,0,0,0,103808,104555,0,232,0
263678,1,0,2.22745e-006,0.000495392,0.0195347,0.282925,1,0,,0,0,0,0,0,0,0,0,103808,104555,0,232,0
263778,1,0,1.55922e-006,0.000396626,0.0176209,0.288087,1,0,,0,0,0,0,0,0,0,0,103808,104555,0,232,0
263878,1,4,1.2,0.240318,0.0398905,0.287389,1,0,,0,0,0,0,0,0,0,0,103808,104555,0,232,0
263978,1,0,0.840001,0.360254,0.0719269,0.288966,1,0,,0,0,0,0,0,0,0,0,103808,104555,0,232,0
264078,1,0,0.588001,0.405803,0.105315,0.266302,1,0,,0,0,0,0,0,0,0,0,103808,104555,0,232,0
264178,1,0,0.4116,0.406963,0.135479,0.263926,1,0,,0,0,0,0,0,0,0,0,103808,104555,0,232,0
264278,1,0,0.28812,0.383194,0.160251,0.289626,1,0,,0,0,0,0,0,0,0,0,103808,104555,0,232,0
264378,1,0,0.201684,0.346892,0.178915,0.275724,1,0,,0,0,0,0,0,0,0,0,103808,104555,0,232,0
264478,1,0,0.141179,0.30575,0.191598,0.30831,1,0,,0,0,0,0,0,0,0,0,103808,104555,0,232,0
264578,1,0,0.0988253,0.264365,0.198875,0.265261,1,0,,0,0,0,0,0,0,0,0,103808,104555,0,232,0
264678,1,0,0.0691777,0.225327,0.20152,0.270697,1,0,,0,0,0,0,0,0,0,0,103808,104555,0,232,0
264778,1,0,0.0484244,0.189947,0.200363,0.261394,1,0,,0,0,0,0,0,0,0,0,103808,104555,0,232,0
264878,1,0,0.0338971,0.158737,0.1962,0.278795,1,0,,0,0,0,0,0,0,0,0,103808,104555,0,232,0
264978,1,0,0.0237279,0.131735,0.189754,0.274645,1,0,,0,0,0,0,0,0,0,0,103808,104555,0,232,0
265078,1,0,0.0166096,0.10871,0.181649,0.275009,1,0,,0,0,0,0,0,0,0,0,103808,104555,0,232,0
265178,1,0,0.0116267,0.0892933,0.172414,0.267683,1,0,,0,0,0,0,0,0,0,0,103808,104555,0,232,0
265278,1,0,0.00813868,0.0730624,0.162479,0.276585,1,0,,0,0,0,0,0,0,0,0,103808,104555,0,232,0
265378,1,0,0.00569708,0.0595893,0.15219,0.278385,1,0,,0,0,0,0,0,0,0,0,103808,104555,0,232,0
265478,1,0,0.00398795,0.0484691,0.141818,0.277085,1,0,,0,0,0,0,0,0,0,0,103808,104555,0,232,0
265578,1,0,0.00279157,0.0393336,0.131569,0.282385,1,0,,0,0,0,0,0,0,0,0,103808,104555,0,232,0
265678,1,0,0.0019541,0.0318577,0.121598,0.269522,1,0,,0,0,0,0,0,0,0,0,103808,104555,0,232,0
265778,1,0,0.00136787,0.0257597,0.112014,0.281285,1,0,,0,0,0,0,0,0,0,0,103808,104555,0,232,0
265878,1,0,0.000957508,0.0207993,0.102893,0.296948,1,0,,0,0,0,0,0,0,0,0,103808,104555,0,232,0
265978,1,0,0.000670256,0.0167735,0.0942808,0.291835,1,0,,0,0,0,0,0,0,0,0,103808,104555,0,232,0
266078,1,0,0.000469179,0.0135126,0.086204,0.261285,1,0,,0,0,0,0,0,0,0,0,103808,104555,0,232,0
266178,1,0,0.000328425,0.0108758,0.0786711,0.255859,1,0,,0,0,0,0,0,0,0,0,103808,104555,0,232,0
266278,1,0,0.000229898,0.0087466,0.0716787,0.250556,1,0,,0,0,0,0,0,0,0,0,103808,104555,0,232,0
266378,1,0,0.000160928,0.00702946,0.0652138,0.31572,1,0,,0,0,0,0,0,0,0,0,103808,104555,0,232,0
266478,1,0,0.00011265,0.0056461,0.059257,0.282096,1,0,,0,0,0,0,0,0,0,0,103808,104555,0,232,0
266578,1,0,7.88549e-005,0.00453265,0.0537846,0.294459,1,0,,0,0,0,0,0,0,0,0,103808,104555,0,232,0
266678,1,0,5.51984e-005,0.00363716,0.0487698,0.272271,1,0,,0,0,0,0,0,0,0,0,103808,104555,0,232,0
266778,1,0,3.86389e-005,0.00291746,0.0441846,0.287497,1,0,,0,0,0,0,0,0,0,0,103808,104555,0,232,0
266878,1,0,2.70472e-005,0.00233937,0.0400001,0.282886,1,0,,0,0,0,0,0,0,0,0,103808,104555,0,232,0
266978,1,0,1.89331e-005,0.00187529,0.0361876,0.266696,1,0,,0,0,0,0,0,0,0,0,103808,104555,0,232,0
267078,1,0,1.32531e-005,0.00150288,0.0327191,0.329357,1,0,,0,0,0,0,0,0,0,0,103808,104555,0,232,0
267178,1,0,9.2772e-006,0.00120416,0.0295676,0.284708,1,0,,0,0,0,0,0,0,0,0,103808,104555,0,232,0
267278,1,0,6.49404e-006,0.000964626,0.0267073,0.279631,1,0,,0,0,0,0,0,0,0,0,103808,104555,0,232,0
267378,1,0,4.54583e-006,0.00077261,0.0241138,0.275069,1,0,,0,0,0,0,0,0,0,0,103808,104555,0,232,0
267478,1,0,3.18208e-006,0.000618725,0.0217643,0.307594,1,0,,0,0,0,0,0,0,0,0,103808,104555,0,232,0
267578,1,0,2.22745e-006,0.000495425,0.0196374,0.293932,1,0,,0,0,0,0,0,0,0,0,103808,104555,0,232,0
267678,1,0,1.55922e-006,0.000396652,0.0177134,0.259718,1,0,,0,0,0,0,0,0,0,0,103808,104555,0,232,0
267778,1,0,1.09145e-006,0.00031754,0.0159738,0.272933,1,0,,0,0,0,0,0,0,0,0,103808,104555,0,232,0
267878,1,4,1.2,0.240254,0.0384018,0.277988,1,0,,0,0,0,0,0,0,0,0,103808,104555,0,232,0
267978,1,0,0.840001,0.360203,0.070582,0.276938,1,0,,0,0,0,0,0,0,0,0,103808,104555,0,232,0
268078,1,0,0.588,0.405763,0.1041,0.280887,1,0,,0,0,0,0,0,0,0,0,103808,104555,0,232,0
268178,1,0,0.4116,0.40693,0.134383,0.273649,1,0,,0,0,0,0,0,0,0,0,103808,104555,0,232,0
268278,1,0,0.28812,0.383168,0.159262,0.269911,1,0,,0,0,0,0,0,0,0,0,103808,104555,0,232,0
268378,1,0,0.201684,0.346871,0.178023,0.255287,1,0,,0,0,0,0,0,0,0,0,103808,104555,0,232,0
268478,1,0,0.141179,0.305733,0.190794,0.284849,1,0,,0,0,0,0,0,0,0,0,103808,104555,0,232,0
268578,1,0,0.0988252,0.264351,0.198149,0.275899,1,0,,0,0,0,0,0,0,0,0,103808,104555,0,232,0
268678,1,0,0.0691776,0.225317,0.200866,0.285149,1,0,,0,0,0,0,0,0,0,0,103808,104555,0,232,0
268778,1,0,0.0484243,0.189938,0.199773,0.285948,1,0,,0,0,0,0,0,0,0,0,103808,104555,0,232,0
268878,1,0,0.033897,0.15873,0.195669,0.319923,1,0,,0,0,0,0,0,0,0,0,103808,104555,0,232,0
268978,1,0,0.0237279,0.13173,0.189275,0.26936,1,0,,0,0,0,0,0,0,0,0,103808,104555,0,232,0
269078,1,0,0.0166095,0.108706,0.181218,0.273209,1,0,,0,0,0,0,0,0,0,0,103808,104555,0,232,0
269178,1,0,0.0116267,0.0892898,0.172025,0.292122,1,0,,0,0,0,0,0,0,0,0,103808,104555,0,232,0
269278,1,0,0.00813868,0.0730596,0.162129,0.248846,1,0,,0,0,0,0,0,0,0,0,103808,104555,0,232,0
269378,1,0,0.00569708,0.0595871,0.151875,0.260808,1,0,,0,0,0,0,0,0,0,0,103808,104555,0,232,0
269478,1,0,0.00398795,0.0484672,0.141534,0.279295,1,0,,0,0,0,0,0,0,0,0,103808,104555,0,232,0
269578,1,0,0.00279157,0.0393321,0.131314,0.282881,1,0,,0,0,0,0,0,0,0,0,103808,104555,0,232,0
269678,1,0,0.0019541,0.0318565,0.121368,0.286331,1,0,,0,0,0,0,0,0,0,0,103808,104555,0,232,0
269778,1,0,0.00136787,0.0257588,0.111807,0.270844,1,0,,0,0,0,0,0,0,0,0,103808,104555,0,232,0
269878,1,0,0.000957507,0.0207985,0.102706,0.269356,1,0,,0,0,0,0,0,0,0,0,103808,104555,0,232,0
269978,1,0,0.000670255,0.0167729,0.0941128,0.289069,1,0,,0,0,0,0,0,0,0,0,103808,104555,0,232,0
270078,1,0,0.000469179,0.0135121,0.0860527,0.275681,1,0,,0,0,0,0,0,0,0,0,103808,104555,0,232,0
270178,1,0,0.000328425,0.0108754,0.078535,0.263749,1,0,,0,0,0,0,0,0,0,0,103808,104555,0,232,0
270278,1,0,0.000229898,0.00874629,0.0715561,0.283825,1,0,,0,0,0,0,0,0,0,0,103808,104555,0,232,0
270378,1,0,0.000160928,0.00702922,0.0651034,0.271625,1,0,,0,0,0,0,0,0,0,0,103808,104555,0,232,0
270478,1,0,0.00011265,0.00564591,0.0591577,0.299376,1,0,,0,0,0,0,0,0,0,0,103808,104555,0,232,0
270578,1,0,7.88548e-005,0.0045325,0.0536952,0.283199,1,0,,0,0,0,0,0,0,0,0,103808,104555,0,232,0
270678,1,0,5.51984e-005,0.00363704,0.0486894,0.298886,1,0,,0,0,0,0,0,0,0,0,103808,104555,0,232,0
270778,1,0,3.86389e-005,0.00291736,0.0441121,0.288784,1,0,,0,0,0,0,0,0,0,0,103808,104555,0,232,0
270878,1,0,2.70472e-005,0.0023393,0.0399349,0.269608,1,0,,0,0,0,0,0,0,0,0,103808,104555,0,232,0
270978,1,0,1.8933e-005,0.00187522,0.0361289,0.276635,1,0,,0,0,0,0,0,0,0,0,103808,104555,0,232,0
271078,1,0,1.32531e-005,0.00150283,0.0326663,0.285649,1,0,,0,0,0,0,0,0,0,0,103808,104555,0,232,0
271178,1,0,9.27719e-006,0.00120412,0.0295201,0.260684,1,0,,0,0,0,0,0,0,0,0,103808,104555,0,232,0
271278,1,0,6.49404e-006,0.000964594,0.0266645,0.284485,1,0,,0,0,0,0,0,0,0,0,103808,104555,0,232,0
271378,1,0,4.54582e-006,0.000772584,0.0240753,0.257896,1,0,,0,0,0,0,0,0,0,0,103808,104555,0,232,0
271478,1,0,3.18208e-006,0.000618704,0.0217297,0.288508,1,0,,0,0,0,0,0,0,0,0,103808,104555,0,232,0
271578,1,0,2.22745e-006,0.000495408,0.0196062,0.26422,1,0,,0,0,0,0,0,0,0,0,103808,104555,0,232,0
271678,1,0,1.55922e-006,0.000396639,0.0176853,0.293244,1,0,,0,0,0,0,0,0,0,0,103808,104555,0,232,0
271778,1,4,1.2,0.240318,0.0399485,0.27526,1,0,,0,0,0,0,0,0,0,0,103808,104555,0,232,0
271878,1,0,0.840001,0.360254,0.0719791,0.273973,1,0,,0,0,0,0,0,0,0,0,103808,104555,0,232,0
271978,1,0,0.588001,0.405803,0.105362,0.272873,1,0,,0,0,0,0,0,0,0,0,103808,104555,0,232,0
272078,1,0,0.4116,0.406963,0.135522,0.268261,1,0,,0,0,0,0,0,0,0,0,103808,104555,0,232,0
272178,1,0,0.28812,0.383194,0.160289,0.309373,1,0,,0,0,0,0,0,0,0,0,103808,104555,0,232,0
272278,1,0,0.201684,0.346892,0.178949,0.269824,1,0,,0,0,0,0,0,0,0,0,103808,104555,0,232,0
272378,1,0,0.141179,0.30575,0.191629,0.26195,1,0,,0,0,0,0,0,0,0,0,103808,104555,0,232,0
272478,1,0,0.0988253,0.264365,0.198903,0.258874,1,0,,0,0,0,0,0,0,0,0,103808,104555,0,232,0
272578,1,0,0.0691777,0.225327,0.201545,0.274499,1,0,,0,0,0,0,0,0,0,0,103808,104555,0,232,0
272678,1,0,0.0484244,0.189947,0.200385,0.29381,1,0,,0,0,0,0,0,0,0,0,103808,104555,0,232,0
272778,1,0,0.0338971,0.158737,0.196221,0.283785,1,0,,0,0,0,0,0,0,0,0,103808,104555,0,232,0
272878,1,0,0.0237279,0.131735,0.189772,0.292761,1,0,,0,0,0,0,0,0,0,0,103808,104555,0,232,0
272978,1,0,0.0166096,0.10871,0.181666,0.266785,1,0,,0,0,0,0,0,0,0,0,103808,104555,0,232,0
273078,1,0,0.0116267,0.0892933,0.172429,0.287497,1,0,,0,0,0,0,0,0,0,0,103808,104555,0,232,0
273178,1,0,0.00813868,0.0730624,0.162492,0.291225,1,0,,0,0,0,0,0,0,0,0,103808,104555,0,232,0
273278,1,0,0.00569708,0.0595893,0.152202,0.310839,1,0,,0,0,0,0,0,0,0,0,103808,104555,0,232,0
273378,1,0,0.00398795,0.0484691,0.141828,0.283063,1,0,,0,0,0,0,0,0,0,0,103808,104555,0,232,0
273478,1,0,0.00279157,0.0393336,0.131579,0.2817,1,0,,0,0,0,0,0,0,0,0,103808,104555,0,232,0
273578,1,0,0.0019541,0.0318577,0.121607,0.286548,1,0,,0,0,0,0,0,0,0,0,103808,104555,0,232,0
273678,1,0,0.00136787,0.0257597,0.112022,0.306409,1,0,,0,0,0,0,0,0,0,0,103808,104555,0,232,0
273778,1,0,0.000957508,0.0207993,0.1029,0.306673,1,0,,0,0,0,0,0,0,0,0,103808,104555,0,232,0
273878,1,0,0.000670256,0.0167735,0.0942871,0.268622,1,0,,0,0,0,0,0,0,0,0,103808,104555,0,232,0
273978,1,0,0.000469179,0.0135126,0.0862097,0.267671,1,0,,0,0,0,0,0,0,0,0,103808,104555,0,232,0
274078,1,0,0.000328425,0.0108758,0.0786763,0.288621,1,0,,0,0,0,0,0,0,0,0,103808,104555,0,232,0
274178,1,0,0.000229898,0.0087466,0.0716833,0.248147,1,0,,0,0,0,0,0,0,0,0,103808,104555,0,232,0
274278,1,0,0.000160928,0.00702946,0.0652179,0.260847,1,0,,0,0,0,0,0,0,0,0,103808,104555,0,232,0
274378,1,0,0.00011265,0.0056461,0.0592607,0.316484,1,0,,0,0,0,0,0,0,0,0,103808,104555,0,232,0
274478,1,0,7.88549e-005,0.00453265,0.0537879,0.255235,1,0,,0,0,0,0,0,0,0,0,103808,104555,0,232,0
274578,1,0,5.51984e-005,0.00363716,0.0487728,0.259109,1,0,,0,0,0,0,0,0,0,0,103808,104555,0,232,0
274678,1,0,3.86389e-005,0.00291746,0.0441873,0.315823,1,0,,0,0,0,0,0,0,0,0,103808,104555,0,232,0
274778,1,0,2.70472e-005,0.00233937,0.0400025,0.355273,1,0,,0,0,0,0,0,0,0,0,103808,104555,0,232,0
274878,1,0,1.89331e-005,0.00187529,0.0361898,0.268211,1,0,,0,0,0,0,0,0,0,0,103808,104555,0,232,0
274978,1,0,1.32531e-005,0.00150288,0.0327211,0.291986,1,0,,0,0,0,0,0,0,0,0,103808,104555,0,232,0
275078,1,0,9.2772e-006,0.00120416,0.0295694,0.253361,1,0,,0,0,0,0,0,0,0,0,103808,104555,0,232,0
275178,1,0,6.49404e-006,0.000964626,0.0267089,0.289449,1,0,,0,0,0,0,0,0,0,0,103808,104555,0,232,0
275278,1,0,4.54583e-006,0.00077261,0.0241153,0.276746,1,0,,0,0,0,0,0,0,0,0,103808,104555,0,232,0
275378,1,0,3.18208e-006,0.000618725,0.0217656,0.273032,1,0,,0,0,0,0,0,0,0,0,103808,104555,0,232,0
275478,1,0,2.22745e-006,0.000495425,0.0196386,0.268269,1,0,,0,0,0,0,0,0,0,0,103808,104555,0,232,0
275578,1,0,1.55922e-006,0.000396652,0.0177144,0.292956,1,0,,0,0,0,0,0,0,0,0,103808,104555,0,232,0
275678,1,3,0.900001,0.180318,0.0339747,0.292915,1,0,,0,0,0,0,0,0,0,0,103808,104555,0,232,0
275778,1,0,0.630001,0.270254,0.0576027,0.24854,1,0,,0,0,0,0,0,0,0,0,103808,104555,0,232,0
275878,1,0,0.441001,0.304403,0.0822828,0.323052,1,0,,0,0,0,0,0,0,0,0,103808,104555,0,232,0
275978,1,0,0.3087,0.305263,0.104581,0.310403,1,0,,0,0,0,0,0,0,0,0,103808,104555,0,232,0
276078,1,0,0.21609,0.287428,0.122866,0.282453,1,0,,0,0,0,0,0,0,0,0,103808,104555,0,232,0
276178,1,0,0.151263,0.260195,0.136598,0.276228,1,0,,0,0,0,0,0,0,0,0,103808,104555,0,232,0
276278,1,0,0.105884,0.229333,0.145872,0.304541,1,0,,0,0,0,0,0,0,0,0,103808,104555,0,232,0
276378,1,0,0.074119,0.19829,0.151114,0.255028,1,0,,0,0,0,0,0,0,0,0,103808,104555,0,232,0
276478,1,0,0.0518833,0.169009,0.152903,0.30874,1,0,,0,0,0,0,0,0,0,0,103808,104555,0,232,0
276578,1,0,0.0363183,0.142471,0.15186,0.28805,1,0,,0,0,0,0,0,0,0,0,103808,104555,0,232,0
276678,1,0,0.0254228,0.119061,0.14858,0.263576,1,0,,0,0,0,0,0,0,0,0,103808,104555,0,232,0
276778,1,0,0.017796,0.0988081,0.143603,0.293587,1,0,,0,0,0,0,0,0,0,0,103808,104555,0,232,0
276878,1,0,0.0124572,0.0815379,0.137396,0.266738,1,0,,0,0,0,0,0,0,0,0,103808,104555,0,232,0
276978,1,0,0.00872002,0.0669744,0.130354,0.272586,1,0,,0,0,0,0,0,0,0,0,103808,104555,0,232,0
277078,1,0,0.00610401,0.0548003,0.122799,0.278948,1,0,,0,0,0,0,0,0,0,0,103808,104555,0,232,0
277178,1,0,0.00427281,0.0446948,0.114988,0.285472,1,0,,0,0,0,0,0,0,0,0,103808,104555,0,232,0
277278,1,0,0.00299097,0.036354,0.107125,0.275197,1,0,,0,0,0,0,0,0,0,0,103808,104555,0,232,0
277378,1,0,0.00209368,0.029502,0.0993627,0.277597,1,0,,0,0,0,0,0,0,0,0,103808,104555,0,232,0
277478,1,0,0.00146557,0.0238947,0.0918159,0.263523,1,0,,0,0,0,0,0,0,0,0,103808,104555,0,232,0
277578,1,0,0.0010259,0.0193209,0.0845664,0.264961,1,0,,0,0,0,0,0,0,0,0,103808,104555,0,232,0
277678,1,0,0.000718131,0.0156004,0.0776698,0.279436,1,0,,0,0,0,0,0,0,0,0,103808,104555,0,232,0
277778,1,0,0.000502692,0.0125808,0.0711609,0.267911,1,0,,0,0,0,0,0,0,0,0,103808,104555,0,232,0
277878,1,0,0.000351884,0.010135,0.0650583,0.287698,1,0,,0,0,0,0,0,0,0,0,103808,104555,0,232,0
277978,1,0,0.000246319,0.0081573,0.0593682,0.314135,1,0,,0,0,0,0,0,0,0,0,103808,104555,0,232,0
278078,1,0,0.000172423,0.00656032,0.0540874,0.276697,1,0,,0,0,0,0,0,0,0,0,103808,104555,0,232,0
278178,1,0,0.000120696,0.0052724,0.0492059,0.31086,1,0,,0,0,0,0,0,0,0,0,103808,104555,0,232,0
278278,1,0,8.44874e-005,0.00423482,0.0447088,0.265257,1,0,,0,0,0,0,0,0,0,0,103808,104555,0,232,0
278378,1,0,5.91412e-005,0.00339968,0.0405779,0.246656,1,0,,0,0,0,0,0,0,0,0,103808,104555,0,232,0
278478,1,0,4.13988e-005,0.00272803,0.0367929,0.256205,1,0,,0,0,0,0,0,0,0,0,103808,104555,0,232,0
278578,1,0,2.89792e-005,0.00218822,0.0333324,0.264806,1,0,,0,0,0,0,0,0,0,0,103808,104555,0,232,0
278678,1,0,2.02854e-005,0.00175463,0.0301746,0.281481,1,0,,0,0,0,0,0,0,0,0,103808,104555,0,232,0
278778,1,0,1.41998e-005,0.00140654,0.0272978,0.269243,1,0,,0,0,0,0,0,0,0,0,103808,104555,0,232,0
278878,1,0,9.93986e-006,0.00112722,0.0246808,0.30423,1,0,,0,0,0,0,0,0,0,0,103808,104555,0,232,0
278978,1,0,6.9579e-006,0.00090317,0.022303,0.269654,1,0,,0,0,0,0,0,0,0,0,103808,104555,0,232,0
279078,1,0,4.87053e-006,0.00072351,0.0201451,0.269292,1,0,,0,0,0,0,0,0,0,0,103808,104555,0,232,0
279178,1,0,3.40937e-006,0.00057949,0.0181885,0.289806,1,0,,0,0,0,0,0,0,0,0,103808,104555,0,232,0
279278,1,0,2.38656e-006,0.000464069,0.0164161,0.251681,1,0,,0,0,0,0,0,0,0,0,103808,104555,0,232,0
279378,1,0,1.67059e-006,0.00037159,0.0148116,0.270967,1,0,,0,0,0,0,0,0,0,0,103808,104555,0,232,0
279478,1,0,1.16941e-006,0.000297506,0.0133602,0.265782,1,0,,0,0,0,0,0,0,0,0,103808,104555,0,232,0
279578,1,0,8.1859e-007,0.000238168,0.012048,0.266107,1,0,,0,0,0,0,0,0,0,0,103808,104555,0,232,0
279678,1,4,1.2,0.240191,0.0348623,0.268518,1,0,,0,0,0,0,0,0,0,0,103808,104555,0,232,0
279778,1,0,0.84,0.360153,0.0673913,0.265918,1,0,,0,0,0,0,0,0,0,0,103808,104555,0,232,0
279878,1,0,0.588,0.405722,0.101224,0.28593,1,0,,0,0,0,0,0,0,0,0,103808,104555,0,232,0
279978,1,0,0.4116,0.406898,0.131792,0.282118,1,0,,0,0,0,0,0,0,0,0,103808,104555,0,232,0
280078,1,0,0.28812,0.383142,0.156927,0.325531,1,0,,0,0,0,0,0,0,0,0,103808,104555,0,232,0
280178,1,0,0.201684,0.346851,0.175919,0.306306,1,0,,0,0,0,0,0,0,0,0,103808,104555,0,232,0
280278,1,0,0.141179,0.305716,0.188899,0.277693,1,0,,0,0,0,0,0,0,0,0,103808,104555,0,232,0
280378,1,0,0.0988252,0.264338,0.196443,0.244923,1,0,,0,0,0,0,0,0,0,0,103808,104555,0,232,0
280478,1,0,0.0691776,0.225306,0.199329,0.295347,1,0,,0,0,0,0,0,0,0,0,103808,104555,0,232,0
280578,1,0,0.0484243,0.18993,0.198389,0.28016,1,0,,0,0,0,0,0,0,0,0,103808,104555,0,232,0
280678,1,0,0.033897,0.158723,0.194423,0.281235,1,0,,0,0,0,0,0,0,0,0,103808,104555,0,232,0
280778,1,0,0.0237279,0.131724,0.188153,0.261773,1,0,,0,0,0,0,0,0,0,0,103808,104555,0,232,0
280878,1,1,0.31661,0.168701,0.186208,0.302561,1,0,,0,0,0,0,0,0,0,0,103808,104555,0,232,0
280978,1,0,0.221627,0.179286,0.185515,0.301151,1,0,,0,0,0,0,0,0,0,0,103808,104555,0,232,0
281078,1,0,0.155139,0.174457,0.18441,0.281886,1,0,,0,0,0,0,0,0,0,0,103808,104555,0,232,0
281178,1,0,0.108597,0.161285,0.182097,0.273524,1,0,,0,0,0,0,0,0,0,0,103808,104555,0,232,0
281278,1,0,0.0760179,0.144231,0.178311,0.292899,1,0,,0,0,0,0,0,0,0,0,103808,104555,0,232,0
281378,1,1,0.353213,0.186028,0.179082,0.293312,1,0,,0,0,0,0,0,0,0,0,103808,104555,0,232,0
281478,1,0,0.247249,0.198272,0.181001,0.2613,1,0,,0,0,0,0,0,0,0,0,103808,104555,0,232,0
281578,1,0,0.173074,0.193232,0.182224,0.293099,1,0,,0,0,0,0,0,0,0,0,103808,104555,0,232,0
281678,1,0,0.121152,0.178816,0.181883,0.289787,1,0,,0,0,0,0,0,0,0,0,103808,104555,0,232,0
281778,1,0,0.0848063,0.160014,0.179697,0.282901,1,0,,0,0,0,0,0,0,0,0,103808,104555,0,232,0
281878,1,0,0.0593644,0.139884,0.175715,0.299052,1,0,,0,0,0,0,0,0,0,0,103808,104555,0,232,0
281978,1,0,0.0415551,0.120218,0.170166,0.285039,1,0,,0,0,0,0,0,0,0,0,103808,104555,0,232,0
282078,1,0,0.0290886,0.101992,0.163348,0.287441,1,0,,0,0,0,0,0,0,0,0,103808,104555,0,232,0
282178,1,0,0.020362,0.0856664,0.15558,0.322367,1,0,,0,0,0,0,0,0,0,0,103808,104555,0,232,0
282278,1,0,0.0142534,0.0713838,0.147161,0.270518,1,0,,0,0,0,0,0,0,0,0,103808,104555,0,232,0
282378,1,0,0.00997738,0.0591025,0.138355,0.270768,1,0,,0,0,0,0,0,0,0,0,103808,104555,0,232,0
282478,1,0,0.00698417,0.0486788,0.129387,0.275579,1,0,,0,0,0,0,0,0,0,0,103808,104555,0,232,0
282578,1,0,0.00488892,0.0399209,0.12044,0.313028,1,0,,0,0,0,0,0,0,0,0,103808,104555,0,232,0
282678,1,0,0.00342224,0.0326211,0.111659,0.25408,1,0,,0,0,0,0,0,0,0,0,103808,104555,0,232,0
282778,1,0,0.00239557,0.026576,0.10315,0.282183,1,0,,0,0,0,0,0,0,0,0,103808,104555,0,232,0
282878,1,0,0.0016769,0.0215962,0.0949949,0.298345,1,0,,0,0,0,0,0,0,0,0,103808,104555,0,232,0
282978,1,0,0.00117383,0.0175117,0.0872465,0.298555,1,0,,0,0,0,0,0,0,0,0,103808,104555,0,232,0
283078,1,1,0.300822,0.0741737,0.0859393,0.283157,1,0,,0,0,0,0,0,0,0,0,103808,104555,0,232,0
283178,1,0,0.210575,0.101454,0.0874907,0.275682,1,0,,0,0,0,0,0,0,0,0,103808,104555,0,232,0
283278,1,0,0.147403,0.110644,0.089806,0.255332,1,0,,0,0,0,0,0,0,0,0,103808,104555,0,232,0
283378,1,0,0.103182,0.109151,0.0917406,0.267081,1,0,,0,0,0,0,0,0,0,0,103808,104555,0,232,0
283478,1,0,0.0722273,0.101767,0.0927432,0.279842,1,0,,0,0,0,0,0,0,0,0,103808,104555,0,232,0
283578,1,4,1.25056,0.331525,0.116621,0.252655,1,0,,0,0,0,0,0,0,0,0,103808,104555,0,232,0
283678,1,0,0.875391,0.440298,0.148989,0.254567,1,0,,0,0,0,0,0,0,0,0,103808,104555,0,232,0
283778,1,0,0.612774,0.474793,0.181569,0.294066,1,0,,0,0,0,0,0,0,0,0,103808,104555,0,232,0
283878,1,0,0.428942,0.465623,0.209975,0.268915,1,0,,0,0,0,0,0,0,0,0,103808,104555,0,232,0
283978,1,0,0.300259,0.43255,0.232232,0.268537,1,0,,0,0,0,0,0,0,0,0,103808,104555,0,232,0
284078,1,0,0.210181,0.388077,0.247817,0.273201,1,0,,0,0,0,0,0,0,0,0,103808,104555,0,232,0
284178,1,0,0.147127,0.339887,0.257024,0.275026,1,0,,0,0,0,0,0,0,0,0,103808,104555,0,232,0
284278,1,0,0.102989,0.292507,0.260572,0.286703,1,0,,0,0,0,0,0,0,0,0,103808,104555,0,232,0
284378,1,0,0.0720922,0.248424,0.259357,0.309204,1,0,,0,0,0,0,0,0,0,0,103808,104555,0,232,0
284478,1,0,0.0504646,0.208832,0.254305,0.251242,1,0,,0,0,0,0,0,0,0,0,103808,104555,0,232,0
284578,1,0,0.0353252,0.174131,0.246287,0.273758,1,0,,0,0,0,0,0,0,0,0,103808,104555,0,232,0
284678,1,0,0.0247276,0.14425,0.236084,0.262831,1,0,,0,0,0,0,0,0,0,0,103808,104555,0,232,0
284778,1,0,0.0173093,0.118862,0.224362,0.281169,1,0,,0,0,0,0,0,0,0,0,103808,104555,0,232,0
284878,1,0,0.0121165,0.0975129,0.211677,0.329206,1,0,,0,0,0,0,0,0,0,0,103808,104555,0,232,0
284978,1,0,0.00848158,0.0797067,0.19848,0.278681,1,0,,0,0,0,0,0,0,0,0,103808,104555,0,232,0
285078,1,0,0.0059371,0.0649528,0.185127,0.258281,1,0,,0,0,0,0,0,0,0,0,103808,104555,0,232,0
285178,1,0,0.00415597,0.0527934,0.171894,0.26438,1,0,,0,0,0,0,0,0,0,0,103808,104555,0,232,0
285278,1,0,0.00290918,0.0428166,0.158986,0.27643,1,0,,0,0,0,0,0,0,0,0,103808,104555,0,232,0
285378,1,0,0.00203643,0.0346605,0.146553,0.264891,1,0,,0,0,0,0,0,0,0,0,103808,104555,0,232,0
285478,1,0,0.0014255,0.0280135,0.134699,0.264317,1,0,,0,0,0,0,0,0,0,0,103808,104555,0,232,0
285578,1,0,0.000997849,0.0226104,0.12349,0.32468,1,0,,0,0,0,0,0,0,0,0,103808,104555,0,232,0
285678,1,0,0.000698494,0.018228,0.112964,0.284931,1,0,,0,0,0,0,0,0,0,0,103808,104555,0,232,0
285778,1,0,0.000488946,0.0146802,0.103136,0.284618,1,0,,0,0,0,0,0,0,0,0,103808,104555,0,232,0
285878,1,0,0.000342262,0.0118126,0.0940035,0.291031,1,0,,0,0,0,0,0,0,0,0,103808,104555,0,232,0
285978,1,0,0.000239584,0.009498,0.0855529,0.258906,1,0,,0,0,0,0,0,0,0,0,103808,104555,0,232,0
286078,1,0,0.000167708,0.00763195,0.0777608,0.260083,1,0,,0,0,0,0,0,0,0,0,103808,104555,0,232,0
286178,1,0,0.000117396,0.00612904,0.0705977,0.265059,1,0,,0,0,0,0,0,0,0,0,103808,104555,0,232,0
286278,1,0,8.21772e-005,0.00491966,0.0640299,0.255646,1,0,,0,0,0,0,0,0,0,0,103808,104555,0,232,0
286378,1,0,5.7524e-005,0.00394724,0.0580216,0.256065,1,0,,0,0,0,0,0,0,0,0,103808,104555,0,232,0
286478,1,0,4.02668e-005,0.00316584,0.052536,0.268928,1,0,,0,0,0,0,0,0,0,0,103808,104555,0,232,0
286578,1,0,2.81868e-005,0.00253831,0.0475362,0.261002,1,0,,0,0,0,0,0,0,0,0,103808,104555,0,232,0
286678,1,0,1.97307e-005,0.0020346,0.0429861,0.273928,1,0,,0,0,0,0,0,0,0,0,103808,104555,0,232,0
286778,1,0,1.38115e-005,0.00163044,0.0388505,0.238653,1,0,,0,0,0,0,0,0,0,0,103808,104555,0,232,0
286878,1,0,9.66806e-006,0.00130628,0.0350961,0.279001,1,0,,0,0,0,0,0,0,0,0,103808,104555,0,232,0
286978,1,0,6.76764e-006,0.00104638,0.0316911,0.283364,1,0,,0,0,0,0,0,0,0,0,103808,104555,0,232,0
287078,1,0,4.73735e-006,0.000838052,0.0286058,0.2768,1,0,,0,0,0,0,0,0,0,0,103808,104555,0,232,0
287178,1,0,3.31614e-006,0.000671105,0.0258123,0.259314,1,0,,0,0,0,0,0,0,0,0,103808,104555,0,232,0
287278,1,0,2.3213e-006,0.000537348,0.0232848,0.278463,1,0,,0,0,0,0,0,0,0,0,103808,104555,0,232,0
287378,1,0,1.62491e-006,0.000430204,0.0209994,0.299689,1,0,,0,0,0,0,0,0,0,0,103808,104555,0,232,0
287478,1,4,1.2,0.240344,0.0429339,0.277229,1,0,,0,0,0,0,0,0,0,0,103808,104555,0,232,0
287578,1,0,0.840001,0.360276,0.074668,0.29768,1,0,,0,0,0,0,0,0,0,0,103808,104555,0,232,0
287678,1,0,0.588001,0.405821,0.107783,0.245331,1,0,,0,0,0,0,0,0,0,0,103808,104555,0,232,0
287778,1,0,0.4116,0.406977,0.137703,0.287006,1,0,,0,0,0,0,0,0,0,0,103808,104555,0,232,0
287878,1,0,0.28812,0.383205,0.162253,0.270018,1,0,,0,0,0,0,0,0,0,0,103808,104555,0,232,0
287978,1,0,0.201684,0.346901,0.180718,0.265632,1,0,,0,0,0,0,0,0,0,0,103808,104555,0,232,0
288078,1,0,0.141179,0.305757,0.193222,0.267194,1,0,,0,0,0,0,0,0,0,0,103808,104555,0,232,0
288178,1,0,0.0988253,0.26437,0.200337,0.32222,1,0,,0,0,0,0,0,0,0,0,103808,104555,0,232,0
288278,1,0,0.0691777,0.225332,0.202836,0.28887,1,0,,0,0,0,0,0,0,0,0,103808,104555,0,232,0
288378,1,0,0.0484244,0.18995,0.201547,0.262009,1,0,,0,0,0,0,0,0,0,0,103808,104555,0,232,0
288478,1,0,0.0338971,0.15874,0.197267,0.298672,1,0,,0,0,0,0,0,0,0,0,103808,104555,0,232,0
288578,1,0,0.0237279,0.131737,0.190714,0.266861,1,0,,0,0,0,0,0,0,0,0,103808,104555,0,232,0
288678,1,0,0.0166096,0.108712,0.182514,0.318198,1,0,,0,0,0,0,0,0,0,0,103808,104555,0,232,0
288778,1,0,0.0116267,0.0892948,0.173192,0.276686,1,0,,0,0,0,0,0,0,0,0,103808,104555,0,232,0
288878,1,0,0.00813868,0.0730636,0.163179,0.290585,1,0,,0,0,0,0,0,0,0,0,103808,104555,0,232,0
288978,1,0,0.00569708,0.0595903,0.15282,0.279847,1,0,,0,0,0,0,0,0,0,0,103808,104555,0,232,0
289078,1,0,0.00398795,0.0484698,0.142385,0.282771,1,0,,0,0,0,0,0,0,0,0,103808,104555,0,232,0
289178,1,0,0.00279157,0.0393342,0.13208,0.294883,1,0,,0,0,0,0,0,0,0,0,103808,104555,0,232,0
289278,1,0,0.0019541,0.0318582,0.122058,0.286259,1,0,,0,0,0,0,0,0,0,0,103808,104555,0,232,0
289378,1,0,0.00136787,0.0257601,0.112428,0.257482,1,0,,0,0,0,0,0,0,0,0,103808,104555,0,232,0
289478,1,0,0.000957508,0.0207996,0.103265,0.271768,1,0,,0,0,0,0,0,0,0,0,103808,104555,0,232,0
289578,1,0,0.000670256,0.0167737,0.094616,0.29277,1,0,,0,0,0,0,0,0,0,0,103808,104555,0,232,0
289678,1,0,0.000469179,0.0135128,0.0865056,0.264068,1,0,,0,0,0,0,0,0,0,0,103808,104555,0,232,0
289778,1,0,0.000328425,0.0108759,0.0789427,0.269245,1,0,,0,0,0,0,0,0,0,0,103808,104555,0,232,0
289878,1,0,0.000229898,0.00874673,0.0719231,0.266644,1,0,,0,0,0,0,0,0,0,0,103808,104555,0,232,0
289978,1,0,0.000160928,0.00702957,0.0654337,0.265551,1,0,,0,0,0,0,0,0,0,0,103808,104555,0,232,0
290078,1,0,0.00011265,0.00564618,0.059455,0.269464,1,0,,0,0,0,0,0,0,0,0,103808,104555,0,232,0
290178,1,0,7.88549e-005,0.00453272,0.0539627,0.29225,1,0,,0,0,0,0,0,0,0,0,103808,104555,0,232,0
290278,1,0,5.51984e-005,0.00363721,0.0489302,0.296674,1,0,,0,0,0,0,0,0,0,0,103808,104555,0,232,0
290378,1,0,3.86389e-005,0.0029175,0.0443289,0.27415,1,0,,0,0,0,0,0,0,0,0,103808,104555,0,232,0
290478,1,0,2.70472e-005,0.00233941,0.04013,0.320273,1,0,,0,0,0,0,0,0,0,0,103808,104555,0,232,0
290578,1,0,1.89331e-005,0.00187531,0.0363045,0.257785,1,0,,0,0,0,0,0,0,0,0,103808,104555,0,232,0
290678,1,0,1.32531e-005,0.0015029,0.0328243,0.269811,1,0,,0,0,0,0,0,0,0,0,103808,104555,0,232,0
290778,1,0,9.2772e-006,0.00120418,0.0296623,0.251947,1,0,,0,0,0,0,0,0,0,0,103808,104555,0,232,0
290878,1,0,6.49404e-006,0.00096464,0.0267926,0.26811,1,0,,0,0,0,0,0,0,0,0,103808,104555,0,232,0
290978,1,0,4.54583e-006,0.000772621,0.0241906,0.307585,1,0,,0,0,0,0,0,0,0,0,103808,104555,0,232,0
291078,1,0,3.18208e-006,0.000618733,0.0218334,0.287108,1,0,,0,0,0,0,0,0,0,0,103808,104555,0,232,0
291178,1,0,2.22745e-006,0.000495432,0.0196996,0.293123,1,0,,0,0,0,0,0,0,0,0,103808,104555,0,232,0
291278,1,0,1.55922e-006,0.000396658,0.0177693,0.261773,1,0,,0,0,0,0,0,0,0,0,103808,104555,0,232,0
291378,1,0,1.09145e-006,0.000317544,0.0160241,0.293635,1,0,,0,0,0,0,0,0,0,0,103808,104555,0,232,0
291478,1,4,1.2,0.240254,0.0384471,0.292122,1,0,,0,0,0,0,0,0,0,0,103808,104555,0,232,0
291578,1,0,0.840001,0.360203,0.0706228,0.30481,1,0,,0,0,0,0,0,0,0,0,103808,104555,0,232,0
291678,1,0,0.588,0.405763,0.104137,0.295272,1,0,,0,0,0,0,0,0,0,0,103808,104555,0,232,0
291778,1,0,0.4116,0.40693,0.134416,0.297748,1,0,,0,0,0,0,0,0,0,0,103808,104555,0,232,0
291878,1,0,0.28812,0.383168,0.159291,0.294924,1,0,,0,0,0,0,0,0,0,0,103808,104555,0,232,0
291978,1,0,0.201684,0.346871,0.178049,0.306475,1,0,,0,0,0,0,0,0,0,0,103808,104555,0,232,0
292078,1,0,0.141179,0.305733,0.190818,0.280625,1,0,,0,0,0,0,0,0,0,0,103808,104555,0,232,0
292178,1,0,0.0988252,0.264351,0.198171,0.259151,1,0,,0,0,0,0,0,0,0,0,103808,104555,0,232,0
292278,1,0,0.0691776,0.225317,0.200886,0.262001,1,0,,0,0,0,0,0,0,0,0,103808,104555,0,232,0
292378,1,0,0.0484243,0.189938,0.199791,0.302888,1,0,,0,0,0,0,0,0,0,0,103808,104555,0,232,0
292478,1,0,0.033897,0.15873,0.195685,0.299837,1,0,,0,0,0,0,0,0,0,0,103808,104555,0,232,0
292578,1,0,0.0237279,0.13173,0.189289,0.288287,1,0,,0,0,0,0,0,0,0,0,103808,104555,0,232,0
292678,1,0,0.0166095,0.108706,0.181231,0.288375,1,0,,0,0,0,0,0,0,0,0,103808,104555,0,232,0
292778,1,0,0.0116267,0.0892898,0.172037,0.283161,1,0,,0,0,0,0,0,0,0,0,103808,104555,0,232,0
292878,1,0,0.00813868,0.0730596,0.162139,0.289698,1,0,,0,0,0,0,0,0,0,0,103808,104555,0,232,0
292978,1,0,0.00569708,0.0595871,0.151884,0.300823,1,0,,0,0,0,0,0,0,0,0,103808,104555,0,232,0
293078,1,0,0.00398795,0.0484672,0.141542,0.276612,1,0,,0,0,0,0,0,0,0,0,103808,104555,0,232,0
293178,1,0,0.00279157,0.0393321,0.131321,0.332525,1,0,,0,0,0,0,0,0,0,0,103808,104555,0,232,0
293278,1,0,0.0019541,0.0318565,0.121375,0.260713,1,0,,0,0,0,0,0,0,0,0,103808,104555,0,232,0
293378,1,0,0.00136787,0.0257588,0.111813,0.301764,1,0,,0,0,0,0,0,0,0,0,103808,104555,0,232,0
293478,1,0,0.000957507,0.0207985,0.102712,0.320714,1,0,,0,0,0,0,0,0,0,0,103808,104555,0,232,0
293578,1,0,0.000670255,0.0167729,0.0941178,0.292015,1,0,,0,0,0,0,0,0,0,0,103808,104555,0,232,0
293678,1,0,0.000469179,0.0135121,0.0860572,0.25094,1,0,,0,0,0,0,0,0,0,0,103808,104555,0,232,0
293778,1,0,0.000328425,0.0108754,0.078539,0.288341,1,0,,0,0,0,0,0,0,0,0,103808,104555,0,232,0
293878,1,0,0.000229898,0.00874629,0.0715597,0.284789,1,0,,0,0,0,0,0,0,0,0,103808,104555,0,232,0
293978,1,0,0.000160928,0.00702922,0.0651067,0.299053,1,0,,0,0,0,0,0,0,0,0,103808,104555,0,232,0
294078,1,0,0.00011265,0.00564591,0.0591606,0.283615,1,0,,0,0,0,0,0,0,0,0,103808,104555,0,232,0
294178,1,0,7.88548e-005,0.0045325,0.0536978,0.280067,1,0,,0,0,0,0,0,0,0,0,103808,104555,0,232,0
294278,1,0,5.51984e-005,0.00363704,0.0486917,0.256742,1,0,,0,0,0,0,0,0,0,0,103808,104555,0,232,0
294378,1,0,3.86389e-005,0.00291736,0.0441143,0.244391,1,0,,0,0,0,0,0,0,0,0,103808,104555,0,232,0
294478,1,0,2.70472e-005,0.0023393,0.0399368,0.255578,1,0,,0,0,0,0,0,0,0,0,103808,104555,0,232,0
294578,1,0,1.8933e-005,0.00187522,0.0361306,0.254114,1,0,,0,0,0,0,0,0,0,0,103808,104555,0,232,0
294678,1,0,1.32531e-005,0.00150283,0.0326678,0.281152,1,0,,0,0,0,0,0,0,0,0,103808,104555,0,232,0
294778,1,0,9.27719e-006,0.00120412,0.0295215,0.324354,1,0,,0,0,0,0,0,0,0,0,103808,104555,0,232,0
294878,1,0,6.49404e-006,0.000964594,0.0266658,0.270665,1,0,,0,0,0,0,0,0,0,0,103808,104555,0,232,0
294978,1,0,4.54582e-006,0.000772584,0.0240765,0.269402,1,0,,0,0,0,0,0,0,0,0,103808,104555,0,232,0
295078,1,0,3.18208e-006,0.000618704,0.0217307,0.303189,1,0,,0,0,0,0,0,0,0,0,103808,104555,0,232,0
295178,1,0,2.22745e-006,0.000495408,0.0196072,0.262501,1,0,,0,0,0,0,0,0,0,0,103808,104555,0,232,0
295278,1,0,1.55922e-006,0.000396639,0.0176861,0.306351,1,0,,0,0,0,0,0,0,0,0,103808,104555,0,232,0
295378,1,4,1.2,0.240318,0.0399492,0.278053,1,0,,0,0,0,0,0,0,0,0,103808,104555,0,232,0
295478,1,0,0.840001,0.360254,0.0719797,0.262204,1,0,,0,0,0,0,0,0,0,0,103808,104555,0,232,0
295578,1,0,0.588001,0.405803,0.105362,0.25268,1,0,,0,0,0,0,0,0,0,0,103808,104555,0,232,0
295678,1,0,0.4116,0.406963,0.135522,0.257866,1,0,,0,0,0,0,0,0,0,0,103808,104555,0,232,0
295778,1,0,0.28812,0.383194,0.160289,0.274767,1,0,,0,0,0,0,0,0,0,0,103808,104555,0,232,0
295878,1,0,0.201684,0.346892,0.17895,0.281016,1,0,,0,0,0,0,0,0,0,0,103808,104555,0,232,0
295978,1,0,0.141179,0.30575,0.19163,0.28234,1,0,,0,0,0,0,0,0,0,0,103808,104555,0,232,0
296078,1,0,0.0988253,0.264365,0.198903,0.281465,1,0,,0,0,0,0,0,0,0,0,103808,104555,0,232,0
296178,1,0,0.0691777,0.225327,0.201546,0.278026,1,0,,0,0,0,0,0,0,0,0,103808,104555,0,232,0
296278,1,0,0.0484244,0.189947,0.200386,0.256864,1,0,,0,0,0,0,0,0,0,0,103808,104555,0,232,0
296378,1,0,0.0338971,0.158737,0.196221,0.280525,1,0,,0,0,0,0,0,0,0,0,103808,104555,0,232,0
296478,1,0,0.0237279,0.131735,0.189772,0.325375,1,0,,0,0,0,0,0,0,0,0,103808,104555,0,232,0
296578,1,0,0.0166096,0.10871,0.181666,0.266026,1,0,,0,0,0,0,0,0,0,0,103808,104555,0,232,0
296678,1,0,0.0116267,0.0892933,0.172429,0.27969,1,0,,0,0,0,0,0,0,0,0,103808,104555,0,232,0
296778,1,0,0.00813868,0.0730624,0.162492,0.26969,1,0,,0,0,0,0,0,0,0,0,103808,104555,0,232,0
296878,1,0,0.00569708,0.0595893,0.152202,0.267615,1,0,,0,0,0,0,0,0,0,0,103808,104555,0,232,0
296978,1,0,0.00398795,0.0484691,0.141829,0.293764,1,0,,0,0,0,0,0,0,0,0,103808,104555,0,232,0
297078,1,0,0.00279157,0.0393336,0.131579,0.28599,1,0,,0,0,0,0,0,0,0,0,103808,104555,0,232,0
297178,1,0,0.0019541,0.0318577,0.121607,0.280734,1,0,,0,0,0,0,0,0,0,0,103808,104555,0,232,0
297278,1,0,0.00136787,0.0257597,0.112022,0.247573,1,0,,0,0,0,0,0,0,0,0,103808,104555,0,232,0
297378,1,0,0.000957508,0.0207993,0.1029,0.280398,1,0,,0,0,0,0,0,0,0,0,103808,104555,0,232,0
297478,1,0,0.000670256,0.0167735,0.0942872,0.29301,1,0,,0,0,0,0,0,0,0,0,103808,104555,0,232,0
297578,1,0,0.000469179,0.0135126,0.0862098,0.260287,1,0,,0,0,0,0,0,0,0,0,103808,104555,0,232,0
297678,1,0,0.000328425,0.0108758,0.0786764,0.283874,1,0,,0,0,0,0,0,0,0,0,103808,104555,0,232,0
297778,1,0,0.000229898,0.0087466,0.0716834,0.317138,1,0,,0,0,0,0,0,0,0,0,103808,104555,0,232,0
297878,1,0,0.000160928,0.00702946,0.065218,0.279989,1,0,,0,0,0,0,0,0,0,0,103808,104555,0,232,0
297978,1,0,0.00011265,0.0056461,0.0592608,0.270652,1,0,,0,0,0,0,0,0,0,0,103808,104555,0,232,0
298078,1,0,7.88549e-005,0.00453265,0.053788,0.249353,1,0,,0,0,0,0,0,0,0,0,103808,104555,0,232,0
298178,1,0,5.51984e-005,0.00363716,0.0487729,0.273741,1,0,,0,0,0,0,0,0,0,0,103808,104555,0,232,0
298278,1,0,3.86389e-005,0.00291746,0.0441874,0.272579,1,0,,0,0,0,0,0,0,0,0,103808,104555,0,232,0
298378,1,0,2.70472e-005,0.00233937,0.0400026,0.300866,1,0,,0,0,0,0,0,0,0,0,103808,104555,0,232,0
298478,1,0,1.89331e-005,0.00187529,0.0361898,0.276241,1,0,,0,0,0,0,0,0,0,0,103808,104555,0,232,0
298578,1,0,1.32531e-005,0.00150288,0.0327211,0.31009,1,0,,0,0,0,0,0,0,0,0,103808,104555,0,232,0
298678,1,0,9.2772e-006,0.00120416,0.0295694,0.285078,1,0,,0,0,0,0,0,0,0,0,103808,104555,0,232,0
298778,1,0,6.49404e-006,0.000964626,0.026709,0.266226,1,0,,0,0,0,0,0,0,0,0,103808,104555,0,232,0
298878,1,0,4.54583e-006,0.00077261,0.0241153,0.301115,1,0,,0,0,0,0,0,0,0,0,103808,104555,0,232,0
298978,1,0,3.18208e-006,0.000618725,0.0217657,0.278215,1,0,,0,0,0,0,0,0,0,0,103808,104555,0,232,0
299078,1,0,2.22745e-006,0.000495425,0.0196386,0.274466,1,0,,0,0,0,0,0,0,0,0,103808,104555,0,232,0
299178,1,0,1.55922e-006,0.000396652,0.0177144,0.294416,1,0,,0,0,0,0,0,0,0,0,103808,104555,0,232,0
299278,1,4,1.2,0.240318,0.0399747,0.268145,1,0,,0,0,0,0,0,0,0,0,103808,104555,0,232,0
299378,1,0,0.840001,0.360254,0.0720027,0.33277,1,0,,0,0,0,0,0,0,0,0,103808,104555,0,232,0
299478,1,0,0.588001,0.405803,0.105383,0.283434,1,0,,0,0,0,0,0,0,0,0,103808,104555,0,232,0
299578,1,0,0.4116,0.406963,0.135541,0.262059,1,0,,0,0,0,0,0,0,0,0,103808,104555,0,232,0
299678,1,0,0.28812,0.383194,0.160306,0.269048,1,0,,0,0,0,0,0,0,0,0,103808,104555,0,232,0
299778,1,0,0.201684,0.346892,0.178965,0.283975,1,0,,0,0,0,0,0,0,0,0,103808,104555,0,232,0
299878,1,0,0.141179,0.30575,0.191643,0.280976,1,0,,0,0,0,0,0,0,0,0,103808,104555,0,232,0
299978,1,0,0.0988253,0.264365,0.198915,0.279463,1,0,,0,0,0,0,0,0,0,0,103808,104555,0,232,0
300078,1,0,0.0691777,0.225327,0.201557,0.260352,1,0,,0,0,0,0,0,0,0,0,103808,104555,0,232,0
300178,1,0,0.0484244,0.189947,0.200396,0.28783,1,0,,0,0,0,0,0,0,0,0,103808,104555,0,232,0
300278,1,0,0.0338971,0.158737,0.19623,0.29953,1,0,,0,0,0,0,0,0,0,0,103808,104555,0,232,0
300378,1,0,0.0237279,0.131735,0.18978,0.263018,1,0,,0,0,0,0,0,0,0,0,103808,104555,0,232,0
300478,1,0,0.0166096,0.10871,0.181673,0.289629,1,0,,0,0,0,0,0,0,0,0,103808,104555,0,232,0
300578,1,0,0.0116267,0.0892933,0.172435,0.299303,1,0,,0,0,0,0,0,0,0,0,103808,104555,0,232,0
300678,1,0,0.00813868,0.0730624,0.162498,0.263541,1,0,,0,0,0,0,0,0,0,0,103808,104555,0,232,0
300778,1,0,0.00569708,0.0595893,0.152207,0.292052,1,0,,0,0,0,0,0,0,0,0,103808,104555,0,232,0
300878,1,0,0.00398795,0.0484691,0.141833,0.272166,1,0,,0,0,0,0,0,0,0,0,103808,104555,0,232,0
300978,1,0,0.00279157,0.0393336,0.131583,0.273828,1,0,,0,0,0,0,0,0,0,0,103808,104555,0,232,0
301078,1,0,0.0019541,0.0318577,0.121611,0.288178,1,0,,0,0,0,0,0,0,0,0,103808,104555,0,232,0
301178,1,0,0.00136787,0.0257597,0.112026,0.265651,1,0,,0,0,0,0,0,0,0,0,103808,104555,0,232,0
301278,1,0,0.000957508,0.0207993,0.102903,0.261252,1,0,,0,0,0,0,0,0,0,0,103808,104555,0,232,0
301378,1,0,0.000670256,0.0167735,0.09429,0.293176,1,0,,0,0,0,0,0,0,0,0,103808,104555,0,232,0
301478,1,0,0.000469179,0.0135126,0.0862123,0.335939,1,0,,0,0,0,0,0,0,0,0,103808,104555,0,232,0
301578,1,0,0.000328425,0.0108758,0.0786786,0.277863,1,0,,0,0,0,0,0,0,0,0,103808,104555,0,232,0
301678,1,0,0.000229898,0.0087466,0.0716854,0.269037,1,0,,0,0,0,0,0,0,0,0,103808,104555,0,232,0
301778,1,0,0.000160928,0.00702946,0.0652198,0.269586,1,0,,0,0,0,0,0,0,0,0,103808,104555,0,232,0
301878,1,0,0.00011265,0.0056461,0.0592624,0.263073,1,0,,0,0,0,0,0,0,0,0,103808,104555,0,232,0
301978,1,0,7.88549e-005,0.00453265,0.0537895,0.274823,1,0,,0,0,0,0,0,0,0,0,103808,104555,0,232,0
302078,1,0,5.51984e-005,0.00363716,0.0487742,0.272033,1,0,,0,0,0,0,0,0,0,0,103808,104555,0,232,0
302178,1,0,3.86389e-005,0.00291746,0.0441885,0.316783,1,0,,0,0,0,0,0,0,0,0,103808,104555,0,232,0
302278,1,0,2.70472e-005,0.00233937,0.0400036,0.307984,1,0,,0,0,0,0,0,0,0,0,103808,104555,0,232,0
302378,1,0,1.89331e-005,0.00187529,0.0361908,0.285748,1,0,,0,0,0,0,0,0,0,0,103808,104555,0,232,0
302478,1,0,1.32531e-005,0.00150288,0.032722,0.277425,1,0,,0,0,0,0,0,0,0,0,103808,104555,0,232,0
302578,1,0,9.2772e-006,0.00120416,0.0295702,0.26155,1,0,,0,0,0,0,0,0,0,0,103808,104555,0,232,0
302678,1,0,6.49404e-006,0.000964626,0.0267097,0.278664,1,0,,0,0,0,0,0,0,0,0,103808,104555,0,232,0
302778,1,0,4.54583e-006,0.00077261,0.024116,0.291264,1,0,,0,0,0,0,0,0,0,0,103808,104555,0,232,0
302878,1,0,3.18208e-006,0.000618725,0.0217662,0.263276,1,0,,0,0,0,0,0,0,0,0,103808,104555,0,232,0
302978,1,0,2.22745e-006,0.000495425,0.0196391,0.278475,1,0,,0,0,0,0,0,0,0,0,103808,104555,0,232,0
303078,1,0,1.55922e-006,0.000396652,0.0177149,0.299451,1,0,,0,0,0,0,0,0,0,0,103808,104555,0,232,0
303178,1,0,1.09145e-006,0.00031754,0.0159752,0.301426,1,0,,0,0,0,0,0,0,0,0,103808,104555,0,232,0
303278,1,4,1.2,0.240254,0.0384031,0.27701,1,0,,0,0,0,0,0,0,0,0,103808,104555,0,232,0
303378,1,0,0.840001,0.360203,0.0705831,0.263836,1,0,,0,0,0,0,0,0,0,0,103808,104555,0,232,0
303478,1,0,0.588,0.405763,0.104101,0.289498,1,0,,0,0,0,0,0,0,0,0,103808,104555,0,232,0
303578,1,0,0.4116,0.40693,0.134384,0.270572,1,0,,0,0,0,0,0,0,0,0,103808,104555,0,232,0
303678,1,0,0.28812,0.383168,0.159262,0.288372,1,0,,0,0,0,0,0,0,0,0,103808,104555,0,232,0
303778,1,0,0.201684,0.346871,0.178023,0.300624,1,0,,0,0,0,0,0,0,0,0,103808,104555,0,232,0
303878,1,0,0.141179,0.305733,0.190794,0.288334,1,0,,0,0,0,0,0,0,0,0,103808,104555,0,232,0
303978,1,0,0.0988252,0.264351,0.19815,0.267208,1,0,,0,0,0,0,0,0,0,0,103808,104555,0,232,0
304078,1,0,0.0691776,0.225317,0.200867,0.292444,1,0,,0,0,0,0,0,0,0,0,103808,104555,0,232,0
304178,1,0,0.0484243,0.189938,0.199774,0.306195,1,0,,0,0,0,0,0,0,0,0,103808,104555,0,232,0
304278,1,0,0.033897,0.15873,0.195669,0.27597,1,0,,0,0,0,0,0,0,0,0,103808,104555,0,232,0
304378,1,0,0.0237279,0.13173,0.189275,0.276059,1,0,,0,0,0,0,0,0,0,0,103808,104555,0,232,0
304478,1,0,0.0166095,0.108706,0.181218,0.289471,1,0,,0,0,0,0,0,0,0,0,103808,104555,0,232,0
304578,1,0,0.0116267,0.0892898,0.172026,0.320219,1,0,,0,0,0,0,0,0,0,0,103808,104555,0,232,0
304678,1,0,0.00813868,0.0730596,0.162129,0.272471,1,0,,0,0,0,0,0,0,0,0,103808,104555,0,232,0
304778,1,0,0.00569708,0.0595871,0.151875,0.269595,1,0,,0,0,0,0,0,0,0,0,103808,104555,0,232,0
304878,1,0,0.00398795,0.0484672,0.141534,0.297132,1,0,,0,0,0,0,0,0,0,0,103808,104555,0,232,0
304978,1,0,0.00279157,0.0393321,0.131314,0.300481,1,0,,0,0,0,0,0,0,0,0,103808,104555,0,232,0
305078,1,0,0.0019541,0.0318565,0.121368,0.274858,1,0,,0,0,0,0,0,0,0,0,103808,104555,0,232,0
305178,1,0,0.00136787,0.0257588,0.111807,0.274405,1,0,,0,0,0,0,0,0,0,0,103808,104555,0,232,0
305278,1,0,0.000957507,0.0207985,0.102706,0.24833,1,0,,0,0,0,0,0,0,0,0,103808,104555,0,232,0
305378,1,0,0.000670255,0.0167729,0.0941129,0.290456,1,0,,0,0,0,0,0,0,0,0,103808,104555,0,232,0
305478,1,0,0.000469179,0.0135121,0.0860529,0.297321,1,0,,0,0,0,0,0,0,0,0,103808,104555,0,232,0
305578,1,0,0.000328425,0.0108754,0.0785351,0.337372,1,0,,0,0,0,0,0,0,0,0,103808,104555,0,232,0
305678,1,0,0.000229898,0.00874629,0.0715562,0.2634,1,0,,0,0,0,0,0,0,0,0,103808,104555,0,232,0
305778,1,0,0.000160928,0.00702922,0.0651035,0.339013,1,0,,0,0,0,0,0,0,0,0,103808,104555,0,232,0
305878,1,0,0.00011265,0.00564591,0.0591578,0.263926,1,0,,0,0,0,0,0,0,0,0,103808,104555,0,232,0
305978,1,0,7.88548e-005,0.0045325,0.0536952,0.284526,1,0,,0,0,0,0,0,0,0,0,103808,104555,0,232,0
306078,1,0,5.51984e-005,0.00363704,0.0486894,0.301941,1,0,,0,0,0,0,0,0,0,0,103808,104555,0,232,0
306178,1,0,3.86389e-005,0.00291736,0.0441122,0.256076,1,0,,0,0,0,0,0,0,0,0,103808,104555,0,232,0
306278,1,0,2.70472e-005,0.0023393,0.0399349,0.296965,1,0,,0,0,0,0,0,0,0,0,103808,104555,0,232,0
306378,1,0,1.8933e-005,0.00187522,0.0361289,0.314592,1,0,,0,0,0,0,0,0,0,0,103808,104555,0,232,0
306478,1,0,1.32531e-005,0.00150283,0.0326663,0.269068,1,0,,0,0,0,0,0,0,0,0,103808,104555,0,232,0
306578,1,0,9.27719e-006,0.00120412,0.0295201,0.290818,1,0,,0,0,0,0,0,0,0,0,103808,104555,0,232,0
306678,1,0,6.49404e-006,0.000964594,0.0266646,0.31208,1,0,,0,0,0,0,0,0,0,0,103808,104555,0,232,0
306778,1,0,4.54582e-006,0.000772584,0.0240754,0.320279,1,0,,0,0,0,0,0,0,0,0,103808,104555,0,232,0
306878,1,0,3.18208e-006,0.000618704,0.0217297,0.287691,1,0,,0,0,0,0,0,0,0,0,103808,104555,0,232,0
306978,1,0,2.22745e-006,0.000495408,0.0196063,0.284204,1,0,,0,0,0,0,0,0,0,0,103808,104555,0,232,0
307078,1,0,1.55922e-006,0.000396639,0.0176853,0.28249,1,0,,0,0,0,0,0,0,0,0,103808,104555,0,232,0
307178,1,4,1.2,0.240318,0.0399485,0.260323,1,0,,0,0,0,0,0,0,0,0,103808,104555,0,232,0
307278,1,0,0.840001,0.360254,0.0719791,0.262682,1,0,,0,0,0,0,0,0,0,0,103808,104555,0,232,0
307378,1,0,0.588001,0.405803,0.105362,0.300933,1,0,,0,0,0,0,0,0,0,0,103808,104555,0,232,0
307478,1,0,0.4116,0.406963,0.135522,0.33197,1,0,,0,0,0,0,0,0,0,0,103808,104555,0,232,0
307578,1,0,0.28812,0.383194,0.160289,0.251397,1,0,,0,0,0,0,0,0,0,0,103808,104555,0,232,0
307678,1,0,0.201684,0.346892,0.178949,0.288072,1,0,,0,0,0,0,0,0,0,0,103808,104555,0,232,0
307778,1,0,0.141179,0.30575,0.191629,0.266523,1,0,,0,0,0,0,0,0,0,0,103808,104555,0,232,0
307878,1,0,0.0988253,0.264365,0.198903,0.267998,1,0,,0,0,0,0,0,0,0,0,103808,104555,0,232,0
307978,1,0,0.0691777,0.225327,0.201545,0.270457,1,0,,0,0,0,0,0,0,0,0,103808,104555,0,232,0
308078,1,0,0.0484244,0.189947,0.200385,0.297381,1,0,,0,0,0,0,0,0,0,0,103808,104555,0,232,0
308178,1,0,0.0338971,0.158737,0.196221,0.204168,1,0,,0,0,0,0,0,0,0,0,103808,104555,0,232,0
308278,1,0,0.0237279,0.131735,0.189772,0.296779,1,0,,0,0,0,0,0,0,0,0,103808,104555,0,232,0
308378,1,0,0.0166096,0.10871,0.181666,0.265854,1,0,,0,0,0,0,0,0,0,0,103808,104555,0,232,0
308478,1,0,0.0116267,0.0892933,0.172429,0.302068,1,0,,0,0,0,0,0,0,0,0,103808,104555,0,232,0
308578,1,0,0.00813868,0.0730624,0.162492,0.287031,1,0,,0,0,0,0,0,0,0,0,103808,104555,0,232,0
308678,1,0,0.00569708,0.0595893,0.152202,0.288043,1,0,,0,0,0,0,0,0,0,0,103808,104555,0,232,0
308778,1,0,0.00398795,0.0484691,0.141828,0.347669,1,0,,0,0,0,0,0,0,0,0,103808,104555,0,232,0
308878,1,0,0.00279157,0.0393336,0.131579,0.296694,1,0,,0,0,0,0,0,0,0,0,103808,104555,0,232,0
308978,1,0,0.0019541,0.0318577,0.121607,0.284545,1,0,,0,0,0,0,0,0,0,0,103808,104555,0,232,0
309078,1,0,0.00136787,0.0257597,0.112022,0.284896,1,0,,0,0,0,0,0,0,0,0,103808,104555,0,232,0
309178,1,0,0.000957508,0.0207993,0.1029,0.268657,1,0,,0,0,0,0,0,0,0,0,103808,104555,0,232,0
309278,1,0,0.000670256,0.0167735,0.0942871,0.26087,1,0,,0,0,0,0,0,0,0,0,103808,104555,0,232,0
309378,1,0,0.000469179,0.0135126,0.0862097,0.271545,1,0,,0,0,0,0,0,0,0,0,103808,104555,0,232,0
309478,1,0,0.000328425,0.0108758,0.0786763,0.280472,1,0,,0,0,0,0,0,0,0,0,103808,104555,0,232,0
309578,1,0,0.000229898,0.0087466,0.0716833,0.276845,1,0,,0,0,0,0,0,0,0,0,103808,104555,0,232,0
309678,1,0,0.000160928,0.00702946,0.0652179,0.290019,1,0,,0,0,0,0,0,0,0,0,103808,104555,0,232,0
309778,1,0,0.00011265,0.0056461,0.0592607,0.320983,1,0,,0,0,0,0,0,0,0,0,103808,104555,0,232,0
309878,1,0,7.88549e-005,0.00453265,0.0537879,0.284086,1,0,,0,0,0,0,0,0,0,0,103808,104555,0,232,0
309978,1,0,5.51984e-005,0.00363716,0.0487729,0.289524,1,0,,0,0,0,0,0,0,0,0,103808,104555,0,232,0
310078,1,0,3.86389e-005,0.00291746,0.0441873,0.268223,1,0,,0,0,0,0,0,0,0,0,103808,104555,0,232,0
310178,1,0,2.70472e-005,0.00233937,0.0400025,0.272124,1,0,,0,0,0,0,0,0,0,0,103808,104555,0,232,0
310278,1,0,1.89331e-005,0.00187529,0.0361898,0.285161,1,0,,0,0,0,0,0,0,0,0,103808,104555,0,232,0
310378,1,0,1.32531e-005,0.00150288,0.0327211,0.267486,1,0,,0,0,0,0,0,0,0,0,103808,104555,0,232,0
310478,1,0,9.2772e-006,0.00120416,0.0295694,0.277361,1,0,,0,0,0,0,0,0,0,0,103808,104555,0,232,0
310578,1,0,6.49404e-006,0.000964626,0.0267089,0.324499,1,0,,0,0,0,0,0,0,0,0,103808,104555,0,232,0
310678,1,0,4.54583e-006,0.00077261,0.0241153,0.299122,1,0,,0,0,0,0,0,0,0,0,103808,104555,0,232,0
310778,1,0,3.18208e-006,0.000618725,0.0217656,0.275583,1,0,,0,0,0,0,0,0,0,0,103808,104555,0,232,0
310878,1,0,2.22745e-006,0.000495425,0.0196386,0.283333,1,0,,0,0,0,0,0,0,0,0,103808,104555,0,232,0
310978,1,0,1.55922e-006,0.000396652,0.0177144,0.294722,1,0,,0,0,0,0,0,0,0,0,103808,104555,0,232,0
311078,1,0,1.09145e-006,0.00031754,0.0159747,0.283698,1,0,,0,0,0,0,0,0,0,0,103808,104555,0,232,0
311178,1,4,1.2,0.240254,0.0384027,0.288694,1,0,,0,0,0,0,0,0,0,0,103808,104555,0,232,0
311278,1,0,0.840001,0.360203,0.0705828,0.26023,1,0,,0,0,0,0,0,0,0,0,103808,104555,0,232,0
311378,1,0,0.588,0.405763,0.104101,0.269704,1,0,,0,0,0,0,0,0,0,0,103808,104555,0,232,0
311478,1,0,0.4116,0.40693,0.134384,0.27734,1,0,,0,0,0,0,0,0,0,0,103808,104555,0,232,0
311578,1,0,0.28812,0.383168,0.159262,0.31104,1,0,,0,0,0,0,0,0,0,0,103808,104555,0,232,0
311678,1,0,0.201684,0.346871,0.178023,0.29669,1,0,,0,0,0,0,0,0,0,0,103808,104555,0,232,0
311778,1,0,0.141179,0.305733,0.190794,0.30889,1,0,,0,0,0,0,0,0,0,0,103808,104555,0,232,0
311878,1,0,0.0988252,0.264351,0.19815,0.303179,1,0,,0,0,0,0,0,0,0,0,103808,104555,0,232,0
311978,1,0,0.0691776,0.225317,0.200866,0.321667,1,0,,0,0,0,0,0,0,0,0,103808,104555,0,232,0
312078,1,0,0.0484243,0.189938,0.199774,0.297755,1,0,,0,0,0,0,0,0,0,0,103808,104555,0,232,0
312178,1,0,0.033897,0.15873,0.195669,0.304355,1,0,,0,0,0,0,0,0,0,0,103808,104555,0,232,0
312278,1,0,0.0237279,0.13173,0.189275,0.290929,1,0,,0,0,0,0,0,0,0,0,103808,104555,0,232,0
312378,1,0,0.0166095,0.108706,0.181218,0.283392,1,0,,0,0,0,0,0,0,0,0,103808,104555,0,232,0
312478,1,0,0.0116267,0.0892898,0.172025,0.279792,1,0,,0,0,0,0,0,0,0,0,103808,104555,0,232,0
312578,1,0,0.00813868,0.0730596,0.162129,0.279065,1,0,,0,0,0,0,0,0,0,0,103808,104555,0,232,0
312678,1,0,0.00569708,0.0595871,0.151875,0.304452,1,0,,0,0,0,0,0,0,0,0,103808,104555,0,232,0
312778,1,0,0.00398795,0.0484672,0.141534,0.295254,1,0,,0,0,0,0,0,0,0,0,103808,104555,0,232,0
312878,1,0,0.00279157,0.0393321,0.131314,0.278054,1,0,,0,0,0,0,0,0,0,0,103808,104555,0,232,0
312978,1,0,0.0019541,0.0318565,0.121368,0.292277,1,0,,0,0,0,0,0,0,0,0,103808,104555,0,232,0
313078,1,0,0.00136787,0.0257588,0.111807,0.300675,1,0,,0,0,0,0,0,0,0,0,103808,104555,0,232,0
313178,1,0,0.000957507,0.0207985,0.102706,0.293413,1,0,,0,0,0,0,0,0,0,0,103808,104555,0,232,0
313278,1,0,0.000670255,0.0167729,0.0941129,0.273399,1,0,,0,0,0,0,0,0,0,0,103808,104555,0,232,0
313378,1,0,0.000469179,0.0135121,0.0860528,0.258199,1,0,,0,0,0,0,0,0,0,0,103808,104555,0,232,0
313478,1,0,0.000328425,0.0108754,0.0785351,0.309924,1,0,,0,0,0,0,0,0,0,0,103808,104555,0,232,0
313578,1,0,0.000229898,0.00874629,0.0715562,0.274186,1,0,,0,0,0,0,0,0,0,0,103808,104555,0,232,0
313678,1,0,0.000160928,0.00702922,0.0651035,0.263874,1,0,,0,0,0,0,0,0,0,0,103808,104555,0,232,0
313778,1,0,0.00011265,0.00564591,0.0591577,0.288599,1,0,,0,0,0,0,0,0,0,0,103808,104555,0,232,0
313878,1,0,7.88548e-005,0.0045325,0.0536952,0.303186,1,0,,0,0,0,0,0,0,0,0,103808,104555,0,232,0
313978,1,0,5.51984e-005,0.00363704,0.0486894,0.299536,1,0,,0,0,0,0,0,0,0,0,103808,104555,0,232,0
314078,1,0,3.86389e-005,0.00291736,0.0441122,0.276821,1,0,,0,0,0,0,0,0,0,0,103808,104555,0,232,0
314178,1,0,2.70472e-005,0.0023393,0.0399349,0.259071,1,0,,0,0,0,0,0,0,0,0,103808,104555,0,232,0
314278,1,0,1.8933e-005,0.00187522,0.0361289,0.289847,1,0,,0,0,0,0,0,0,0,0,103808,104555,0,232,0
314378,1,0,1.32531e-005,0.00150283,0.0326663,0.292585,1,0,,0,0,0,0,0,0,0,0,103808,104555,0,232,0
314478,1,0,9.27719e-006,0.00120412,0.0295201,0.274109,1,0,,0,0,0,0,0,0,0,0,103808,104555,0,232,0
314578,1,0,6.49404e-006,0.000964594,0.0266645,0.273011,1,0,,0,0,0,0,0,0,0,0,103808,104555,0,232,0
314678,1,0,4.54582e-006,0.000772584,0.0240753,0.303599,1,0,,0,0,0,0,0,0,0,0,103808,104555,0,232,0
314778,1,0,3.18208e-006,0.000618704,0.0217297,0.280712,1,0,,0,0,0,0,0,0,0,0,103808,104555,0,232,0
314878,1,0,2.22745e-006,0.000495408,0.0196063,0.276824,1,0,,0,0,0,0,0,0,0,0,103808,104555,0,232,0
314978,1,0,1.55922e-006,0.000396639,0.0176853,0.279037,1,0,,0,0,0,0,0,0,0,0,103808,104555,0,232,0
315078,1,4,1.2,0.240318,0.0399485,0.305095,1,0,,0,0,0,0,0,0,0,0,103808,104555,0,232,0
315178,1,0,0.840001,0.360254,0.0719791,0.27362,1,0,,0,0,0,0,0,0,0,0,103808,104555,0,232,0
315278,1,0,0.588001,0.405803,0.105362,0.292773,1,0,,0,0,0,0,0,0,0,0,103808,104555,0,232,0
315378,1,0,0.4116,0.406963,0.135522,0.304773,1,0,,0,0,0,0,0,0,0,0,103808,104555,0,232,0
315478,1,0,0.28812,0.383194,0.160289,0.269972,1,0,,0,0,0,0,0,0,0,0,103808,104555,0,232,0
315578,1,0,0.201684,0.346892,0.178949,0.28546,1,0,,0,0,0,0,0,0,0,0,103808,104555,0,232,0
315678,1,0,0.141179,0.30575,0.191629,0.291371,1,0,,0,0,0,0,0,0,0,0,103808,104555,0,232,0
315778,1,0,0.0988253,0.264365,0.198903,0.28931,1,0,,0,0,0,0,0,0,0,0,103808,104555,0,232,0
315878,1,0,0.0691777,0.225327,0.201545,0.305236,1,0,,0,0,0,0,0,0,0,0,103808,104555,0,232,0
315978,1,0,0.0484244,0.189947,0.200385,0.265811,1,0,,0,0,0,0,0,0,0,0,103808,104555,0,232,0
316078,1,0,0.0338971,0.158737,0.196221,0.302699,1,0,,0,0,0,0,0,0,0,0,103808,104555,0,232,0
316178,1,0,0.0237279,0.131735,0.189772,0.246999,1,0,,0,0,0,0,0,0,0,0,103808,104555,0,232,0
316278,1,0,0.0166096,0.10871,0.181666,0.303163,1,0,,0,0,0,0,0,0,0,0,103808,104555,0,232,0
316378,1,0,0.0116267,0.0892933,0.172429,0.268663,1,0,,0,0,0,0,0,0,0,0,103808,104555,0,232,0
316478,1,0,0.00813868,0.0730624,0.162492,0.287513,1,0,,0,0,0,0,0,0,0,0,103808,104555,0,232,0
316578,1,0,0.00569708,0.0595893,0.152202,0.300399,1,0,,0,0,0,0,0,0,0,0,103808,104555,0,232,0
316678,1,0,0.00398795,0.0484691,0.141828,0.282225,1,0,,0,0,0,0,0,0,0,0,103808,104555,0,232,0
316778,1,0,0.00279157,0.0393336,0.131579,0.285263,1,0,,0,0,0,0,0,0,0,0,103808,104555,0,232,0
316878,1,0,0.0019541,0.0318577,0.121607,0.307688,1,0,,0,0,0,0,0,0,0,0,103808,104555,0,232,0
316978,1,0,0.00136787,0.0257597,0.112022,0.25049,1,0,,0,0,0,0,0,0,0,0,103808,104555,0,232,0
317078,1,0,0.000957508,0.0207993,0.1029,0.288778,1,0,,0,0,0,0,0,0,0,0,103808,104555,0,232,0
317178,1,0,0.000670256,0.0167735,0.0942871,0.268605,1,0,,0,0,0,0,0,0,0,0,103808,104555,0,232,0
317278,1,0,0.000469179,0.0135126,0.0862097,0.314214,1,0,,0,0,0,0,0,0,0,0,103808,104555,0,232,0
317378,1,0,0.000328425,0.0108758,0.0786763,0.292928,1,0,,0,0,0,0,0,0,0,0,103808,104555,0,232,0
317478,1,0,0.000229898,0.0087466,0.0716833,0.294892,1,0,,0,0,0,0,0,0,0,0,103808,104555,0,232,0
317578,1,0,0.000160928,0.00702946,0.0652179,0.291141,1,0,,0,0,0,0,0,0,0,0,103808,104555,0,232,0
317678,1,0,0.00011265,0.0056461,0.0592607,0.282218,1,0,,0,0,0,0,0,0,0,0,103808,104555,0,232,0
317778,1,0,7.88549e-005,0.00453265,0.0537879,0.271416,1,0,,0,0,0,0,0,0,0,0,103808,104555,0,232,0
317878,1,0,5.51984e-005,0.00363716,0.0487728,0.271589,1,0,,0,0,0,0,0,0,0,0,103808,104555,0,232,0
317978,1,0,3.86389e-005,0.00291746,0.0441873,0.30549,1,0,,0,0,0,0,0,0,0,0,103808,104555,0,232,0
318078,1,0,2.70472e-005,0.00233937,0.0400025,0.269917,1,0,,0,0,0,0,0,0,0,0,103808,104555,0,232,0
318178,1,0,1.89331e-005,0.00187529,0.0361898,0.26654,1,0,,0,0,0,0,0,0,0,0,103808,104555,0,232,0
318278,1,0,1.32531e-005,0.00150288,0.0327211,0.279254,1,0,,0,0,0,0,0,0,0,0,103808,104555,0,232,0
318378,1,0,9.2772e-006,0.00120416,0.0295694,0.28014,1,0,,0,0,0,0,0,0,0,0,103808,104555,0,232,0
318478,1,0,6.49404e-006,0.000964626,0.0267089,0.277604,1,0,,0,0,0,0,0,0,0,0,103808,104555,0,232,0
318578,1,0,4.54583e-006,0.00077261,0.0241153,0.265104,1,0,,0,0,0,0,0,0,0,0,103808,104555,0,232,0
318678,1,0,3.18208e-006,0.000618725,0.0217656,0.289966,1,0,,0,0,0,0,0,0,0,0,103808,104555,0,232,0
318778,1,0,2.22745e-006,0.000495425,0.0196386,0.305714,1,0,,0,0,0,0,0,0,0,0,103808,104555,0,232,0
318878,1,0,1.55922e-006,0.000396652,0.0177144,0.251101,1,0,,0,0,0,0,0,0,0,0,103808,104555,0,232,0
318978,1,4,1.2,0.240318,0.0399747,0.2581,1,0,,0,0,0,0,0,0,0,0,103808,104555,0,232,0
319078,1,0,0.840001,0.360254,0.0720027,0.317201,1,0,,0,0,0,0,0,0,0,0,103808,104555,0,232,0
319178,1,0,0.588001,0.405803,0.105383,0.269739,1,0,,0,0,0,0,0,0,0,0,103808,104555,0,232,0
319278,1,0,0.4116,0.406963,0.135541,0.316527,1,0,,0,0,0,0,0,0,0,0,103808,104555,0,232,0
319378,1,0,0.28812,0.383194,0.160306,0.300364,1,0,,0,0,0,0,0,0,0,0,103808,104555,0,232,0
319478,1,0,0.201684,0.346892,0.178965,0.273002,1,0,,0,0,0,0,0,0,0,0,103808,104555,0,232,0
319578,1,0,0.141179,0.30575,0.191643,0.284753,1,0,,0,0,0,0,0,0,0,0,103808,104555,0,232,0
319678,1,0,0.0988253,0.264365,0.198915,0.283065,1,0,,0,0,0,0,0,0,0,0,103808,104555,0,232,0
319778,1,0,0.0691777,0.225327,0.201557,0.262591,1,0,,0,0,0,0,0,0,0,0,103808,104555,0,232,0
319878,1,0,0.0484244,0.189947,0.200396,0.253165,1,0,,0,0,0,0,0,0,0,0,103808,104555,0,232,0
319978,1,0,0.0338971,0.158737,0.19623,0.278807,1,0,,0,0,0,0,0,0,0,0,103808,104555,0,232,0
320078,1,0,0.0237279,0.131735,0.18978,0.296658,1,0,,0,0,0,0,0,0,0,0,103808,104555,0,232,0
320178,1,0,0.0166096,0.10871,0.181673,0.273897,1,0,,0,0,0,0,0,0,0,0,103808,104555,0,232,0
320278,1,0,0.0116267,0.0892933,0.172435,0.278108,1,0,,0,0,0,0,0,0,0,0,103808,104555,0,232,0
320378,1,0,0.00813868,0.0730624,0.162498,0.258459,1,0,,0,0,0,0,0,0,0,0,103808,104555,0,232,0
320478,1,0,0.00569708,0.0595893,0.152207,0.291634,1,0,,0,0,0,0,0,0,0,0,103808,104555,0,232,0
320578,1,0,0.00398795,0.0484691,0.141833,0.259623,1,0,,0,0,0,0,0,0,0,0,103808,104555,0,232,0
320678,1,0,0.00279157,0.0393336,0.131583,0.28615,1,0,,0,0,0,0,0,0,0,0,103808,104555,0,232,0
320778,1,0,0.0019541,0.0318577,0.121611,0.275762,1,0,,0,0,0,0,0,0,0,0,103808,104555,0,232,0
320878,1,0,0.00136787,0.0257597,0.112026,0.259987,1,0,,0,0,0,0,0,0,0,0,103808,104555,0,232,0
320978,1,0,0.000957508,0.0207993,0.102903,0.259402,1,0,,0,0,0,0,0,0,0,0,103808,104555,0,232,0
321078,1,0,0.000670256,0.0167735,0.09429,0.268902,1,0,,0,0,0,0,0,0,0,0,103808,104555,0,232,0
321178,1,0,0.000469179,0.0135126,0.0862123,0.282279,1,0,,0,0,0,0,0,0,0,0,103808,104555,0,232,0
321278,1,0,0.000328425,0.0108758,0.0786786,0.287927,1,0,,0,0,0,0,0,0,0,0,103808,104555,0,232,0
321378,1,0,0.000229898,0.0087466,0.0716854,0.281739,1,0,,0,0,0,0,0,0,0,0,103808,104555,0,232,0
321478,1,0,0.000160928,0.00702946,0.0652198,0.279089,1,0,,0,0,0,0,0,0,0,0,103808,104555,0,232,0
321578,1,0,0.00011265,0.0056461,0.0592624,0.348529,1,0,,0,0,0,0,0,0,0,0,103808,104555,0,232,0
321678,1,0,7.88549e-005,0.00453265,0.0537895,0.272538,1,0,,0,0,0,0,0,0,0,0,103808,104555,0,232,0
321778,1,0,5.51984e-005,0.00363716,0.0487742,0.301962,1,0,,0,0,0,0,0,0,0,0,103808,104555,0,232,0
321878,1,0,3.86389e-005,0.00291746,0.0441885,0.335912,1,0,,0,0,0,0,0,0,0,0,103808,104555,0,232,0
321978,1,0,2.70472e-005,0.00233937,0.0400036,0.287824,1,0,,0,0,0,0,0,0,0,0,103808,104555,0,232,0
322078,1,0,1.89331e-005,0.00187529,0.0361908,0.288185,1,0,,0,0,0,0,0,0,0,0,103808,104555,0,232,0
322178,1,0,1.32531e-005,0.00150288,0.032722,0.283747,1,0,,0,0,0,0,0,0,0,0,103808,104555,0,232,0
322278,1,0,9.2772e-006,0.00120416,0.0295702,0.246508,1,0,,0,0,0,0,0,0,0,0,103808,104555,0,232,0
322378,1,0,6.49404e-006,0.000964626,0.0267097,0.273682,1,0,,0,0,0,0,0,0,0,0,103808,104555,0,232,0
322478,1,0,4.54583e-006,0.00077261,0.024116,0.300569,1,0,,0,0,0,0,0,0,0,0,103808,104555,0,232,0
322578,1,0,3.18208e-006,0.000618725,0.0217662,0.298457,1,0,,0,0,0,0,0,0,0,0,103808,104555,0,232,0
322678,1,0,2.22745e-006,0.000495425,0.0196391,0.312932,1,0,,0,0,0,0,0,0,0,0,103808,104555,0,232,0
322778,1,0,1.55922e-006,0.000396652,0.0177149,0.268318,1,0,,0,0,0,0,0,0,0,0,103808,104555,0,232,0
322878,1,0,1.09145e-006,0.00031754,0.0159752,0.316281,1,0,,0,0,0,0,0,0,0,0,103808,104555,0,232,0
322978,1,5,1.5,0.300254,0.0444031,0.273285,1,0,,0,0,0,0,0,0,0,0,103808,104555,0,232,0
323078,1,0,1.05,0.450203,0.0849831,0.292162,1,0,,0,0,0,0,0,0,0,0,103808,104555,0,232,0
323178,1,0,0.735,0.507163,0.127201,0.284446,1,0,,0,0,0,0,0,0,0,0,103808,104555,0,232,0
323278,1,0,0.5145,0.50863,0.165344,0.267609,1,0,,0,0,0,0,0,0,0,0,103808,104555,0,232,0
323378,1,0,0.36015,0.478934,0.196703,0.328509,1,0,,0,0,0,0,0,0,0,0,103808,104555,0,232,0
323478,1,0,0.252105,0.433568,0.22039,0.292585,1,0,,0,0,0,0,0,0,0,0,103808,104555,0,232,0
323578,1,0,0.176474,0.382149,0.236566,0.265073,1,0,,0,0,0,0,0,0,0,0,103808,104555,0,232,0
323678,1,0,0.123531,0.330426,0.245952,0.283733,1,0,,0,0,0,0,0,0,0,0,103808,104555,0,232,0
323778,1,0,0.086472,0.281635,0.24952,0.319896,1,0,,0,0,0,0,0,0,0,0,103808,104555,0,232,0
323878,1,0,0.0605304,0.237414,0.248309,0.282059,1,0,,0,0,0,0,0,0,0,0,103808,104555,0,232,0
323978,1,0,0.0423713,0.198406,0.243319,0.263884,1,0,,0,0,0,0,0,0,0,0,103808,104555,0,232,0
324078,1,0,0.0296599,0.164656,0.235453,0.288045,1,0,,0,0,0,0,0,0,0,0,103808,104555,0,232,0
324178,1,0,0.0207619,0.135878,0.225495,0.278695,1,0,,0,0,0,0,0,0,0,0,103808,104555,0,232,0
324278,1,0,0.0145334,0.111609,0.214107,0.300245,1,0,,0,0,0,0,0,0,0,0,103808,104555,0,232,0
324378,1,0,0.0101733,0.0913217,0.201828,0.268071,1,0,,0,0,0,0,0,0,0,0,103808,104555,0,232,0
324478,1,0,0.00712134,0.0744816,0.189093,0.312858,1,0,,0,0,0,0,0,0,0,0,103808,104555,0,232,0
324578,1,0,0.00498494,0.0605823,0.176242,0.269308,1,0,,0,0,0,0,0,0,0,0,103808,104555,0,232,0
324678,1,0,0.00348946,0.0491637,0.163534,0.282294,1,0,,0,0,0,0,0,0,0,0,103808,104555,0,232,0
324778,1,0,0.00244262,0.0398195,0.151163,0.296306,1,0,,0,0,0,0,0,0,0,0,103808,104555,0,232,0
324878,1,0,0.00170983,0.0321976,0.139266,0.26942,1,0,,0,0,0,0,0,0,0,0,103808,104555,0,232,0
324978,1,0,0.00119688,0.0259974,0.12794,0.306293,1,0,,0,0,0,0,0,0,0,0,103808,104555,0,232,0
325078,1,0,0.000837819,0.0209655,0.117242,0.268131,1,0,,0,0,0,0,0,0,0,0,103808,104555,0,232,0
325178,1,0,0.000586473,0.0168897,0.107207,0.252919,1,0,,0,0,0,0,0,0,0,0,103808,104555,0,232,0
325278,1,0,0.000410531,0.0135939,0.0978456,0.286054,1,0,,0,0,0,0,0,0,0,0,103808,104555,0,232,0
325378,1,0,0.000287372,0.0109326,0.0891543,0.294165,1,0,,0,0,0,0,0,0,0,0,103808,104555,0,232,0
325478,1,0,0.00020116,0.00878629,0.0811175,0.25934,1,0,,0,0,0,0,0,0,0,0,103808,104555,0,232,0
325578,1,0,0.000140812,0.00705719,0.0737114,0.284593,1,0,,0,0,0,0,0,0,0,0,103808,104555,0,232,0
325678,1,0,9.85685e-005,0.00566547,0.0669068,0.277532,1,0,,0,0,0,0,0,0,0,0,103808,104555,0,232,0
325778,1,0,6.8998e-005,0.00454617,0.0606708,0.305369,1,0,,0,0,0,0,0,0,0,0,103808,104555,0,232,0
325878,1,0,4.82986e-005,0.0036466,0.0549684,0.279956,1,0,,0,0,0,0,0,0,0,0,103808,104555,0,232,0
325978,1,0,3.3809e-005,0.00292404,0.0497639,0.335205,1,0,,0,0,0,0,0,0,0,0,103808,104555,0,232,0
326078,1,0,2.36663e-005,0.00234397,0.0450219,0.325918,1,0,,0,0,0,0,0,0,0,0,103808,104555,0,232,0
326178,1,0,1.65664e-005,0.00187849,0.0407076,0.31363,1,0,,0,0,0,0,0,0,0,0,103808,104555,0,232,0
326278,1,0,1.15965e-005,0.00150511,0.0367873,0.305067,1,0,,0,0,0,0,0,0,0,0,103808,104555,0,232,0
326378,1,0,8.11754e-006,0.00120571,0.0332292,0.269842,1,0,,0,0,0,0,0,0,0,0,103808,104555,0,232,0
326478,1,0,5.68228e-006,0.000965704,0.0300028,0.293892,1,0,,0,0,0,0,0,0,0,0,103808,104555,0,232,0
326578,1,0,3.9776e-006,0.000773359,0.0270799,0.280005,1,0,,0,0,0,0,0,0,0,0,103808,104555,0,232,0
326678,1,0,2.78432e-006,0.000619244,0.0244338,0.282928,1,0,,0,0,0,0,0,0,0,0,103808,104555,0,232,0
326778,1,0,1.94902e-006,0.000495785,0.02204,0.303931,1,0,,0,0,0,0,0,0,0,0,103808,104555,0,232,0
326878,1,4,1.2,0.240397,0.0438757,0.296368,1,0,,0,0,0,0,0,0,0,0,103808,104555,0,232,0
326978,1,0,0.840001,0.360318,0.0755199,0.315106,1,0,,0,0,0,0,0,0,0,0,103808,104555,0,232,0
327078,1,0,0.588001,0.405854,0.108553,0.307918,1,0,,0,0,0,0,0,0,0,0,103808,104555,0,232,0
327178,1,0,0.4116,0.407004,0.138398,0.272632,1,0,,0,0,0,0,0,0,0,0,103808,104555,0,232,0
327278,1,0,0.28812,0.383227,0.162881,0.284982,1,0,,0,0,0,0,0,0,0,0,103808,104555,0,232,0
327378,1,0,0.201684,0.346918,0.181285,0.297419,1,0,,0,0,0,0,0,0,0,0,103808,104555,0,232,0
327478,1,0,0.141179,0.305771,0.193733,0.317096,1,0,,0,0,0,0,0,0,0,0,103808,104555,0,232,0
327578,1,0,0.0988253,0.264381,0.200798,0.260847,1,0,,0,0,0,0,0,0,0,0,103808,104555,0,232,0
327678,1,0,0.0691777,0.225341,0.203252,0.270823,1,0,,0,0,0,0,0,0,0,0,103808,104555,0,232,0
327778,1,0,0.0484244,0.189957,0.201923,0.294248,1,0,,0,0,0,0,0,0,0,0,103808,104555,0,232,0
327878,1,0,0.0338971,0.158745,0.197605,0.279747,1,0,,0,0,0,0,0,0,0,0,103808,104555,0,232,0
327978,1,0,0.0237279,0.131742,0.191019,0.286598,1,0,,0,0,0,0,0,0,0,0,103808,104555,0,232,0
328078,1,0,0.0166096,0.108715,0.182789,0.332961,1,0,,0,0,0,0,0,0,0,0,103808,104555,0,232,0
328178,1,0,0.0116267,0.0892977,0.173439,0.292624,1,0,,0,0,0,0,0,0,0,0,103808,104555,0,232,0
328278,1,0,0.00813868,0.0730659,0.163402,0.251624,1,0,,0,0,0,0,0,0,0,0,103808,104555,0,232,0
328378,1,0,0.00569708,0.0595921,0.153021,0.317211,1,0,,0,0,0,0,0,0,0,0,103808,104555,0,232,0
328478,1,0,0.00398795,0.0484713,0.142566,0.285385,1,0,,0,0,0,0,0,0,0,0,103808,104555,0,232,0
328578,1,0,0.00279157,0.0393354,0.132243,0.252046,1,0,,0,0,0,0,0,0,0,0,103808,104555,0,232,0
328678,1,0,0.0019541,0.0318591,0.122205,0.246821,1,0,,0,0,0,0,0,0,0,0,103808,104555,0,232,0
328778,1,0,0.00136787,0.0257609,0.11256,0.285032,1,0,,0,0,0,0,0,0,0,0,103808,104555,0,232,0
328878,1,0,0.000957508,0.0208002,0.103384,0.279693,1,0,,0,0,0,0,0,0,0,0,103808,104555,0,232,0
328978,1,0,0.000670256,0.0167742,0.0947232,0.261329,1,0,,0,0,0,0,0,0,0,0,103808,104555,0,232,0
329078,1,0,0.000469179,0.0135132,0.0866022,0.286243,1,0,,0,0,0,0,0,0,0,0,103808,104555,0,232,0
329178,1,0,0.000328425,0.0108762,0.0790296,0.262419,1,0,,0,0,0,0,0,0,0,0,103808,104555,0,232,0
329278,1,0,0.000229898,0.00874697,0.0720014,0.308331,1,0,,0,0,0,0,0,0,0,0,103808,104555,0,232,0
329378,1,0,0.000160928,0.00702976,0.0655042,0.319256,1,0,,0,0,0,0,0,0,0,0,103808,104555,0,232,0
329478,1,0,0.00011265,0.00564634,0.0595184,0.281005,1,0,,0,0,0,0,0,0,0,0,103808,104555,0,232,0
329578,1,0,7.88549e-005,0.00453284,0.0540199,0.291207,1,0,,0,0,0,0,0,0,0,0,103808,104555,0,232,0
329678,1,0,5.51984e-005,0.00363732,0.0489816,0.261044,1,0,,0,0,0,0,0,0,0,0,103808,104555,0,232,0
329778,1,0,3.86389e-005,0.00291758,0.0443752,0.295979,1,0,,0,0,0,0,0,0,0,0,103808,104555,0,232,0
329878,1,0,2.70472e-005,0.00233947,0.0401716,0.296993,1,0,,0,0,0,0,0,0,0,0,103808,104555,0,232,0
329978,1,0,1.89331e-005,0.00187537,0.036342,0.276766,1,0,,0,0,0,0,0,0,0,0,103808,104555,0,232,0
330078,1,0,1.32531e-005,0.00150294,0.0328581,0.271067,1,0,,0,0,0,0,0,0,0,0,103808,104555,0,232,0
330178,1,0,9.2772e-006,0.00120421,0.0296927,0.287255,1,0,,0,0,0,0,0,0,0,0,103808,104555,0,232,0
330278,1,0,6.49404e-006,0.000964667,0.0268199,0.272618,1,0,,0,0,0,0,0,0,0,0,103808,104555,0,232,0
330378,1,0,4.54583e-006,0.000772643,0.0242152,0.256741,1,0,,0,0,0,0,0,0,0,0,103808,104555,0,232,0
330478,1,0,3.18208e-006,0.000618751,0.0218555,0.277477,1,0,,0,0,0,0,0,0,0,0,103808,104555,0,232,0
330578,1,0,2.22745e-006,0.000495446,0.0197195,0.268425,1,0,,0,0,0,0,0,0,0,0,103808,104555,0,232,0
330678,1,0,1.55922e-006,0.000396669,0.0177872,0.272862,1,0,,0,0,0,0,0,0,0,0,103808,104555,0,232,0
330778,1,4,1.2,0.240318,0.0400403,0.287914,1,0,,0,0,0,0,0,0,0,0,103808,104555,0,232,0
330878,1,0,0.840001,0.360254,0.0720617,0.281492,1,0,,0,0,0,0,0,0,0,0,103808,104555,0,232,0
330978,1,0,0.588001,0.405803,0.105436,0.278792,1,0,,0,0,0,0,0,0,0,0,103808,104555,0,232,0
331078,1,0,0.4116,0.406963,0.135589,0.249406,1,0,,0,0,0,0,0,0,0,0,103808,104555,0,232,0
331178,1,0,0.28812,0.383194,0.160349,0.315293,1,0,,0,0,0,0,0,0,0,0,103808,104555,0,232,0
331278,1,0,0.201684,0.346892,0.179003,0.28898,1,0,,0,0,0,0,0,0,0,0,103808,104555,0,232,0
331378,1,0,0.141179,0.30575,0.191678,0.305922,1,0,,0,0,0,0,0,0,0,0,103808,104555,0,232,0
331478,1,0,0.0988253,0.264365,0.198947,0.273323,1,0,,0,0,0,0,0,0,0,0,103808,104555,0,232,0
331578,1,0,0.0691777,0.225327,0.201585,0.284461,1,0,,0,0,0,0,0,0,0,0,103808,104555,0,232,0
331678,1,0,0.0484244,0.189947,0.200421,0.279211,1,0,,0,0,0,0,0,0,0,0,103808,104555,0,232,0
331778,1,0,0.0338971,0.158737,0.196253,0.255962,1,0,,0,0,0,0,0,0,0,0,103808,104555,0,232,0
331878,1,0,0.0237279,0.131735,0.189801,0.298238,1,0,,0,0,0,0,0,0,0,0,103808,104555,0,232,0
331978,1,0,0.0166096,0.10871,0.181692,0.306524,1,0,,0,0,0,0,0,0,0,0,103808,104555,0,232,0
332078,1,0,0.0116267,0.0892933,0.172452,0.2734,1,0,,0,0,0,0,0,0,0,0,103808,104555,0,232,0
332178,1,0,0.00813868,0.0730624,0.162513,0.269711,1,0,,0,0,0,0,0,0,0,0,103808,104555,0,232,0
332278,1,0,0.00569708,0.0595893,0.152221,0.266687,1,0,,0,0,0,0,0,0,0,0,103808,104555,0,232,0
332378,1,0,0.00398795,0.0484691,0.141845,0.267951,1,0,,0,0,0,0,0,0,0,0,103808,104555,0,232,0
332478,1,0,0.00279157,0.0393336,0.131594,0.259363,1,0,,0,0,0,0,0,0,0,0,103808,104555,0,232,0
332578,1,0,0.0019541,0.0318577,0.121621,0.260239,1,0,,0,0,0,0,0,0,0,0,103808,104555,0,232,0
332678,1,0,0.00136787,0.0257597,0.112034,0.289339,1,0,,0,0,0,0,0,0,0,0,103808,104555,0,232,0
332778,1,0,0.000957508,0.0207993,0.102911,0.291028,1,0,,0,0,0,0,0,0,0,0,103808,104555,0,232,0
332878,1,0,0.000670256,0.0167735,0.0942972,0.31819,1,0,,0,0,0,0,0,0,0,0,103808,104555,0,232,0
332978,1,0,0.000469179,0.0135126,0.0862187,0.293329,1,0,,0,0,0,0,0,0,0,0,103808,104555,0,232,0
333078,1,0,0.000328425,0.0108758,0.0786844,0.277565,1,0,,0,0,0,0,0,0,0,0,103808,104555,0,232,0
333178,1,0,0.000229898,0.0087466,0.0716906,0.271505,1,0,,0,0,0,0,0,0,0,0,103808,104555,0,232,0
333278,1,0,0.000160928,0.00702946,0.0652245,0.266332,1,0,,0,0,0,0,0,0,0,0,103808,104555,0,232,0
333378,1,0,0.00011265,0.0056461,0.0592667,0.284342,1,0,,0,0,0,0,0,0,0,0,103808,104555,0,232,0
333478,1,0,7.88549e-005,0.00453265,0.0537933,0.259855,1,0,,0,0,0,0,0,0,0,0,103808,104555,0,232,0
333578,1,0,5.51984e-005,0.00363716,0.0487777,0.30019,1,0,,0,0,0,0,0,0,0,0,103808,104555,0,232,0
333678,1,0,3.86389e-005,0.00291746,0.0441916,0.263851,1,0,,0,0,0,0,0,0,0,0,103808,104555,0,232,0
333778,1,0,2.70472e-005,0.00233937,0.0400064,0.277525,1,0,,0,0,0,0,0,0,0,0,103808,104555,0,232,0
333878,1,0,1.89331e-005,0.00187529,0.0361933,0.291825,1,0,,0,0,0,0,0,0,0,0,103808,104555,0,232,0
333978,1,0,1.32531e-005,0.00150288,0.0327243,0.274536,1,0,,0,0,0,0,0,0,0,0,103808,104555,0,232,0
334078,1,0,9.2772e-006,0.00120416,0.0295722,0.268359,1,0,,0,0,0,0,0,0,0,0,103808,104555,0,232,0
334178,1,0,6.49404e-006,0.000964626,0.0267115,0.271006,1,0,,0,0,0,0,0,0,0,0,103808,104555,0,232,0
334278,1,0,4.54583e-006,0.00077261,0.0241176,0.28442,1,0,,0,0,0,0,0,0,0,0,103808,104555,0,232,0
334378,1,0,3.18208e-006,0.000618725,0.0217677,0.281571,1,0,,0,0,0,0,0,0,0,0,103808,104555,0,232,0
334478,1,0,2.22745e-006,0.000495425,0.0196405,0.262383,1,0,,0,0,0,0,0,0,0,0,103808,104555,0,232,0
334578,1,0,1.55922e-006,0.000396652,0.0177161,0.282683,1,0,,0,0,0,0,0,0,0,0,103808,104555,0,232,0
334678,1,0,1.09145e-006,0.00031754,0.0159762,0.294582,1,0,,0,0,0,0,0,0,0,0,103808,104555,0,232,0
334778,1,5,1.5,0.300254,0.044404,0.29847,1,0,,0,0,0,0,0,0,0,0,103808,104555,0,232,0
334878,1,0,1.05,0.450203,0.084984,0.292693,1,0,,0,0,0,0,0,0,0,0,103808,104555,0,232,0
334978,1,0,0.735,0.507163,0.127202,0.275357,1,0,,0,0,0,0,0,0,0,0,103808,104555,0,232,0
335078,1,0,0.5145,0.50863,0.165345,0.30047,1,0,,0,0,0,0,0,0,0,0,103808,104555,0,232,0
335178,1,0,0.36015,0.478934,0.196704,0.26702,1,0,,0,0,0,0,0,0,0,0,103808,104555,0,232,0
335278,1,0,0.252105,0.433568,0.22039,0.287644,1,0,,0,0,0,0,0,0,0,0,103808,104555,0,232,0
335378,1,0,0.176474,0.382149,0.236566,0.298232,1,0,,0,0,0,0,0,0,0,0,103808,104555,0,232,0
335478,1,0,0.123531,0.330426,0.245952,0.304733,1,0,,0,0,0,0,0,0,0,0,103808,104555,0,232,0
335578,1,0,0.086472,0.281635,0.24952,0.289019,1,0,,0,0,0,0,0,0,0,0,103808,104555,0,232,0
335678,1,0,0.0605304,0.237414,0.24831,0.266643,1,0,,0,0,0,0,0,0,0,0,103808,104555,0,232,0
335778,1,0,0.0423713,0.198406,0.243319,0.299806,1,0,,0,0,0,0,0,0,0,0,103808,104555,0,232,0
335878,1,0,0.0296599,0.164656,0.235453,0.271506,1,0,,0,0,0,0,0,0,0,0,103808,104555,0,232,0
335978,1,0,0.0207619,0.135878,0.225495,0.268093,1,0,,0,0,0,0,0,0,0,0,103808,104555,0,232,0
336078,1,0,0.0145334,0.111609,0.214107,0.275518,1,0,,0,0,0,0,0,0,0,0,103808,104555,0,232,0
336178,1,0,0.0101733,0.0913217,0.201828,0.273767,1,0,,0,0,0,0,0,0,0,0,103808,104555,0,232,0
336278,1,0,0.00712134,0.0744816,0.189094,0.284206,1,0,,0,0,0,0,0,0,0,0,103808,104555,0,232,0
336378,1,0,0.00498494,0.0605823,0.176242,0.289281,1,0,,0,0,0,0,0,0,0,0,103808,104555,0,232,0
336478,1,0,0.00348946,0.0491637,0.163535,0.274244,1,0,,0,0,0,0,0,0,0,0,103808,104555,0,232,0
336578,1,0,0.00244262,0.0398195,0.151163,0.275932,1,0,,0,0,0,0,0,0,0,0,103808,104555,0,232,0
336678,1,0,0.00170983,0.0321976,0.139267,0.261482,1,0,,0,0,0,0,0,0,0,0,103808,104555,0,232,0
336778,1,0,0.00119688,0.0259974,0.12794,0.274055,1,0,,0,0,0,0,0,0,0,0,103808,104555,0,232,0
336878,1,0,0.000837819,0.0209655,0.117242,0.293493,1,0,,0,0,0,0,0,0,0,0,103808,104555,0,232,0
336978,1,0,0.000586473,0.0168897,0.107207,0.263793,1,0,,0,0,0,0,0,0,0,0,103808,104555,0,232,0
337078,1,0,0.000410531,0.0135939,0.0978456,0.29312,1,0,,0,0,0,0,0,0,0,0,103808,104555,0,232,0
337178,1,0,0.000287372,0.0109326,0.0891543,0.292306,1,0,,0,0,0,0,0,0,0,0,103808,104555,0,232,0
337278,1,0,0.00020116,0.00878629,0.0811175,0.304744,1,0,,0,0,0,0,0,0,0,0,103808,104555,0,232,0
337378,1,0,0.000140812,0.00705719,0.0737115,0.283418,1,0,,0,0,0,0,0,0,0,0,103808,104555,0,232,0
337478,1,0,9.85685e-005,0.00566547,0.0669069,0.255494,1,0,,0,0,0,0,0,0,0,0,103808,104555,0,232,0
337578,1,0,6.8998e-005,0.00454617,0.0606708,0.28363,1,0,,0,0,0,0,0,0,0,0,103808,104555,0,232,0
337678,1,0,4.82986e-005,0.0036466,0.0549684,0.280044,1,0,,0,0,0,0,0,0,0,0,103808,104555,0,232,0
337778,1,0,3.3809e-005,0.00292404,0.049764,0.267719,1,0,,0,0,0,0,0,0,0,0,103808,104555,0,232,0
337878,1,0,2.36663e-005,0.00234397,0.045022,0.337381,1,0,,0,0,0,0,0,0,0,0,103808,104555,0,232,0
337978,1,0,1.65664e-005,0.00187849,0.0407076,0.276119,1,0,,0,0,0,0,0,0,0,0,103808,104555,0,232,0
338078,1,0,1.15965e-005,0.00150511,0.0367874,0.270045,1,0,,0,0,0,0,0,0,0,0,103808,104555,0,232,0
338178,1,0,8.11754e-006,0.00120571,0.0332292,0.280244,1,0,,0,0,0,0,0,0,0,0,103808,104555,0,232,0
338278,1,0,5.68228e-006,0.000965704,0.0300028,0.275484,1,0,,0,0,0,0,0,0,0,0,103808,104555,0,232,0
338378,1,0,3.9776e-006,0.000773359,0.0270799,0.26561,1,0,,0,0,0,0,0,0,0,0,103808,104555,0,232,0
338478,1,0,2.78432e-006,0.000619244,0.0244338,0.309784,1,0,,0,0,0,0,0,0,0,0,103808,104555,0,232,0
338578,1,0,1.94902e-006,0.000495785,0.02204,0.272799,1,0,,0,0,0,0,0,0,0,0,103808,104555,0,232,0
338678,1,4,1.2,0.240397,0.0438757,0.291205,1,0,,0,0,0,0,0,0,0,0,103808,104555,0,232,0
338778,1,0,0.840001,0.360318,0.0755199,0.290166,1,0,,0,0,0,0,0,0,0,0,103808,104555,0,232,0
338878,1,0,0.588001,0.405854,0.108553,0.261729,1,0,,0,0,0,0,0,0,0,0,103808,104555,0,232,0
338978,1,0,0.4116,0.407004,0.138398,0.270866,1,0,,0,0,0,0,0,0,0,0,103808,104555,0,232,0
339078,1,0,0.28812,0.383227,0.162881,0.28768,1,0,,0,0,0,0,0,0,0,0,103808,104555,0,232,0
339178,1,0,0.201684,0.346918,0.181285,0.310344,1,0,,0,0,0,0,0,0,0,0,103808,104555,0,232,0
339278,1,0,0.141179,0.305771,0.193733,0.275857,1,0,,0,0,0,0,0,0,0,0,103808,104555,0,232,0
339378,1,0,0.0988253,0.264381,0.200798,0.318866,1,0,,0,0,0,0,0,0,0,0,103808,104555,0,232,0
339478,1,0,0.0691777,0.225341,0.203253,0.290754,1,0,,0,0,0,0,0,0,0,0,103808,104555,0,232,0
339578,1,0,0.0484244,0.189957,0.201923,0.263702,1,0,,0,0,0,0,0,0,0,0,103808,104555,0,232,0
339678,1,0,0.0338971,0.158745,0.197605,0.272802,1,0,,0,0,0,0,0,0,0,0,103808,104555,0,232,0
339778,1,0,0.0237279,0.131742,0.191019,0.261227,1,0,,0,0,0,0,0,0,0,0,103808,104555,0,232,0
339878,1,0,0.0166096,0.108715,0.182789,0.251965,1,0,,0,0,0,0,0,0,0,0,103808,104555,0,232,0
339978,1,0,0.0116267,0.0892977,0.173439,0.26624,1,0,,0,0,0,0,0,0,0,0,103808,104555,0,232,0
340078,1,0,0.00813868,0.0730659,0.163402,0.269327,1,0,,0,0,0,0,0,0,0,0,103808,104555,0,232,0
340178,1,0,0.00569708,0.0595921,0.153021,0.288303,1,0,,0,0,0,0,0,0,0,0,103808,104555,0,232,0
340278,1,0,0.00398795,0.0484713,0.142566,0.281214,1,0,,0,0,0,0,0,0,0,0,103808,104555,0,232,0
340378,1,0,0.00279157,0.0393354,0.132243,0.276451,1,0,,0,0,0,0,0,0,0,0,103808,104555,0,232,0
340478,1,0,0.0019541,0.0318591,0.122205,0.252189,1,0,,0,0,0,0,0,0,0,0,103808,104555,0,232,0
340578,1,0,0.00136787,0.0257609,0.11256,0.258578,1,0,,0,0,0,0,0,0,0,0,103808,104555,0,232,0
340678,1,0,0.000957508,0.0208002,0.103384,0.278376,1,0,,0,0,0,0,0,0,0,0,103808,104555,0,232,0
340778,1,0,0.000670256,0.0167742,0.0947232,0.279702,1,0,,0,0,0,0,0,0,0,0,103808,104555,0,232,0
340878,1,0,0.000469179,0.0135132,0.0866022,0.258229,1,0,,0,0,0,0,0,0,0,0,103808,104555,0,232,0
340978,1,0,0.000328425,0.0108762,0.0790296,0.298067,1,0,,0,0,0,0,0,0,0,0,103808,104555,0,232,0
341078,1,0,0.000229898,0.00874697,0.0720014,0.298916,1,0,,0,0,0,0,0,0,0,0,103808,104555,0,232,0
341178,1,0,0.000160928,0.00702976,0.0655042,0.295964,1,0,,0,0,0,0,0,0,0,0,103808,104555,0,232,0
341278,1,0,0.00011265,0.00564634,0.0595184,0.26569,1,0,,0,0,0,0,0,0,0,0,103808,104555,0,232,0
341378,1,0,7.88549e-005,0.00453284,0.0540199,0.279302,1,0,,0,0,0,0,0,0,0,0,103808,104555,0,232,0
341478,1,0,5.51984e-005,0.00363732,0.0489816,0.254514,1,0,,0,0,0,0,0,0,0,0,103808,104555,0,232,0
341578,1,0,3.86389e-005,0.00291758,0.0443752,0.282849,1,0,,0,0,0,0,0,0,0,0,103808,104555,0,232,0
341678,1,0,2.70472e-005,0.00233947,0.0401716,0.284099,1,0,,0,0,0,0,0,0,0,0,103808,104555,0,232,0
341778,1,0,1.89331e-005,0.00187537,0.036342,0.279987,1,0,,0,0,0,0,0,0,0,0,103808,104555,0,232,0
341878,1,0,1.32531e-005,0.00150294,0.0328581,0.269062,1,0,,0,0,0,0,0,0,0,0,103808,104555,0,232,0
341978,1,0,9.2772e-006,0.00120421,0.0296927,0.295049,1,0,,0,0,0,0,0,0,0,0,103808,104555,0,232,0
342078,1,0,6.49404e-006,0.000964667,0.0268199,0.286536,1,0,,0,0,0,0,0,0,0,0,103808,104555,0,232,0
342178,1,0,4.54583e-006,0.000772643,0.0242152,0.264928,1,0,,0,0,0,0,0,0,0,0,103808,104555,0,232,0
342278,1,0,3.18208e-006,0.000618751,0.0218555,0.265252,1,0,,0,0,0,0,0,0,0,0,103808,104555,0,232,0
342378,1,0,2.22745e-006,0.000495446,0.0197195,0.307351,1,0,,0,0,0,0,0,0,0,0,103808,104555,0,232,0
342478,1,0,1.55922e-006,0.000396669,0.0177872,0.281402,1,0,,0,0,0,0,0,0,0,0,103808,104555,0,232,0
342578,1,4,1.2,0.240318,0.0400403,0.271088,1,0,,0,0,0,0,0,0,0,0,103808,104555,0,232,0
342678,1,0,0.840001,0.360254,0.0720617,0.286132,1,0,,0,0,0,0,0,0,0,0,103808,104555,0,232,0
342778,1,0,0.588001,0.405803,0.105436,0.268947,1,0,,0,0,0,0,0,0,0,0,103808,104555,0,232,0
342878,1,0,0.4116,0.406963,0.135589,0.307273,1,0,,0,0,0,0,0,0,0,0,103808,104555,0,232,0
342978,1,0,0.28812,0.383194,0.160349,0.251712,1,0,,0,0,0,0,0,0,0,0,103808,104555,0,232,0
343078,1,0,0.201684,0.346892,0.179003,0.266246,1,0,,0,0,0,0,0,0,0,0,103808,104555,0,232,0
343178,1,0,0.141179,0.30575,0.191678,0.265895,1,0,,0,0,0,0,0,0,0,0,103808,104555,0,232,0
343278,1,0,0.0988253,0.264365,0.198947,0.277907,1,0,,0,0,0,0,0,0,0,0,103808,104555,0,232,0
343378,1,0,0.0691777,0.225327,0.201585,0.27777,1,0,,0,0,0,0,0,0,0,0,103808,104555,0,232,0
343478,1,0,0.0484244,0.189947,0.200421,0.27037,1,0,,0,0,0,0,0,0,0,0,103808,104555,0,232,0
343578,1,0,0.0338971,0.158737,0.196253,0.253358,1,0,,0,0,0,0,0,0,0,0,103808,104555,0,232,0
343678,1,0,0.0237279,0.131735,0.189801,0.297195,1,0,,0,0,0,0,0,0,0,0,103808,104555,0,232,0
343778,1,0,0.0166096,0.10871,0.181692,0.278981,1,0,,0,0,0,0,0,0,0,0,103808,104555,0,232,0
343878,1,0,0.0116267,0.0892933,0.172452,0.28647,1,0,,0,0,0,0,0,0,0,0,103808,104555,0,232,0
343978,1,0,0.00813868,0.0730624,0.162513,0.275593,1,0,,0,0,0,0,0,0,0,0,103808,104555,0,232,0
344078,1,0,0.00569708,0.0595893,0.152221,0.282693,1,0,,0,0,0,0,0,0,0,0,103808,104555,0,232,0
344178,1,0,0.00398795,0.0484691,0.141845,0.260606,1,0,,0,0,0,0,0,0,0,0,103808,104555,0,232,0
344278,1,0,0.00279157,0.0393336,0.131594,0.208982,1,0,,0,0,0,0,0,0,0,0,103808,104555,0,232,0
344378,1,0,0.0019541,0.0318577,0.121621,0.295384,1,0,,0,0,0,0,0,0,0,0,103808,104555,0,232,0
344478,1,0,0.00136787,0.0257597,0.112034,0.271058,1,0,,0,0,0,0,0,0,0,0,103808,104555,0,232,0
344578,1,0,0.000957508,0.0207993,0.102911,0.296009,1,0,,0,0,0,0,0,0,0,0,103808,104555,0,232,0
344678,1,0,0.000670256,0.0167735,0.0942972,0.278049,1,0,,0,0,0,0,0,0,0,0,103808,104555,0,232,0
344778,1,0,0.000469179,0.0135126,0.0862187,0.274911,1,0,,0,0,0,0,0,0,0,0,103808,104555,0,232,0
344878,1,0,0.000328425,0.0108758,0.0786844,0.293936,1,0,,0,0,0,0,0,0,0,0,103808,104555,0,232,0
344978,1,0,0.000229898,0.0087466,0.0716906,0.269425,1,0,,0,0,0,0,0,0,0,0,103808,104555,0,232,0
345078,1,0,0.000160928,0.00702946,0.0652245,0.272286,1,0,,0,0,0,0,0,0,0,0,103808,104555,0,232,0
345178,1,0,0.00011265,0.0056461,0.0592667,0.282722,1,0,,0,0,0,0,0,0,0,0,103808,104555,0,232,0
345278,1,0,7.88549e-005,0.00453265,0.0537933,0.285248,1,0,,0,0,0,0,0,0,0,0,103808,104555,0,232,0
345378,1,0,5.51984e-005,0.00363716,0.0487777,0.259924,1,0,,0,0,0,0,0,0,0,0,103808,104555,0,232,0
345478,1,0,3.86389e-005,0.00291746,0.0441916,0.26976,1,0,,0,0,0,0,0,0,0,0,103808,104555,0,232,0
345578,1,0,2.70472e-005,0.00233937,0.0400064,0.300235,1,0,,0,0,0,0,0,0,0,0,103808,104555,0,232,0
345678,1,0,1.89331e-005,0.00187529,0.0361933,0.270297,1,0,,0,0,0,0,0,0,0,0,103808,104555,0,232,0
345778,1,0,1.32531e-005,0.00150288,0.0327243,0.287761,1,0,,0,0,0,0,0,0,0,0,103808,104555,0,232,0
345878,1,0,9.2772e-006,0.00120416,0.0295722,0.291837,1,0,,0,0,0,0,0,0,0,0,103808,104555,0,232,0
345978,1,0,6.49404e-006,0.000964626,0.0267115,0.297825,1,0,,0,0,0,0,0,0,0,0,103808,104555,0,232,0
346078,1,0,4.54583e-006,0.00077261,0.0241176,0.267411,1,0,,0,0,0,0,0,0,0,0,103808,104555,0,232,0
346178,1,0,3.18208e-006,0.000618725,0.0217677,0.272323,1,0,,0,0,0,0,0,0,0,0,103808,104555,0,232,0
346278,1,0,2.22745e-006,0.000495425,0.0196405,0.259449,1,0,,0,0,0,0,0,0,0,0,103808,104555,0,232,0
346378,1,0,1.55922e-006,0.000396652,0.0177161,0.302286,1,0,,0,0,0,0,0,0,0,0,103808,104555,0,232,0
346478,1,0,1.09145e-006,0.00031754,0.0159762,0.282299,1,0,,0,0,0,0,0,0,0,0,103808,104555,0,232,0
346578,1,4,1.2,0.240254,0.038404,0.27663,1,0,,0,0,0,0,0,0,0,0,103808,104555,0,232,0
346678,1,0,0.840001,0.360203,0.070584,0.322355,1,0,,0,0,0,0,0,0,0,0,103808,104555,0,232,0
346778,1,0,0.588,0.405763,0.104102,0.277916,1,0,,0,0,0,0,0,0,0,0,103808,104555,0,232,0
346878,1,0,0.4116,0.40693,0.134385,0.307416,1,0,,0,0,0,0,0,0,0,0,103808,104555,0,232,0
346978,1,0,0.28812,0.383168,0.159263,0.330016,1,0,,0,0,0,0,0,0,0,0,103808,104555,0,232,0
347078,1,0,0.201684,0.346871,0.178024,0.261092,1,0,,0,0,0,0,0,0,0,0,103808,104555,0,232,0
347178,1,0,0.141179,0.305733,0.190795,0.281367,1,0,,0,0,0,0,0,0,0,0,103808,104555,0,232,0
347278,1,0,0.0988252,0.264351,0.19815,0.259043,1,0,,0,0,0,0,0,0,0,0,103808,104555,0,232,0
347378,1,0,0.0691776,0.225317,0.200867,0.289143,1,0,,0,0,0,0,0,0,0,0,103808,104555,0,232,0
347478,1,0,0.0484243,0.189938,0.199774,0.289844,1,0,,0,0,0,0,0,0,0,0,103808,104555,0,232,0
347578,1,0,0.033897,0.15873,0.19567,0.30322,1,0,,0,0,0,0,0,0,0,0,103808,104555,0,232,0
347678,1,0,0.0237279,0.13173,0.189276,0.258343,1,0,,0,0,0,0,0,0,0,0,103808,104555,0,232,0
347778,1,0,0.0166095,0.108706,0.181219,0.275881,1,0,,0,0,0,0,0,0,0,0,103808,104555,0,232,0
347878,1,0,0.0116267,0.0892898,0.172026,0.269521,1,0,,0,0,0,0,0,0,0,0,103808,104555,0,232,0
347978,1,0,0.00813868,0.0730596,0.162129,0.279596,1,0,,0,0,0,0,0,0,0,0,103808,104555,0,232,0
348078,1,0,0.00569708,0.0595871,0.151875,0.298183,1,0,,0,0,0,0,0,0,0,0,103808,104555,0,232,0
348178,1,0,0.00398795,0.0484672,0.141534,0.291655,1,0,,0,0,0,0,0,0,0,0,103808,104555,0,232,0
348278,1,0,0.00279157,0.0393321,0.131314,0.264492,1,0,,0,0,0,0,0,0,0,0,103808,104555,0,232,0
348378,1,0,0.0019541,0.0318565,0.121368,0.310104,1,0,,0,0,0,0,0,0,0,0,103808,104555,0,232,0
348478,1,0,0.00136787,0.0257588,0.111807,0.307829,1,0,,0,0,0,0,0,0,0,0,103808,104555,0,232,0
348578,1,0,0.000957507,0.0207985,0.102706,0.266766,1,0,,0,0,0,0,0,0,0,0,103808,104555,0,232,0
348678,1,0,0.000670255,0.0167729,0.0941131,0.315616,1,0,,0,0,0,0,0,0,0,0,103808,104555,0,232,0
348778,1,0,0.000469179,0.0135121,0.086053,0.303867,1,0,,0,0,0,0,0,0,0,0,103808,104555,0,232,0
348878,1,0,0.000328425,0.0108754,0.0785352,0.283268,1,0,,0,0,0,0,0,0,0,0,103808,104555,0,232,0
348978,1,0,0.000229898,0.00874629,0.0715563,0.295533,1,0,,0,0,0,0,0,0,0,0,103808,104555,0,232,0
349078,1,0,0.000160928,0.00702922,0.0651036,0.311882,1,0,,0,0,0,0,0,0,0,0,103808,104555,0,232,0
349178,1,0,0.00011265,0.00564591,0.0591578,0.272543,1,0,,0,0,0,0,0,0,0,0,103808,104555,0,232,0
349278,1,0,7.88548e-005,0.0045325,0.0536953,0.281218,1,0,,0,0,0,0,0,0,0,0,103808,104555,0,232,0
349378,1,0,5.51984e-005,0.00363704,0.0486895,0.301069,1,0,,0,0,0,0,0,0,0,0,103808,104555,0,232,0
349478,1,0,3.86389e-005,0.00291736,0.0441123,0.309605,1,0,,0,0,0,0,0,0,0,0,103808,104555,0,232,0
349578,1,0,2.70472e-005,0.0023393,0.039935,0.240968,1,0,,0,0,0,0,0,0,0,0,103808,104555,0,232,0
349678,1,0,1.8933e-005,0.00187522,0.036129,0.273918,1,0,,0,0,0,0,0,0,0,0,103808,104555,0,232,0
349778,1,0,1.32531e-005,0.00150283,0.0326664,0.305606,1,0,,0,0,0,0,0,0,0,0,103808,104555,0,232,0
349878,1,0,9.27719e-006,0.00120412,0.0295201,0.281305,1,0,,0,0,0,0,0,0,0,0,103808,104555,0,232,0
349978,1,0,6.49404e-006,0.000964594,0.0266646,0.292844,1,0,,0,0,0,0,0,0,0,0,103808,104555,0,232,0
350078,1,0,4.54582e-006,0.000772584,0.0240754,0.315705,1,0,,0,0,0,0,0,0,0,0,103808,104555,0,232,0
350178,1,0,3.18208e-006,0.000618704,0.0217297,0.304456,1,0,,0,0,0,0,0,0,0,0,103808,104555,0,232,0
350278,1,0,2.22745e-006,0.000495408,0.0196063,0.291243,1,0,,0,0,0,0,0,0,0,0,103808,104555,0,232,0
350378,1,0,1.55922e-006,0.000396639,0.0176853,0.270229,1,0,,0,0,0,0,0,0,0,0,103808,104555,0,232,0
350478,1,5,1.5,0.300318,0.0459485,0.289239,1,0,,0,0,0,0,0,0,0,0,103808,104555,0,232,0
350578,1,0,1.05,0.450254,0.0863791,0.285014,1,0,,0,0,0,0,0,0,0,0,103808,104555,0,232,0
350678,1,0,0.735001,0.507203,0.128462,0.267677,1,0,,0,0,0,0,0,0,0,0,103808,104555,0,232,0
350778,1,0,0.5145,0.508663,0.166482,0.247801,1,0,,0,0,0,0,0,0,0,0,103808,104555,0,232,0
350878,1,0,0.36015,0.47896,0.19773,0.294977,1,0,,0,0,0,0,0,0,0,0,103808,104555,0,232,0
350978,1,0,0.252105,0.433589,0.221316,0.295839,1,0,,0,0,0,0,0,0,0,0,103808,104555,0,232,0
351078,1,0,0.176474,0.382166,0.237401,0.279926,1,0,,0,0,0,0,0,0,0,0,103808,104555,0,232,0
351178,1,0,0.123532,0.330439,0.246704,0.277763,1,0,,0,0,0,0,0,0,0,0,103808,104555,0,232,0
351278,1,0,0.0864721,0.281646,0.250199,0.273261,1,0,,0,0,0,0,0,0,0,0,103808,104555,0,232,0
351378,1,0,0.0605305,0.237423,0.248921,0.264409,1,0,,0,0,0,0,0,0,0,0,103808,104555,0,232,0
351478,1,0,0.0423713,0.198412,0.24387,0.269869,1,0,,0,0,0,0,0,0,0,0,103808,104555,0,232,0
351578,1,0,0.0296599,0.164662,0.235949,0.28322,1,0,,0,0,0,0,0,0,0,0,103808,104555,0,232,0
351678,1,0,0.0207619,0.135882,0.225943,0.265507,1,0,,0,0,0,0,0,0,0,0,103808,104555,0,232,0
351778,1,0,0.0145334,0.111612,0.21451,0.275619,1,0,,0,0,0,0,0,0,0,0,103808,104555,0,232,0
351878,1,0,0.0101734,0.0913245,0.202191,0.272243,1,0,,0,0,0,0,0,0,0,0,103808,104555,0,232,0
351978,1,0,0.00712135,0.0744838,0.18942,0.281554,1,0,,0,0,0,0,0,0,0,0,103808,104555,0,232,0
352078,1,0,0.00498494,0.0605841,0.176537,0.276503,1,0,,0,0,0,0,0,0,0,0,103808,104555,0,232,0
352178,1,0,0.00348946,0.0491651,0.1638,0.306278,1,0,,0,0,0,0,0,0,0,0,103808,104555,0,232,0
352278,1,0,0.00244262,0.0398206,0.151402,0.309677,1,0,,0,0,0,0,0,0,0,0,103808,104555,0,232,0
352378,1,0,0.00170984,0.0321985,0.139481,0.285144,1,0,,0,0,0,0,0,0,0,0,103808,104555,0,232,0
352478,1,0,0.00119688,0.0259982,0.128133,0.309219,1,0,,0,0,0,0,0,0,0,0,103808,104555,0,232,0
352578,1,0,0.000837819,0.0209661,0.117416,0.269644,1,0,,0,0,0,0,0,0,0,0,103808,104555,0,232,0
352678,1,0,0.000586473,0.0168902,0.107364,0.307956,1,0,,0,0,0,0,0,0,0,0,103808,104555,0,232,0
352778,1,0,0.000410531,0.0135942,0.0979868,0.28542,1,0,,0,0,0,0,0,0,0,0,103808,104555,0,232,0
352878,1,0,0.000287372,0.0109329,0.0892814,0.298834,1,0,,0,0,0,0,0,0,0,0,103808,104555,0,232,0
352978,1,0,0.00020116,0.00878653,0.0812319,0.277522,1,0,,0,0,0,0,0,0,0,0,103808,104555,0,232,0
353078,1,0,0.000140812,0.00705738,0.0738144,0.274446,1,0,,0,0,0,0,0,0,0,0,103808,104555,0,232,0
353178,1,0,9.85686e-005,0.00566562,0.0669995,0.274946,1,0,,0,0,0,0,0,0,0,0,103808,104555,0,232,0
353278,1,0,6.8998e-005,0.0045463,0.0607542,0.293158,1,0,,0,0,0,0,0,0,0,0,103808,104555,0,232,0
353378,1,0,4.82986e-005,0.0036467,0.0550435,0.318957,1,0,,0,0,0,0,0,0,0,0,103808,104555,0,232,0
353478,1,0,3.3809e-005,0.00292412,0.0498315,0.290645,1,0,,0,0,0,0,0,0,0,0,103808,104555,0,232,0
353578,1,0,2.36663e-005,0.00234403,0.0450828,0.273707,1,0,,0,0,0,0,0,0,0,0,103808,104555,0,232,0
353678,1,0,1.65664e-005,0.00187854,0.0407624,0.28208,1,0,,0,0,0,0,0,0,0,0,103808,104555,0,232,0
353778,1,0,1.15965e-005,0.00150515,0.0368366,0.277104,1,0,,0,0,0,0,0,0,0,0,103808,104555,0,232,0
353878,1,0,8.11755e-006,0.00120574,0.0332735,0.297929,1,0,,0,0,0,0,0,0,0,0,103808,104555,0,232,0
353978,1,0,5.68228e-006,0.00096573,0.0300428,0.251429,1,0,,0,0,0,0,0,0,0,0,103808,104555,0,232,0
354078,1,0,3.9776e-006,0.00077338,0.0271158,0.275741,1,0,,0,0,0,0,0,0,0,0,103808,104555,0,232,0
354178,1,0,2.78432e-006,0.000619261,0.0244662,0.272654,1,0,,0,0,0,0,0,0,0,0,103808,104555,0,232,0
354278,1,0,1.94902e-006,0.000495798,0.0220691,0.305869,1,0,,0,0,0,0,0,0,0,0,103808,104555,0,232,0
354378,1,0,1.36432e-006,0.000396911,0.0199019,0.278881,1,0,,0,0,0,0,0,0,0,0,103808,104555,0,232,0
354478,1,4,1.2,0.240318,0.0419435,0.334842,1,0,,0,0,0,0,0,0,0,0,103808,104555,0,232,0
354578,1,0,0.840001,0.360254,0.0737746,0.251429,1,0,,0,0,0,0,0,0,0,0,103808,104555,0,232,0
354678,1,0,0.588,0.405804,0.106977,0.300842,1,0,,0,0,0,0,0,0,0,0,103808,104555,0,232,0
354778,1,0,0.4116,0.406963,0.136976,0.301595,1,0,,0,0,0,0,0,0,0,0,103808,104555,0,232,0
354878,1,0,0.28812,0.383194,0.161598,0.276259,1,0,,0,0,0,0,0,0,0,0,103808,104555,0,232,0
354978,1,0,0.201684,0.346892,0.180127,0.280209,1,0,,0,0,0,0,0,0,0,0,103808,104555,0,232,0
355078,1,0,0.141179,0.30575,0.19269,0.289322,1,0,,0,0,0,0,0,0,0,0,103808,104555,0,232,0
355178,1,0,0.0988252,0.264365,0.199857,0.272274,1,0,,0,0,0,0,0,0,0,0,103808,104555,0,232,0
355278,1,0,0.0691777,0.225327,0.202404,0.314498,1,0,,0,0,0,0,0,0,0,0,103808,104555,0,232,0
355378,1,0,0.0484244,0.189947,0.201158,0.261674,1,0,,0,0,0,0,0,0,0,0,103808,104555,0,232,0
355478,1,0,0.033897,0.158737,0.196916,0.272725,1,0,,0,0,0,0,0,0,0,0,103808,104555,0,232,0
355578,1,0,0.0237279,0.131735,0.190398,0.273274,1,0,,0,0,0,0,0,0,0,0,103808,104555,0,232,0
355678,1,0,0.0166096,0.10871,0.182229,0.293288,1,0,,0,0,0,0,0,0,0,0,103808,104555,0,232,0
355778,1,0,0.0116267,0.0892933,0.172936,0.258,1,0,,0,0,0,0,0,0,0,0,103808,104555,0,232,0
355878,1,0,0.00813868,0.0730624,0.162948,0.268363,1,0,,0,0,0,0,0,0,0,0,103808,104555,0,232,0
355978,1,0,0.00569708,0.0595893,0.152612,0.2632,1,0,,0,0,0,0,0,0,0,0,103808,104555,0,232,0
356078,1,0,0.00398795,0.048469,0.142198,0.269576,1,0,,0,0,0,0,0,0,0,0,103808,104555,0,232,0
356178,1,0,0.00279157,0.0393335,0.131912,0.324165,1,0,,0,0,0,0,0,0,0,0,103808,104555,0,232,0
356278,1,0,0.0019541,0.0318577,0.121906,0.265389,1,0,,0,0,0,0,0,0,0,0,103808,104555,0,232,0
356378,1,0,0.00136787,0.0257597,0.112292,0.30214,1,0,,0,0,0,0,0,0,0,0,103808,104555,0,232,0
356478,1,0,0.000957508,0.0207993,0.103142,0.316879,1,0,,0,0,0,0,0,0,0,0,103808,104555,0,232,0
356578,1,0,0.000670255,0.0167735,0.0945054,0.297516,1,0,,0,0,0,0,0,0,0,0,103808,104555,0,232,0
356678,1,0,0.000469179,0.0135126,0.0864061,0.26704,1,0,,0,0,0,0,0,0,0,0,103808,104555,0,232,0
356778,1,0,0.000328425,0.0108758,0.0788531,0.308439,1,0,,0,0,0,0,0,0,0,0,103808,104555,0,232,0
356878,1,0,0.000229898,0.0087466,0.0718425,0.274139,1,0,,0,0,0,0,0,0,0,0,103808,104555,0,232,0
356978,1,0,0.000160928,0.00702946,0.0653612,0.251077,1,0,,0,0,0,0,0,0,0,0,103808,104555,0,232,0
357078,1,0,0.00011265,0.0056461,0.0593896,0.251864,1,0,,0,0,0,0,0,0,0,0,103808,104555,0,232,0
357178,1,0,7.88549e-005,0.00453265,0.0539039,0.261365,1,0,,0,0,0,0,0,0,0,0,103808,104555,0,232,0
357278,1,0,5.51984e-005,0.00363716,0.0488773,0.277226,1,0,,0,0,0,0,0,0,0,0,103808,104555,0,232,0
357378,1,0,3.86389e-005,0.00291746,0.0442813,0.282276,1,0,,0,0,0,0,0,0,0,0,103808,104555,0,232,0
357478,1,0,2.70472e-005,0.00233937,0.0400871,0.300664,1,0,,0,0,0,0,0,0,0,0,103808,104555,0,232,0
357578,1,0,1.89331e-005,0.00187529,0.0362659,0.285088,1,0,,0,0,0,0,0,0,0,0,103808,104555,0,232,0
357678,1,0,1.32531e-005,0.00150288,0.0327896,0.306801,1,0,,0,0,0,0,0,0,0,0,103808,104555,0,232,0
357778,1,0,9.2772e-006,0.00120416,0.0296311,0.288288,1,0,,0,0,0,0,0,0,0,0,103808,104555,0,232,0
357878,1,0,6.49404e-006,0.000964626,0.0267644,0.2723,1,0,,0,0,0,0,0,0,0,0,103808,104555,0,232,0
357978,1,0,4.54583e-006,0.00077261,0.0241652,0.270599,1,0,,0,0,0,0,0,0,0,0,103808,104555,0,232,0
358078,1,0,3.18208e-006,0.000618724,0.0218106,0.258024,1,0,,0,0,0,0,0,0,0,0,103808,104555,0,232,0
358178,1,0,2.22745e-006,0.000495425,0.0196791,0.269185,1,0,,0,0,0,0,0,0,0,0,103808,104555,0,232,0
358278,1,0,1.55922e-006,0.000396652,0.0177508,0.300561,1,0,,0,0,0,0,0,0,0,0,103808,104555,0,232,0
358378,1,5,1.5,0.300318,0.0460075,0.271661,1,0,,0,0,0,0,0,0,0,0,103808,104555,0,232,0
358478,1,0,1.05,0.450254,0.0864322,0.261459,1,0,,0,0,0,0,0,0,0,0,103808,104555,0,232,0
358578,1,0,0.735001,0.507203,0.128509,0.266208,1,0,,0,0,0,0,0,0,0,0,103808,104555,0,232,0
358678,1,0,0.5145,0.508663,0.166525,0.278594,1,0,,0,0,0,0,0,0,0,0,103808,104555,0,232,0
358778,1,0,0.36015,0.47896,0.197768,0.297907,1,0,,0,0,0,0,0,0,0,0,103808,104555,0,232,0
358878,1,0,0.252105,0.433589,0.22135,0.285345,1,0,,0,0,0,0,0,0,0,0,103808,104555,0,232,0
358978,1,0,0.176474,0.382166,0.237432,0.28172,1,0,,0,0,0,0,0,0,0,0,103808,104555,0,232,0
359078,1,0,0.123532,0.330439,0.246733,0.269258,1,0,,0,0,0,0,0,0,0,0,103808,104555,0,232,0
359178,1,0,0.0864721,0.281646,0.250224,0.280457,1,0,,0,0,0,0,0,0,0,0,103808,104555,0,232,0
359278,1,0,0.0605305,0.237423,0.248944,0.33731,1,0,,0,0,0,0,0,0,0,0,103808,104555,0,232,0
359378,1,0,0.0423713,0.198412,0.243891,0.266074,1,0,,0,0,0,0,0,0,0,0,103808,104555,0,232,0
359478,1,0,0.0296599,0.164662,0.235968,0.270574,1,0,,0,0,0,0,0,0,0,0,103808,104555,0,232,0
359578,1,0,0.0207619,0.135882,0.225959,0.302238,1,0,,0,0,0,0,0,0,0,0,103808,104555,0,232,0
359678,1,0,0.0145334,0.111612,0.214524,0.254713,1,0,,0,0,0,0,0,0,0,0,103808,104555,0,232,0
359778,1,0,0.0101734,0.0913245,0.202204,0.275737,1,0,,0,0,0,0,0,0,0,0,103808,104555,0,232,0
359878,1,0,0.00712135,0.0744838,0.189432,0.265163,1,0,,0,0,0,0,0,0,0,0,103808,104555,0,232,0
359978,1,0,0.00498494,0.0605841,0.176548,0.276836,1,0,,0,0,0,0,0,0,0,0,103808,104555,0,232,0
360078,1,0,0.00348946,0.0491651,0.163809,0.281636,1,0,,0,0,0,0,0,0,0,0,103808,104555,0,232,0
360178,1,0,0.00244262,0.0398206,0.15141,0.26996,1,0,,0,0,0,0,0,0,0,0,103808,104555,0,232,0
360278,1,0,0.00170984,0.0321985,0.139489,0.272322,1,0,,0,0,0,0,0,0,0,0,103808,104555,0,232,0
360378,1,0,0.00119688,0.0259982,0.12814,0.283237,1,0,,0,0,0,0,0,0,0,0,103808,104555,0,232,0
360478,1,0,0.000837819,0.0209661,0.117423,0.274699,1,0,,0,0,0,0,0,0,0,0,103808,104555,0,232,0
360578,1,0,0.000586473,0.0168902,0.107369,0.267799,1,0,,0,0,0,0,0,0,0,0,103808,104555,0,232,0
360678,1,0,0.000410531,0.0135942,0.0979919,0.270149,1,0,,0,0,0,0,0,0,0,0,103808,104555,0,232,0
360778,1,0,0.000287372,0.0109329,0.089286,0.2639,1,0,,0,0,0,0,0,0,0,0,103808,104555,0,232,0
360878,1,0,0.00020116,0.00878653,0.0812361,0.283562,1,0,,0,0,0,0,0,0,0,0,103808,104555,0,232,0
360978,1,0,0.000140812,0.00705738,0.0738182,0.254075,1,0,,0,0,0,0,0,0,0,0,103808,104555,0,232,0
361078,1,0,9.85686e-005,0.00566562,0.067003,0.285964,1,0,,0,0,0,0,0,0,0,0,103808,104555,0,232,0
361178,1,0,6.8998e-005,0.0045463,0.0607573,0.299737,1,0,,0,0,0,0,0,0,0,0,103808,104555,0,232,0
361278,1,0,4.82986e-005,0.0036467,0.0550462,0.281038,1,0,,0,0,0,0,0,0,0,0,103808,104555,0,232,0
361378,1,0,3.3809e-005,0.00292412,0.049834,0.269549,1,0,,0,0,0,0,0,0,0,0,103808,104555,0,232,0
361478,1,0,2.36663e-005,0.00234403,0.045085,0.275749,1,0,,0,0,0,0,0,0,0,0,103808,104555,0,232,0
361578,1,0,1.65664e-005,0.00187854,0.0407644,0.276748,1,0,,0,0,0,0,0,0,0,0,103808,104555,0,232,0
361678,1,0,1.15965e-005,0.00150515,0.0368384,0.293324,1,0,,0,0,0,0,0,0,0,0,103808,104555,0,232,0
361778,1,0,8.11755e-006,0.00120574,0.0332752,0.297336,1,0,,0,0,0,0,0,0,0,0,103808,104555,0,232,0
361878,1,0,5.68228e-006,0.00096573,0.0300442,0.325523,1,0,,0,0,0,0,0,0,0,0,103808,104555,0,232,0
361978,1,0,3.9776e-006,0.00077338,0.0271171,0.299486,1,0,,0,0,0,0,0,0,0,0,103808,104555,0,232,0
362078,1,0,2.78432e-006,0.000619261,0.0244674,0.296274,1,0,,0,0,0,0,0,0,0,0,103808,104555,0,232,0
362178,1,0,1.94902e-006,0.000495798,0.0220702,0.312848,1,0,,0,0,0,0,0,0,0,0,103808,104555,0,232,0
362278,1,5,1.5,0.300397,0.0499029,0.288601,1,0,,0,0,0,0,0,0,0,0,103808,104555,0,232,0
362378,1,0,1.05,0.450318,0.0899444,0.265878,1,0,,0,0,0,0,0,0,0,0,103808,104555,0,232,0
362478,1,0,0.735001,0.507254,0.131675,0.298903,1,0,,0,0,0,0,0,0,0,0,103808,104555,0,232,0
362578,1,0,0.5145,0.508704,0.169378,0.276029,1,0,,0,0,0,0,0,0,0,0,103808,104555,0,232,0
362678,1,0,0.36015,0.478993,0.20034,0.251706,1,0,,0,0,0,0,0,0,0,0,103808,104555,0,232,0
362778,1,0,0.252105,0.433615,0.223667,0.275767,1,0,,0,0,0,0,0,0,0,0,103808,104555,0,232,0
362878,1,0,0.176474,0.382187,0.239519,0.265692,1,0,,0,0,0,0,0,0,0,0,103808,104555,0,232,0
362978,1,0,0.123532,0.330456,0.248613,0.283154,1,0,,0,0,0,0,0,0,0,0,103808,104555,0,232,0
363078,1,0,0.0864721,0.281659,0.251917,0.293067,1,0,,0,0,0,0,0,0,0,0,103808,104555,0,232,0
363178,1,0,0.0605305,0.237433,0.250469,0.283169,1,0,,0,0,0,0,0,0,0,0,103808,104555,0,232,0
363278,1,0,0.0423713,0.198421,0.245264,0.28212,1,0,,0,0,0,0,0,0,0,0,103808,104555,0,232,0
363378,1,0,0.0296599,0.164669,0.237205,0.267621,1,0,,0,0,0,0,0,0,0,0,103808,104555,0,232,0
363478,1,0,0.0207619,0.135887,0.227073,0.26977,1,0,,0,0,0,0,0,0,0,0,103808,104555,0,232,0
363578,1,0,0.0145334,0.111617,0.215527,0.297547,1,0,,0,0,0,0,0,0,0,0,103808,104555,0,232,0
363678,1,0,0.0101734,0.091328,0.203107,0.279347,1,0,,0,0,0,0,0,0,0,0,103808,104555,0,232,0
363778,1,0,0.00712135,0.0744866,0.190245,0.281902,1,0,,0,0,0,0,0,0,0,0,103808,104555,0,232,0
363878,1,0,0.00498494,0.0605863,0.177279,0.302665,1,0,,0,0,0,0,0,0,0,0,103808,104555,0,232,0
363978,1,0,0.00348946,0.0491669,0.164468,0.299878,1,0,,0,0,0,0,0,0,0,0,103808,104555,0,232,0
364078,1,0,0.00244262,0.0398221,0.152004,0.276227,1,0,,0,0,0,0,0,0,0,0,103808,104555,0,232,0
364178,1,0,0.00170984,0.0321996,0.140023,0.291464,1,0,,0,0,0,0,0,0,0,0,103808,104555,0,232,0
364278,1,0,0.00119688,0.0259991,0.128621,0.274853,1,0,,0,0,0,0,0,0,0,0,103808,104555,0,232,0
364378,1,0,0.000837819,0.0209668,0.117855,0.280712,1,0,,0,0,0,0,0,0,0,0,103808,104555,0,232,0
364478,1,0,0.000586474,0.0168908,0.107759,0.281274,1,0,,0,0,0,0,0,0,0,0,103808,104555,0,232,0
364578,1,0,0.000410531,0.0135947,0.0983425,0.292148,1,0,,0,0,0,0,0,0,0,0,103808,104555,0,232,0
364678,1,0,0.000287372,0.0109332,0.0896015,0.292662,1,0,,0,0,0,0,0,0,0,0,103808,104555,0,232,0
364778,1,0,0.00020116,0.00878683,0.0815201,0.278974,1,0,,0,0,0,0,0,0,0,0,103808,104555,0,232,0
364878,1,0,0.000140812,0.00705762,0.0740738,0.271865,1,0,,0,0,0,0,0,0,0,0,103808,104555,0,232,0
364978,1,0,9.85686e-005,0.00566581,0.067233,0.278866,1,0,,0,0,0,0,0,0,0,0,103808,104555,0,232,0
365078,1,0,6.8998e-005,0.00454645,0.0609644,0.298217,1,0,,0,0,0,0,0,0,0,0,103808,104555,0,232,0
365178,1,0,4.82986e-005,0.00364682,0.0552326,0.266278,1,0,,0,0,0,0,0,0,0,0,103808,104555,0,232,0
365278,1,0,3.3809e-005,0.00292422,0.0500018,0.30938,1,0,,0,0,0,0,0,0,0,0,103808,104555,0,232,0
365378,1,0,2.36663e-005,0.00234411,0.045236,0.273693,1,0,,0,0,0,0,0,0,0,0,103808,104555,0,232,0
365478,1,0,1.65664e-005,0.0018786,0.0409002,0.26413,1,0,,0,0,0,0,0,0,0,0,103808,104555,0,232,0
365578,1,0,1.15965e-005,0.0015052,0.0369607,0.302134,1,0,,0,0,0,0,0,0,0,0,103808,104555,0,232,0
365678,1,0,8.11755e-006,0.00120578,0.0333852,0.328447,1,0,,0,0,0,0,0,0,0,0,103808,104555,0,232,0
365778,1,0,5.68228e-006,0.000965762,0.0301433,0.274185,1,0,,0,0,0,0,0,0,0,0,103808,104555,0,232,0
365878,1,0,3.9776e-006,0.000773406,0.0272063,0.284435,1,0,,0,0,0,0,0,0,0,0,103808,104555,0,232,0
365978,1,0,2.78432e-006,0.000619281,0.0245476,0.345985,1,0,,0,0,0,0,0,0,0,0,103808,104555,0,232,0
366078,1,0,1.94902e-006,0.000495815,0.0221424,0.254336,1,0,,0,0,0,0,0,0,0,0,103808,104555,0,232,0
366178,1,0,1.36432e-006,0.000396925,0.0199679,0.261111,1,0,,0,0,0,0,0,0,0,0,103808,104555,0,232,0
366278,1,5,1.5,0.300318,0.0480029,0.304912,1,0,,0,0,0,0,0,0,0,0,103808,104555,0,232,0
366378,1,0,1.05,0.450254,0.088228,0.277699,1,0,,0,0,0,0,0,0,0,0,103808,104555,0,232,0
366478,1,0,0.735,0.507204,0.130126,0.265662,1,0,,0,0,0,0,0,0,0,0,103808,104555,0,232,0
366578,1,0,0.5145,0.508663,0.167979,0.283675,1,0,,0,0,0,0,0,0,0,0,103808,104555,0,232,0
366678,1,0,0.36015,0.47896,0.199077,0.302798,1,0,,0,0,0,0,0,0,0,0,103808,104555,0,232,0
366778,1,0,0.252105,0.433589,0.222529,0.314135,1,0,,0,0,0,0,0,0,0,0,103808,104555,0,232,0
366878,1,0,0.176474,0.382166,0.238492,0.343349,1,0,,0,0,0,0,0,0,0,0,103808,104555,0,232,0
366978,1,0,0.123532,0.330439,0.247687,0.284036,1,0,,0,0,0,0,0,0,0,0,103808,104555,0,232,0
367078,1,0,0.0864721,0.281646,0.251083,0.263334,1,0,,0,0,0,0,0,0,0,0,103808,104555,0,232,0
367178,1,0,0.0605304,0.237423,0.249717,0.278146,1,0,,0,0,0,0,0,0,0,0,103808,104555,0,232,0
367278,1,0,0.0423713,0.198412,0.244586,0.278807,1,0,,0,0,0,0,0,0,0,0,103808,104555,0,232,0
367378,1,0,0.0296599,0.164662,0.236594,0.31352,1,0,,0,0,0,0,0,0,0,0,103808,104555,0,232,0
367478,1,0,0.0207619,0.135882,0.226523,0.275157,1,0,,0,0,0,0,0,0,0,0,103808,104555,0,232,0
367578,1,0,0.0145334,0.111612,0.215032,0.302731,1,0,,0,0,0,0,0,0,0,0,103808,104555,0,232,0
367678,1,0,0.0101734,0.0913245,0.202661,0.323507,1,0,,0,0,0,0,0,0,0,0,103808,104555,0,232,0
367778,1,0,0.00712135,0.0744838,0.189843,0.278407,1,0,,0,0,0,0,0,0,0,0,103808,104555,0,232,0
367878,1,0,0.00498494,0.0605841,0.176917,0.270844,1,0,,0,0,0,0,0,0,0,0,103808,104555,0,232,0
367978,1,0,0.00348946,0.0491651,0.164142,0.27417,1,0,,0,0,0,0,0,0,0,0,103808,104555,0,232,0
368078,1,0,0.00244262,0.0398206,0.15171,0.28027,1,0,,0,0,0,0,0,0,0,0,103808,104555,0,232,0
368178,1,0,0.00170984,0.0321985,0.139759,0.265418,1,0,,0,0,0,0,0,0,0,0,103808,104555,0,232,0
368278,1,0,0.00119688,0.0259982,0.128383,0.28478,1,0,,0,0,0,0,0,0,0,0,103808,104555,0,232,0
368378,1,0,0.000837819,0.0209661,0.117641,0.273133,1,0,,0,0,0,0,0,0,0,0,103808,104555,0,232,0
368478,1,0,0.000586473,0.0168902,0.107566,0.265994,1,0,,0,0,0,0,0,0,0,0,103808,104555,0,232,0
368578,1,0,0.000410531,0.0135942,0.0981688,0.288567,1,0,,0,0,0,0,0,0,0,0,103808,104555,0,232,0
368678,1,0,0.000287372,0.0109329,0.0894452,0.290004,1,0,,0,0,0,0,0,0,0,0,103808,104555,0,232,0
368778,1,0,0.00020116,0.00878653,0.0813793,0.252292,1,0,,0,0,0,0,0,0,0,0,103808,104555,0,232,0
368878,1,0,0.000140812,0.00705738,0.0739471,0.282918,1,0,,0,0,0,0,0,0,0,0,103808,104555,0,232,0
368978,1,0,9.85686e-005,0.00566562,0.067119,0.291283,1,0,,0,0,0,0,0,0,0,0,103808,104555,0,232,0
369078,1,0,6.8998e-005,0.0045463,0.0608617,0.244632,1,0,,0,0,0,0,0,0,0,0,103808,104555,0,232,0
369178,1,0,4.82986e-005,0.0036467,0.0551402,0.260145,1,0,,0,0,0,0,0,0,0,0,103808,104555,0,232,0
369278,1,0,3.3809e-005,0.00292412,0.0499186,0.275483,1,0,,0,0,0,0,0,0,0,0,103808,104555,0,232,0
369378,1,0,2.36663e-005,0.00234403,0.0451612,0.27283,1,0,,0,0,0,0,0,0,0,0,103808,104555,0,232,0
369478,1,0,1.65664e-005,0.00187854,0.0408329,0.315044,1,0,,0,0,0,0,0,0,0,0,103808,104555,0,232,0
369578,1,0,1.15965e-005,0.00150515,0.0369001,0.280519,1,0,,0,0,0,0,0,0,0,0,103808,104555,0,232,0
369678,1,0,8.11755e-006,0.00120574,0.0333307,0.278955,1,0,,0,0,0,0,0,0,0,0,103808,104555,0,232,0
369778,1,0,5.68228e-006,0.00096573,0.0300942,0.274405,1,0,,0,0,0,0,0,0,0,0,103808,104555,0,232,0
369878,1,0,3.9776e-006,0.00077338,0.0271621,0.274843,1,0,,0,0,0,0,0,0,0,0,103808,104555,0,232,0
369978,1,0,2.78432e-006,0.000619261,0.0245078,0.260568,1,0,,0,0,0,0,0,0,0,0,103808,104555,0,232,0
370078,1,0,1.94902e-006,0.000495798,0.0221066,0.265719,1,0,,0,0,0,0,0,0,0,0,103808,104555,0,232,0
370178,1,4,1.2,0.240397,0.0439356,0.262304,1,0,,0,0,0,0,0,0,0,0,103808,104555,0,232,0
370278,1,0,0.840001,0.360318,0.0755738,0.304692,1,0,,0,0,0,0,0,0,0,0,103808,104555,0,232,0
370378,1,0,0.588001,0.405854,0.108602,0.288777,1,0,,0,0,0,0,0,0,0,0,103808,104555,0,232,0
370478,1,0,0.4116,0.407004,0.138442,0.309865,1,0,,0,0,0,0,0,0,0,0,103808,104555,0,232,0
370578,1,0,0.28812,0.383227,0.162921,0.296401,1,0,,0,0,0,0,0,0,0,0,103808,104555,0,232,0
370678,1,0,0.201684,0.346918,0.18132,0.299288,1,0,,0,0,0,0,0,0,0,0,103808,104555,0,232,0
370778,1,0,0.141179,0.305771,0.193765,0.323851,1,0,,0,0,0,0,0,0,0,0,103808,104555,0,232,0
370878,1,0,0.0988253,0.264381,0.200827,0.302701,1,0,,0,0,0,0,0,0,0,0,103808,104555,0,232,0
370978,1,0,0.0691777,0.225341,0.203278,0.283952,1,0,,0,0,0,0,0,0,0,0,103808,104555,0,232,0
371078,1,0,0.0484244,0.189957,0.201946,0.285428,1,0,,0,0,0,0,0,0,0,0,103808,104555,0,232,0
371178,1,0,0.0338971,0.158745,0.197626,0.280405,1,0,,0,0,0,0,0,0,0,0,103808,104555,0,232,0
371278,1,0,0.0237279,0.131742,0.191038,0.272853,1,0,,0,0,0,0,0,0,0,0,103808,104555,0,232,0
371378,1,0,0.0166096,0.108715,0.182805,0.264077,1,0,,0,0,0,0,0,0,0,0,103808,104555,0,232,0
371478,1,0,0.0116267,0.0892977,0.173455,0.287876,1,0,,0,0,0,0,0,0,0,0,103808,104555,0,232,0
371578,1,0,0.00813868,0.0730659,0.163416,0.302424,1,0,,0,0,0,0,0,0,0,0,103808,104555,0,232,0
371678,1,0,0.00569708,0.0595921,0.153033,0.276361,1,0,,0,0,0,0,0,0,0,0,103808,104555,0,232,0
371778,1,0,0.00398795,0.0484713,0.142577,0.258961,1,0,,0,0,0,0,0,0,0,0,103808,104555,0,232,0
371878,1,0,0.00279157,0.0393354,0.132253,0.288886,1,0,,0,0,0,0,0,0,0,0,103808,104555,0,232,0
371978,1,0,0.0019541,0.0318591,0.122214,0.313823,1,0,,0,0,0,0,0,0,0,0,103808,104555,0,232,0
372078,1,0,0.00136787,0.0257609,0.112568,0.270324,1,0,,0,0,0,0,0,0,0,0,103808,104555,0,232,0
372178,1,0,0.000957508,0.0208002,0.103392,0.266761,1,0,,0,0,0,0,0,0,0,0,103808,104555,0,232,0
372278,1,0,0.000670256,0.0167742,0.0947298,0.278988,1,0,,0,0,0,0,0,0,0,0,103808,104555,0,232,0
372378,1,0,0.000469179,0.0135132,0.0866081,0.304412,1,0,,0,0,0,0,0,0,0,0,103808,104555,0,232,0
372478,1,0,0.000328425,0.0108762,0.0790349,0.281739,1,0,,0,0,0,0,0,0,0,0,103808,104555,0,232,0
372578,1,0,0.000229898,0.00874697,0.0720062,0.2735,1,0,,0,0,0,0,0,0,0,0,103808,104555,0,232,0
372678,1,0,0.000160928,0.00702976,0.0655085,0.26004,1,0,,0,0,0,0,0,0,0,0,103808,104555,0,232,0
372778,1,0,0.00011265,0.00564634,0.0595223,0.274343,1,0,,0,0,0,0,0,0,0,0,103808,104555,0,232,0
372878,1,0,7.88549e-005,0.00453284,0.0540234,0.287967,1,0,,0,0,0,0,0,0,0,0,103808,104555,0,232,0
372978,1,0,5.51984e-005,0.00363732,0.0489847,0.271804,1,0,,0,0,0,0,0,0,0,0,103808,104555,0,232,0
373078,1,0,3.86389e-005,0.00291758,0.044378,0.318556,1,0,,0,0,0,0,0,0,0,0,103808,104555,0,232,0
373178,1,0,2.70472e-005,0.00233947,0.0401742,0.298018,1,0,,0,0,0,0,0,0,0,0,103808,104555,0,232,0
373278,1,0,1.89331e-005,0.00187537,0.0363443,0.294607,1,0,,0,0,0,0,0,0,0,0,103808,104555,0,232,0
373378,1,0,1.32531e-005,0.00150294,0.0328601,0.25997,1,0,,0,0,0,0,0,0,0,0,103808,104555,0,232,0
373478,1,0,9.2772e-006,0.00120421,0.0296946,0.288384,1,0,,0,0,0,0,0,0,0,0,103808,104555,0,232,0
373578,1,0,6.49404e-006,0.000964667,0.0268216,0.262069,1,0,,0,0,0,0,0,0,0,0,103808,104555,0,232,0
373678,1,0,4.54583e-006,0.000772643,0.0242167,0.283744,1,0,,0,0,0,0,0,0,0,0,103808,104555,0,232,0
373778,1,0,3.18208e-006,0.000618751,0.0218569,0.254518,1,0,,0,0,0,0,0,0,0,0,103808,104555,0,232,0
373878,1,0,2.22745e-006,0.000495446,0.0197207,0.280355,1,0,,0,0,0,0,0,0,0,0,103808,104555,0,232,0
373978,1,0,1.55922e-006,0.000396669,0.0177883,0.27993,1,0,,0,0,0,0,0,0,0,0,103808,104555,0,232,0
374078,1,0,1.09145e-006,0.000317553,0.0160413,0.253454,1,0,,0,0,0,0,0,0,0,0,103808,104555,0,232,0
374178,1,5,1.5,0.300254,0.0444625,0.270552,1,0,,0,0,0,0,0,0,0,0,103808,104555,0,232,0
374278,1,0,1.05,0.450203,0.0850366,0.279089,1,0,,0,0,0,0,0,0,0,0,103808,104555,0,232,0
374378,1,0,0.735,0.507163,0.127249,0.268527,1,0,,0,0,0,0,0,0,0,0,103808,104555,0,232,0
374478,1,0,0.5145,0.50863,0.165387,0.279689,1,0,,0,0,0,0,0,0,0,0,103808,104555,0,232,0
374578,1,0,0.36015,0.478934,0.196742,0.269839,1,0,,0,0,0,0,0,0,0,0,103808,104555,0,232,0
374678,1,0,0.252105,0.433568,0.220425,0.297476,1,0,,0,0,0,0,0,0,0,0,103808,104555,0,232,0
374778,1,0,0.176474,0.382149,0.236597,0.309065,1,0,,0,0,0,0,0,0,0,0,103808,104555,0,232,0
374878,1,0,0.123531,0.330426,0.24598,0.291903,1,0,,0,0,0,0,0,0,0,0,103808,104555,0,232,0
374978,1,0,0.086472,0.281635,0.249546,0.252529,1,0,,0,0,0,0,0,0,0,0,103808,104555,0,232,0
375078,1,0,0.0605304,0.237414,0.248332,0.275603,1,0,,0,0,0,0,0,0,0,0,103808,104555,0,232,0
375178,1,0,0.0423713,0.198406,0.24334,0.286215,1,0,,0,0,0,0,0,0,0,0,103808,104555,0,232,0
375278,1,0,0.0296599,0.164656,0.235471,0.336516,1,0,,0,0,0,0,0,0,0,0,103808,104555,0,232,0
375378,1,0,0.0207619,0.135878,0.225512,0.289793,1,0,,0,0,0,0,0,0,0,0,103808,104555,0,232,0
375478,1,0,0.0145334,0.111609,0.214122,0.266093,1,0,,0,0,0,0,0,0,0,0,103808,104555,0,232,0
375578,1,0,0.0101733,0.0913217,0.201842,0.279956,1,0,,0,0,0,0,0,0,0,0,103808,104555,0,232,0
375678,1,0,0.00712134,0.0744816,0.189106,0.299979,1,0,,0,0,0,0,0,0,0,0,103808,104555,0,232,0
375778,1,0,0.00498494,0.0605823,0.176253,0.278977,1,0,,0,0,0,0,0,0,0,0,103808,104555,0,232,0
375878,1,0,0.00348946,0.0491637,0.163544,0.265764,1,0,,0,0,0,0,0,0,0,0,103808,104555,0,232,0
375978,1,0,0.00244262,0.0398195,0.151172,0.270915,1,0,,0,0,0,0,0,0,0,0,103808,104555,0,232,0
376078,1,0,0.00170983,0.0321976,0.139274,0.265479,1,0,,0,0,0,0,0,0,0,0,103808,104555,0,232,0
376178,1,0,0.00119688,0.0259974,0.127947,0.258316,1,0,,0,0,0,0,0,0,0,0,103808,104555,0,232,0
376278,1,0,0.000837819,0.0209655,0.117249,0.281991,1,0,,0,0,0,0,0,0,0,0,103808,104555,0,232,0
376378,1,0,0.000586473,0.0168897,0.107213,0.273843,1,0,,0,0,0,0,0,0,0,0,103808,104555,0,232,0
376478,1,0,0.000410531,0.0135939,0.0978508,0.268408,1,0,,0,0,0,0,0,0,0,0,103808,104555,0,232,0
376578,1,0,0.000287372,0.0109326,0.089159,0.307458,1,0,,0,0,0,0,0,0,0,0,103808,104555,0,232,0
376678,1,0,0.00020116,0.00878629,0.0811217,0.266245,1,0,,0,0,0,0,0,0,0,0,103808,104555,0,232,0
376778,1,0,0.000140812,0.00705719,0.0737153,0.298172,1,0,,0,0,0,0,0,0,0,0,103808,104555,0,232,0
376878,1,0,9.85685e-005,0.00566547,0.0669103,0.265497,1,0,,0,0,0,0,0,0,0,0,103808,104555,0,232,0
376978,1,0,6.8998e-005,0.00454617,0.0606739,0.311997,1,0,,0,0,0,0,0,0,0,0,103808,104555,0,232,0
377078,1,0,4.82986e-005,0.0036466,0.0549711,0.311585,1,0,,0,0,0,0,0,0,0,0,103808,104555,0,232,0
377178,1,0,3.3809e-005,0.00292404,0.0497664,0.315299,1,0,,0,0,0,0,0,0,0,0,103808,104555,0,232,0
377278,1,0,2.36663e-005,0.00234397,0.0450242,0.301374,1,0,,0,0,0,0,0,0,0,0,103808,104555,0,232,0
377378,1,0,1.65664e-005,0.00187849,0.0407096,0.269711,1,0,,0,0,0,0,0,0,0,0,103808,104555,0,232,0
377478,1,0,1.15965e-005,0.00150511,0.0367892,0.254736,1,0,,0,0,0,0,0,0,0,0,103808,104555,0,232,0
377578,1,0,8.11754e-006,0.00120571,0.0332308,0.333111,1,0,,0,0,0,0,0,0,0,0,103808,104555,0,232,0
377678,1,0,5.68228e-006,0.000965704,0.0300043,0.291648,1,0,,0,0,0,0,0,0,0,0,103808,104555,0,232,0
377778,1,0,3.9776e-006,0.000773359,0.0270812,0.298034,1,0,,0,0,0,0,0,0,0,0,103808,104555,0,232,0
377878,1,0,2.78432e-006,0.000619244,0.024435,0.260459,1,0,,0,0,0,0,0,0,0,0,103808,104555,0,232,0
377978,1,0,1.94902e-006,0.000495785,0.0220411,0.279635,1,0,,0,0,0,0,0,0,0,0,103808,104555,0,232,0
378078,1,5,1.5,0.300397,0.0498767,0.287217,1,0,,0,0,0,0,0,0,0,0,103808,104555,0,232,0
378178,1,0,1.05,0.450318,0.0899208,0.254854,1,0,,0,0,0,0,0,0,0,0,103808,104555,0,232,0
378278,1,0,0.735001,0.507254,0.131654,0.278379,1,0,,0,0,0,0,0,0,0,0,103808,104555,0,232,0
378378,1,0,0.5145,0.508704,0.169359,0.272466,1,0,,0,0,0,0,0,0,0,0,103808,104555,0,232,0
378478,1,0,0.36015,0.478993,0.200322,0.261103,1,0,,0,0,0,0,0,0,0,0,103808,104555,0,232,0
378578,1,0,0.252105,0.433615,0.223652,0.266854,1,0,,0,0,0,0,0,0,0,0,103808,104555,0,232,0
378678,1,0,0.176474,0.382187,0.239505,0.276216,1,0,,0,0,0,0,0,0,0,0,103808,104555,0,232,0
378778,1,0,0.123532,0.330456,0.2486,0.284929,1,0,,0,0,0,0,0,0,0,0,103808,104555,0,232,0
378878,1,0,0.0864721,0.281659,0.251906,0.279793,1,0,,0,0,0,0,0,0,0,0,103808,104555,0,232,0
378978,1,0,0.0605305,0.237433,0.250459,0.270941,1,0,,0,0,0,0,0,0,0,0,103808,104555,0,232,0
379078,1,0,0.0423713,0.198421,0.245255,0.285731,1,0,,0,0,0,0,0,0,0,0,103808,104555,0,232,0
379178,1,0,0.0296599,0.164669,0.237196,0.294217,1,0,,0,0,0,0,0,0,0,0,103808,104555,0,232,0
379278,1,0,0.0207619,0.135887,0.227066,0.279268,1,0,,0,0,0,0,0,0,0,0,103808,104555,0,232,0
379378,1,0,0.0145334,0.111617,0.215521,0.282726,1,0,,0,0,0,0,0,0,0,0,103808,104555,0,232,0
379478,1,0,0.0101734,0.091328,0.203101,0.314002,1,0,,0,0,0,0,0,0,0,0,103808,104555,0,232,0
379578,1,0,0.00712135,0.0744866,0.19024,0.32329,1,0,,0,0,0,0,0,0,0,0,103808,104555,0,232,0
379678,1,0,0.00498494,0.0605863,0.177275,0.266604,1,0,,0,0,0,0,0,0,0,0,103808,104555,0,232,0
379778,1,0,0.00348946,0.0491669,0.164464,0.278078,1,0,,0,0,0,0,0,0,0,0,103808,104555,0,232,0
379878,1,0,0.00244262,0.0398221,0.152,0.306291,1,0,,0,0,0,0,0,0,0,0,103808,104555,0,232,0
379978,1,0,0.00170984,0.0321996,0.14002,0.281455,1,0,,0,0,0,0,0,0,0,0,103808,104555,0,232,0
380078,1,0,0.00119688,0.0259991,0.128618,0.303303,1,0,,0,0,0,0,0,0,0,0,103808,104555,0,232,0
380178,1,0,0.000837819,0.0209668,0.117852,0.290191,1,0,,0,0,0,0,0,0,0,0,103808,104555,0,232,0
380278,1,0,0.000586474,0.0168908,0.107756,0.315018,1,0,,0,0,0,0,0,0,0,0,103808,104555,0,232,0
380378,1,0,0.000410531,0.0135947,0.0983401,0.266168,1,0,,0,0,0,0,0,0,0,0,103808,104555,0,232,0
380478,1,0,0.000287372,0.0109332,0.0895994,0.312732,1,0,,0,0,0,0,0,0,0,0,103808,104555,0,232,0
380578,1,0,0.00020116,0.00878683,0.0815182,0.279895,1,0,,0,0,0,0,0,0,0,0,103808,104555,0,232,0
380678,1,0,0.000140812,0.00705762,0.0740721,0.290682,1,0,,0,0,0,0,0,0,0,0,103808,104555,0,232,0
380778,1,0,9.85686e-005,0.00566581,0.0672315,0.293344,1,0,,0,0,0,0,0,0,0,0,103808,104555,0,232,0
380878,1,0,6.8998e-005,0.00454645,0.060963,0.259918,1,0,,0,0,0,0,0,0,0,0,103808,104555,0,232,0
380978,1,0,4.82986e-005,0.00364682,0.0552314,0.290105,1,0,,0,0,0,0,0,0,0,0,103808,104555,0,232,0
381078,1,0,3.3809e-005,0.00292422,0.0500007,0.274994,1,0,,0,0,0,0,0,0,0,0,103808,104555,0,232,0
381178,1,0,2.36663e-005,0.00234411,0.045235,0.272742,1,0,,0,0,0,0,0,0,0,0,103808,104555,0,232,0
381278,1,0,1.65664e-005,0.0018786,0.0408994,0.259831,1,0,,0,0,0,0,0,0,0,0,103808,104555,0,232,0
381378,1,0,1.15965e-005,0.0015052,0.0369599,0.257046,1,0,,0,0,0,0,0,0,0,0,103808,104555,0,232,0
381478,1,0,8.11755e-006,0.00120578,0.0333845,0.264648,1,0,,0,0,0,0,0,0,0,0,103808,104555,0,232,0
381578,1,0,5.68228e-006,0.000965762,0.0301426,0.258123,1,0,,0,0,0,0,0,0,0,0,103808,104555,0,232,0
381678,1,0,3.9776e-006,0.000773406,0.0272057,0.302721,1,0,,0,0,0,0,0,0,0,0,103808,104555,0,232,0
381778,1,0,2.78432e-006,0.000619281,0.0245471,0.264053,1,0,,0,0,0,0,0,0,0,0,103808,104555,0,232,0
381878,1,0,1.94902e-006,0.000495815,0.022142,0.322116,1,0,,0,0,0,0,0,0,0,0,103808,104555,0,232,0
381978,1,5,1.5,0.300397,0.0499674,0.322183,1,0,,0,0,0,0,0,0,0,0,103808,104555,0,232,0
382078,1,0,1.05,0.450318,0.0900025,0.330957,1,0,,0,0,0,0,0,0,0,0,103808,104555,0,232,0
382178,1,0,0.735001,0.507254,0.131728,0.259531,1,0,,0,0,0,0,0,0,0,0,103808,104555,0,232,0
382278,1,0,0.5145,0.508704,0.169425,0.283594,1,0,,0,0,0,0,0,0,0,0,103808,104555,0,232,0
382378,1,0,0.36015,0.478993,0.200382,0.305306,1,0,,0,0,0,0,0,0,0,0,103808,104555,0,232,0
382478,1,0,0.252105,0.433615,0.223705,0.261518,1,0,,0,0,0,0,0,0,0,0,103808,104555,0,232,0
382578,1,0,0.176474,0.382187,0.239554,0.267155,1,0,,0,0,0,0,0,0,0,0,103808,104555,0,232,0
382678,1,0,0.123532,0.330456,0.248644,0.288279,1,0,,0,0,0,0,0,0,0,0,103808,104555,0,232,0
382778,1,0,0.0864721,0.281659,0.251945,0.268905,1,0,,0,0,0,0,0,0,0,0,103808,104555,0,232,0
382878,1,0,0.0605305,0.237433,0.250494,0.263142,1,0,,0,0,0,0,0,0,0,0,103808,104555,0,232,0
382978,1,0,0.0423713,0.198421,0.245287,0.296031,1,0,,0,0,0,0,0,0,0,0,103808,104555,0,232,0
383078,1,0,0.0296599,0.164669,0.237225,0.274017,1,0,,0,0,0,0,0,0,0,0,103808,104555,0,232,0
383178,1,0,0.0207619,0.135887,0.227091,0.245819,1,0,,0,0,0,0,0,0,0,0,103808,104555,0,232,0
383278,1,0,0.0145334,0.111617,0.215544,0.271319,1,0,,0,0,0,0,0,0,0,0,103808,104555,0,232,0
383378,1,0,0.0101734,0.091328,0.203122,0.259117,1,0,,0,0,0,0,0,0,0,0,103808,104555,0,232,0
383478,1,0,0.00712135,0.0744866,0.190259,0.29143,1,0,,0,0,0,0,0,0,0,0,103808,104555,0,232,0
383578,1,0,0.00498494,0.0605863,0.177291,0.301012,1,0,,0,0,0,0,0,0,0,0,103808,104555,0,232,0
383678,1,0,0.00348946,0.0491669,0.164479,0.265948,1,0,,0,0,0,0,0,0,0,0,103808,104555,0,232,0
383778,1,0,0.00244262,0.0398221,0.152013,0.272471,1,0,,0,0,0,0,0,0,0,0,103808,104555,0,232,0
383878,1,0,0.00170984,0.0321996,0.140032,0.295582,1,0,,0,0,0,0,0,0,0,0,103808,104555,0,232,0
383978,1,0,0.00119688,0.0259991,0.128629,0.295309,1,0,,0,0,0,0,0,0,0,0,103808,104555,0,232,0
384078,1,0,0.000837819,0.0209668,0.117862,0.249384,1,0,,0,0,0,0,0,0,0,0,103808,104555,0,232,0
384178,1,0,0.000586474,0.0168908,0.107765,0.268057,1,0,,0,0,0,0,0,0,0,0,103808,104555,0,232,0
384278,1,0,0.000410531,0.0135947,0.0983482,0.260833,1,0,,0,0,0,0,0,0,0,0,103808,104555,0,232,0
384378,1,0,0.000287372,0.0109332,0.0896067,0.275796,1,0,,0,0,0,0,0,0,0,0,103808,104555,0,232,0
384478,1,0,0.00020116,0.00878683,0.0815247,0.27611,1,0,,0,0,0,0,0,0,0,0,103808,104555,0,232,0
384578,1,0,0.000140812,0.00705762,0.074078,0.273949,1,0,,0,0,0,0,0,0,0,0,103808,104555,0,232,0
384678,1,0,9.85686e-005,0.00566581,0.0672368,0.303986,1,0,,0,0,0,0,0,0,0,0,103808,104555,0,232,0
384778,1,0,6.8998e-005,0.00454645,0.0609677,0.263051,1,0,,0,0,0,0,0,0,0,0,103808,104555,0,232,0
384878,1,0,4.82986e-005,0.00364682,0.0552356,0.298801,1,0,,0,0,0,0,0,0,0,0,103808,104555,0,232,0
384978,1,0,3.3809e-005,0.00292422,0.0500045,0.271577,1,0,,0,0,0,0,0,0,0,0,103808,104555,0,232,0
385078,1,0,2.36663e-005,0.00234411,0.0452385,0.267542,1,0,,0,0,0,0,0,0,0,0,103808,104555,0,232,0
385178,1,0,1.65664e-005,0.0018786,0.0409025,0.302669,1,0,,0,0,0,0,0,0,0,0,103808,104555,0,232,0
385278,1,0,1.15965e-005,0.0015052,0.0369627,0.276165,1,0,,0,0,0,0,0,0,0,0,103808,104555,0,232,0
385378,1,0,8.11755e-006,0.00120578,0.033387,0.305316,1,0,,0,0,0,0,0,0,0,0,103808,104555,0,232,0
385478,1,0,5.68228e-006,0.000965762,0.0301449,0.311127,1,0,,0,0,0,0,0,0,0,0,103808,104555,0,232,0
385578,1,0,3.9776e-006,0.000773406,0.0272078,0.292314,1,0,,0,0,0,0,0,0,0,0,103808,104555,0,232,0
385678,1,0,2.78432e-006,0.000619281,0.0245489,0.29184,1,0,,0,0,0,0,0,0,0,0,103808,104555,0,232,0
385778,1,0,1.94902e-006,0.000495815,0.0221436,0.256251,1,0,,0,0,0,0,0,0,0,0,103808,104555,0,232,0
385878,1,0,1.36432e-006,0.000396925,0.0199689,0.265651,1,0,,0,0,0,0,0,0,0,0,103808,104555,0,232,0
385978,1,4,1.2,0.240318,0.0420038,0.28257,1,0,,0,0,0,0,0,0,0,0,103808,104555,0,232,0
386078,1,0,0.840001,0.360254,0.0738289,0.265382,1,0,,0,0,0,0,0,0,0,0,103808,104555,0,232,0
386178,1,0,0.588,0.405804,0.107026,0.271384,1,0,,0,0,0,0,0,0,0,0,103808,104555,0,232,0
386278,1,0,0.4116,0.406963,0.13702,0.280534,1,0,,0,0,0,0,0,0,0,0,103808,104555,0,232,0
386378,1,0,0.28812,0.383194,0.161637,0.283321,1,0,,0,0,0,0,0,0,0,0,103808,104555,0,232,0
386478,1,0,0.201684,0.346892,0.180163,0.284097,1,0,,0,0,0,0,0,0,0,0,103808,104555,0,232,0
386578,1,0,0.141179,0.30575,0.192722,0.303635,1,0,,0,0,0,0,0,0,0,0,103808,104555,0,232,0
386678,1,0,0.0988252,0.264365,0.199886,0.270095,1,0,,0,0,0,0,0,0,0,0,103808,104555,0,232,0
386778,1,0,0.0691777,0.225327,0.20243,0.271108,1,0,,0,0,0,0,0,0,0,0,103808,104555,0,232,0
386878,1,0,0.0484244,0.189947,0.201182,0.274295,1,0,,0,0,0,0,0,0,0,0,103808,104555,0,232,0
386978,1,0,0.033897,0.158737,0.196937,0.306082,1,0,,0,0,0,0,0,0,0,0,103808,104555,0,232,0
387078,1,0,0.0237279,0.131735,0.190417,0.279621,1,0,,0,0,0,0,0,0,0,0,103808,104555,0,232,0
387178,1,0,0.0166096,0.10871,0.182246,0.256506,1,0,,0,0,0,0,0,0,0,0,103808,104555,0,232,0
387278,1,0,0.0116267,0.0892933,0.172951,0.280717,1,0,,0,0,0,0,0,0,0,0,103808,104555,0,232,0
387378,1,0,0.00813868,0.0730624,0.162962,0.282103,1,0,,0,0,0,0,0,0,0,0,103808,104555,0,232,0
387478,1,0,0.00569708,0.0595893,0.152625,0.280864,1,0,,0,0,0,0,0,0,0,0,103808,104555,0,232,0
387578,1,0,0.00398795,0.048469,0.142209,0.255103,1,0,,0,0,0,0,0,0,0,0,103808,104555,0,232,0
387678,1,0,0.00279157,0.0393335,0.131922,0.297765,1,0,,0,0,0,0,0,0,0,0,103808,104555,0,232,0
387778,1,0,0.0019541,0.0318577,0.121915,0.270115,1,0,,0,0,0,0,0,0,0,0,103808,104555,0,232,0
387878,1,0,0.00136787,0.0257597,0.1123,0.282677,1,0,,0,0,0,0,0,0,0,0,103808,104555,0,232,0
387978,1,0,0.000957508,0.0207993,0.10315,0.284163,1,0,,0,0,0,0,0,0,0,0,103808,104555,0,232,0
388078,1,0,0.000670255,0.0167735,0.094512,0.306076,1,0,,0,0,0,0,0,0,0,0,103808,104555,0,232,0
388178,1,0,0.000469179,0.0135126,0.0864121,0.281588,1,0,,0,0,0,0,0,0,0,0,103808,104555,0,232,0
388278,1,0,0.000328425,0.0108758,0.0788585,0.255315,1,0,,0,0,0,0,0,0,0,0,103808,104555,0,232,0
388378,1,0,0.000229898,0.0087466,0.0718473,0.273952,1,0,,0,0,0,0,0,0,0,0,103808,104555,0,232,0
388478,1,0,0.000160928,0.00702946,0.0653655,0.26414,1,0,,0,0,0,0,0,0,0,0,103808,104555,0,232,0
388578,1,0,0.00011265,0.0056461,0.0593935,0.271402,1,0,,0,0,0,0,0,0,0,0,103808,104555,0,232,0
388678,1,0,7.88549e-005,0.00453265,0.0539075,0.277276,1,0,,0,0,0,0,0,0,0,0,103808,104555,0,232,0
388778,1,0,5.51984e-005,0.00363716,0.0488804,0.262491,1,0,,0,0,0,0,0,0,0,0,103808,104555,0,232,0
388878,1,0,3.86389e-005,0.00291746,0.0442841,0.281291,1,0,,0,0,0,0,0,0,0,0,103808,104555,0,232,0
388978,1,0,2.70472e-005,0.00233937,0.0400896,0.265195,1,0,,0,0,0,0,0,0,0,0,103808,104555,0,232,0
389078,1,0,1.89331e-005,0.00187529,0.0362682,0.299871,1,0,,0,0,0,0,0,0,0,0,103808,104555,0,232,0
389178,1,0,1.32531e-005,0.00150288,0.0327917,0.264058,1,0,,0,0,0,0,0,0,0,0,103808,104555,0,232,0
389278,1,0,9.2772e-006,0.00120416,0.0296329,0.285396,1,0,,0,0,0,0,0,0,0,0,103808,104555,0,232,0
389378,1,0,6.49404e-006,0.000964626,0.0267661,0.296134,1,0,,0,0,0,0,0,0,0,0,103808,104555,0,232,0
389478,1,0,4.54583e-006,0.00077261,0.0241667,0.301395,1,0,,0,0,0,0,0,0,0,0,103808,104555,0,232,0
389578,1,0,3.18208e-006,0.000618724,0.0218119,0.254594,1,0,,0,0,0,0,0,0,0,0,103808,104555,0,232,0
389678,1,0,2.22745e-006,0.000495425,0.0196803,0.296845,1,0,,0,0,0,0,0,0,0,0,103808,104555,0,232,0
389778,1,0,1.55922e-006,0.000396652,0.0177519,0.289446,1,0,,0,0,0,0,0,0,0,0,103808,104555,0,232,0
389878,1,5,1.5,0.300318,0.0460085,0.280337,1,0,,0,0,0,0,0,0,0,0,103808,104555,0,232,0
389978,1,0,1.05,0.450254,0.0864331,0.276613,1,0,,0,0,0,0,0,0,0,0,103808,104555,0,232,0
390078,1,0,0.735001,0.507203,0.12851,0.279989,1,0,,0,0,0,0,0,0,0,0,103808,104555,0,232,0
390178,1,0,0.5145,0.508663,0.166525,0.297499,1,0,,0,0,0,0,0,0,0,0,103808,104555,0,232,0
390278,1,0,0.36015,0.47896,0.197769,0.308275,1,0,,0,0,0,0,0,0,0,0,103808,104555,0,232,0
390378,1,0,0.252105,0.433589,0.221351,0.26379,1,0,,0,0,0,0,0,0,0,0,103808,104555,0,232,0
390478,1,0,0.176474,0.382166,0.237432,0.295915,1,0,,0,0,0,0,0,0,0,0,103808,104555,0,232,0
390578,1,0,0.123532,0.330439,0.246733,0.307278,1,0,,0,0,0,0,0,0,0,0,103808,104555,0,232,0
390678,1,0,0.0864721,0.281646,0.250224,0.285028,1,0,,0,0,0,0,0,0,0,0,103808,104555,0,232,0
390778,1,0,0.0605305,0.237423,0.248944,0.271901,1,0,,0,0,0,0,0,0,0,0,103808,104555,0,232,0
390878,1,0,0.0423713,0.198412,0.243891,0.28525,1,0,,0,0,0,0,0,0,0,0,103808,104555,0,232,0
390978,1,0,0.0296599,0.164662,0.235968,0.275236,1,0,,0,0,0,0,0,0,0,0,103808,104555,0,232,0
391078,1,0,0.0207619,0.135882,0.225959,0.271423,1,0,,0,0,0,0,0,0,0,0,103808,104555,0,232,0
391178,1,0,0.0145334,0.111612,0.214525,0.300522,1,0,,0,0,0,0,0,0,0,0,103808,104555,0,232,0
391278,1,0,0.0101734,0.0913245,0.202205,0.292584,1,0,,0,0,0,0,0,0,0,0,103808,104555,0,232,0
391378,1,0,0.00712135,0.0744838,0.189433,0.261747,1,0,,0,0,0,0,0,0,0,0,103808,104555,0,232,0
391478,1,0,0.00498494,0.0605841,0.176548,0.277972,1,0,,0,0,0,0,0,0,0,0,103808,104555,0,232,0
391578,1,0,0.00348946,0.0491651,0.16381,0.259622,1,0,,0,0,0,0,0,0,0,0,103808,104555,0,232,0
391678,1,0,0.00244262,0.0398206,0.151411,0.301485,1,0,,0,0,0,0,0,0,0,0,103808,104555,0,232,0
391778,1,0,0.00170984,0.0321985,0.139489,0.282297,1,0,,0,0,0,0,0,0,0,0,103808,104555,0,232,0
391878,1,0,0.00119688,0.0259982,0.12814,0.277421,1,0,,0,0,0,0,0,0,0,0,103808,104555,0,232,0
391978,1,0,0.000837819,0.0209661,0.117423,0.275935,1,0,,0,0,0,0,0,0,0,0,103808,104555,0,232,0
392078,1,0,0.000586473,0.0168902,0.10737,0.275186,1,0,,0,0,0,0,0,0,0,0,103808,104555,0,232,0
392178,1,0,0.000410531,0.0135942,0.097992,0.250849,1,0,,0,0,0,0,0,0,0,0,103808,104555,0,232,0
392278,1,0,0.000287372,0.0109329,0.0892861,0.277811,1,0,,0,0,0,0,0,0,0,0,103808,104555,0,232,0
392378,1,0,0.00020116,0.00878653,0.0812362,0.290137,1,0,,0,0,0,0,0,0,0,0,103808,104555,0,232,0
392478,1,0,0.000140812,0.00705738,0.0738183,0.281125,1,0,,0,0,0,0,0,0,0,0,103808,104555,0,232,0
392578,1,0,9.85686e-005,0.00566562,0.067003,0.27611,1,0,,0,0,0,0,0,0,0,0,103808,104555,0,232,0
392678,1,0,6.8998e-005,0.0045463,0.0607573,0.266622,1,0,,0,0,0,0,0,0,0,0,103808,104555,0,232,0
392778,1,0,4.82986e-005,0.0036467,0.0550463,0.289447,1,0,,0,0,0,0,0,0,0,0,103808,104555,0,232,0
392878,1,0,3.3809e-005,0.00292412,0.0498341,0.265784,1,0,,0,0,0,0,0,0,0,0,103808,104555,0,232,0
392978,1,0,2.36663e-005,0.00234403,0.0450851,0.294572,1,0,,0,0,0,0,0,0,0,0,103808,104555,0,232,0
393078,1,0,1.65664e-005,0.00187854,0.0407644,0.264808,1,0,,0,0,0,0,0,0,0,0,103808,104555,0,232,0
393178,1,0,1.15965e-005,0.00150515,0.0368385,0.266897,1,0,,0,0,0,0,0,0,0,0,103808,104555,0,232,0
393278,1,0,8.11755e-006,0.00120574,0.0332752,0.253171,1,0,,0,0,0,0,0,0,0,0,103808,104555,0,232,0
393378,1,0,5.68228e-006,0.00096573,0.0300443,0.262132,1,0,,0,0,0,0,0,0,0,0,103808,104555,0,232,0
393478,1,0,3.9776e-006,0.00077338,0.0271172,0.276594,1,0,,0,0,0,0,0,0,0,0,103808,104555,0,232,0
393578,1,0,2.78432e-006,0.000619261,0.0244674,0.311968,1,0,,0,0,0,0,0,0,0,0,103808,104555,0,232,0
393678,1,0,1.94902e-006,0.000495798,0.0220702,0.334981,1,0,,0,0,0,0,0,0,0,0,103808,104555,0,232,0
393778,1,4,1.2,0.240397,0.0439029,0.29335,1,0,,0,0,0,0,0,0,0,0,103808,104555,0,232,0
393878,1,0,0.840001,0.360318,0.0755444,0.267419,1,0,,0,0,0,0,0,0,0,0,103808,104555,0,232,0
393978,1,0,0.588001,0.405854,0.108575,0.287459,1,0,,0,0,0,0,0,0,0,0,103808,104555,0,232,0
394078,1,0,0.4116,0.407004,0.138418,0.276944,1,0,,0,0,0,0,0,0,0,0,103808,104555,0,232,0
394178,1,0,0.28812,0.383227,0.162899,0.254257,1,0,,0,0,0,0,0,0,0,0,103808,104555,0,232,0
394278,1,0,0.201684,0.346918,0.181301,0.263308,1,0,,0,0,0,0,0,0,0,0,103808,104555,0,232,0
394378,1,0,0.141179,0.305771,0.193748,0.278131,1,0,,0,0,0,0,0,0,0,0,103808,104555,0,232,0
394478,1,0,0.0988253,0.264381,0.200811,0.275717,1,0,,0,0,0,0,0,0,0,0,103808,104555,0,232,0
394578,1,0,0.0691777,0.225341,0.203264,0.27179,1,0,,0,0,0,0,0,0,0,0,103808,104555,0,232,0
394678,1,0,0.0484244,0.189957,0.201934,0.288702,1,0,,0,0,0,0,0,0,0,0,103808,104555,0,232,0
394778,1,0,0.0338971,0.158745,0.197615,0.25654,1,0,,0,0,0,0,0,0,0,0,103808,104555,0,232,0
394878,1,0,0.0237279,0.131742,0.191027,0.301352,1,0,,0,0,0,0,0,0,0,0,103808,104555,0,232,0
394978,1,0,0.0166096,0.108715,0.182796,0.26999,1,0,,0,0,0,0,0,0,0,0,103808,104555,0,232,0
395078,1,0,0.0116267,0.0892977,0.173446,0.258189,1,0,,0,0,0,0,0,0,0,0,103808,104555,0,232,0
395178,1,0,0.00813868,0.0730659,0.163408,0.265064,1,0,,0,0,0,0,0,0,0,0,103808,104555,0,232,0
395278,1,0,0.00569708,0.0595921,0.153027,0.300215,1,0,,0,0,0,0,0,0,0,0,103808,104555,0,232,0
395378,1,0,0.00398795,0.0484713,0.142571,0.311439,1,0,,0,0,0,0,0,0,0,0,103808,104555,0,232,0
395478,1,0,0.00279157,0.0393354,0.132248,0.275199,1,0,,0,0,0,0,0,0,0,0,103808,104555,0,232,0
395578,1,0,0.0019541,0.0318591,0.122209,0.273499,1,0,,0,0,0,0,0,0,0,0,103808,104555,0,232,0
395678,1,0,0.00136787,0.0257609,0.112564,0.281074,1,0,,0,0,0,0,0,0,0,0,103808,104555,0,232,0
395778,1,0,0.000957508,0.0208002,0.103388,0.268698,1,0,,0,0,0,0,0,0,0,0,103808,104555,0,232,0
395878,1,0,0.000670256,0.0167742,0.0947262,0.261797,1,0,,0,0,0,0,0,0,0,0,103808,104555,0,232,0
395978,1,0,0.000469179,0.0135132,0.0866049,0.276635,1,0,,0,0,0,0,0,0,0,0,103808,104555,0,232,0
396078,1,0,0.000328425,0.0108762,0.079032,0.286346,1,0,,0,0,0,0,0,0,0,0,103808,104555,0,232,0
396178,1,0,0.000229898,0.00874697,0.0720035,0.286139,1,0,,0,0,0,0,0,0,0,0,103808,104555,0,232,0
396278,1,0,0.000160928,0.00702976,0.0655062,0.310754,1,0,,0,0,0,0,0,0,0,0,103808,104555,0,232,0
396378,1,0,0.00011265,0.00564634,0.0595202,0.280053,1,0,,0,0,0,0,0,0,0,0,103808,104555,0,232,0
396478,1,0,7.88549e-005,0.00453284,0.0540214,0.292079,1,0,,0,0,0,0,0,0,0,0,103808,104555,0,232,0
396578,1,0,5.51984e-005,0.00363732,0.048983,0.264655,1,0,,0,0,0,0,0,0,0,0,103808,104555,0,232,0
396678,1,0,3.86389e-005,0.00291758,0.0443765,0.304343,1,0,,0,0,0,0,0,0,0,0,103808,104555,0,232,0
396778,1,0,2.70472e-005,0.00233947,0.0401728,0.283618,1,0,,0,0,0,0,0,0,0,0,103808,104555,0,232,0
396878,1,0,1.89331e-005,0.00187537,0.036343,0.280068,1,0,,0,0,0,0,0,0,0,0,103808,104555,0,232,0
396978,1,0,1.32531e-005,0.00150294,0.032859,0.252219,1,0,,0,0,0,0,0,0,0,0,103808,104555,0,232,0
397078,1,0,9.2772e-006,0.00120421,0.0296935,0.277667,1,0,,0,0,0,0,0,0,0,0,103808,104555,0,232,0
397178,1,0,6.49404e-006,0.000964667,0.0268207,0.261355,1,0,,0,0,0,0,0,0,0,0,103808,104555,0,232,0
397278,1,0,4.54583e-006,0.000772643,0.0242159,0.284306,1,0,,0,0,0,0,0,0,0,0,103808,104555,0,232,0
397378,1,0,3.18208e-006,0.000618751,0.0218561,0.282543,1,0,,0,0,0,0,0,0,0,0,103808,104555,0,232,0
397478,1,0,2.22745e-006,0.000495446,0.0197201,0.269604,1,0,,0,0,0,0,0,0,0,0,103808,104555,0,232,0
397578,1,0,1.55922e-006,0.000396669,0.0177877,0.284491,1,0,,0,0,0,0,0,0,0,0,103808,104555,0,232,0
397678,1,0,1.09145e-006,0.000317553,0.0160407,0.277403,1,0,,0,0,0,0,0,0,0,0,103808,104555,0,232,0
397778,1,5,1.5,0.300254,0.0444621,0.276072,1,0,,0,0,0,0,0,0,0,0,103808,104555,0,232,0
397878,1,0,1.05,0.450203,0.0850362,0.29666,1,0,,0,0,0,0,0,0,0,0,103808,104555,0,232,0
397978,1,0,0.735,0.507163,0.127249,0.263018,1,0,,0,0,0,0,0,0,0,0,103808,104555,0,232,0
398078,1,0,0.5145,0.50863,0.165387,0.27917,1,0,,0,0,0,0,0,0,0,0,103808,104555,0,232,0
398178,1,0,0.36015,0.478934,0.196742,0.27822,1,0,,0,0,0,0,0,0,0,0,103808,104555,0,232,0
398278,1,0,0.252105,0.433568,0.220424,0.275919,1,0,,0,0,0,0,0,0,0,0,103808,104555,0,232,0
398378,1,0,0.176474,0.382149,0.236597,0.290632,1,0,,0,0,0,0,0,0,0,0,103808,104555,0,232,0
398478,1,0,0.123531,0.330426,0.24598,0.273383,1,0,,0,0,0,0,0,0,0,0,103808,104555,0,232,0
398578,1,0,0.086472,0.281635,0.249545,0.300694,1,0,,0,0,0,0,0,0,0,0,103808,104555,0,232,0
398678,1,0,0.0605304,0.237414,0.248332,0.270406,1,0,,0,0,0,0,0,0,0,0,103808,104555,0,232,0
398778,1,0,0.0423713,0.198406,0.24334,0.31358,1,0,,0,0,0,0,0,0,0,0,103808,104555,0,232,0
398878,1,0,0.0296599,0.164656,0.235471,0.26744,1,0,,0,0,0,0,0,0,0,0,103808,104555,0,232,0
398978,1,0,0.0207619,0.135878,0.225512,0.313217,1,0,,0,0,0,0,0,0,0,0,103808,104555,0,232,0
399078,1,0,0.0145334,0.111609,0.214122,0.296004,1,0,,0,0,0,0,0,0,0,0,103808,104555,0,232,0
399178,1,0,0.0101733,0.0913217,0.201842,0.275102,1,0,,0,0,0,0,0,0,0,0,103808,104555,0,232,0
399278,1,0,0.00712134,0.0744816,0.189106,0.281765,1,0,,0,0,0,0,0,0,0,0,103808,104555,0,232,0
399378,1,0,0.00498494,0.0605823,0.176253,0.288015,1,0,,0,0,0,0,0,0,0,0,103808,104555,0,232,0
399478,1,0,0.00348946,0.0491637,0.163544,0.309315,1,0,,0,0,0,0,0,0,0,0,103808,104555,0,232,0
399578,1,0,0.00244262,0.0398195,0.151172,0.275064,1,0,,0,0,0,0,0,0,0,0,103808,104555,0,232,0
399678,1,0,0.00170983,0.0321976,0.139274,0.28329,1,0,,0,0,0,0,0,0,0,0,103808,104555,0,232,0
399778,1,0,0.00119688,0.0259974,0.127947,0.286338,1,0,,0,0,0,0,0,0,0,0,103808,104555,0,232,0
399878,1,0,0.000837819,0.0209655,0.117249,0.261688,1,0,,0,0,0,0,0,0,0,0,103808,104555,0,232,0
399978,1,0,0.000586473,0.0168897,0.107213,0.282513,1,0,,0,0,0,0,0,0,0,0,103808,104555,0,232,0
400078,1,0,0.000410531,0.0135939,0.0978508,0.252237,1,0,,0,0,0,0,0,0,0,0,103808,104555,0,232,0
400178,1,0,0.000287372,0.0109326,0.089159,0.271161,1,0,,0,0,0,0,0,0,0,0,103808,104555,0,232,0
400278,1,0,0.00020116,0.00878629,0.0811217,0.292311,1,0,,0,0,0,0,0,0,0,0,103808,104555,0,232,0
400378,1,0,0.000140812,0.00705719,0.0737152,0.303122,1,0,,0,0,0,0,0,0,0,0,103808,104555,0,232,0
400478,1,0,9.85685e-005,0.00566547,0.0669103,0.301747,1,0,,0,0,0,0,0,0,0,0,103808,104555,0,232,0
400578,1,0,6.8998e-005,0.00454617,0.0606739,0.274772,1,0,,0,0,0,0,0,0,0,0,103808,104555,0,232,0
400678,1,0,4.82986e-005,0.0036466,0.0549711,0.294184,1,0,,0,0,0,0,0,0,0,0,103808,104555,0,232,0
400778,1,0,3.3809e-005,0.00292404,0.0497664,0.263598,1,0,,0,0,0,0,0,0,0,0,103808,104555,0,232,0
400878,1,0,2.36663e-005,0.00234397,0.0450242,0.298597,1,0,,0,0,0,0,0,0,0,0,103808,104555,0,232,0
400978,1,0,1.65664e-005,0.00187849,0.0407096,0.292185,1,0,,0,0,0,0,0,0,0,0,103808,104555,0,232,0
401078,1,0,1.15965e-005,0.00150511,0.0367891,0.295058,1,0,,0,0,0,0,0,0,0,0,103808,104555,0,232,0
401178,1,0,8.11754e-006,0.00120571,0.0332308,0.313881,1,0,,0,0,0,0,0,0,0,0,103808,104555,0,232,0
401278,1,0,5.68228e-006,0.000965704,0.0300043,0.306909,1,0,,0,0,0,0,0,0,0,0,103808,104555,0,232,0
401378,1,0,3.9776e-006,0.000773359,0.0270812,0.28002,1,0,,0,0,0,0,0,0,0,0,103808,104555,0,232,0
401478,1,0,2.78432e-006,0.000619244,0.024435,0.311082,1,0,,0,0,0,0,0,0,0,0,103808,104555,0,232,0
401578,1,0,1.94902e-006,0.000495785,0.0220411,0.279379,1,0,,0,0,0,0,0,0,0,0,103808,104555,0,232,0
401678,1,4,1.2,0.240397,0.0438767,0.278006,1,0,,0,0,0,0,0,0,0,0,103808,104555,0,232,0
401778,1,0,0.840001,0.360318,0.0755208,0.283356,1,0,,0,0,0,0,0,0,0,0,103808,104555,0,232,0
401878,1,0,0.588001,0.405854,0.108554,0.270094,1,0,,0,0,0,0,0,0,0,0,103808,104555,0,232,0
401978,1,0,0.4116,0.407004,0.138399,0.322743,1,0,,0,0,0,0,0,0,0,0,103808,104555,0,232,0
402078,1,0,0.28812,0.383227,0.162882,0.290792,1,0,,0,0,0,0,0,0,0,0,103808,104555,0,232,0
402178,1,0,0.201684,0.346918,0.181286,0.258016,1,0,,0,0,0,0,0,0,0,0,103808,104555,0,232,0
402278,1,0,0.141179,0.305771,0.193734,0.27718,1,0,,0,0,0,0,0,0,0,0,103808,104555,0,232,0
402378,1,0,0.0988253,0.264381,0.200799,0.267618,1,0,,0,0,0,0,0,0,0,0,103808,104555,0,232,0
402478,1,0,0.0691777,0.225341,0.203253,0.313093,1,0,,0,0,0,0,0,0,0,0,103808,104555,0,232,0
402578,1,0,0.0484244,0.189957,0.201923,0.281405,1,0,,0,0,0,0,0,0,0,0,103808,104555,0,232,0
402678,1,0,0.0338971,0.158745,0.197606,0.291905,1,0,,0,0,0,0,0,0,0,0,103808,104555,0,232,0
402778,1,0,0.0237279,0.131742,0.191019,0.250243,1,0,,0,0,0,0,0,0,0,0,103808,104555,0,232,0
402878,1,0,0.0166096,0.108715,0.182789,0.265842,1,0,,0,0,0,0,0,0,0,0,103808,104555,0,232,0
402978,1,0,0.0116267,0.0892977,0.17344,0.29268,1,0,,0,0,0,0,0,0,0,0,103808,104555,0,232,0
403078,1,0,0.00813868,0.0730659,0.163402,0.265191,1,0,,0,0,0,0,0,0,0,0,103808,104555,0,232,0
403178,1,0,0.00569708,0.0595921,0.153021,0.255105,1,0,,0,0,0,0,0,0,0,0,103808,104555,0,232,0
403278,1,0,0.00398795,0.0484713,0.142566,0.328117,1,0,,0,0,0,0,0,0,0,0,103808,104555,0,232,0
403378,1,0,0.00279157,0.0393354,0.132243,0.2705,1,0,,0,0,0,0,0,0,0,0,103808,104555,0,232,0
403478,1,0,0.0019541,0.0318591,0.122205,0.28685,1,0,,0,0,0,0,0,0,0,0,103808,104555,0,232,0
403578,1,0,0.00136787,0.0257609,0.11256,0.3509,1,0,,0,0,0,0,0,0,0,0,103808,104555,0,232,0
403678,1,0,0.000957508,0.0208002,0.103384,0.286776,1,0,,0,0,0,0,0,0,0,0,103808,104555,0,232,0
403778,1,0,0.000670256,0.0167742,0.0947234,0.258799,1,0,,0,0,0,0,0,0,0,0,103808,104555,0,232,0
403878,1,0,0.000469179,0.0135132,0.0866023,0.330437,1,0,,0,0,0,0,0,0,0,0,103808,104555,0,232,0
403978,1,0,0.000328425,0.0108762,0.0790297,0.290362,1,0,,0,0,0,0,0,0,0,0,103808,104555,0,232,0
404078,1,0,0.000229898,0.00874697,0.0720014,0.264087,1,0,,0,0,0,0,0,0,0,0,103808,104555,0,232,0
404178,1,0,0.000160928,0.00702976,0.0655043,0.253763,1,0,,0,0,0,0,0,0,0,0,103808,104555,0,232,0
404278,1,0,0.00011265,0.00564634,0.0595185,0.2894,1,0,,0,0,0,0,0,0,0,0,103808,104555,0,232,0
404378,1,0,7.88549e-005,0.00453284,0.0540199,0.29644,1,0,,0,0,0,0,0,0,0,0,103808,104555,0,232,0
404478,1,0,5.51984e-005,0.00363732,0.0489817,0.309816,1,0,,0,0,0,0,0,0,0,0,103808,104555,0,232,0
404578,1,0,3.86389e-005,0.00291758,0.0443752,0.292264,1,0,,0,0,0,0,0,0,0,0,103808,104555,0,232,0
404678,1,0,2.70472e-005,0.00233947,0.0401717,0.353366,1,0,,0,0,0,0,0,0,0,0,103808,104555,0,232,0
404778,1,0,1.89331e-005,0.00187537,0.036342,0.284953,1,0,,0,0,0,0,0,0,0,0,103808,104555,0,232,0
404878,1,0,1.32531e-005,0.00150294,0.0328581,0.293941,1,0,,0,0,0,0,0,0,0,0,103808,104555,0,232,0
404978,1,0,9.2772e-006,0.00120421,0.0296927,0.28663,1,0,,0,0,0,0,0,0,0,0,103808,104555,0,232,0
405078,1,0,6.49404e-006,0.000964667,0.0268199,0.254854,1,0,,0,0,0,0,0,0,0,0,103808,104555,0,232,0
405178,1,0,4.54583e-006,0.000772643,0.0242152,0.29027,1,0,,0,0,0,0,0,0,0,0,103808,104555,0,232,0
405278,1,0,3.18208e-006,0.000618751,0.0218556,0.287897,1,0,,0,0,0,0,0,0,0,0,103808,104555,0,232,0
405378,1,0,2.22745e-006,0.000495446,0.0197195,0.32957,1,0,,0,0,0,0,0,0,0,0,103808,104555,0,232,0
405478,1,0,1.55922e-006,0.000396669,0.0177873,0.259844,1,0,,0,0,0,0,0,0,0,0,103808,104555,0,232,0
405578,1,0,1.09145e-006,0.000317553,0.0160403,0.276169,1,0,,0,0,0,0,0,0,0,0,103808,104555,0,232,0
405678,1,5,1.5,0.300254,0.0444617,0.315303,1,0,,0,0,0,0,0,0,0,0,103808,104555,0,232,0
405778,1,0,1.05,0.450203,0.0850359,0.284113,1,0,,0,0,0,0,0,0,0,0,103808,104555,0,232,0
405878,1,0,0.735,0.507163,0.127249,0.278777,1,0,,0,0,0,0,0,0,0,0,103808,104555,0,232,0
405978,1,0,0.5145,0.50863,0.165387,0.305451,1,0,,0,0,0,0,0,0,0,0,103808,104555,0,232,0
406078,1,0,0.36015,0.478934,0.196741,0.272788,1,0,,0,0,0,0,0,0,0,0,103808,104555,0,232,0
406178,1,0,0.252105,0.433568,0.220424,0.294627,1,0,,0,0,0,0,0,0,0,0,103808,104555,0,232,0
406278,1,0,0.176474,0.382149,0.236597,0.30824,1,0,,0,0,0,0,0,0,0,0,103808,104555,0,232,0
406378,1,0,0.123531,0.330426,0.24598,0.285972,1,0,,0,0,0,0,0,0,0,0,103808,104555,0,232,0
406478,1,0,0.086472,0.281635,0.249545,0.276523,1,0,,0,0,0,0,0,0,0,0,103808,104555,0,232,0
406578,1,0,0.0605304,0.237414,0.248332,0.282648,1,0,,0,0,0,0,0,0,0,0,103808,104555,0,232,0
406678,1,0,0.0423713,0.198406,0.243339,0.295249,1,0,,0,0,0,0,0,0,0,0,103808,104555,0,232,0
406778,1,0,0.0296599,0.164656,0.235471,0.285261,1,0,,0,0,0,0,0,0,0,0,103808,104555,0,232,0
406878,1,0,0.0207619,0.135878,0.225512,0.254197,1,0,,0,0,0,0,0,0,0,0,103808,104555,0,232,0
406978,1,0,0.0145334,0.111609,0.214121,0.305647,1,0,,0,0,0,0,0,0,0,0,103808,104555,0,232,0
407078,1,0,0.0101733,0.0913217,0.201841,0.29352,1,0,,0,0,0,0,0,0,0,0,103808,104555,0,232,0
407178,1,0,0.00712134,0.0744816,0.189105,0.29362,1,0,,0,0,0,0,0,0,0,0,103808,104555,0,232,0
407278,1,0,0.00498494,0.0605823,0.176253,0.291857,1,0,,0,0,0,0,0,0,0,0,103808,104555,0,232,0
407378,1,0,0.00348946,0.0491637,0.163544,0.280581,1,0,,0,0,0,0,0,0,0,0,103808,104555,0,232,0
407478,1,0,0.00244262,0.0398195,0.151172,0.277781,1,0,,0,0,0,0,0,0,0,0,103808,104555,0,232,0
407578,1,0,0.00170983,0.0321976,0.139274,0.271819,1,0,,0,0,0,0,0,0,0,0,103808,104555,0,232,0
407678,1,0,0.00119688,0.0259974,0.127947,0.29277,1,0,,0,0,0,0,0,0,0,0,103808,104555,0,232,0
407778,1,0,0.000837819,0.0209655,0.117248,0.299205,1,0,,0,0,0,0,0,0,0,0,103808,104555,0,232,0
407878,1,0,0.000586473,0.0168897,0.107213,0.282267,1,0,,0,0,0,0,0,0,0,0,103808,104555,0,232,0
407978,1,0,0.000410531,0.0135939,0.0978507,0.282441,1,0,,0,0,0,0,0,0,0,0,103808,104555,0,232,0
408078,1,0,0.000287372,0.0109326,0.0891589,0.27914,1,0,,0,0,0,0,0,0,0,0,103808,104555,0,232,0
408178,1,0,0.00020116,0.00878629,0.0811217,0.280429,1,0,,0,0,0,0,0,0,0,0,103808,104555,0,232,0
408278,1,0,0.000140812,0.00705719,0.0737152,0.304979,1,0,,0,0,0,0,0,0,0,0,103808,104555,0,232,0
408378,1,0,9.85685e-005,0.00566547,0.0669102,0.282569,1,0,,0,0,0,0,0,0,0,0,103808,104555,0,232,0
408478,1,0,6.8998e-005,0.00454617,0.0606738,0.29667,1,0,,0,0,0,0,0,0,0,0,103808,104555,0,232,0
408578,1,0,4.82986e-005,0.0036466,0.0549711,0.271158,1,0,,0,0,0,0,0,0,0,0,103808,104555,0,232,0
408678,1,0,3.3809e-005,0.00292404,0.0497664,0.277008,1,0,,0,0,0,0,0,0,0,0,103808,104555,0,232,0
408778,1,0,2.36663e-005,0.00234397,0.0450241,0.278884,1,0,,0,0,0,0,0,0,0,0,103808,104555,0,232,0
408878,1,0,1.65664e-005,0.00187849,0.0407096,0.313733,1,0,,0,0,0,0,0,0,0,0,103808,104555,0,232,0
408978,1,0,1.15965e-005,0.00150511,0.0367891,0.298483,1,0,,0,0,0,0,0,0,0,0,103808,104555,0,232,0
409078,1,0,8.11754e-006,0.00120571,0.0332308,0.279621,1,0,,0,0,0,0,0,0,0,0,103808,104555,0,232,0
409178,1,0,5.68228e-006,0.000965704,0.0300043,0.287932,1,0,,0,0,0,0,0,0,0,0,103808,104555,0,232,0
409278,1,0,3.9776e-006,0.000773359,0.0270812,0.276821,1,0,,0,0,0,0,0,0,0,0,103808,104555,0,232,0
409378,1,0,2.78432e-006,0.000619244,0.024435,0.312546,1,0,,0,0,0,0,0,0,0,0,103808,104555,0,232,0
409478,1,0,1.94902e-006,0.000495785,0.0220411,0.300571,1,0,,0,0,0,0,0,0,0,0,103808,104555,0,232,0
409578,1,5,1.5,0.300397,0.0498767,0.299979,1,0,,0,0,0,0,0,0,0,0,103808,104555,0,232,0
409678,1,0,1.05,0.450318,0.0899208,0.290641,1,0,,0,0,0,0,0,0,0,0,103808,104555,0,232,0
409778,1,0,0.735001,0.507254,0.131654,0.295852,1,0,,0,0,0,0,0,0,0,0,103808,104555,0,232,0
409878,1,0,0.5145,0.508704,0.169359,0.313404,1,0,,0,0,0,0,0,0,0,0,103808,104555,0,232,0
409978,1,0,0.36015,0.478993,0.200322,0.267131,1,0,,0,0,0,0,0,0,0,0,103808,104555,0,232,0
410078,1,0,0.252105,0.433615,0.223652,0.305731,1,0,,0,0,0,0,0,0,0,0,103808,104555,0,232,0
410178,1,0,0.176474,0.382187,0.239505,0.308182,1,0,,0,0,0,0,0,0,0,0,103808,104555,0,232,0
410278,1,0,0.123532,0.330456,0.2486,0.308397,1,0,,0,0,0,0,0,0,0,0,103808,104555,0,232,0
410378,1,0,0.0864721,0.281659,0.251906,0.264584,1,0,,0,0,0,0,0,0,0,0,103808,104555,0,232,0
410478,1,0,0.0605305,0.237433,0.250459,0.319397,1,0,,0,0,0,0,0,0,0,0,103808,104555,0,232,0
410578,1,0,0.0423713,0.198421,0.245255,0.339079,1,0,,0,0,0,0,0,0,0,0,103808,104555,0,232,0
410678,1,0,0.0296599,0.164669,0.237196,0.282794,1,0,,0,0,0,0,0,0,0,0,103808,104555,0,232,0
410778,1,0,0.0207619,0.135887,0.227066,0.335881,1,0,,0,0,0,0,0,0,0,0,103808,104555,0,232,0
410878,1,0,0.0145334,0.111617,0.215521,0.291341,1,0,,0,0,0,0,0,0,0,0,103808,104555,0,232,0
410978,1,0,0.0101734,0.091328,0.203101,0.287839,1,0,,0,0,0,0,0,0,0,0,103808,104555,0,232,0
411078,1,0,0.00712135,0.0744866,0.19024,0.315601,1,0,,0,0,0,0,0,0,0,0,103808,104555,0,232,0
411178,1,0,0.00498494,0.0605863,0.177275,0.33249,1,0,,0,0,0,0,0,0,0,0,103808,104555,0,232,0
411278,1,0,0.00348946,0.0491669,0.164464,0.280765,1,0,,0,0,0,0,0,0,0,0,103808,104555,0,232,0
411378,1,0,0.00244262,0.0398221,0.152,0.285065,1,0,,0,0,0,0,0,0,0,0,103808,104555,0,232,0
411478,1,0,0.00170984,0.0321996,0.14002,0.287889,1,0,,0,0,0,0,0,0,0,0,103808,104555,0,232,0
411578,1,0,0.00119688,0.0259991,0.128618,0.268802,1,0,,0,0,0,0,0,0,0,0,103808,104555,0,232,0
411678,1,0,0.000837819,0.0209668,0.117852,0.284526,1,0,,0,0,0,0,0,0,0,0,103808,104555,0,232,0
411778,1,0,0.000586474,0.0168908,0.107756,0.284553,1,0,,0,0,0,0,0,0,0,0,103808,104555,0,232,0
411878,1,0,0.000410531,0.0135947,0.0983401,0.264878,1,0,,0,0,0,0,0,0,0,0,103808,104555,0,232,0
411978,1,0,0.000287372,0.0109332,0.0895994,0.274213,1,0,,0,0,0,0,0,0,0,0,103808,104555,0,232,0
412078,1,0,0.00020116,0.00878683,0.0815182,0.321277,1,0,,0,0,0,0,0,0,0,0,103808,104555,0,232,0
412178,1,0,0.000140812,0.00705762,0.0740721,0.268427,1,0,,0,0,0,0,0,0,0,0,103808,104555,0,232,0
412278,1,0,9.85686e-005,0.00566581,0.0672315,0.292814,1,0,,0,0,0,0,0,0,0,0,103808,104555,0,232,0
412378,1,0,6.8998e-005,0.00454645,0.060963,0.289989,1,0,,0,0,0,0,0,0,0,0,103808,104555,0,232,0
412478,1,0,4.82986e-005,0.00364682,0.0552314,0.321452,1,0,,0,0,0,0,0,0,0,0,103808,104555,0,232,0
412578,1,0,3.3809e-005,0.00292422,0.0500007,0.322128,1,0,,0,0,0,0,0,0,0,0,103808,104555,0,232,0
412678,1,0,2.36663e-005,0.00234411,0.045235,0.302903,1,0,,0,0,0,0,0,0,0,0,103808,104555,0,232,0
412778,1,0,1.65664e-005,0.0018786,0.0408994,0.286492,1,0,,0,0,0,0,0,0,0,0,103808,104555,0,232,0
412878,1,0,1.15965e-005,0.0015052,0.0369599,0.286081,1,0,,0,0,0,0,0,0,0,0,103808,104555,0,232,0
412978,1,0,8.11755e-006,0.00120578,0.0333845,0.278759,1,0,,0,0,0,0,0,0,0,0,103808,104555,0,232,0
413078,1,0,5.68228e-006,0.000965762,0.0301426,0.313183,1,0,,0,0,0,0,0,0,0,0,103808,104555,0,232,0
413178,1,0,3.9776e-006,0.000773406,0.0272057,0.27242,1,0,,0,0,0,0,0,0,0,0,103808,104555,0,232,0
413278,1,0,2.78432e-006,0.000619281,0.0245471,0.259306,1,0,,0,0,0,0,0,0,0,0,103808,104555,0,232,0
413378,1,0,1.94902e-006,0.000495815,0.022142,0.300569,1,0,,0,0,0,0,0,0,0,0,103808,104555,0,232,0
413478,1,4,1.2,0.240397,0.0439674,0.267934,1,0,,0,0,0,0,0,0,0,0,103808,104555,0,232,0
413578,1,0,0.840001,0.360318,0.0756025,0.273359,1,0,,0,0,0,0,0,0,0,0,103808,104555,0,232,0
413678,1,0,0.588001,0.405854,0.108628,0.271447,1,0,,0,0,0,0,0,0,0,0,103808,104555,0,232,0
413778,1,0,0.4116,0.407004,0.138465,0.292848,1,0,,0,0,0,0,0,0,0,0,103808,104555,0,232,0
413878,1,0,0.28812,0.383227,0.162941,0.296087,1,0,,0,0,0,0,0,0,0,0,103808,104555,0,232,0
413978,1,0,0.201684,0.346918,0.181339,0.330099,1,0,,0,0,0,0,0,0,0,0,103808,104555,0,232,0
414078,1,0,0.141179,0.305771,0.193782,0.284123,1,0,,0,0,0,0,0,0,0,0,103808,104555,0,232,0
414178,1,0,0.0988253,0.264381,0.200842,0.259283,1,0,,0,0,0,0,0,0,0,0,103808,104555,0,232,0
414278,1,0,0.0691777,0.225341,0.203292,0.279745,1,0,,0,0,0,0,0,0,0,0,103808,104555,0,232,0
414378,1,0,0.0484244,0.189957,0.201959,0.284994,1,0,,0,0,0,0,0,0,0,0,103808,104555,0,232,0
414478,1,0,0.0338971,0.158745,0.197637,0.304582,1,0,,0,0,0,0,0,0,0,0,103808,104555,0,232,0
414578,1,0,0.0237279,0.131742,0.191048,0.31072,1,0,,0,0,0,0,0,0,0,0,103808,104555,0,232,0
414678,1,0,0.0166096,0.108715,0.182814,0.322921,1,0,,0,0,0,0,0,0,0,0,103808,104555,0,232,0
414778,1,0,0.0116267,0.0892977,0.173463,0.27741,1,0,,0,0,0,0,0,0,0,0,103808,104555,0,232,0
414878,1,0,0.00813868,0.0730659,0.163423,0.29746,1,0,,0,0,0,0,0,0,0,0,103808,104555,0,232,0
414978,1,0,0.00569708,0.0595921,0.15304,0.296885,1,0,,0,0,0,0,0,0,0,0,103808,104555,0,232,0
415078,1,0,0.00398795,0.0484713,0.142583,0.307911,1,0,,0,0,0,0,0,0,0,0,103808,104555,0,232,0
415178,1,0,0.00279157,0.0393354,0.132258,0.275935,1,0,,0,0,0,0,0,0,0,0,103808,104555,0,232,0
415278,1,0,0.0019541,0.0318591,0.122218,0.26891,1,0,,0,0,0,0,0,0,0,0,103808,104555,0,232,0
415378,1,0,0.00136787,0.0257609,0.112573,0.294847,1,0,,0,0,0,0,0,0,0,0,103808,104555,0,232,0
415478,1,0,0.000957508,0.0208002,0.103395,0.313396,1,0,,0,0,0,0,0,0,0,0,103808,104555,0,232,0
415578,1,0,0.000670256,0.0167742,0.0947333,0.312571,1,0,,0,0,0,0,0,0,0,0,103808,104555,0,232,0
415678,1,0,0.000469179,0.0135132,0.0866113,0.283945,1,0,,0,0,0,0,0,0,0,0,103808,104555,0,232,0
415778,1,0,0.000328425,0.0108762,0.0790378,0.286882,1,0,,0,0,0,0,0,0,0,0,103808,104555,0,232,0
415878,1,0,0.000229898,0.00874697,0.0720087,0.277545,1,0,,0,0,0,0,0,0,0,0,103808,104555,0,232,0
415978,1,0,0.000160928,0.00702976,0.0655108,0.264927,1,0,,0,0,0,0,0,0,0,0,103808,104555,0,232,0
416078,1,0,0.00011265,0.00564634,0.0595244,0.269877,1,0,,0,0,0,0,0,0,0,0,103808,104555,0,232,0
416178,1,0,7.88549e-005,0.00453284,0.0540252,0.307201,1,0,,0,0,0,0,0,0,0,0,103808,104555,0,232,0
416278,1,0,5.51984e-005,0.00363732,0.0489864,0.300501,1,0,,0,0,0,0,0,0,0,0,103808,104555,0,232,0
416378,1,0,3.86389e-005,0.00291758,0.0443795,0.297288,1,0,,0,0,0,0,0,0,0,0,103808,104555,0,232,0
416478,1,0,2.70472e-005,0.00233947,0.0401755,0.280262,1,0,,0,0,0,0,0,0,0,0,103808,104555,0,232,0
416578,1,0,1.89331e-005,0.00187537,0.0363455,0.284888,1,0,,0,0,0,0,0,0,0,0,103808,104555,0,232,0
416678,1,0,1.32531e-005,0.00150294,0.0328612,0.271411,1,0,,0,0,0,0,0,0,0,0,103808,104555,0,232,0
416778,1,0,9.2772e-006,0.00120421,0.0296955,0.28141,1,0,,0,0,0,0,0,0,0,0,103808,104555,0,232,0
416878,1,0,6.49404e-006,0.000964667,0.0268225,0.298734,1,0,,0,0,0,0,0,0,0,0,103808,104555,0,232,0
416978,1,0,4.54583e-006,0.000772643,0.0242175,0.321134,1,0,,0,0,0,0,0,0,0,0,103808,104555,0,232,0
417078,1,0,3.18208e-006,0.000618751,0.0218576,0.259172,1,0,,0,0,0,0,0,0,0,0,103808,104555,0,232,0
417178,1,0,2.22745e-006,0.000495446,0.0197214,0.278061,1,0,,0,0,0,0,0,0,0,0,103808,104555,0,232,0
417278,1,0,1.55922e-006,0.000396669,0.0177889,0.286873,1,0,,0,0,0,0,0,0,0,0,103808,104555,0,232,0
417378,1,0,1.09145e-006,0.000317553,0.0160418,0.251109,1,0,,0,0,0,0,0,0,0,0,103808,104555,0,232,0
417478,1,5,1.5,0.300254,0.044463,0.279935,1,0,,0,0,0,0,0,0,0,0,103808,104555,0,232,0
417578,1,0,1.05,0.450203,0.0850371,0.304836,1,0,,0,0,0,0,0,0,0,0,103808,104555,0,232,0
417678,1,0,0.735,0.507163,0.12725,0.268534,1,0,,0,0,0,0,0,0,0,0,103808,104555,0,232,0
417778,1,0,0.5145,0.50863,0.165388,0.263027,1,0,,0,0,0,0,0,0,0,0,103808,104555,0,232,0
417878,1,0,0.36015,0.478934,0.196742,0.254612,1,0,,0,0,0,0,0,0,0,0,103808,104555,0,232,0
417978,1,0,0.252105,0.433568,0.220425,0.302686,1,0,,0,0,0,0,0,0,0,0,103808,104555,0,232,0
418078,1,0,0.176474,0.382149,0.236597,0.256124,1,0,,0,0,0,0,0,0,0,0,103808,104555,0,232,0
418178,1,0,0.123531,0.330426,0.24598,0.289313,1,0,,0,0,0,0,0,0,0,0,103808,104555,0,232,0
418278,1,0,0.086472,0.281635,0.249546,0.283052,1,0,,0,0,0,0,0,0,0,0,103808,104555,0,232,0
418378,1,0,0.0605304,0.237414,0.248333,0.288089,1,0,,0,0,0,0,0,0,0,0,103808,104555,0,232,0
418478,1,0,0.0423713,0.198406,0.24334,0.312527,1,0,,0,0,0,0,0,0,0,0,103808,104555,0,232,0
418578,1,0,0.0296599,0.164656,0.235472,0.277064,1,0,,0,0,0,0,0,0,0,0,103808,104555,0,232,0
418678,1,0,0.0207619,0.135878,0.225512,0.264225,1,0,,0,0,0,0,0,0,0,0,103808,104555,0,232,0
418778,1,0,0.0145334,0.111609,0.214122,0.279863,1,0,,0,0,0,0,0,0,0,0,103808,104555,0,232,0
418878,1,0,0.0101733,0.0913217,0.201842,0.264752,1,0,,0,0,0,0,0,0,0,0,103808,104555,0,232,0
418978,1,0,0.00712134,0.0744816,0.189106,0.267203,1,0,,0,0,0,0,0,0,0,0,103808,104555,0,232,0
419078,1,0,0.00498494,0.0605823,0.176253,0.260502,1,0,,0,0,0,0,0,0,0,0,103808,104555,0,232,0
419178,1,0,0.00348946,0.0491637,0.163544,0.283115,1,0,,0,0,0,0,0,0,0,0,103808,104555,0,232,0
419278,1,0,0.00244262,0.0398195,0.151172,0.293991,1,0,,0,0,0,0,0,0,0,0,103808,104555,0,232,0
419378,1,0,0.00170983,0.0321976,0.139274,0.288541,1,0,,0,0,0,0,0,0,0,0,103808,104555,0,232,0
419478,1,0,0.00119688,0.0259974,0.127947,0.274956,1,0,,0,0,0,0,0,0,0,0,103808,104555,0,232,0
419578,1,0,0.000837819,0.0209655,0.117249,0.281179,1,0,,0,0,0,0,0,0,0,0,103808,104555,0,232,0
419678,1,0,0.000586473,0.0168897,0.107213,0.323315,1,0,,0,0,0,0,0,0,0,0,103808,104555,0,232,0
419778,1,0,0.000410531,0.0135939,0.0978509,0.289141,1,0,,0,0,0,0,0,0,0,0,103808,104555,0,232,0
419878,1,0,0.000287372,0.0109326,0.089159,0.278265,1,0,,0,0,0,0,0,0,0,0,103808,104555,0,232,0
419978,1,0,0.00020116,0.00878629,0.0811218,0.291014,1,0,,0,0,0,0,0,0,0,0,103808,104555,0,232,0
420078,1,0,0.000140812,0.00705719,0.0737153,0.265375,1,0,,0,0,0,0,0,0,0,0,103808,104555,0,232,0
420178,1,0,9.85685e-005,0.00566547,0.0669103,0.304913,1,0,,0,0,0,0,0,0,0,0,103808,104555,0,232,0
420278,1,0,6.8998e-005,0.00454617,0.0606739,0.273238,1,0,,0,0,0,0,0,0,0,0,103808,104555,0,232,0
420378,1,0,4.82986e-005,0.0036466,0.0549712,0.259362,1,0,,0,0,0,0,0,0,0,0,103808,104555,0,232,0
420478,1,0,3.3809e-005,0.00292404,0.0497665,0.250749,1,0,,0,0,0,0,0,0,0,0,103808,104555,0,232,0
420578,1,0,2.36663e-005,0.00234397,0.0450242,0.270438,1,0,,0,0,0,0,0,0,0,0,103808,104555,0,232,0
420678,1,0,1.65664e-005,0.00187849,0.0407096,0.256776,1,0,,0,0,0,0,0,0,0,0,103808,104555,0,232,0
420778,1,0,1.15965e-005,0.00150511,0.0367892,0.29305,1,0,,0,0,0,0,0,0,0,0,103808,104555,0,232,0
420878,1,0,8.11754e-006,0.00120571,0.0332308,0.278014,1,0,,0,0,0,0,0,0,0,0,103808,104555,0,232,0
420978,1,0,5.68228e-006,0.000965704,0.0300043,0.272078,1,0,,0,0,0,0,0,0,0,0,103808,104555,0,232,0
421078,1,0,3.9776e-006,0.000773359,0.0270812,0.32745,1,0,,0,0,0,0,0,0,0,0,103808,104555,0,232,0
421178,1,0,2.78432e-006,0.000619244,0.024435,0.251789,1,0,,0,0,0,0,0,0,0,0,103808,104555,0,232,0
421278,1,0,1.94902e-006,0.000495785,0.0220411,0.297865,1,0,,0,0,0,0,0,0,0,0,103808,104555,0,232,0
421378,1,5,1.5,0.300397,0.0498767,0.264832,1,0,,0,0,0,0,0,0,0,0,103808,104555,0,232,0
421478,1,0,1.05,0.450318,0.0899208,0.270071,1,0,,0,0,0,0,0,0,0,0,103808,104555,0,232,0
421578,1,0,0.735001,0.507254,0.131654,0.295833,1,0,,0,0,0,0,0,0,0,0,103808,104555,0,232,0
421678,1,0,0.5145,0.508704,0.169359,0.279955,1,0,,0,0,0,0,0,0,0,0,103808,104555,0,232,0
421778,1,0,0.36015,0.478993,0.200322,0.284593,1,0,,0,0,0,0,0,0,0,0,103808,104555,0,232,0
421878,1,0,0.252105,0.433615,0.223652,0.314216,1,0,,0,0,0,0,0,0,0,0,103808,104555,0,232,0
421978,1,0,0.176474,0.382187,0.239505,0.261405,1,0,,0,0,0,0,0,0,0,0,103808,104555,0,232,0
422078,1,0,0.123532,0.330456,0.2486,0.294454,1,0,,0,0,0,0,0,0,0,0,103808,104555,0,232,0
422178,1,0,0.0864721,0.281659,0.251906,0.286067,1,0,,0,0,0,0,0,0,0,0,103808,104555,0,232,0
422278,1,0,0.0605305,0.237433,0.250459,0.296944,1,0,,0,0,0,0,0,0,0,0,103808,104555,0,232,0
422378,1,0,0.0423713,0.198421,0.245255,0.284254,1,0,,0,0,0,0,0,0,0,0,103808,104555,0,232,0
422478,1,0,0.0296599,0.164669,0.237196,0.264441,1,0,,0,0,0,0,0,0,0,0,103808,104555,0,232,0
422578,1,0,0.0207619,0.135887,0.227066,0.273817,1,0,,0,0,0,0,0,0,0,0,103808,104555,0,232,0
422678,1,0,0.0145334,0.111617,0.215521,0.293131,1,0,,0,0,0,0,0,0,0,0,103808,104555,0,232,0
422778,1,0,0.0101734,0.091328,0.203101,0.270869,1,0,,0,0,0,0,0,0,0,0,103808,104555,0,232,0
422878,1,0,0.00712135,0.0744866,0.19024,0.262308,1,0,,0,0,0,0,0,0,0,0,103808,104555,0,232,0
422978,1,0,0.00498494,0.0605863,0.177275,0.263744,1,0,,0,0,0,0,0,0,0,0,103808,104555,0,232,0
423078,1,0,0.00348946,0.0491669,0.164464,0.267131,1,0,,0,0,0,0,0,0,0,0,103808,104555,0,232,0
423178,1,0,0.00244262,0.0398221,0.152,0.273141,1,0,,0,0,0,0,0,0,0,0,103808,104555,0,232,0
423278,1,0,0.00170984,0.0321996,0.14002,0.29069,1,0,,0,0,0,0,0,0,0,0,103808,104555,0,232,0
423378,1,0,0.00119688,0.0259991,0.128618,0.287815,1,0,,0,0,0,0,0,0,0,0,103808,104555,0,232,0
423478,1,0,0.000837819,0.0209668,0.117852,0.299229,1,0,,0,0,0,0,0,0,0,0,103808,104555,0,232,0
423578,1,0,0.000586474,0.0168908,0.107756,0.292656,1,0,,0,0,0,0,0,0,0,0,103808,104555,0,232,0
423678,1,0,0.000410531,0.0135947,0.0983401,0.284719,1,0,,0,0,0,0,0,0,0,0,103808,104555,0,232,0
423778,1,0,0.000287372,0.0109332,0.0895994,0.278433,1,0,,0,0,0,0,0,0,0,0,103808,104555,0,232,0
423878,1,0,0.00020116,0.00878683,0.0815182,0.273993,1,0,,0,0,0,0,0,0,0,0,103808,104555,0,232,0
423978,1,0,0.000140812,0.00705762,0.0740721,0.311704,1,0,,0,0,0,0,0,0,0,0,103808,104555,0,232,0
424078,1,0,9.85686e-005,0.00566581,0.0672315,0.296294,1,0,,0,0,0,0,0,0,0,0,103808,104555,0,232,0
424178,1,0,6.8998e-005,0.00454645,0.060963,0.304243,1,0,,0,0,0,0,0,0,0,0,103808,104555,0,232,0
424278,1,0,4.82986e-005,0.00364682,0.0552314,0.286318,1,0,,0,0,0,0,0,0,0,0,103808,104555,0,232,0
424378,1,0,3.3809e-005,0.00292422,0.0500007,0.268658,1,0,,0,0,0,0,0,0,0,0,103808,104555,0,232,0
424478,1,0,2.36663e-005,0.00234411,0.045235,0.29927,1,0,,0,0,0,0,0,0,0,0,103808,104555,0,232,0
424578,1,0,1.65664e-005,0.0018786,0.0408994,0.271171,1,0,,0,0,0,0,0,0,0,0,103808,104555,0,232,0
424678,1,0,1.15965e-005,0.0015052,0.0369599,0.301534,1,0,,0,0,0,0,0,0,0,0,103808,104555,0,232,0
424778,1,0,8.11755e-006,0.00120578,0.0333845,0.30877,1,0,,0,0,0,0,0,0,0,0,103808,104555,0,232,0
424878,1,0,5.68228e-006,0.000965762,0.0301426,0.303869,1,0,,0,0,0,0,0,0,0,0,103808,104555,0,232,0
424978,1,1,0.300004,0.0607734,0.0332057,0.262745,1,0,,0,0,0,0,0,0,0,0,103808,104555,0,232,0
425078,1,0,0.210003,0.0906193,0.0389471,0.260307,1,0,,0,0,0,0,0,0,0,0,103808,104555,0,232,0
425178,1,0,0.147002,0.101896,0.0452419,0.285345,1,0,,0,0,0,0,0,0,0,0,103808,104555,0,232,0
425278,1,5,1.6029,0.402097,0.0809274,0.265564,1,0,,0,0,0,0,0,0,0,0,103808,104555,0,232,0
425378,1,0,1.12203,0.546084,0.127443,0.268238,1,0,,0,0,0,0,0,0,0,0,103808,104555,0,232,0
425478,1,0,0.785422,0.593951,0.174094,0.253925,1,0,,0,0,0,0,0,0,0,0,103808,104555,0,232,0
425578,1,0,0.549795,0.58512,0.215197,0.281938,1,0,,0,0,0,0,0,0,0,0,103808,104555,0,232,0
425678,1,0,0.384857,0.545067,0.248184,0.288725,1,0,,0,0,0,0,0,0,0,0,103808,104555,0,232,0
425778,1,0,0.2694,0.489934,0.272359,0.282063,1,0,,0,0,0,0,0,0,0,0,103808,104555,0,232,0
425878,1,0,0.18858,0.429663,0.288089,0.28475,1,0,,0,0,0,0,0,0,0,0,103808,104555,0,232,0
425978,1,0,0.132006,0.370132,0.296293,0.294088,1,0,,0,0,0,0,0,0,0,0,103808,104555,0,232,0
426078,1,0,0.0924041,0.314586,0.298123,0.2735,1,0,,0,0,0,0,0,0,0,0,103808,104555,0,232,0
426178,1,0,0.0646828,0.264605,0.294771,0.254025,1,0,,0,0,0,0,0,0,0,0,103808,104555,0,232,0
426278,1,0,0.045278,0.22074,0.287368,0.292362,1,0,,0,0,0,0,0,0,0,0,103808,104555,0,232,0
426378,1,0,0.0316946,0.182931,0.276924,0.285375,1,0,,0,0,0,0,0,0,0,0,103808,104555,0,232,0
426478,1,0,0.0221862,0.150782,0.26431,0.277185,1,0,,0,0,0,0,0,0,0,0,103808,104555,0,232,0
426578,1,0,0.0155304,0.123732,0.250252,0.277762,1,0,,0,0,0,0,0,0,0,0,103808,104555,0,232,0
426678,1,0,0.0108712,0.10116,0.235343,0.287299,1,0,,0,0,0,0,0,0,0,0,103808,104555,0,232,0
426778,1,0,0.00760987,0.0824496,0.220053,0.251568,1,0,,0,0,0,0,0,0,0,0,103808,104555,0,232,0
426878,1,0,0.00532691,0.0670251,0.204751,0.29328,1,0,,0,0,0,0,0,0,0,0,103808,104555,0,232,0
426978,1,0,0.00372884,0.0543658,0.189712,0.227829,1,0,,0,0,0,0,0,0,0,0,103808,104555,0,232,0
427078,1,0,0.00261019,0.0440147,0.175142,0.285915,1,0,,0,0,0,0,0,0,0,0,103808,104555,0,232,0
427178,1,0,0.00182713,0.0355772,0.161186,0.268854,1,0,,0,0,0,0,0,0,0,0,103808,104555,0,232,0
427278,1,0,0.00127899,0.0287176,0.147939,0.288329,1,0,,0,0,0,0,0,0,0,0,103808,104555,0,232,0
427378,1,0,0.000895294,0.0231531,0.13546,0.288239,1,0,,0,0,0,0,0,0,0,0,103808,104555,0,232,0
427478,1,0,0.000626706,0.0186478,0.123779,0.275039,1,0,,0,0,0,0,0,0,0,0,103808,104555,0,232,0
427578,1,0,0.000438694,0.015006,0.112902,0.281627,1,0,,0,0,0,0,0,0,0,0,103808,104555,0,232,0
427678,1,0,0.000307086,0.0120662,0.102818,0.304953,1,0,,0,0,0,0,0,0,0,0,103808,104555,0,232,0
427778,1,0,0.00021496,0.00969596,0.0935061,0.286329,1,0,,0,0,0,0,0,0,0,0,103808,104555,0,232,0
427878,1,0,0.000150472,0.00778686,0.0849341,0.270706,1,0,,0,0,0,0,0,0,0,0,103808,104555,0,232,0
427978,1,0,0.00010533,0.00625056,0.0770658,0.260342,1,0,,0,0,0,0,0,0,0,0,103808,104555,0,232,0
428078,1,0,7.37313e-005,0.00501519,0.0698607,0.296619,1,0,,0,0,0,0,0,0,0,0,103808,104555,0,232,0
428178,1,0,5.16119e-005,0.00402248,0.0632769,0.305509,1,0,,0,0,0,0,0,0,0,0,103808,104555,0,232,0
428278,1,0,3.61283e-005,0.00322521,0.0572717,0.336833,1,0,,0,0,0,0,0,0,0,0,103808,104555,0,232,0
428378,1,0,2.52898e-005,0.00258522,0.0518031,0.286733,1,0,,0,0,0,0,0,0,0,0,103808,104555,0,232,0
428478,1,0,1.77029e-005,0.00207172,0.0468299,0.297507,1,0,,0,0,0,0,0,0,0,0,103808,104555,0,232,0
428578,1,0,1.2392e-005,0.00165985,0.0423129,0.29285,1,0,,0,0,0,0,0,0,0,0,103808,104555,0,232,0
428678,1,0,8.67441e-006,0.00132962,0.0382146,0.270964,1,0,,0,0,0,0,0,0,0,0,103808,104555,0,232,0
428778,1,0,6.07209e-006,0.00106491,0.0344996,0.267253,1,0,,0,0,0,0,0,0,0,0,103808,104555,0,232,0
428878,1,0,4.25046e-006,0.000852777,0.0311349,0.274442,1,0,,0,0,0,0,0,0,0,0,103808,104555,0,232,0
428978,1,0,2.97532e-006,0.000682817,0.0280897,0.281492,1,0,,0,0,0,0,0,0,0,0,103808,104555,0,232,0
429078,1,0,2.08273e-006,0.00054667,0.0253354,0.275604,1,0,,0,0,0,0,0,0,0,0,103808,104555,0,232,0
429178,1,0,1.45791e-006,0.000437628,0.0228456,0.301004,1,0,,0,0,0,0,0,0,0,0,103808,104555,0,232,0
429278,1,4,1.2,0.24035,0.0445961,0.238566,1,0,,0,0,0,0,0,0,0,0,103808,104555,0,232,0
429378,1,0,0.840001,0.36028,0.0761645,0.275215,1,0,,0,0,0,0,0,0,0,0,103808,104555,0,232,0
429478,1,0,0.588001,0.405824,0.109131,0.249227,1,0,,0,0,0,0,0,0,0,0,103808,104555,0,232,0
429578,1,0,0.4116,0.40698,0.138915,0.27024,1,0,,0,0,0,0,0,0,0,0,103808,104555,0,232,0
429678,1,0,0.28812,0.383208,0.163345,0.269753,1,0,,0,0,0,0,0,0,0,0,103808,104555,0,232,0
429778,1,0,0.201684,0.346903,0.1817,0.263376,1,0,,0,0,0,0,0,0,0,0,103808,104555,0,232,0
429878,1,0,0.141179,0.305758,0.194106,0.297014,1,0,,0,0,0,0,0,0,0,0,103808,104555,0,232,0
429978,1,0,0.0988253,0.264372,0.201133,0.30215,1,0,,0,0,0,0,0,0,0,0,103808,104555,0,232,0
430078,1,0,0.0691777,0.225333,0.203553,0.279924,1,0,,0,0,0,0,0,0,0,0,103808,104555,0,232,0
430178,1,0,0.0484244,0.189951,0.202193,0.275535,1,0,,0,0,0,0,0,0,0,0,103808,104555,0,232,0
430278,1,0,0.0338971,0.15874,0.197847,0.283785,1,0,,0,0,0,0,0,0,0,0,103808,104555,0,232,0
430378,1,0,0.0237279,0.131738,0.191236,0.28659,1,0,,0,0,0,0,0,0,0,0,103808,104555,0,232,0
430478,1,0,0.0166096,0.108712,0.182984,0.314827,1,0,,0,0,0,0,0,0,0,0,103808,104555,0,232,0
430578,1,0,0.0116267,0.0892951,0.173615,0.275005,1,0,,0,0,0,0,0,0,0,0,103808,104555,0,232,0
430678,1,0,0.00813868,0.0730638,0.16356,0.272729,1,0,,0,0,0,0,0,0,0,0,103808,104555,0,232,0
430778,1,0,0.00569708,0.0595905,0.153163,0.323078,1,0,,0,0,0,0,0,0,0,0,103808,104555,0,232,0
430878,1,0,0.00398795,0.04847,0.142694,0.27668,1,0,,0,0,0,0,0,0,0,0,103808,104555,0,232,0
430978,1,0,0.00279157,0.0393343,0.132358,0.290641,1,0,,0,0,0,0,0,0,0,0,103808,104555,0,232,0
431078,1,0,0.0019541,0.0318583,0.122308,0.240644,1,0,,0,0,0,0,0,0,0,0,103808,104555,0,232,0
431178,1,0,0.00136787,0.0257602,0.112653,0.270068,1,0,,0,0,0,0,0,0,0,0,103808,104555,0,232,0
431278,1,0,0.000957508,0.0207996,0.103468,0.301769,1,0,,0,0,0,0,0,0,0,0,103808,104555,0,232,0
431378,1,0,0.000670256,0.0167738,0.0947983,0.275407,1,0,,0,0,0,0,0,0,0,0,103808,104555,0,232,0
431478,1,0,0.000469179,0.0135129,0.0866698,0.286232,1,0,,0,0,0,0,0,0,0,0,103808,104555,0,232,0
431578,1,0,0.000328425,0.010876,0.0790904,0.27033,1,0,,0,0,0,0,0,0,0,0,103808,104555,0,232,0
431678,1,0,0.000229898,0.00874675,0.072056,0.289567,1,0,,0,0,0,0,0,0,0,0,103808,104555,0,232,0
431778,1,0,0.000160928,0.00702959,0.0655534,0.277005,1,0,,0,0,0,0,0,0,0,0,103808,104555,0,232,0
431878,1,0,0.00011265,0.0056462,0.0595627,0.267078,1,0,,0,0,0,0,0,0,0,0,103808,104555,0,232,0
431978,1,0,7.88549e-005,0.00453273,0.0540597,0.27774,1,0,,0,0,0,0,0,0,0,0,103808,104555,0,232,0
432078,1,0,5.51984e-005,0.00363722,0.0490174,0.259689,1,0,,0,0,0,0,0,0,0,0,103808,104555,0,232,0
432178,1,0,3.86389e-005,0.00291751,0.0444074,0.274512,1,0,,0,0,0,0,0,0,0,0,103808,104555,0,232,0
432278,1,0,2.70472e-005,0.00233942,0.0402006,0.286334,1,0,,0,0,0,0,0,0,0,0,103808,104555,0,232,0
432378,1,0,1.89331e-005,0.00187532,0.0363681,0.285796,1,0,,0,0,0,0,0,0,0,0,103808,104555,0,232,0
432478,1,0,1.32531e-005,0.00150291,0.0328816,0.273135,1,0,,0,0,0,0,0,0,0,0,103808,104555,0,232,0
432578,1,0,9.2772e-006,0.00120418,0.0297138,0.263636,1,0,,0,0,0,0,0,0,0,0,103808,104555,0,232,0
432678,1,0,6.49404e-006,0.000964643,0.0268389,0.267384,1,0,,0,0,0,0,0,0,0,0,103808,104555,0,232,0
432778,1,0,4.54583e-006,0.000772624,0.0242323,0.292433,1,0,,0,0,0,0,0,0,0,0,103808,104555,0,232,0
432878,1,0,3.18208e-006,0.000618735,0.0218709,0.265658,1,0,,0,0,0,0,0,0,0,0,103808,104555,0,232,0
432978,1,0,2.22745e-006,0.000495434,0.0197334,0.264797,1,0,,0,0,0,0,0,0,0,0,103808,104555,0,232,0
433078,1,0,1.55922e-006,0.000396659,0.0177997,0.243297,1,0,,0,0,0,0,0,0,0,0,103808,104555,0,232,0
433178,1,6,1.8,0.360318,0.0520515,0.273213,1,0,,0,0,0,0,0,0,0,0,103808,104555,0,232,0
433278,1,0,1.26,0.540254,0.100872,0.264087,1,0,,0,0,0,0,0,0,0,0,103808,104555,0,232,0
433378,1,0,0.882001,0.608603,0.151645,0.260275,1,0,,0,0,0,0,0,0,0,0,103808,104555,0,232,0
433478,1,0,0.6174,0.610363,0.197517,0.273462,1,0,,0,0,0,0,0,0,0,0,103808,104555,0,232,0
433578,1,0,0.43218,0.574726,0.235238,0.288562,1,0,,0,0,0,0,0,0,0,0,103808,104555,0,232,0
433678,1,0,0.302526,0.520286,0.263743,0.305247,1,0,,0,0,0,0,0,0,0,0,103808,104555,0,232,0
433778,1,0,0.211768,0.458583,0.283227,0.277987,1,0,,0,0,0,0,0,0,0,0,103808,104555,0,232,0
433878,1,0,0.148238,0.396514,0.294555,0.305223,1,0,,0,0,0,0,0,0,0,0,103808,104555,0,232,0
433978,1,0,0.103766,0.337964,0.298896,0.263833,1,0,,0,0,0,0,0,0,0,0,103808,104555,0,232,0
434078,1,0,0.0726365,0.284899,0.297496,0.277495,1,0,,0,0,0,0,0,0,0,0,103808,104555,0,232,0
434178,1,0,0.0508456,0.238088,0.291556,0.259544,1,0,,0,0,0,0,0,0,0,0,103808,104555,0,232,0
434278,1,0,0.0355919,0.197589,0.282159,0.278433,1,0,,0,0,0,0,0,0,0,0,103808,104555,0,232,0
434378,1,0,0.0249143,0.163054,0.270248,0.283644,1,0,,0,0,0,0,0,0,0,0,103808,104555,0,232,0
434478,1,0,0.01744,0.133931,0.256617,0.279057,1,0,,0,0,0,0,0,0,0,0,103808,104555,0,232,0
434578,1,0,0.012208,0.109587,0.241914,0.257784,1,0,,0,0,0,0,0,0,0,0,103808,104555,0,232,0
434678,1,0,0.00854561,0.0893784,0.22666,0.274934,1,0,,0,0,0,0,0,0,0,0,103808,104555,0,232,0
434778,1,0,0.00598193,0.0726991,0.211264,0.267745,1,0,,0,0,0,0,0,0,0,0,103808,104555,0,232,0
434878,1,0,0.00418735,0.0589967,0.196037,0.297358,1,0,,0,0,0,0,0,0,0,0,103808,104555,0,232,0
434978,1,0,0.00293115,0.0477836,0.181212,0.279346,1,0,,0,0,0,0,0,0,0,0,103808,104555,0,232,0
435078,1,0,0.0020518,0.0386373,0.166954,0.264784,1,0,,0,0,0,0,0,0,0,0,103808,104555,0,232,0
435178,1,0,0.00143626,0.0311971,0.153379,0.273045,1,0,,0,0,0,0,0,0,0,0,103808,104555,0,232,0
435278,1,0,0.00100538,0.0251587,0.140557,0.305282,1,0,,0,0,0,0,0,0,0,0,103808,104555,0,232,0
435378,1,0,0.000703768,0.0202677,0.128528,0.264494,1,0,,0,0,0,0,0,0,0,0,103808,104555,0,232,0
435478,1,0,0.000492638,0.0163127,0.117306,0.273832,1,0,,0,0,0,0,0,0,0,0,103808,104555,0,232,0
435578,1,0,0.000344846,0.0131191,0.106888,0.312097,1,0,,0,0,0,0,0,0,0,0,103808,104555,0,232,0
435678,1,0,0.000241392,0.0105436,0.0972531,0.269622,1,0,,0,0,0,0,0,0,0,0,103808,104555,0,232,0
435778,1,0,0.000168975,0.00846867,0.0883747,0.278655,1,0,,0,0,0,0,0,0,0,0,103808,104555,0,232,0
435878,1,0,0.000118282,0.00679859,0.0802171,0.28223,1,0,,0,0,0,0,0,0,0,0,103808,104555,0,232,0
435978,1,0,8.27976e-005,0.00545543,0.0727409,0.261092,1,0,,0,0,0,0,0,0,0,0,103808,104555,0,232,0
436078,1,0,5.79583e-005,0.00437594,0.0659044,0.277505,1,0,,0,0,0,0,0,0,0,0,103808,104555,0,232,0
436178,1,0,4.05708e-005,0.00350886,0.0596649,0.259844,1,0,,0,0,0,0,0,0,0,0,103808,104555,0,232,0
436278,1,0,2.83996e-005,0.00281277,0.0539797,0.315306,1,0,,0,0,0,0,0,0,0,0,103808,104555,0,232,0
436378,1,0,1.98797e-005,0.00225419,0.0488071,0.311456,1,0,,0,0,0,0,0,0,0,0,103808,104555,0,232,0
436478,1,0,1.39158e-005,0.00180614,0.044107,0.294308,1,0,,0,0,0,0,0,0,0,0,103808,104555,0,232,0
436578,1,0,9.74105e-006,0.00144686,0.039841,0.277955,1,0,,0,0,0,0,0,0,0,0,103808,104555,0,232,0
436678,1,0,6.81874e-006,0.00115885,0.0359728,0.26883,1,0,,0,0,0,0,0,0,0,0,103808,104555,0,232,0
436778,1,0,4.77312e-006,0.000928035,0.0324683,0.327081,1,0,,0,0,0,0,0,0,0,0,103808,104555,0,232,0
436878,1,0,3.34118e-006,0.000743096,0.0292958,0.268719,1,0,,0,0,0,0,0,0,0,0,103808,104555,0,232,0
436978,1,0,2.33883e-006,0.000594945,0.0264257,0.272619,1,0,,0,0,0,0,0,0,0,0,103808,104555,0,232,0
437078,1,0,1.63718e-006,0.000476283,0.0238308,0.285406,1,0,,0,0,0,0,0,0,0,0,103808,104555,0,232,0
437178,1,5,1.5,0.300381,0.0514858,0.282998,1,0,,0,0,0,0,0,0,0,0,103808,104555,0,232,0
437278,1,0,1.05,0.450305,0.0913677,0.314086,1,0,,0,0,0,0,0,0,0,0,103808,104555,0,232,0
437378,1,0,0.735001,0.507244,0.132955,0.286975,1,0,,0,0,0,0,0,0,0,0,103808,104555,0,232,0
437478,1,0,0.5145,0.508695,0.170529,0.298012,1,0,,0,0,0,0,0,0,0,0,103808,104555,0,232,0
437578,1,0,0.36015,0.478986,0.201375,0.297921,1,0,,0,0,0,0,0,0,0,0,103808,104555,0,232,0
437678,1,0,0.252105,0.43361,0.224599,0.267597,1,0,,0,0,0,0,0,0,0,0,103808,104555,0,232,0
437778,1,0,0.176474,0.382183,0.240357,0.282058,1,0,,0,0,0,0,0,0,0,0,103808,104555,0,232,0
437878,1,0,0.123532,0.330453,0.249367,0.285293,1,0,,0,0,0,0,0,0,0,0,103808,104555,0,232,0
437978,1,0,0.0864721,0.281656,0.252596,0.250156,1,0,,0,0,0,0,0,0,0,0,103808,104555,0,232,0
438078,1,0,0.0605305,0.237431,0.251079,0.26683,1,0,,0,0,0,0,0,0,0,0,103808,104555,0,232,0
438178,1,0,0.0423713,0.198419,0.245813,0.258517,1,0,,0,0,0,0,0,0,0,0,103808,104555,0,232,0
438278,1,0,0.0296599,0.164667,0.237699,0.276816,1,0,,0,0,0,0,0,0,0,0,103808,104555,0,232,0
438378,1,0,0.0207619,0.135886,0.227517,0.256366,1,0,,0,0,0,0,0,0,0,0,103808,104555,0,232,0
438478,1,0,0.0145334,0.111616,0.215927,0.270752,1,0,,0,0,0,0,0,0,0,0,103808,104555,0,232,0
438578,1,0,0.0101734,0.0913273,0.203467,0.28664,1,0,,0,0,0,0,0,0,0,0,103808,104555,0,232,0
438678,1,0,0.00712135,0.0744861,0.190569,0.284375,1,0,,0,0,0,0,0,0,0,0,103808,104555,0,232,0
438778,1,0,0.00498494,0.0605858,0.177571,0.294254,1,0,,0,0,0,0,0,0,0,0,103808,104555,0,232,0
438878,1,0,0.00348946,0.0491666,0.16473,0.288229,1,0,,0,0,0,0,0,0,0,0,103808,104555,0,232,0
438978,1,0,0.00244262,0.0398218,0.152239,0.265092,1,0,,0,0,0,0,0,0,0,0,103808,104555,0,232,0
439078,1,0,0.00170984,0.0321994,0.140235,0.305117,1,0,,0,0,0,0,0,0,0,0,103808,104555,0,232,0
439178,1,0,0.00119688,0.0259989,0.128812,0.266617,1,0,,0,0,0,0,0,0,0,0,103808,104555,0,232,0
439278,1,0,0.000837819,0.0209667,0.118027,0.241106,1,0,,0,0,0,0,0,0,0,0,103808,104555,0,232,0
439378,1,0,0.000586473,0.0168906,0.107914,0.277213,1,0,,0,0,0,0,0,0,0,0,103808,104555,0,232,0
439478,1,0,0.000410531,0.0135946,0.0984817,0.296874,1,0,,0,0,0,0,0,0,0,0,103808,104555,0,232,0
439578,1,0,0.000287372,0.0109332,0.0897269,0.291787,1,0,,0,0,0,0,0,0,0,0,103808,104555,0,232,0
439678,1,0,0.00020116,0.00878677,0.0816328,0.295086,1,0,,0,0,0,0,0,0,0,0,103808,104555,0,232,0
439778,1,0,0.000140812,0.00705758,0.0741753,0.280061,1,0,,0,0,0,0,0,0,0,0,103808,104555,0,232,0
439878,1,0,9.85686e-005,0.00566577,0.0673244,0.288736,1,0,,0,0,0,0,0,0,0,0,103808,104555,0,232,0
439978,1,0,6.8998e-005,0.00454642,0.0610466,0.25361,1,0,,0,0,0,0,0,0,0,0,103808,104555,0,232,0
440078,1,0,4.82986e-005,0.0036468,0.0553066,0.256898,1,0,,0,0,0,0,0,0,0,0,103808,104555,0,232,0
440178,1,0,3.3809e-005,0.0029242,0.0500683,0.30756,1,0,,0,0,0,0,0,0,0,0,103808,104555,0,232,0
440278,1,0,2.36663e-005,0.00234409,0.0452959,0.277985,1,0,,0,0,0,0,0,0,0,0,103808,104555,0,232,0
440378,1,0,1.65664e-005,0.00187859,0.0409542,0.279024,1,0,,0,0,0,0,0,0,0,0,103808,104555,0,232,0
440478,1,0,1.15965e-005,0.00150519,0.0370093,0.277321,1,0,,0,0,0,0,0,0,0,0,103808,104555,0,232,0
440578,1,0,8.11755e-006,0.00120577,0.0334289,0.256096,1,0,,0,0,0,0,0,0,0,0,103808,104555,0,232,0
440678,1,0,5.68228e-006,0.000965756,0.0301826,0.284631,1,0,,0,0,0,0,0,0,0,0,103808,104555,0,232,0
440778,1,0,3.9776e-006,0.0007734,0.0272417,0.27007,1,0,,0,0,0,0,0,0,0,0,103808,104555,0,232,0
440878,1,0,2.78432e-006,0.000619277,0.0245795,0.28387,1,0,,0,0,0,0,0,0,0,0,103808,104555,0,232,0
440978,1,0,1.94902e-006,0.000495812,0.0221711,0.281795,1,0,,0,0,0,0,0,0,0,0,103808,104555,0,232,0
441078,1,5,1.5,0.300397,0.0499937,0.277198,1,0,,0,0,0,0,0,0,0,0,103808,104555,0,232,0
441178,1,0,1.05,0.450318,0.0900261,0.270577,1,0,,0,0,0,0,0,0,0,0,103808,104555,0,232,0
441278,1,0,0.735001,0.507254,0.131749,0.273465,1,0,,0,0,0,0,0,0,0,0,103808,104555,0,232,0
441378,1,0,0.5145,0.508704,0.169444,0.270352,1,0,,0,0,0,0,0,0,0,0,103808,104555,0,232,0
441478,1,0,0.36015,0.478993,0.200399,0.278126,1,0,,0,0,0,0,0,0,0,0,103808,104555,0,232,0
441578,1,0,0.252105,0.433615,0.223721,0.303574,1,0,,0,0,0,0,0,0,0,0,103808,104555,0,232,0
441678,1,0,0.176474,0.382187,0.239567,0.2874,1,0,,0,0,0,0,0,0,0,0,103808,104555,0,232,0
441778,1,0,0.123532,0.330456,0.248656,0.281038,1,0,,0,0,0,0,0,0,0,0,103808,104555,0,232,0
441878,1,0,0.0864721,0.281659,0.251957,0.301274,1,0,,0,0,0,0,0,0,0,0,103808,104555,0,232,0
441978,1,0,0.0605305,0.237433,0.250504,0.280475,1,0,,0,0,0,0,0,0,0,0,103808,104555,0,232,0
442078,1,0,0.0423713,0.198421,0.245296,0.269386,1,0,,0,0,0,0,0,0,0,0,103808,104555,0,232,0
442178,1,0,0.0296599,0.164669,0.237233,0.270086,1,0,,0,0,0,0,0,0,0,0,103808,104555,0,232,0
442278,1,0,0.0207619,0.135887,0.227099,0.258462,1,0,,0,0,0,0,0,0,0,0,103808,104555,0,232,0
442378,1,0,0.0145334,0.111617,0.21555,0.306623,1,0,,0,0,0,0,0,0,0,0,103808,104555,0,232,0
442478,1,0,0.0101734,0.091328,0.203128,0.321748,1,0,,0,0,0,0,0,0,0,0,103808,104555,0,232,0
442578,1,0,0.00712135,0.0744866,0.190264,0.276335,1,0,,0,0,0,0,0,0,0,0,103808,104555,0,232,0
442678,1,0,0.00498494,0.0605863,0.177296,0.289773,1,0,,0,0,0,0,0,0,0,0,103808,104555,0,232,0
442778,1,0,0.00348946,0.0491669,0.164483,0.29076,1,0,,0,0,0,0,0,0,0,0,103808,104555,0,232,0
442878,1,0,0.00244262,0.0398221,0.152017,0.291883,1,0,,0,0,0,0,0,0,0,0,103808,104555,0,232,0
442978,1,0,0.00170984,0.0321996,0.140035,0.303856,1,0,,0,0,0,0,0,0,0,0,103808,104555,0,232,0
443078,1,0,0.00119688,0.0259991,0.128632,0.277067,1,0,,0,0,0,0,0,0,0,0,103808,104555,0,232,0
443178,1,0,0.000837819,0.0209668,0.117865,0.266716,1,0,,0,0,0,0,0,0,0,0,103808,104555,0,232,0
443278,1,0,0.000586474,0.0168908,0.107768,0.291704,1,0,,0,0,0,0,0,0,0,0,103808,104555,0,232,0
443378,1,0,0.000410531,0.0135947,0.0983505,0.269254,1,0,,0,0,0,0,0,0,0,0,103808,104555,0,232,0
443478,1,0,0.000287372,0.0109332,0.0896088,0.273015,1,0,,0,0,0,0,0,0,0,0,103808,104555,0,232,0
443578,1,0,0.00020116,0.00878683,0.0815266,0.276427,1,0,,0,0,0,0,0,0,0,0,103808,104555,0,232,0
443678,1,0,0.000140812,0.00705762,0.0740797,0.264888,1,0,,0,0,0,0,0,0,0,0,103808,104555,0,232,0
443778,1,0,9.85686e-005,0.00566581,0.0672383,0.285738,1,0,,0,0,0,0,0,0,0,0,103808,104555,0,232,0
443878,1,0,6.8998e-005,0.00454645,0.0609691,0.245065,1,0,,0,0,0,0,0,0,0,0,103808,104555,0,232,0
443978,1,0,4.82986e-005,0.00364682,0.0552369,0.303953,1,0,,0,0,0,0,0,0,0,0,103808,104555,0,232,0
444078,1,0,3.3809e-005,0.00292422,0.0500056,0.26794,1,0,,0,0,0,0,0,0,0,0,103808,104555,0,232,0
444178,1,0,2.36663e-005,0.00234411,0.0452395,0.266842,1,0,,0,0,0,0,0,0,0,0,103808,104555,0,232,0
444278,1,0,1.65664e-005,0.0018786,0.0409034,0.265618,1,0,,0,0,0,0,0,0,0,0,103808,104555,0,232,0
444378,1,0,1.15965e-005,0.0015052,0.0369636,0.286956,1,0,,0,0,0,0,0,0,0,0,103808,104555,0,232,0
444478,1,0,8.11755e-006,0.00120578,0.0333878,0.294793,1,0,,0,0,0,0,0,0,0,0,103808,104555,0,232,0
444578,1,0,5.68228e-006,0.000965762,0.0301456,0.28263,1,0,,0,0,0,0,0,0,0,0,103808,104555,0,232,0
444678,1,0,3.9776e-006,0.000773406,0.0272084,0.279992,1,0,,0,0,0,0,0,0,0,0,103808,104555,0,232,0
444778,1,0,2.78432e-006,0.000619281,0.0245494,0.273015,1,0,,0,0,0,0,0,0,0,0,103808,104555,0,232,0
444878,1,0,1.94902e-006,0.000495815,0.0221441,0.266777,1,0,,0,0,0,0,0,0,0,0,103808,104555,0,232,0
444978,1,5,1.5,0.300397,0.0499694,0.256531,1,0,,0,0,0,0,0,0,0,0,103808,104555,0,232,0
445078,1,0,1.05,0.450318,0.0900042,0.263961,1,0,,0,0,0,0,0,0,0,0,103808,104555,0,232,0
445178,1,0,0.735001,0.507254,0.131729,0.278361,1,0,,0,0,0,0,0,0,0,0,103808,104555,0,232,0
445278,1,0,0.5145,0.508704,0.169427,0.259198,1,0,,0,0,0,0,0,0,0,0,103808,104555,0,232,0
445378,1,0,0.36015,0.478993,0.200383,0.278249,1,0,,0,0,0,0,0,0,0,0,103808,104555,0,232,0
445478,1,0,0.252105,0.433615,0.223706,0.281449,1,0,,0,0,0,0,0,0,0,0,103808,104555,0,232,0
445578,1,0,0.176474,0.382187,0.239555,0.278787,1,0,,0,0,0,0,0,0,0,0,103808,104555,0,232,0
445678,1,0,0.123532,0.330456,0.248645,0.323811,1,0,,0,0,0,0,0,0,0,0,103808,104555,0,232,0
445778,1,0,0.0864721,0.281659,0.251946,0.271401,1,0,,0,0,0,0,0,0,0,0,103808,104555,0,232,0
445878,1,0,0.0605305,0.237433,0.250495,0.291976,1,0,,0,0,0,0,0,0,0,0,103808,104555,0,232,0
445978,1,0,0.0423713,0.198421,0.245287,0.276673,1,0,,0,0,0,0,0,0,0,0,103808,104555,0,232,0
446078,1,0,0.0296599,0.164669,0.237226,0.275562,1,0,,0,0,0,0,0,0,0,0,103808,104555,0,232,0
446178,1,0,0.0207619,0.135887,0.227092,0.260752,1,0,,0,0,0,0,0,0,0,0,103808,104555,0,232,0
446278,1,0,0.0145334,0.111617,0.215544,0.301564,1,0,,0,0,0,0,0,0,0,0,103808,104555,0,232,0
446378,1,0,0.0101734,0.091328,0.203123,0.285976,1,0,,0,0,0,0,0,0,0,0,103808,104555,0,232,0
446478,1,0,0.00712135,0.0744866,0.190259,0.3054,1,0,,0,0,0,0,0,0,0,0,103808,104555,0,232,0
446578,1,0,0.00498494,0.0605863,0.177292,0.288113,1,0,,0,0,0,0,0,0,0,0,103808,104555,0,232,0
446678,1,0,0.00348946,0.0491669,0.164479,0.336251,1,0,,0,0,0,0,0,0,0,0,103808,104555,0,232,0
446778,1,0,0.00244262,0.0398221,0.152014,0.278451,1,0,,0,0,0,0,0,0,0,0,103808,104555,0,232,0
446878,1,0,0.00170984,0.0321996,0.140032,0.265427,1,0,,0,0,0,0,0,0,0,0,103808,104555,0,232,0
446978,1,0,0.00119688,0.0259991,0.128629,0.295553,1,0,,0,0,0,0,0,0,0,0,103808,104555,0,232,0
447078,1,0,0.000837819,0.0209668,0.117863,0.247978,1,0,,0,0,0,0,0,0,0,0,103808,104555,0,232,0
447178,1,0,0.000586474,0.0168908,0.107765,0.273401,1,0,,0,0,0,0,0,0,0,0,103808,104555,0,232,0
447278,1,0,0.000410531,0.0135947,0.0983484,0.278364,1,0,,0,0,0,0,0,0,0,0,103808,104555,0,232,0
447378,1,0,0.000287372,0.0109332,0.0896068,0.291063,1,0,,0,0,0,0,0,0,0,0,103808,104555,0,232,0
447478,1,0,0.00020116,0.00878683,0.0815248,0.269088,1,0,,0,0,0,0,0,0,0,0,103808,104555,0,232,0
447578,1,0,0.000140812,0.00705762,0.0740781,0.28915,1,0,,0,0,0,0,0,0,0,0,103808,104555,0,232,0
447678,1,0,9.85686e-005,0.00566581,0.0672369,0.279887,1,0,,0,0,0,0,0,0,0,0,103808,104555,0,232,0
447778,1,0,6.8998e-005,0.00454645,0.0609678,0.277047,1,0,,0,0,0,0,0,0,0,0,103808,104555,0,232,0
447878,1,0,4.82986e-005,0.00364682,0.0552357,0.267212,1,0,,0,0,0,0,0,0,0,0,103808,104555,0,232,0
447978,1,0,3.3809e-005,0.00292422,0.0500046,0.272237,1,0,,0,0,0,0,0,0,0,0,103808,104555,0,232,0
448078,1,0,2.36663e-005,0.00234411,0.0452385,0.3056,1,0,,0,0,0,0,0,0,0,0,103808,104555,0,232,0
448178,1,0,1.65664e-005,0.0018786,0.0409025,0.315614,1,0,,0,0,0,0,0,0,0,0,103808,104555,0,232,0
448278,1,0,1.15965e-005,0.0015052,0.0369628,0.263663,1,0,,0,0,0,0,0,0,0,0,103808,104555,0,232,0
448378,1,0,8.11755e-006,0.00120578,0.0333871,0.266847,1,0,,0,0,0,0,0,0,0,0,103808,104555,0,232,0
448478,1,0,5.68228e-006,0.000965762,0.030145,0.307296,1,0,,0,0,0,0,0,0,0,0,103808,104555,0,232,0
448578,1,0,3.9776e-006,0.000773406,0.0272078,0.300472,1,0,,0,0,0,0,0,0,0,0,103808,104555,0,232,0
448678,1,0,2.78432e-006,0.000619281,0.024549,0.324508,1,0,,0,0,0,0,0,0,0,0,103808,104555,0,232,0
448778,1,0,1.94902e-006,0.000495815,0.0221436,0.232433,1,0,,0,0,0,0,0,0,0,0,103808,104555,0,232,0
448878,1,0,1.36432e-006,0.000396925,0.019969,0.26627,1,0,,0,0,0,0,0,0,0,0,103808,104555,0,232,0
448978,1,5,1.5,0.300318,0.0480038,0.278326,1,0,,0,0,0,0,0,0,0,0,103808,104555,0,232,0
449078,1,0,1.05,0.450254,0.0882289,0.339202,1,0,,0,0,0,0,0,0,0,0,103808,104555,0,232,0
449178,1,0,0.735,0.507204,0.130126,0.307589,1,0,,0,0,0,0,0,0,0,0,103808,104555,0,232,0
449278,1,0,0.5145,0.508663,0.16798,0.273189,1,0,,0,0,0,0,0,0,0,0,103808,104555,0,232,0
449378,1,0,0.36015,0.47896,0.199078,0.285501,1,0,,0,0,0,0,0,0,0,0,103808,104555,0,232,0
449478,1,0,0.252105,0.433589,0.222529,0.26755,1,0,,0,0,0,0,0,0,0,0,103808,104555,0,232,0
449578,1,0,0.176474,0.382166,0.238493,0.277275,1,0,,0,0,0,0,0,0,0,0,103808,104555,0,232,0
449678,1,0,0.123532,0.330439,0.247688,0.274286,1,0,,0,0,0,0,0,0,0,0,103808,104555,0,232,0
449778,1,0,0.0864721,0.281646,0.251083,0.280784,1,0,,0,0,0,0,0,0,0,0,103808,104555,0,232,0
449878,1,0,0.0605304,0.237423,0.249717,0.281573,1,0,,0,0,0,0,0,0,0,0,103808,104555,0,232,0
449978,1,0,0.0423713,0.198412,0.244587,0.266975,1,0,,0,0,0,0,0,0,0,0,103808,104555,0,232,0
450078,1,0,0.0296599,0.164662,0.236594,0.305511,1,0,,0,0,0,0,0,0,0,0,103808,104555,0,232,0
450178,1,0,0.0207619,0.135882,0.226523,0.283704,1,0,,0,0,0,0,0,0,0,0,103808,104555,0,232,0
450278,1,0,0.0145334,0.111612,0.215032,0.264454,1,0,,0,0,0,0,0,0,0,0,103808,104555,0,232,0
450378,1,0,0.0101734,0.0913245,0.202661,0.295743,1,0,,0,0,0,0,0,0,0,0,103808,104555,0,232,0
450478,1,0,0.00712135,0.0744838,0.189843,0.261468,1,0,,0,0,0,0,0,0,0,0,103808,104555,0,232,0
450578,1,0,0.00498494,0.0605841,0.176918,0.267518,1,0,,0,0,0,0,0,0,0,0,103808,104555,0,232,0
450678,1,0,0.00348946,0.0491651,0.164142,0.264367,1,0,,0,0,0,0,0,0,0,0,103808,104555,0,232,0
450778,1,0,0.00244262,0.0398206,0.15171,0.28954,1,0,,0,0,0,0,0,0,0,0,103808,104555,0,232,0
450878,1,0,0.00170984,0.0321985,0.139759,0.282852,1,0,,0,0,0,0,0,0,0,0,103808,104555,0,232,0
450978,1,0,0.00119688,0.0259982,0.128383,0.286402,1,0,,0,0,0,0,0,0,0,0,103808,104555,0,232,0
451078,1,0,0.000837819,0.0209661,0.117641,0.272403,1,0,,0,0,0,0,0,0,0,0,103808,104555,0,232,0
451178,1,0,0.000586473,0.0168902,0.107566,0.304366,1,0,,0,0,0,0,0,0,0,0,103808,104555,0,232,0
451278,1,0,0.000410531,0.0135942,0.0981689,0.255715,1,0,,0,0,0,0,0,0,0,0,103808,104555,0,232,0
451378,1,0,0.000287372,0.0109329,0.0894453,0.262952,1,0,,0,0,0,0,0,0,0,0,103808,104555,0,232,0
451478,1,0,0.00020116,0.00878653,0.0813794,0.271564,1,0,,0,0,0,0,0,0,0,0,103808,104555,0,232,0
451578,1,0,0.000140812,0.00705738,0.0739472,0.304564,1,0,,0,0,0,0,0,0,0,0,103808,104555,0,232,0
451678,1,0,9.85686e-005,0.00566562,0.067119,0.288577,1,0,,0,0,0,0,0,0,0,0,103808,104555,0,232,0
451778,1,0,6.8998e-005,0.0045463,0.0608618,0.300352,1,0,,0,0,0,0,0,0,0,0,103808,104555,0,232,0
451878,1,0,4.82986e-005,0.0036467,0.0551403,0.27409,1,0,,0,0,0,0,0,0,0,0,103808,104555,0,232,0
451978,1,0,3.3809e-005,0.00292412,0.0499186,0.26344,1,0,,0,0,0,0,0,0,0,0,103808,104555,0,232,0
452078,1,0,2.36663e-005,0.00234403,0.0451612,0.29479,1,0,,0,0,0,0,0,0,0,0,103808,104555,0,232,0
452178,1,0,1.65664e-005,0.00187854,0.0408329,0.263863,1,0,,0,0,0,0,0,0,0,0,103808,104555,0,232,0
452278,1,0,1.15965e-005,0.00150515,0.0369001,0.268836,1,0,,0,0,0,0,0,0,0,0,103808,104555,0,232,0
452378,1,0,8.11755e-006,0.00120574,0.0333307,0.275286,1,0,,0,0,0,0,0,0,0,0,103808,104555,0,232,0
452478,1,0,5.68228e-006,0.00096573,0.0300942,0.304998,1,0,,0,0,0,0,0,0,0,0,103808,104555,0,232,0
452578,1,0,3.9776e-006,0.00077338,0.0271621,0.297871,1,0,,0,0,0,0,0,0,0,0,103808,104555,0,232,0
452678,1,0,2.78432e-006,0.000619261,0.0245078,0.282083,1,0,,0,0,0,0,0,0,0,0,103808,104555,0,232,0
452778,1,0,1.94902e-006,0.000495798,0.0221066,0.280617,1,0,,0,0,0,0,0,0,0,0,103808,104555,0,232,0
452878,1,5,1.5,0.300397,0.0499357,0.265935,1,0,,0,0,0,0,0,0,0,0,103808,104555,0,232,0
452978,1,0,1.05,0.450318,0.0899739,0.335259,1,0,,0,0,0,0,0,0,0,0,103808,104555,0,232,0
453078,1,0,0.735001,0.507254,0.131702,0.266559,1,0,,0,0,0,0,0,0,0,0,103808,104555,0,232,0
453178,1,0,0.5145,0.508704,0.169402,0.268358,1,0,,0,0,0,0,0,0,0,0,103808,104555,0,232,0
453278,1,0,0.36015,0.478993,0.200361,0.285207,1,0,,0,0,0,0,0,0,0,0,103808,104555,0,232,0
453378,1,0,0.252105,0.433615,0.223687,0.302982,1,0,,0,0,0,0,0,0,0,0,103808,104555,0,232,0
453478,1,0,0.176474,0.382187,0.239537,0.277858,1,0,,0,0,0,0,0,0,0,0,103808,104555,0,232,0
453578,1,0,0.123532,0.330456,0.248629,0.268009,1,0,,0,0,0,0,0,0,0,0,103808,104555,0,232,0
453678,1,0,0.0864721,0.281659,0.251932,0.311722,1,0,,0,0,0,0,0,0,0,0,103808,104555,0,232,0
453778,1,0,0.0605305,0.237433,0.250482,0.26448,1,0,,0,0,0,0,0,0,0,0,103808,104555,0,232,0
453878,1,0,0.0423713,0.198421,0.245276,0.287267,1,0,,0,0,0,0,0,0,0,0,103808,104555,0,232,0
453978,1,0,0.0296599,0.164669,0.237215,0.299328,1,0,,0,0,0,0,0,0,0,0,103808,104555,0,232,0
454078,1,0,0.0207619,0.135887,0.227082,0.25629,1,0,,0,0,0,0,0,0,0,0,103808,104555,0,232,0
454178,1,0,0.0145334,0.111617,0.215536,0.259565,1,0,,0,0,0,0,0,0,0,0,103808,104555,0,232,0
454278,1,0,0.0101734,0.091328,0.203115,0.263866,1,0,,0,0,0,0,0,0,0,0,103808,104555,0,232,0
454378,1,0,0.00712135,0.0744866,0.190252,0.276677,1,0,,0,0,0,0,0,0,0,0,103808,104555,0,232,0
454478,1,0,0.00498494,0.0605863,0.177285,0.282827,1,0,,0,0,0,0,0,0,0,0,103808,104555,0,232,0
454578,1,0,0.00348946,0.0491669,0.164474,0.34979,1,0,,0,0,0,0,0,0,0,0,103808,104555,0,232,0
454678,1,0,0.00244262,0.0398221,0.152008,0.283864,1,0,,0,0,0,0,0,0,0,0,103808,104555,0,232,0
454778,1,0,0.00170984,0.0321996,0.140028,0.306613,1,0,,0,0,0,0,0,0,0,0,103808,104555,0,232,0
454878,1,0,0.00119688,0.0259991,0.128625,0.267725,1,0,,0,0,0,0,0,0,0,0,103808,104555,0,232,0
454978,1,0,0.000837819,0.0209668,0.117859,0.281937,1,0,,0,0,0,0,0,0,0,0,103808,104555,0,232,0
455078,1,0,0.000586474,0.0168908,0.107762,0.299636,1,0,,0,0,0,0,0,0,0,0,103808,104555,0,232,0
455178,1,0,0.000410531,0.0135947,0.0983454,0.318784,1,0,,0,0,0,0,0,0,0,0,103808,104555,0,232,0
455278,1,0,0.000287372,0.0109332,0.0896042,0.309623,1,0,,0,0,0,0,0,0,0,0,103808,104555,0,232,0
455378,1,0,0.00020116,0.00878683,0.0815224,0.301171,1,0,,0,0,0,0,0,0,0,0,103808,104555,0,232,0
455478,1,0,0.000140812,0.00705762,0.074076,0.289348,1,0,,0,0,0,0,0,0,0,0,103808,104555,0,232,0
455578,1,0,9.85686e-005,0.00566581,0.0672349,0.283335,1,0,,0,0,0,0,0,0,0,0,103808,104555,0,232,0
455678,1,0,6.8998e-005,0.00454645,0.0609661,0.275973,1,0,,0,0,0,0,0,0,0,0,103808,104555,0,232,0
455778,1,0,4.82986e-005,0.00364682,0.0552342,0.282859,1,0,,0,0,0,0,0,0,0,0,103808,104555,0,232,0
455878,1,0,3.3809e-005,0.00292422,0.0500032,0.291259,1,0,,0,0,0,0,0,0,0,0,103808,104555,0,232,0
455978,1,0,2.36663e-005,0.00234411,0.0452373,0.263408,1,0,,0,0,0,0,0,0,0,0,103808,104555,0,232,0
456078,1,0,1.65664e-005,0.0018786,0.0409014,0.294895,1,0,,0,0,0,0,0,0,0,0,103808,104555,0,232,0
456178,1,0,1.15965e-005,0.0015052,0.0369618,0.309945,1,0,,0,0,0,0,0,0,0,0,103808,104555,0,232,0
456278,1,0,8.11755e-006,0.00120578,0.0333862,0.282732,1,0,,0,0,0,0,0,0,0,0,103808,104555,0,232,0
456378,1,0,5.68228e-006,0.000965762,0.0301441,0.262508,1,0,,0,0,0,0,0,0,0,0,103808,104555,0,232,0
456478,1,0,3.9776e-006,0.000773406,0.0272071,0.309234,1,0,,0,0,0,0,0,0,0,0,103808,104555,0,232,0
456578,1,0,2.78432e-006,0.000619281,0.0245483,0.283997,1,0,,0,0,0,0,0,0,0,0,103808,104555,0,232,0
456678,1,0,1.94902e-006,0.000495815,0.022143,0.273635,1,0,,0,0,0,0,0,0,0,0,103808,104555,0,232,0
456778,1,0,1.36432e-006,0.000396925,0.0199684,0.278874,1,0,,0,0,0,0,0,0,0,0,103808,104555,0,232,0
456878,1,5,1.5,0.300318,0.0480033,0.276233,1,0,,0,0,0,0,0,0,0,0,103808,104555,0,232,0
456978,1,0,1.05,0.450254,0.0882284,0.276695,1,0,,0,0,0,0,0,0,0,0,103808,104555,0,232,0
457078,1,0,0.735,0.507204,0.130126,0.304432,1,0,,0,0,0,0,0,0,0,0,103808,104555,0,232,0
457178,1,0,0.5145,0.508663,0.16798,0.276395,1,0,,0,0,0,0,0,0,0,0,103808,104555,0,232,0
457278,1,0,0.36015,0.47896,0.199078,0.274107,1,0,,0,0,0,0,0,0,0,0,103808,104555,0,232,0
457378,1,0,0.252105,0.433589,0.222529,0.280085,1,0,,0,0,0,0,0,0,0,0,103808,104555,0,232,0
457478,1,0,0.176474,0.382166,0.238493,0.301486,1,0,,0,0,0,0,0,0,0,0,103808,104555,0,232,0
457578,1,0,0.123532,0.330439,0.247687,0.262687,1,0,,0,0,0,0,0,0,0,0,103808,104555,0,232,0
457678,1,0,0.0864721,0.281646,0.251083,0.262464,1,0,,0,0,0,0,0,0,0,0,103808,104555,0,232,0
457778,1,0,0.0605304,0.237423,0.249717,0.325963,1,0,,0,0,0,0,0,0,0,0,103808,104555,0,232,0
457878,1,0,0.0423713,0.198412,0.244587,0.277826,1,0,,0,0,0,0,0,0,0,0,103808,104555,0,232,0
457978,1,0,0.0296599,0.164662,0.236594,0.288639,1,0,,0,0,0,0,0,0,0,0,103808,104555,0,232,0
458078,1,0,0.0207619,0.135882,0.226523,0.286438,1,0,,0,0,0,0,0,0,0,0,103808,104555,0,232,0
458178,1,0,0.0145334,0.111612,0.215032,0.280325,1,0,,0,0,0,0,0,0,0,0,103808,104555,0,232,0
458278,1,0,0.0101734,0.0913245,0.202661,0.240975,1,0,,0,0,0,0,0,0,0,0,103808,104555,0,232,0
458378,1,0,0.00712135,0.0744838,0.189843,0.269575,1,0,,0,0,0,0,0,0,0,0,103808,104555,0,232,0
458478,1,0,0.00498494,0.0605841,0.176917,0.261425,1,0,,0,0,0,0,0,0,0,0,103808,104555,0,232,0
458578,1,0,0.00348946,0.0491651,0.164142,0.264999,1,0,,0,0,0,0,0,0,0,0,103808,104555,0,232,0
458678,1,0,0.00244262,0.0398206,0.15171,0.278748,1,0,,0,0,0,0,0,0,0,0,103808,104555,0,232,0
458778,1,0,0.00170984,0.0321985,0.139759,0.29971,1,0,,0,0,0,0,0,0,0,0,103808,104555,0,232,0
458878,1,0,0.00119688,0.0259982,0.128383,0.275086,1,0,,0,0,0,0,0,0,0,0,103808,104555,0,232,0
458978,1,0,0.000837819,0.0209661,0.117641,0.263522,1,0,,0,0,0,0,0,0,0,0,103808,104555,0,232,0
459078,1,0,0.000586473,0.0168902,0.107566,0.268523,1,0,,0,0,0,0,0,0,0,0,103808,104555,0,232,0
459178,1,0,0.000410531,0.0135942,0.0981689,0.270295,1,0,,0,0,0,0,0,0,0,0,103808,104555,0,232,0
459278,1,0,0.000287372,0.0109329,0.0894453,0.252157,1,0,,0,0,0,0,0,0,0,0,103808,104555,0,232,0
459378,1,0,0.00020116,0.00878653,0.0813794,0.255033,1,0,,0,0,0,0,0,0,0,0,103808,104555,0,232,0
459478,1,0,0.000140812,0.00705738,0.0739472,0.274444,1,0,,0,0,0,0,0,0,0,0,103808,104555,0,232,0
459578,1,0,9.85686e-005,0.00566562,0.067119,0.270283,1,0,,0,0,0,0,0,0,0,0,103808,104555,0,232,0
459678,1,0,6.8998e-005,0.0045463,0.0608618,0.303943,1,0,,0,0,0,0,0,0,0,0,103808,104555,0,232,0
459778,1,0,4.82986e-005,0.0036467,0.0551402,0.26637,1,0,,0,0,0,0,0,0,0,0,103808,104555,0,232,0
459878,1,0,3.3809e-005,0.00292412,0.0499186,0.275945,1,0,,0,0,0,0,0,0,0,0,103808,104555,0,232,0
459978,1,0,2.36663e-005,0.00234403,0.0451612,0.294806,1,0,,0,0,0,0,0,0,0,0,103808,104555,0,232,0
460078,1,0,1.65664e-005,0.00187854,0.0408329,0.306682,1,0,,0,0,0,0,0,0,0,0,103808,104555,0,232,0
460178,1,0,1.15965e-005,0.00150515,0.0369001,0.28062,1,0,,0,0,0,0,0,0,0,0,103808,104555,0,232,0
460278,1,0,8.11755e-006,0.00120574,0.0333307,0.278407,1,0,,0,0,0,0,0,0,0,0,103808,104555,0,232,0
460378,1,0,5.68228e-006,0.00096573,0.0300942,0.293307,1,0,,0,0,0,0,0,0,0,0,103808,104555,0,232,0
460478,1,0,3.9776e-006,0.00077338,0.0271621,0.278208,1,0,,0,0,0,0,0,0,0,0,103808,104555,0,232,0
460578,1,0,2.78432e-006,0.000619261,0.0245078,0.259784,1,0,,0,0,0,0,0,0,0,0,103808,104555,0,232,0
460678,1,0,1.94902e-006,0.000495798,0.0221066,0.303795,1,0,,0,0,0,0,0,0,0,0,103808,104555,0,232,0
460778,1,5,1.5,0.300397,0.0499357,0.273518,1,0,,0,0,0,0,0,0,0,0,103808,104555,0,232,0
460878,1,0,1.05,0.450318,0.0899739,0.265667,1,0,,0,0,0,0,0,0,0,0,103808,104555,0,232,0
460978,1,0,0.735001,0.507254,0.131702,0.321952,1,0,,0,0,0,0,0,0,0,0,103808,104555,0,232,0
461078,1,0,0.5145,0.508704,0.169402,0.281814,1,0,,0,0,0,0,0,0,0,0,103808,104555,0,232,0
461178,1,0,0.36015,0.478993,0.200361,0.283027,1,0,,0,0,0,0,0,0,0,0,103808,104555,0,232,0
461278,1,0,0.252105,0.433615,0.223687,0.303291,1,0,,0,0,0,0,0,0,0,0,103808,104555,0,232,0
461378,1,0,0.176474,0.382187,0.239537,0.284777,1,0,,0,0,0,0,0,0,0,0,103808,104555,0,232,0
461478,1,0,0.123532,0.330456,0.248629,0.269988,1,0,,0,0,0,0,0,0,0,0,103808,104555,0,232,0
461578,1,0,0.0864721,0.281659,0.251932,0.292626,1,0,,0,0,0,0,0,0,0,0,103808,104555,0,232,0
461678,1,0,0.0605305,0.237433,0.250482,0.282337,1,0,,0,0,0,0,0,0,0,0,103808,104555,0,232,0
461778,1,0,0.0423713,0.198421,0.245276,0.278138,1,0,,0,0,0,0,0,0,0,0,103808,104555,0,232,0
461878,1,0,0.0296599,0.164669,0.237215,0.286187,1,0,,0,0,0,0,0,0,0,0,103808,104555,0,232,0
461978,1,0,0.0207619,0.135887,0.227082,0.288539,1,0,,0,0,0,0,0,0,0,0,103808,104555,0,232,0
462078,1,0,0.0145334,0.111617,0.215536,0.272928,1,0,,0,0,0,0,0,0,0,0,103808,104555,0,232,0
462178,1,0,0.0101734,0.091328,0.203115,0.27704,1,0,,0,0,0,0,0,0,0,0,103808,104555,0,232,0
462278,1,0,0.00712135,0.0744866,0.190252,0.277352,1,0,,0,0,0,0,0,0,0,0,103808,104555,0,232,0
462378,1,0,0.00498494,0.0605863,0.177285,0.270054,1,0,,0,0,0,0,0,0,0,0,103808,104555,0,232,0
462478,1,0,0.00348946,0.0491669,0.164474,0.277266,1,0,,0,0,0,0,0,0,0,0,103808,104555,0,232,0
462578,1,0,0.00244262,0.0398221,0.152008,0.286053,1,0,,0,0,0,0,0,0,0,0,103808,104555,0,232,0
462678,1,0,0.00170984,0.0321996,0.140028,0.303005,1,0,,0,0,0,0,0,0,0,0,103808,104555,0,232,0
462778,1,0,0.00119688,0.0259991,0.128625,0.265569,1,0,,0,0,0,0,0,0,0,0,103808,104555,0,232,0
462878,1,0,0.000837819,0.0209668,0.117859,0.282071,1,0,,0,0,0,0,0,0,0,0,103808,104555,0,232,0
462978,1,0,0.000586474,0.0168908,0.107762,0.296507,1,0,,0,0,0,0,0,0,0,0,103808,104555,0,232,0
463078,1,0,0.000410531,0.0135947,0.0983454,0.308729,1,0,,0,0,0,0,0,0,0,0,103808,104555,0,232,0
463178,1,0,0.000287372,0.0109332,0.0896042,0.298968,1,0,,0,0,0,0,0,0,0,0,103808,104555,0,232,0
463278,1,0,0.00020116,0.00878683,0.0815224,0.318405,1,0,,0,0,0,0,0,0,0,0,103808,104555,0,232,0
463378,1,0,0.000140812,0.00705762,0.074076,0.283429,1,0,,0,0,0,0,0,0,0,0,103808,104555,0,232,0
463478,1,0,9.85686e-005,0.00566581,0.0672349,0.287566,1,0,,0,0,0,0,0,0,0,0,103808,104555,0,232,0
463578,1,0,6.8998e-005,0.00454645,0.0609661,0.300916,1,0,,0,0,0,0,0,0,0,0,103808,104555,0,232,0
463678,1,0,4.82986e-005,0.00364682,0.0552342,0.285904,1,0,,0,0,0,0,0,0,0,0,103808,104555,0,232,0
463778,1,0,3.3809e-005,0.00292422,0.0500032,0.272605,1,0,,0,0,0,0,0,0,0,0,103808,104555,0,232,0
463878,1,0,2.36663e-005,0.00234411,0.0452373,0.28513,1,0,,0,0,0,0,0,0,0,0,103808,104555,0,232,0
463978,1,0,1.65664e-005,0.0018786,0.0409014,0.284543,1,0,,0,0,0,0,0,0,0,0,103808,104555,0,232,0
464078,1,0,1.15965e-005,0.0015052,0.0369618,0.285505,1,0,,0,0,0,0,0,0,0,0,103808,104555,0,232,0
464178,1,0,8.11755e-006,0.00120578,0.0333862,0.278892,1,0,,0,0,0,0,0,0,0,0,103808,104555,0,232,0
464278,1,0,5.68228e-006,0.000965762,0.0301441,0.273906,1,0,,0,0,0,0,0,0,0,0,103808,104555,0,232,0
464378,1,0,3.9776e-006,0.000773406,0.0272071,0.277607,1,0,,0,0,0,0,0,0,0,0,103808,104555,0,232,0
464478,1,0,2.78432e-006,0.000619281,0.0245483,0.258582,1,0,,0,0,0,0,0,0,0,0,103808,104555,0,232,0
464578,1,0,1.94902e-006,0.000495815,0.022143,0.245893,1,0,,0,0,0,0,0,0,0,0,103808,104555,0,232,0
464678,1,5,1.5,0.300397,0.0499684,0.266627,1,0,,0,0,0,0,0,0,0,0,103808,104555,0,232,0
464778,1,0,1.05,0.450318,0.0900033,0.331389,1,0,,0,0,0,0,0,0,0,0,103808,104555,0,232,0
464878,1,0,0.735001,0.507254,0.131728,0.277614,1,0,,0,0,0,0,0,0,0,0,103808,104555,0,232,0
464978,1,0,0.5145,0.508704,0.169426,0.294502,1,0,,0,0,0,0,0,0,0,0,103808,104555,0,232,0
465078,1,0,0.36015,0.478993,0.200383,0.304288,1,0,,0,0,0,0,0,0,0,0,103808,104555,0,232,0
465178,1,0,0.252105,0.433615,0.223706,0.305898,1,0,,0,0,0,0,0,0,0,0,103808,104555,0,232,0
465278,1,0,0.176474,0.382187,0.239554,0.301236,1,0,,0,0,0,0,0,0,0,0,103808,104555,0,232,0
465378,1,0,0.123532,0.330456,0.248644,0.281573,1,0,,0,0,0,0,0,0,0,0,103808,104555,0,232,0
465478,1,1,0.386472,0.341659,0.257946,0.299785,1,0,,0,0,0,0,0,0,0,0,103808,104555,0,232,0
465578,1,0,0.27053,0.327433,0.264894,0.312423,1,0,,0,0,0,0,0,0,0,0,103808,104555,0,232,0
465678,1,0,0.189371,0.299821,0.268387,0.268972,1,0,,0,0,0,0,0,0,0,0,103808,104555,0,232,0
465778,1,0,0.13256,0.266369,0.268185,0.318671,1,0,,0,0,0,0,0,0,0,0,103808,104555,0,232,0
465878,1,0,0.0927919,0.231653,0.264532,0.273885,1,0,,0,0,0,0,0,0,0,0,103808,104555,0,232,0
465978,1,0,0.0649544,0.198314,0.25791,0.286733,1,0,,0,0,0,0,0,0,0,0,103808,104555,0,232,0
466078,1,0,0.0454681,0.167745,0.248894,0.303046,1,0,,0,0,0,0,0,0,0,0,103808,104555,0,232,0
466178,1,0,0.0318276,0.140561,0.23806,0.296034,1,0,,0,0,0,0,0,0,0,0,103808,104555,0,232,0
466278,1,0,0.0222793,0.116905,0.225945,0.298647,1,0,,0,0,0,0,0,0,0,0,103808,104555,0,232,0
466378,1,0,0.0155955,0.0966429,0.213015,0.274755,1,0,,0,0,0,0,0,0,0,0,103808,104555,0,232,0
466478,1,0,0.0109169,0.0794977,0.199663,0.275681,1,0,,0,0,0,0,0,0,0,0,103808,104555,0,232,0
466578,1,0,0.00764181,0.0651265,0.186209,0.284441,1,0,,0,0,0,0,0,0,0,0,103808,104555,0,232,0
466678,1,0,0.00534927,0.0531711,0.172905,0.280704,1,0,,0,0,0,0,0,0,0,0,103808,104555,0,232,0
466778,1,0,0.00374449,0.0432858,0.159944,0.290429,1,0,,0,0,0,0,0,0,0,0,103808,104555,0,232,0
466878,1,0,0.00262114,0.0351528,0.147464,0.272428,1,0,,0,0,0,0,0,0,0,0,103808,104555,0,232,0
466978,1,0,0.0018348,0.0284892,0.135567,0.272765,1,0,,0,0,0,0,0,0,0,0,103808,104555,0,232,0
467078,1,0,0.00128436,0.0230483,0.124315,0.288989,1,0,,0,0,0,0,0,0,0,0,103808,104555,0,232,0
467178,1,0,0.000899052,0.0186184,0.113745,0.323205,1,0,,0,0,0,0,0,0,0,0,103808,104555,0,232,0
467278,1,0,0.000629336,0.0150206,0.103873,0.298816,1,0,,0,0,0,0,0,0,0,0,103808,104555,0,232,0
467378,1,0,0.000440535,0.0121046,0.0946961,0.271978,1,0,,0,0,0,0,0,0,0,0,103808,104555,0,232,0
467478,1,0,0.000308375,0.00974535,0.086201,0.291654,1,0,,0,0,0,0,0,0,0,0,103808,104555,0,232,0
467578,1,0,0.000215862,0.00783945,0.0783648,0.269809,1,0,,0,0,0,0,0,0,0,0,103808,104555,0,232,0
467678,1,0,0.000151104,0.00630178,0.0711585,0.256507,1,0,,0,0,0,0,0,0,0,0,103808,104555,0,232,0
467778,1,0,0.000105773,0.00506258,0.0645489,0.280205,1,0,,0,0,0,0,0,0,0,0,103808,104555,0,232,0
467878,1,0,7.40408e-005,0.00406487,0.0585005,0.289917,1,0,,0,0,0,0,0,0,0,0,103808,104555,0,232,0
467978,1,0,5.18285e-005,0.00326226,0.0529767,0.25934,1,0,,0,0,0,0,0,0,0,0,103808,104555,0,232,0
468078,1,0,3.628e-005,0.00261707,0.0479407,0.279054,1,0,,0,0,0,0,0,0,0,0,103808,104555,0,232,0
468178,1,0,2.5396e-005,0.00209873,0.0433565,0.302593,1,0,,0,0,0,0,0,0,0,0,103808,104555,0,232,0
468278,1,0,1.77772e-005,0.00168254,0.0391891,0.308644,1,0,,0,0,0,0,0,0,0,0,103808,104555,0,232,0
468378,1,1,0.300012,0.0613485,0.0414051,0.277133,1,0,,0,0,0,0,0,0,0,0,103808,104555,0,232,0
468478,1,0,0.210009,0.0910806,0.0463726,0.298845,1,0,,0,0,0,0,0,0,0,0,103808,104555,0,232,0
468578,1,0,0.147006,0.102266,0.0519619,0.293846,1,0,,0,0,0,0,0,0,0,0,103808,104555,0,232,0
468678,1,6,1.9029,0.462393,0.0930051,0.257504,1,0,,0,0,0,0,0,0,0,0,103808,104555,0,232,0
468778,1,0,1.33203,0.636321,0.147337,0.268741,1,0,,0,0,0,0,0,0,0,0,103808,104555,0,232,0
468878,1,0,0.932423,0.695542,0.202157,0.260578,1,0,,0,0,0,0,0,0,0,0,103808,104555,0,232,0
468978,1,0,0.652696,0.686973,0.250639,0.285303,1,0,,0,0,0,0,0,0,0,0,103808,104555,0,232,0
469078,1,0,0.456887,0.640956,0.28967,0.278703,1,0,,0,0,0,0,0,0,0,0,103808,104555,0,232,0
469178,1,0,0.319821,0.576729,0.318376,0.275777,1,0,,0,0,0,0,0,0,0,0,103808,104555,0,232,0
469278,1,0,0.223875,0.506158,0.337154,0.304703,1,0,,0,0,0,0,0,0,0,0,103808,104555,0,232,0
469378,1,0,0.156712,0.436269,0.347066,0.270204,1,0,,0,0,0,0,0,0,0,0,103808,104555,0,232,0
469478,1,0,0.109699,0.370955,0.349455,0.288718,1,0,,0,0,0,0,0,0,0,0,103808,104555,0,232,0
469578,1,0,0.076789,0.312122,0.345721,0.301142,1,0,,0,0,0,0,0,0,0,0,103808,104555,0,232,0
469678,1,0,0.0537523,0.260448,0.337194,0.314679,1,0,,0,0,0,0,0,0,0,0,103808,104555,0,232,0
469778,1,0,0.0376266,0.215884,0.325063,0.298768,1,0,,0,0,0,0,0,0,0,0,103808,104555,0,232,0
469878,1,0,0.0263386,0.177975,0.310354,0.282308,1,0,,0,0,0,0,0,0,0,0,103808,104555,0,232,0
469978,1,0,0.0184371,0.146067,0.293925,0.267636,1,0,,0,0,0,0,0,0,0,0,103808,104555,0,232,0
470078,1,0,0.0129059,0.119435,0.276476,0.270083,1,0,,0,0,0,0,0,0,0,0,103808,104555,0,232,0
470178,1,0,0.00903415,0.0973547,0.258564,0.262208,1,0,,0,0,0,0,0,0,0,0,103808,104555,0,232,0
470278,1,0,0.00632391,0.0791486,0.240623,0.295296,1,0,,0,0,0,0,0,0,0,0,103808,104555,0,232,0
470378,1,0,0.00442673,0.0642042,0.222981,0.317371,1,0,,0,0,0,0,0,0,0,0,103808,104555,0,232,0
470478,1,0,0.00309871,0.0519831,0.205881,0.283771,1,0,,0,0,0,0,0,0,0,0,103808,104555,0,232,0
470578,1,0,0.0021691,0.0420203,0.189495,0.272334,1,0,,0,0,0,0,0,0,0,0,103808,104555,0,232,0
470678,1,0,0.00151837,0.0339199,0.173937,0.252798,1,0,,0,0,0,0,0,0,0,0,103808,104555,0,232,0
470778,1,0,0.00106286,0.0273485,0.159279,0.295886,1,0,,0,0,0,0,0,0,0,0,103808,104555,0,232,0
470878,1,0,0.000744001,0.0220276,0.145553,0.26905,1,0,,0,0,0,0,0,0,0,0,103808,104555,0,232,0
470978,1,0,0.000520801,0.0177262,0.132771,0.286425,1,0,,0,0,0,0,0,0,0,0,103808,104555,0,232,0
471078,1,0,0.000364561,0.0142539,0.120919,0.266976,1,0,,0,0,0,0,0,0,0,0,103808,104555,0,232,0
471178,1,0,0.000255192,0.0114542,0.109973,0.266075,1,0,,0,0,0,0,0,0,0,0,103808,104555,0,232,0
471278,1,0,0.000178635,0.00919906,0.0998952,0.264836,1,0,,0,0,0,0,0,0,0,0,103808,104555,0,232,0
471378,1,0,0.000125044,0.00738426,0.0906441,0.263159,1,0,,0,0,0,0,0,0,0,0,103808,104555,0,232,0
471478,1,0,8.7531e-005,0.00592491,0.0821722,0.29347,1,0,,0,0,0,0,0,0,0,0,103808,104555,0,232,0
471578,1,0,6.12717e-005,0.00475218,0.0744302,0.311031,1,0,,0,0,0,0,0,0,0,0,103808,104555,0,232,0
471678,1,0,4.28902e-005,0.00381033,0.0673682,0.32673,1,0,,0,0,0,0,0,0,0,0,103808,104555,0,232,0
471778,1,0,3.00231e-005,0.00305427,0.0609368,0.276784,1,0,,0,0,0,0,0,0,0,0,103808,104555,0,232,0
471878,1,0,2.10162e-005,0.00244762,0.0550879,0.293397,1,0,,0,0,0,0,0,0,0,0,103808,104555,0,232,0
471978,1,0,1.47113e-005,0.00196103,0.0497752,0.29962,1,0,,0,0,0,0,0,0,0,0,103808,104555,0,232,0
472078,1,0,1.02979e-005,0.00157089,0.0449548,0.254434,1,0,,0,0,0,0,0,0,0,0,103808,104555,0,232,0
472178,1,0,7.20855e-006,0.00125815,0.0405851,0.291721,1,0,,0,0,0,0,0,0,0,0,103808,104555,0,232,0
472278,1,0,5.04599e-006,0.00100753,0.0366273,0.275484,1,0,,0,0,0,0,0,0,0,0,103808,104555,0,232,0
472378,1,0,3.53219e-006,0.000806731,0.0330453,0.296956,1,0,,0,0,0,0,0,0,0,0,103808,104555,0,232,0
472478,1,0,2.47253e-006,0.000645879,0.0298053,0.317892,1,0,,0,0,0,0,0,0,0,0,103808,104555,0,232,0
472578,1,5,1.5,0.300517,0.0568765,0.250384,1,0,,0,0,0,0,0,0,0,0,103808,104555,0,232,0
472678,1,0,1.05,0.450414,0.0962303,0.265895,1,0,,0,0,0,0,0,0,0,0,103808,104555,0,232,0
472778,1,0,0.735001,0.507331,0.13734,0.276756,1,0,,0,0,0,0,0,0,0,0,103808,104555,0,232,0
472878,1,0,0.514501,0.508765,0.174483,0.257867,1,0,,0,0,0,0,0,0,0,0,103808,104555,0,232,0
472978,1,0,0.36015,0.479042,0.204939,0.268929,1,0,,0,0,0,0,0,0,0,0,103808,104555,0,232,0
473078,1,0,0.252105,0.433655,0.22781,0.278702,1,0,,0,0,0,0,0,0,0,0,103808,104555,0,232,0
473178,1,0,0.176474,0.382219,0.243251,0.324851,1,0,,0,0,0,0,0,0,0,0,103808,104555,0,232,0
473278,1,0,0.123532,0.330481,0.251974,0.2638,1,0,,0,0,0,0,0,0,0,0,103808,104555,0,232,0
473378,1,0,0.0864721,0.281679,0.254945,0.326448,1,0,,0,0,0,0,0,0,0,0,103808,104555,0,232,0
473478,1,0,0.0605305,0.23745,0.253195,0.265476,1,0,,0,0,0,0,0,0,0,0,103808,104555,0,232,0
473578,1,0,0.0423713,0.198434,0.247719,0.26681,1,0,,0,0,0,0,0,0,0,0,103808,104555,0,232,0
473678,1,0,0.0296599,0.164679,0.239415,0.284297,1,0,,0,0,0,0,0,0,0,0,103808,104555,0,232,0
473778,1,0,0.020762,0.135896,0.229063,0.24547,1,0,,0,0,0,0,0,0,0,0,103808,104555,0,232,0
473878,1,0,0.0145334,0.111623,0.217319,0.269557,1,0,,0,0,0,0,0,0,0,0,103808,104555,0,232,0
473978,1,0,0.0101734,0.0913333,0.204721,0.278019,1,0,,0,0,0,0,0,0,0,0,103808,104555,0,232,0
474078,1,0,0.00712135,0.0744909,0.191698,0.292544,1,0,,0,0,0,0,0,0,0,0,103808,104555,0,232,0
474178,1,0,0.00498494,0.0605897,0.178587,0.292269,1,0,,0,0,0,0,0,0,0,0,103808,104555,0,232,0
474278,1,0,0.00348946,0.0491696,0.165645,0.284321,1,0,,0,0,0,0,0,0,0,0,103808,104555,0,232,0
474378,1,0,0.00244262,0.0398242,0.153063,0.272371,1,0,,0,0,0,0,0,0,0,0,103808,104555,0,232,0
474478,1,0,0.00170984,0.0322014,0.140977,0.312847,1,0,,0,0,0,0,0,0,0,0,103808,104555,0,232,0
474578,1,0,0.00119689,0.0260005,0.129479,0.306296,1,0,,0,0,0,0,0,0,0,0,103808,104555,0,232,0
474678,1,0,0.00083782,0.0209679,0.118628,0.269122,1,0,,0,0,0,0,0,0,0,0,103808,104555,0,232,0
474778,1,0,0.000586474,0.0168916,0.108454,0.272609,1,0,,0,0,0,0,0,0,0,0,103808,104555,0,232,0
474878,1,0,0.000410532,0.0135954,0.0989685,0.284784,1,0,,0,0,0,0,0,0,0,0,103808,104555,0,232,0
474978,1,0,0.000287372,0.0109338,0.090165,0.262572,1,0,,0,0,0,0,0,0,0,0,103808,104555,0,232,0
475078,1,0,0.00020116,0.00878728,0.0820273,0.309561,1,0,,0,0,0,0,0,0,0,0,103808,104555,0,232,0
475178,1,0,0.000140812,0.00705799,0.0745303,0.270635,1,0,,0,0,0,0,0,0,0,0,103808,104555,0,232,0
475278,1,0,9.85686e-005,0.0056661,0.0676439,0.28781,1,0,,0,0,0,0,0,0,0,0,103808,104555,0,232,0
475378,1,0,6.8998e-005,0.00454668,0.0613342,0.274264,1,0,,0,0,0,0,0,0,0,0,103808,104555,0,232,0
475478,1,0,4.82986e-005,0.00364701,0.0555655,0.271913,1,0,,0,0,0,0,0,0,0,0,103808,104555,0,232,0
475578,1,0,3.3809e-005,0.00292437,0.0503014,0.300088,1,0,,0,0,0,0,0,0,0,0,103808,104555,0,232,0
475678,1,0,2.36663e-005,0.00234423,0.0455056,0.279675,1,0,,0,0,0,0,0,0,0,0,103808,104555,0,232,0
475778,1,0,1.65664e-005,0.00187869,0.0411429,0.288575,1,0,,0,0,0,0,0,0,0,0,103808,104555,0,232,0
475878,1,0,1.15965e-005,0.00150528,0.0371792,0.291023,1,0,,0,0,0,0,0,0,0,0,103808,104555,0,232,0
475978,1,0,8.11755e-006,0.00120584,0.0335818,0.288385,1,0,,0,0,0,0,0,0,0,0,103808,104555,0,232,0
476078,1,0,5.68229e-006,0.000965811,0.0303202,0.267635,1,0,,0,0,0,0,0,0,0,0,103808,104555,0,232,0
476178,1,0,3.9776e-006,0.000773445,0.0273656,0.288221,1,0,,0,0,0,0,0,0,0,0,103808,104555,0,232,0
476278,1,0,2.78432e-006,0.000619313,0.0246909,0.259036,1,0,,0,0,0,0,0,0,0,0,103808,104555,0,232,0
476378,1,0,1.94902e-006,0.00049584,0.0222714,0.267049,1,0,,0,0,0,0,0,0,0,0,103808,104555,0,232,0
476478,1,0,1.36432e-006,0.000396945,0.020084,0.26545,1,0,,0,0,0,0,0,0,0,0,103808,104555,0,232,0
476578,1,5,1.5,0.300318,0.0481073,0.27306,1,0,,0,0,0,0,0,0,0,0,103808,104555,0,232,0
476678,1,0,1.05,0.450254,0.088322,0.26376,1,0,,0,0,0,0,0,0,0,0,103808,104555,0,232,0
476778,1,0,0.735,0.507204,0.13021,0.287735,1,0,,0,0,0,0,0,0,0,0,103808,104555,0,232,0
476878,1,0,0.5145,0.508663,0.168055,0.290997,1,0,,0,0,0,0,0,0,0,0,103808,104555,0,232,0
476978,1,0,0.36015,0.47896,0.199146,0.290559,1,0,,0,0,0,0,0,0,0,0,103808,104555,0,232,0
477078,1,0,0.252105,0.433589,0.22259,0.32092,1,0,,0,0,0,0,0,0,0,0,103808,104555,0,232,0
477178,1,0,0.176474,0.382166,0.238548,0.33002,1,0,,0,0,0,0,0,0,0,0,103808,104555,0,232,0
477278,1,0,0.123532,0.330439,0.247737,0.28942,1,0,,0,0,0,0,0,0,0,0,103808,104555,0,232,0
477378,1,0,0.0864721,0.281646,0.251128,0.299334,1,0,,0,0,0,0,0,0,0,0,103808,104555,0,232,0
477478,1,0,0.0605304,0.237423,0.249757,0.260047,1,0,,0,0,0,0,0,0,0,0,103808,104555,0,232,0
477578,1,0,0.0423713,0.198412,0.244623,0.330786,1,0,,0,0,0,0,0,0,0,0,103808,104555,0,232,0
477678,1,0,0.0296599,0.164662,0.236627,0.266573,1,0,,0,0,0,0,0,0,0,0,103808,104555,0,232,0
477778,1,0,0.0207619,0.135882,0.226552,0.283473,1,0,,0,0,0,0,0,0,0,0,103808,104555,0,232,0
477878,1,0,0.0145334,0.111612,0.215058,0.293622,1,0,,0,0,0,0,0,0,0,0,103808,104555,0,232,0
477978,1,0,0.0101734,0.0913245,0.202685,0.27316,1,0,,0,0,0,0,0,0,0,0,103808,104555,0,232,0
478078,1,0,0.00712135,0.0744838,0.189865,0.273511,1,0,,0,0,0,0,0,0,0,0,103808,104555,0,232,0
478178,1,0,0.00498494,0.0605841,0.176937,0.323098,1,0,,0,0,0,0,0,0,0,0,103808,104555,0,232,0
478278,1,0,0.00348946,0.0491651,0.16416,0.299497,1,0,,0,0,0,0,0,0,0,0,103808,104555,0,232,0
478378,1,0,0.00244262,0.0398206,0.151726,0.302912,1,0,,0,0,0,0,0,0,0,0,103808,104555,0,232,0
478478,1,0,0.00170984,0.0321985,0.139773,0.280012,1,0,,0,0,0,0,0,0,0,0,103808,104555,0,232,0
478578,1,0,0.00119688,0.0259982,0.128395,0.299624,1,0,,0,0,0,0,0,0,0,0,103808,104555,0,232,0
478678,1,0,0.000837819,0.0209661,0.117653,0.320711,1,0,,0,0,0,0,0,0,0,0,103808,104555,0,232,0
478778,1,0,0.000586473,0.0168902,0.107576,0.287323,1,0,,0,0,0,0,0,0,0,0,103808,104555,0,232,0
478878,1,0,0.000410531,0.0135942,0.0981781,0.300936,1,0,,0,0,0,0,0,0,0,0,103808,104555,0,232,0
478978,1,0,0.000287372,0.0109329,0.0894535,0.27656,1,0,,0,0,0,0,0,0,0,0,103808,104555,0,232,0
479078,1,0,0.00020116,0.00878653,0.0813868,0.275137,1,0,,0,0,0,0,0,0,0,0,103808,104555,0,232,0
479178,1,0,0.000140812,0.00705738,0.0739539,0.268122,1,0,,0,0,0,0,0,0,0,0,103808,104555,0,232,0
479278,1,0,9.85686e-005,0.00566562,0.0671251,0.283134,1,0,,0,0,0,0,0,0,0,0,103808,104555,0,232,0
479378,1,0,6.8998e-005,0.0045463,0.0608672,0.281809,1,0,,0,0,0,0,0,0,0,0,103808,104555,0,232,0
479478,1,0,4.82986e-005,0.0036467,0.0551451,0.297847,1,0,,0,0,0,0,0,0,0,0,103808,104555,0,232,0
479578,1,0,3.3809e-005,0.00292412,0.049923,0.288458,1,0,,0,0,0,0,0,0,0,0,103808,104555,0,232,0
479678,1,0,2.36663e-005,0.00234403,0.0451651,0.304197,1,0,,0,0,0,0,0,0,0,0,103808,104555,0,232,0
479778,1,0,1.65664e-005,0.00187854,0.0408365,0.283084,1,0,,0,0,0,0,0,0,0,0,103808,104555,0,232,0
479878,1,0,1.15965e-005,0.00150515,0.0369033,0.296972,1,0,,0,0,0,0,0,0,0,0,103808,104555,0,232,0
479978,1,0,8.11755e-006,0.00120574,0.0333336,0.312397,1,0,,0,0,0,0,0,0,0,0,103808,104555,0,232,0
480078,1,0,5.68228e-006,0.00096573,0.0300968,0.291198,1,0,,0,0,0,0,0,0,0,0,103808,104555,0,232,0
480178,1,0,3.9776e-006,0.00077338,0.0271644,0.266023,1,0,,0,0,0,0,0,0,0,0,103808,104555,0,232,0
480278,1,0,2.78432e-006,0.000619261,0.0245099,0.274334,1,0,,0,0,0,0,0,0,0,0,103808,104555,0,232,0
480378,1,0,1.94902e-006,0.000495798,0.0221085,0.29072,1,0,,0,0,0,0,0,0,0,0,103808,104555,0,232,0
480478,1,5,1.5,0.300397,0.0499374,0.278126,1,0,,0,0,0,0,0,0,0,0,103808,104555,0,232,0
480578,1,0,1.05,0.450318,0.0899754,0.285299,1,0,,0,0,0,0,0,0,0,0,103808,104555,0,232,0
480678,1,0,0.735001,0.507254,0.131703,0.292125,1,0,,0,0,0,0,0,0,0,0,103808,104555,0,232,0
480778,1,0,0.5145,0.508704,0.169403,0.267769,1,0,,0,0,0,0,0,0,0,0,103808,104555,0,232,0
480878,1,0,0.36015,0.478993,0.200362,0.296242,1,0,,0,0,0,0,0,0,0,0,103808,104555,0,232,0
480978,1,0,0.252105,0.433615,0.223688,0.259492,1,0,,0,0,0,0,0,0,0,0,103808,104555,0,232,0
481078,1,0,0.176474,0.382187,0.239538,0.259981,1,0,,0,0,0,0,0,0,0,0,103808,104555,0,232,0
481178,1,0,0.123532,0.330456,0.248629,0.286343,1,0,,0,0,0,0,0,0,0,0,103808,104555,0,232,0
481278,1,0,0.0864721,0.281659,0.251932,0.257868,1,0,,0,0,0,0,0,0,0,0,103808,104555,0,232,0
481378,1,0,0.0605305,0.237433,0.250482,0.285618,1,0,,0,0,0,0,0,0,0,0,103808,104555,0,232,0
481478,1,0,0.0423713,0.198421,0.245276,0.293978,1,0,,0,0,0,0,0,0,0,0,103808,104555,0,232,0
481578,1,0,0.0296599,0.164669,0.237216,0.299816,1,0,,0,0,0,0,0,0,0,0,103808,104555,0,232,0
481678,1,0,0.0207619,0.135887,0.227083,0.257652,1,0,,0,0,0,0,0,0,0,0,103808,104555,0,232,0
481778,1,0,0.0145334,0.111617,0.215536,0.23534,1,0,,0,0,0,0,0,0,0,0,103808,104555,0,232,0
481878,1,0,0.0101734,0.091328,0.203115,0.269626,1,0,,0,0,0,0,0,0,0,0,103808,104555,0,232,0
481978,1,0,0.00712135,0.0744866,0.190252,0.275615,1,0,,0,0,0,0,0,0,0,0,103808,104555,0,232,0
482078,1,0,0.00498494,0.0605863,0.177286,0.316451,1,0,,0,0,0,0,0,0,0,0,103808,104555,0,232,0
482178,1,0,0.00348946,0.0491669,0.164474,0.276801,1,0,,0,0,0,0,0,0,0,0,103808,104555,0,232,0
482278,1,0,0.00244262,0.0398221,0.152009,0.252089,1,0,,0,0,0,0,0,0,0,0,103808,104555,0,232,0
482378,1,0,0.00170984,0.0321996,0.140028,0.261913,1,0,,0,0,0,0,0,0,0,0,103808,104555,0,232,0
482478,1,0,0.00119688,0.0259991,0.128625,0.293798,1,0,,0,0,0,0,0,0,0,0,103808,104555,0,232,0
482578,1,0,0.000837819,0.0209668,0.117859,0.28711,1,0,,0,0,0,0,0,0,0,0,103808,104555,0,232,0
482678,1,0,0.000586474,0.0168908,0.107762,0.285773,1,0,,0,0,0,0,0,0,0,0,103808,104555,0,232,0
482778,1,0,0.000410531,0.0135947,0.0983455,0.277674,1,0,,0,0,0,0,0,0,0,0,103808,104555,0,232,0
482878,1,0,0.000287372,0.0109332,0.0896043,0.26111,1,0,,0,0,0,0,0,0,0,0,103808,104555,0,232,0
482978,1,0,0.00020116,0.00878683,0.0815225,0.269224,1,0,,0,0,0,0,0,0,0,0,103808,104555,0,232,0
483078,1,0,0.000140812,0.00705762,0.074076,0.262248,1,0,,0,0,0,0,0,0,0,0,103808,104555,0,232,0
483178,1,0,9.85686e-005,0.00566581,0.067235,0.297624,1,0,,0,0,0,0,0,0,0,0,103808,104555,0,232,0
483278,1,0,6.8998e-005,0.00454645,0.0609662,0.284812,1,0,,0,0,0,0,0,0,0,0,103808,104555,0,232,0
483378,1,0,4.82986e-005,0.00364682,0.0552342,0.271501,1,0,,0,0,0,0,0,0,0,0,103808,104555,0,232,0
483478,1,0,3.3809e-005,0.00292422,0.0500032,0.285089,1,0,,0,0,0,0,0,0,0,0,103808,104555,0,232,0
483578,1,0,2.36663e-005,0.00234411,0.0452373,0.305963,1,0,,0,0,0,0,0,0,0,0,103808,104555,0,232,0
483678,1,0,1.65664e-005,0.0018786,0.0409014,0.285375,1,0,,0,0,0,0,0,0,0,0,103808,104555,0,232,0
483778,1,0,1.15965e-005,0.0015052,0.0369618,0.261511,1,0,,0,0,0,0,0,0,0,0,103808,104555,0,232,0
483878,1,0,8.11755e-006,0.00120578,0.0333862,0.259924,1,0,,0,0,0,0,0,0,0,0,103808,104555,0,232,0
483978,1,0,5.68228e-006,0.000965762,0.0301442,0.274574,1,0,,0,0,0,0,0,0,0,0,103808,104555,0,232,0
484078,1,0,3.9776e-006,0.000773406,0.0272071,0.281637,1,0,,0,0,0,0,0,0,0,0,103808,104555,0,232,0
484178,1,0,2.78432e-006,0.000619281,0.0245483,0.279901,1,0,,0,0,0,0,0,0,0,0,103808,104555,0,232,0
484278,1,0,1.94902e-006,0.000495815,0.0221431,0.254738,1,0,,0,0,0,0,0,0,0,0,103808,104555,0,232,0
484378,1,6,1.8,0.360397,0.0559684,0.287244,1,0,,0,0,0,0,0,0,0,0,103808,104555,0,232,0
484478,1,0,1.26,0.540318,0.104403,0.286494,1,0,,0,0,0,0,0,0,0,0,103808,104555,0,232,0
484578,1,0,0.882001,0.608654,0.154828,0.269931,1,0,,0,0,0,0,0,0,0,0,103808,104555,0,232,0
484678,1,0,0.6174,0.610404,0.200386,0.332542,1,0,,0,0,0,0,0,0,0,0,103808,104555,0,232,0
484778,1,0,0.43218,0.574759,0.237823,0.259465,1,0,,0,0,0,0,0,0,0,0,103808,104555,0,232,0
484878,1,0,0.302526,0.520312,0.266072,0.310664,1,0,,0,0,0,0,0,0,0,0,103808,104555,0,232,0
484978,1,0,0.211768,0.458604,0.285325,0.278815,1,0,,0,0,0,0,0,0,0,0,103808,104555,0,232,0
485078,1,0,0.148238,0.39653,0.296446,0.297955,1,0,,0,0,0,0,0,0,0,0,103808,104555,0,232,0
485178,1,0,0.103766,0.337978,0.300599,0.293606,1,0,,0,0,0,0,0,0,0,0,103808,104555,0,232,0
485278,1,0,0.0726365,0.284909,0.29903,0.246769,1,0,,0,0,0,0,0,0,0,0,103808,104555,0,232,0
485378,1,0,0.0508456,0.238097,0.292937,0.274431,1,0,,0,0,0,0,0,0,0,0,103808,104555,0,232,0
485478,1,0,0.0355919,0.197596,0.283403,0.282681,1,0,,0,0,0,0,0,0,0,0,103808,104555,0,232,0
485578,1,0,0.0249143,0.163059,0.271368,0.243093,1,0,,0,0,0,0,0,0,0,0,103808,104555,0,232,0
485678,1,0,0.01744,0.133936,0.257625,0.258706,1,0,,0,0,0,0,0,0,0,0,103808,104555,0,232,0
485778,1,0,0.012208,0.10959,0.242821,0.245694,1,0,,0,0,0,0,0,0,0,0,103808,104555,0,232,0
485878,1,0,0.00854561,0.0893812,0.227477,0.287307,1,0,,0,0,0,0,0,0,0,0,103808,104555,0,232,0
485978,1,0,0.00598193,0.0727013,0.212,0.306807,1,0,,0,0,0,0,0,0,0,0,103808,104555,0,232,0
486078,1,0,0.00418735,0.0589985,0.1967,0.303369,1,0,,0,0,0,0,0,0,0,0,103808,104555,0,232,0
486178,1,0,0.00293115,0.0477851,0.181808,0.28787,1,0,,0,0,0,0,0,0,0,0,103808,104555,0,232,0
486278,1,0,0.0020518,0.0386384,0.167491,0.269433,1,0,,0,0,0,0,0,0,0,0,103808,104555,0,232,0
486378,1,0,0.00143626,0.031198,0.153862,0.330482,1,0,,0,0,0,0,0,0,0,0,103808,104555,0,232,0
486478,1,0,0.00100538,0.0251595,0.140992,0.258982,1,0,,0,0,0,0,0,0,0,0,103808,104555,0,232,0
486578,1,0,0.000703768,0.0202683,0.128919,0.263844,1,0,,0,0,0,0,0,0,0,0,103808,104555,0,232,0
486678,1,0,0.000492638,0.0163132,0.117659,0.280945,1,0,,0,0,0,0,0,0,0,0,103808,104555,0,232,0
486778,1,0,0.000344846,0.0131195,0.107205,0.267883,1,0,,0,0,0,0,0,0,0,0,103808,104555,0,232,0
486878,1,0,0.000241392,0.0105439,0.0975387,0.275694,1,0,,0,0,0,0,0,0,0,0,103808,104555,0,232,0
486978,1,0,0.000168975,0.00846891,0.0886317,0.290782,1,0,,0,0,0,0,0,0,0,0,103808,104555,0,232,0
487078,1,0,0.000118282,0.00679878,0.0804484,0.281206,1,0,,0,0,0,0,0,0,0,0,103808,104555,0,232,0
487178,1,0,8.27976e-005,0.00545559,0.0729491,0.292833,1,0,,0,0,0,0,0,0,0,0,103808,104555,0,232,0
487278,1,0,5.79583e-005,0.00437606,0.0660918,0.240359,1,0,,0,0,0,0,0,0,0,0,103808,104555,0,232,0
487378,1,0,4.05708e-005,0.00350896,0.0598335,0.299654,1,0,,0,0,0,0,0,0,0,0,103808,104555,0,232,0
487478,1,0,2.83996e-005,0.00281285,0.0541315,0.325992,1,0,,0,0,0,0,0,0,0,0,103808,104555,0,232,0
487578,1,0,1.98797e-005,0.00225426,0.0489437,0.269379,1,0,,0,0,0,0,0,0,0,0,103808,104555,0,232,0
487678,1,0,1.39158e-005,0.00180619,0.04423,0.278315,1,0,,0,0,0,0,0,0,0,0,103808,104555,0,232,0
487778,1,0,9.74105e-006,0.0014469,0.0399517,0.267554,1,0,,0,0,0,0,0,0,0,0,103808,104555,0,232,0
487878,1,0,6.81874e-006,0.00115888,0.0360724,0.265432,1,0,,0,0,0,0,0,0,0,0,103808,104555,0,232,0
487978,1,0,4.77312e-006,0.000928061,0.032558,0.263967,1,0,,0,0,0,0,0,0,0,0,103808,104555,0,232,0
488078,1,0,3.34118e-006,0.000743117,0.0293765,0.29013,1,0,,0,0,0,0,0,0,0,0,103808,104555,0,232,0
488178,1,0,2.33883e-006,0.000594961,0.0264983,0.277142,1,0,,0,0,0,0,0,0,0,0,103808,104555,0,232,0
488278,1,0,1.63718e-006,0.000476297,0.0238961,0.276494,1,0,,0,0,0,0,0,0,0,0,103808,104555,0,232,0
488378,1,5,1.5,0.300381,0.0515446,0.255864,1,0,,0,0,0,0,0,0,0,0,103808,104555,0,232,0
488478,1,0,1.05,0.450305,0.0914207,0.280392,1,0,,0,0,0,0,0,0,0,0,103808,104555,0,232,0
488578,1,0,0.735001,0.507244,0.133003,0.304954,1,0,,0,0,0,0,0,0,0,0,103808,104555,0,232,0
488678,1,0,0.5145,0.508695,0.170572,0.265356,1,0,,0,0,0,0,0,0,0,0,103808,104555,0,232,0
488778,1,0,0.36015,0.478986,0.201414,0.257119,1,0,,0,0,0,0,0,0,0,0,103808,104555,0,232,0
488878,1,0,0.252105,0.43361,0.224633,0.285805,1,0,,0,0,0,0,0,0,0,0,103808,104555,0,232,0
488978,1,0,0.176474,0.382183,0.240388,0.28508,1,0,,0,0,0,0,0,0,0,0,103808,104555,0,232,0
489078,1,0,0.123532,0.330453,0.249395,0.258831,1,0,,0,0,0,0,0,0,0,0,103808,104555,0,232,0
489178,1,0,0.0864721,0.281656,0.252621,0.284119,1,0,,0,0,0,0,0,0,0,0,103808,104555,0,232,0
489278,1,0,0.0605305,0.237431,0.251102,0.264806,1,0,,0,0,0,0,0,0,0,0,103808,104555,0,232,0
489378,1,0,0.0423713,0.198419,0.245834,0.303642,1,0,,0,0,0,0,0,0,0,0,103808,104555,0,232,0
489478,1,0,0.0296599,0.164667,0.237717,0.267969,1,0,,0,0,0,0,0,0,0,0,103808,104555,0,232,0
489578,1,0,0.0207619,0.135886,0.227534,0.291755,1,0,,0,0,0,0,0,0,0,0,103808,104555,0,232,0
489678,1,0,0.0145334,0.111616,0.215942,0.290654,1,0,,0,0,0,0,0,0,0,0,103808,104555,0,232,0
489778,1,0,0.0101734,0.0913273,0.203481,0.302658,1,0,,0,0,0,0,0,0,0,0,103808,104555,0,232,0
489878,1,0,0.00712135,0.0744861,0.190581,0.274683,1,0,,0,0,0,0,0,0,0,0,103808,104555,0,232,0
489978,1,0,0.00498494,0.0605858,0.177582,0.32196,1,0,,0,0,0,0,0,0,0,0,103808,104555,0,232,0
490078,1,0,0.00348946,0.0491666,0.16474,0.271196,1,0,,0,0,0,0,0,0,0,0,103808,104555,0,232,0
490178,1,0,0.00244262,0.0398218,0.152248,0.293621,1,0,,0,0,0,0,0,0,0,0,103808,104555,0,232,0
490278,1,0,0.00170984,0.0321994,0.140243,0.284382,1,0,,0,0,0,0,0,0,0,0,103808,104555,0,232,0
490378,1,0,0.00119688,0.0259989,0.128819,0.321507,1,0,,0,0,0,0,0,0,0,0,103808,104555,0,232,0
490478,1,0,0.000837819,0.0209667,0.118034,0.319234,1,0,,0,0,0,0,0,0,0,0,103808,104555,0,232,0
490578,1,0,0.000586473,0.0168906,0.107919,0.27977,1,0,,0,0,0,0,0,0,0,0,103808,104555,0,232,0
490678,1,0,0.000410531,0.0135946,0.0984869,0.240084,1,0,,0,0,0,0,0,0,0,0,103808,104555,0,232,0
490778,1,0,0.000287372,0.0109332,0.0897315,0.264909,1,0,,0,0,0,0,0,0,0,0,103808,104555,0,232,0
490878,1,0,0.00020116,0.00878677,0.0816371,0.290847,1,0,,0,0,0,0,0,0,0,0,103808,104555,0,232,0
490978,1,0,0.000140812,0.00705758,0.0741791,0.311045,1,0,,0,0,0,0,0,0,0,0,103808,104555,0,232,0
491078,1,0,9.85686e-005,0.00566577,0.0673278,0.276357,1,0,,0,0,0,0,0,0,0,0,103808,104555,0,232,0
491178,1,0,6.8998e-005,0.00454642,0.0610496,0.27887,1,0,,0,0,0,0,0,0,0,0,103808,104555,0,232,0
491278,1,0,4.82986e-005,0.0036468,0.0553094,0.286769,1,0,,0,0,0,0,0,0,0,0,103808,104555,0,232,0
491378,1,0,3.3809e-005,0.0029242,0.0500708,0.275969,1,0,,0,0,0,0,0,0,0,0,103808,104555,0,232,0
491478,1,0,2.36663e-005,0.00234409,0.0452982,0.335054,1,0,,0,0,0,0,0,0,0,0,103808,104555,0,232,0
491578,1,0,1.65664e-005,0.00187859,0.0409562,0.269673,1,0,,0,0,0,0,0,0,0,0,103808,104555,0,232,0
491678,1,0,1.15965e-005,0.00150519,0.0370111,0.274635,1,0,,0,0,0,0,0,0,0,0,103808,104555,0,232,0
491778,1,0,8.11755e-006,0.00120577,0.0334306,0.274047,1,0,,0,0,0,0,0,0,0,0,103808,104555,0,232,0
491878,1,0,5.68228e-006,0.000965756,0.0301841,0.279923,1,0,,0,0,0,0,0,0,0,0,103808,104555,0,232,0
491978,1,0,3.9776e-006,0.0007734,0.027243,0.309473,1,0,,0,0,0,0,0,0,0,0,103808,104555,0,232,0
492078,1,0,2.78432e-006,0.000619277,0.0245806,0.272422,1,0,,0,0,0,0,0,0,0,0,103808,104555,0,232,0
492178,1,0,1.94902e-006,0.000495812,0.0221722,0.257034,1,0,,0,0,0,0,0,0,0,0,103808,104555,0,232,0
492278,1,6,1.8,0.360397,0.0559946,0.280612,1,0,,0,0,0,0,0,0,0,0,103808,104555,0,232,0
492378,1,0,1.26,0.540318,0.104427,0.29476,1,0,,0,0,0,0,0,0,0,0,103808,104555,0,232,0
492478,1,0,0.882001,0.608654,0.15485,0.280896,1,0,,0,0,0,0,0,0,0,0,103808,104555,0,232,0
492578,1,0,0.6174,0.610404,0.200405,0.301445,1,0,,0,0,0,0,0,0,0,0,103808,104555,0,232,0
492678,1,0,0.43218,0.574759,0.23784,0.312832,1,0,,0,0,0,0,0,0,0,0,103808,104555,0,232,0
492778,1,0,0.302526,0.520312,0.266088,0.298733,1,0,,0,0,0,0,0,0,0,0,103808,104555,0,232,0
492878,1,0,0.211768,0.458604,0.285339,0.276571,1,0,,0,0,0,0,0,0,0,0,103808,104555,0,232,0
492978,1,0,0.148238,0.39653,0.296458,0.274682,1,0,,0,0,0,0,0,0,0,0,103808,104555,0,232,0
493078,1,0,0.103766,0.337978,0.30061,0.293706,1,0,,0,0,0,0,0,0,0,0,103808,104555,0,232,0
493178,1,0,0.0726365,0.284909,0.29904,0.311668,1,0,,0,0,0,0,0,0,0,0,103808,104555,0,232,0
493278,1,0,0.0508456,0.238097,0.292946,0.294556,1,0,,0,0,0,0,0,0,0,0,103808,104555,0,232,0
493378,1,0,0.0355919,0.197596,0.283411,0.286469,1,0,,0,0,0,0,0,0,0,0,103808,104555,0,232,0
493478,1,0,0.0249143,0.163059,0.271376,0.283518,1,0,,0,0,0,0,0,0,0,0,103808,104555,0,232,0
493578,1,0,0.01744,0.133936,0.257632,0.270619,1,0,,0,0,0,0,0,0,0,0,103808,104555,0,232,0
493678,1,0,0.012208,0.10959,0.242827,0.285106,1,0,,0,0,0,0,0,0,0,0,103808,104555,0,232,0
493778,1,0,0.00854561,0.0893812,0.227483,0.28643,1,0,,0,0,0,0,0,0,0,0,103808,104555,0,232,0
493878,1,0,0.00598193,0.0727013,0.212005,0.294394,1,0,,0,0,0,0,0,0,0,0,103808,104555,0,232,0
493978,1,0,0.00418735,0.0589985,0.196704,0.261943,1,0,,0,0,0,0,0,0,0,0,103808,104555,0,232,0
494078,1,0,0.00293115,0.0477851,0.181812,0.264654,1,0,,0,0,0,0,0,0,0,0,103808,104555,0,232,0
494178,1,0,0.0020518,0.0386384,0.167495,0.277244,1,0,,0,0,0,0,0,0,0,0,103808,104555,0,232,0
494278,1,0,0.00143626,0.031198,0.153865,0.25987,1,0,,0,0,0,0,0,0,0,0,103808,104555,0,232,0
494378,1,0,0.00100538,0.0251595,0.140995,0.283507,1,0,,0,0,0,0,0,0,0,0,103808,104555,0,232,0
494478,1,0,0.000703768,0.0202683,0.128922,0.272406,1,0,,0,0,0,0,0,0,0,0,103808,104555,0,232,0
494578,1,0,0.000492638,0.0163132,0.117661,0.281068,1,0,,0,0,0,0,0,0,0,0,103808,104555,0,232,0
494678,1,0,0.000344846,0.0131195,0.107207,0.311018,1,0,,0,0,0,0,0,0,0,0,103808,104555,0,232,0
494778,1,0,0.000241392,0.0105439,0.0975406,0.278166,1,0,,0,0,0,0,0,0,0,0,103808,104555,0,232,0
494878,1,0,0.000168975,0.00846891,0.0886334,0.279667,1,0,,0,0,0,0,0,0,0,0,103808,104555,0,232,0
494978,1,0,0.000118282,0.00679878,0.0804499,0.295016,1,0,,0,0,0,0,0,0,0,0,103808,104555,0,232,0
495078,1,0,8.27976e-005,0.00545559,0.0729505,0.329252,1,0,,0,0,0,0,0,0,0,0,103808,104555,0,232,0
495178,1,0,5.79583e-005,0.00437606,0.0660931,0.297057,1,0,,0,0,0,0,0,0,0,0,103808,104555,0,232,0
495278,1,0,4.05708e-005,0.00350896,0.0598346,0.291371,1,0,,0,0,0,0,0,0,0,0,103808,104555,0,232,0
495378,1,0,2.83996e-005,0.00281285,0.0541325,0.308932,1,0,,0,0,0,0,0,0,0,0,103808,104555,0,232,0
495478,1,0,1.98797e-005,0.00225426,0.0489446,0.285331,1,0,,0,0,0,0,0,0,0,0,103808,104555,0,232,0
495578,1,0,1.39158e-005,0.00180619,0.0442308,0.286294,1,0,,0,0,0,0,0,0,0,0,103808,104555,0,232,0
495678,1,0,9.74105e-006,0.0014469,0.0399524,0.261519,1,0,,0,0,0,0,0,0,0,0,103808,104555,0,232,0
495778,1,0,6.81874e-006,0.00115888,0.0360731,0.268355,1,0,,0,0,0,0,0,0,0,0,103808,104555,0,232,0
495878,1,0,4.77312e-006,0.000928061,0.0325586,0.282493,1,0,,0,0,0,0,0,0,0,0,103808,104555,0,232,0
495978,1,0,3.34118e-006,0.000743117,0.029377,0.275218,1,0,,0,0,0,0,0,0,0,0,103808,104555,0,232,0
496078,1,0,2.33883e-006,0.000594961,0.0264988,0.297492,1,0,,0,0,0,0,0,0,0,0,103808,104555,0,232,0
496178,1,5,1.5,0.300476,0.0538966,0.277199,1,0,,0,0,0,0,0,0,0,0,103808,104555,0,232,0
496278,1,0,1.05,0.450381,0.093545,0.285211,1,0,,0,0,0,0,0,0,0,0,103808,104555,0,232,0
496378,1,0,0.735001,0.507305,0.134921,0.251137,1,0,,0,0,0,0,0,0,0,0,103808,104555,0,232,0
496478,1,0,0.514501,0.508744,0.172303,0.249537,1,0,,0,0,0,0,0,0,0,0,103808,104555,0,232,0
496578,1,0,0.36015,0.479026,0.202976,0.282937,1,0,,0,0,0,0,0,0,0,0,103808,104555,0,232,0
496678,1,0,0.252105,0.433641,0.226042,0.269187,1,0,,0,0,0,0,0,0,0,0,103808,104555,0,232,0
496778,1,0,0.176474,0.382208,0.241659,0.259713,1,0,,0,0,0,0,0,0,0,0,103808,104555,0,232,0
496878,1,0,0.123532,0.330473,0.25054,0.296937,1,0,,0,0,0,0,0,0,0,0,103808,104555,0,232,0
496978,1,0,0.0864721,0.281673,0.253653,0.253214,1,0,,0,0,0,0,0,0,0,0,103808,104555,0,232,0
497078,1,0,0.0605305,0.237444,0.252032,0.281752,1,0,,0,0,0,0,0,0,0,0,103808,104555,0,232,0
497178,1,0,0.0423713,0.19843,0.246672,0.292789,1,0,,0,0,0,0,0,0,0,0,103808,104555,0,232,0
497278,1,0,0.0296599,0.164676,0.238472,0.265203,1,0,,0,0,0,0,0,0,0,0,103808,104555,0,232,0
497378,1,0,0.020762,0.135893,0.228215,0.261555,1,0,,0,0,0,0,0,0,0,0,103808,104555,0,232,0
497478,1,0,0.0145334,0.111621,0.216555,0.294006,1,0,,0,0,0,0,0,0,0,0,103808,104555,0,232,0
497578,1,0,0.0101734,0.0913315,0.204033,0.273457,1,0,,0,0,0,0,0,0,0,0,103808,104555,0,232,0
497678,1,0,0.00712135,0.0744894,0.191078,0.250394,1,0,,0,0,0,0,0,0,0,0,103808,104555,0,232,0
497778,1,0,0.00498494,0.0605885,0.178029,0.271619,1,0,,0,0,0,0,0,0,0,0,103808,104555,0,232,0
497878,1,0,0.00348946,0.0491687,0.165143,0.253557,1,0,,0,0,0,0,0,0,0,0,103808,104555,0,232,0
497978,1,0,0.00244262,0.0398235,0.152611,0.298132,1,0,,0,0,0,0,0,0,0,0,103808,104555,0,232,0
498078,1,0,0.00170984,0.0322008,0.14057,0.250569,1,0,,0,0,0,0,0,0,0,0,103808,104555,0,232,0
498178,1,0,0.00119689,0.026,0.129113,0.272358,1,0,,0,0,0,0,0,0,0,0,103808,104555,0,232,0
498278,1,0,0.00083782,0.0209676,0.118299,0.281306,1,0,,0,0,0,0,0,0,0,0,103808,104555,0,232,0
498378,1,0,0.000586474,0.0168913,0.108158,0.265818,1,0,,0,0,0,0,0,0,0,0,103808,104555,0,232,0
498478,1,0,0.000410532,0.0135952,0.0987017,0.279457,1,0,,0,0,0,0,0,0,0,0,103808,104555,0,232,0
498578,1,0,0.000287372,0.0109336,0.0899249,0.329119,1,0,,0,0,0,0,0,0,0,0,103808,104555,0,232,0
498678,1,0,0.00020116,0.00878713,0.0818111,0.261531,1,0,,0,0,0,0,0,0,0,0,103808,104555,0,232,0
498778,1,0,0.000140812,0.00705786,0.0743358,0.301627,1,0,,0,0,0,0,0,0,0,0,103808,104555,0,232,0
498878,1,0,9.85686e-005,0.00566601,0.0674688,0.276326,1,0,,0,0,0,0,0,0,0,0,103808,104555,0,232,0
498978,1,0,6.8998e-005,0.0045466,0.0611766,0.29565,1,0,,0,0,0,0,0,0,0,0,103808,104555,0,232,0
499078,1,0,4.82986e-005,0.00364694,0.0554236,0.285437,1,0,,0,0,0,0,0,0,0,0,103808,104555,0,232,0
499178,1,0,3.3809e-005,0.00292432,0.0501737,0.262212,1,0,,0,0,0,0,0,0,0,0,103808,104555,0,232,0
499278,1,0,2.36663e-005,0.00234419,0.0453907,0.294937,1,0,,0,0,0,0,0,0,0,0,103808,104555,0,232,0
499378,1,0,1.65664e-005,0.00187866,0.0410395,0.263961,1,0,,0,0,0,0,0,0,0,0,103808,104555,0,232,0
499478,1,0,1.15965e-005,0.00150525,0.0370861,0.292249,1,0,,0,0,0,0,0,0,0,0,103808,104555,0,232,0
499578,1,0,8.11755e-006,0.00120582,0.0334981,0.276162,1,0,,0,0,0,0,0,0,0,0,103808,104555,0,232,0
499678,1,0,5.68229e-006,0.000965795,0.0302448,0.269537,1,0,,0,0,0,0,0,0,0,0,103808,104555,0,232,0
499778,1,0,3.9776e-006,0.000773431,0.0272977,0.300511,1,0,,0,0,0,0,0,0,0,0,103808,104555,0,232,0
499878,1,0,2.78432e-006,0.000619302,0.0246299,0.284461,1,0,,0,0,0,0,0,0,0,0,103808,104555,0,232,0
499978,1,0,1.94902e-006,0.000495831,0.0222165,0.275373,1,0,,0,0,0,0,0,0,0,0,103808,104555,0,232,0
500078,1,0,1.36432e-006,0.000396938,0.0200345,0.256098,1,0,,0,0,0,0,0,0,0,0,103808,104555,0,232,0
500178,1,5,1.5,0.300318,0.0480628,0.264237,1,0,,0,0,0,0,0,0,0,0,103808,104555,0,232,0
500278,1,0,1.05,0.450254,0.088282,0.289799,1,0,,0,0,0,0,0,0,0,0,103808,104555,0,232,0
500378,1,0,0.735,0.507204,0.130174,0.31045,1,0,,0,0,0,0,0,0,0,0,103808,104555,0,232,0
500478,1,0,0.5145,0.508663,0.168023,0.299524,1,0,,0,0,0,0,0,0,0,0,103808,104555,0,232,0
500578,1,0,0.36015,0.47896,0.199117,0.303684,1,0,,0,0,0,0,0,0,0,0,103808,104555,0,232,0
500678,1,0,0.252105,0.433589,0.222564,0.288246,1,0,,0,0,0,0,0,0,0,0,103808,104555,0,232,0
500778,1,0,0.176474,0.382166,0.238524,0.282832,1,0,,0,0,0,0,0,0,0,0,103808,104555,0,232,0
500878,1,0,0.123532,0.330439,0.247716,0.267868,1,0,,0,0,0,0,0,0,0,0,103808,104555,0,232,0
500978,1,0,0.0864721,0.281646,0.251109,0.267095,1,0,,0,0,0,0,0,0,0,0,103808,104555,0,232,0
501078,1,0,0.0605304,0.237423,0.24974,0.27467,1,0,,0,0,0,0,0,0,0,0,103808,104555,0,232,0
501178,1,0,0.0423713,0.198412,0.244607,0.261396,1,0,,0,0,0,0,0,0,0,0,103808,104555,0,232,0
501278,1,0,0.0296599,0.164662,0.236613,0.293132,1,0,,0,0,0,0,0,0,0,0,103808,104555,0,232,0
501378,1,0,0.0207619,0.135882,0.22654,0.291457,1,0,,0,0,0,0,0,0,0,0,103808,104555,0,232,0
501478,1,0,0.0145334,0.111612,0.215047,0.306695,1,0,,0,0,0,0,0,0,0,0,103808,104555,0,232,0
501578,1,0,0.0101734,0.0913245,0.202675,0.310983,1,0,,0,0,0,0,0,0,0,0,103808,104555,0,232,0
501678,1,0,0.00712135,0.0744838,0.189856,0.271196,1,0,,0,0,0,0,0,0,0,0,103808,104555,0,232,0
501778,1,1,0.304985,0.120584,0.182928,0.270528,1,0,,0,0,0,0,0,0,0,0,103808,104555,0,232,0
501878,1,0,0.213489,0.139165,0.178552,0.293365,1,0,,0,0,0,0,0,0,0,0,103808,104555,0,232,0
501978,1,0,0.149443,0.141221,0.174819,0.353254,1,0,,0,0,0,0,0,0,0,0,103808,104555,0,232,0
502078,1,0,0.10461,0.133898,0.170727,0.282966,1,0,,0,0,0,0,0,0,0,0,103808,104555,0,232,0
502178,1,0,0.0732269,0.121764,0.165831,0.295629,1,0,,0,0,0,0,0,0,0,0,103808,104555,0,232,0
502278,1,0,0.0512588,0.107663,0.160014,0.266876,1,0,,0,0,0,0,0,0,0,0,103808,104555,0,232,0
502378,1,0,0.0358812,0.0933067,0.153343,0.258149,1,0,,0,0,0,0,0,0,0,0,103808,104555,0,232,0
502478,1,0,0.0251168,0.0796687,0.145976,0.259524,1,0,,0,0,0,0,0,0,0,0,103808,104555,0,232,0
502578,1,0,0.0175818,0.0672513,0.138103,0.283887,1,0,,0,0,0,0,0,0,0,0,103808,104555,0,232,0
502678,1,0,0.0123072,0.0562625,0.129919,0.275526,1,0,,0,0,0,0,0,0,0,0,103808,104555,0,232,0
502778,1,0,0.00861507,0.046733,0.121601,0.328074,1,0,,0,0,0,0,0,0,0,0,103808,104555,0,232,0
502878,1,0,0.00603055,0.0385925,0.1133,0.268676,1,0,,0,0,0,0,0,0,0,0,103808,104555,0,232,0
502978,1,0,0.00422138,0.0317183,0.105142,0.2678,1,0,,0,0,0,0,0,0,0,0,103808,104555,0,232,0
503078,1,0,0.00295497,0.0259656,0.097224,0.250075,1,0,,0,0,0,0,0,0,0,0,103808,104555,0,232,0
503178,1,0,0.00206848,0.0211862,0.0896202,0.287798,1,0,,0,0,0,0,0,0,0,0,103808,104555,0,232,0
503278,1,0,0.00144793,0.0172386,0.0823821,0.266922,1,0,,0,0,0,0,0,0,0,0,103808,104555,0,232,0
503378,1,0,0.00101355,0.0139936,0.0755432,0.274559,1,0,,0,0,0,0,0,0,0,0,103808,104555,0,232,0
503478,1,0,0.000709488,0.0113367,0.0691226,0.290669,1,0,,0,0,0,0,0,0,0,0,103808,104555,0,232,0
503578,1,0,0.000496642,0.00916872,0.0631272,0.271119,1,0,,0,0,0,0,0,0,0,0,103808,104555,0,232,0
503678,1,0,0.000347649,0.00740451,0.0575549,0.272121,1,0,,0,0,0,0,0,0,0,0,103808,104555,0,232,0
503778,1,0,0.000243354,0.00597228,0.0523966,0.277746,1,0,,0,0,0,0,0,0,0,0,103808,104555,0,232,0
503878,1,0,0.000170348,0.00481189,0.0476382,0.282032,1,0,,0,0,0,0,0,0,0,0,103808,104555,0,232,0
503978,1,0,0.000119244,0.00387336,0.0432617,0.255622,1,0,,0,0,0,0,0,0,0,0,103808,104555,0,232,0
504078,1,5,1.50008,0.303115,0.0692471,0.277494,1,0,,0,0,0,0,0,0,0,0,103808,104555,0,232,0
504178,1,0,1.05006,0.452504,0.107573,0.261948,1,0,,0,0,0,0,0,0,0,0,103808,104555,0,232,0
504278,1,0,0.735041,0.509011,0.147717,0.329899,1,0,,0,0,0,0,0,0,0,0,103808,104555,0,232,0
504378,1,0,0.514529,0.510115,0.183956,0.278299,1,0,,0,0,0,0,0,0,0,0,103808,104555,0,232,0
504478,1,0,0.36017,0.480126,0.213573,0.262173,1,0,,0,0,0,0,0,0,0,0,103808,104555,0,232,0
504578,1,0,0.252119,0.434524,0.235668,0.272548,1,0,,0,0,0,0,0,0,0,0,103808,104555,0,232,0
504678,1,0,0.176483,0.382916,0.250393,0.283861,1,0,,0,0,0,0,0,0,0,0,103808,104555,0,232,0
504778,1,0,0.123538,0.331041,0.258458,0.267522,1,0,,0,0,0,0,0,0,0,0,103808,104555,0,232,0
504878,1,0,0.0864768,0.282128,0.260825,0.277984,1,0,,0,0,0,0,0,0,0,0,103808,104555,0,232,0
504978,1,0,0.0605338,0.237809,0.258523,0.295697,1,0,,0,0,0,0,0,0,0,0,103808,104555,0,232,0
505078,1,0,0.0423736,0.198722,0.252543,0.28206,1,0,,0,0,0,0,0,0,0,0,103808,104555,0,232,0
505178,1,0,0.0296615,0.16491,0.24378,0.249072,1,0,,0,0,0,0,0,0,0,0,103808,104555,0,232,0
505278,1,0,0.0207631,0.136081,0.23301,0.285223,1,0,,0,0,0,0,0,0,0,0,103808,104555,0,232,0
505378,1,0,0.0145342,0.111771,0.220886,0.318259,1,0,,0,0,0,0,0,0,0,0,103808,104555,0,232,0
505478,1,0,0.0101739,0.0914518,0.207943,0.324858,1,0,,0,0,0,0,0,0,0,0,103808,104555,0,232,0
505578,1,0,0.00712174,0.0745858,0.194607,0.25937,1,0,,0,0,0,0,0,0,0,0,103808,104555,0,232,0
505678,1,0,0.00498522,0.0606657,0.181213,0.278257,1,0,,0,0,0,0,0,0,0,0,103808,104555,0,232,0
505778,1,0,0.00348965,0.0492305,0.168015,0.292319,1,0,,0,0,0,0,0,0,0,0,103808,104555,0,232,0
505878,1,0,0.00244276,0.0398729,0.1552,0.275109,1,0,,0,0,0,0,0,0,0,0,103808,104555,0,232,0
505978,1,0,0.00170993,0.0322403,0.142904,0.26529,1,0,,0,0,0,0,0,0,0,0,103808,104555,0,232,0
506078,1,0,0.00119695,0.0260317,0.131217,0.304089,1,0,,0,0,0,0,0,0,0,0,103808,104555,0,232,0
506178,1,0,0.000837865,0.0209929,0.120195,0.288564,1,0,,0,0,0,0,0,0,0,0,103808,104555,0,232,0
506278,1,0,0.000586506,0.0169116,0.109866,0.289977,1,0,,0,0,0,0,0,0,0,0,103808,104555,0,232,0
506378,1,0,0.000410554,0.0136114,0.100241,0.292527,1,0,,0,0,0,0,0,0,0,0,103808,104555,0,232,0
506478,1,0,0.000287388,0.0109466,0.0913114,0.281101,1,0,,0,0,0,0,0,0,0,0,103808,104555,0,232,0
506578,1,0,0.000201171,0.00879752,0.08306,0.257339,1,0,,0,0,0,0,0,0,0,0,103808,104555,0,232,0
506678,1,0,0.00014082,0.00706618,0.0754607,0.275626,1,0,,0,0,0,0,0,0,0,0,103808,104555,0,232,0
506778,1,0,9.8574e-005,0.00567266,0.0684819,0.292575,1,0,,0,0,0,0,0,0,0,0,103808,104555,0,232,0
506878,1,0,6.90018e-005,0.00455193,0.0620889,0.284577,1,0,,0,0,0,0,0,0,0,0,103808,104555,0,232,0
506978,1,0,4.83013e-005,0.0036512,0.0562451,0.289813,1,0,,0,0,0,0,0,0,0,0,103808,104555,0,232,0
507078,1,0,3.38109e-005,0.00292772,0.0509134,0.276177,1,0,,0,0,0,0,0,0,0,0,103808,104555,0,232,0
507178,1,0,2.36676e-005,0.00234691,0.0460567,0.275141,1,0,,0,0,0,0,0,0,0,0,103808,104555,0,232,0
507278,1,0,1.65673e-005,0.00188084,0.0416391,0.285353,1,0,,0,0,0,0,0,0,0,0,103808,104555,0,232,0
507378,1,0,1.15971e-005,0.00150699,0.0376259,0.260267,1,0,,0,0,0,0,0,0,0,0,103808,104555,0,232,0
507478,1,0,8.11799e-006,0.00120722,0.033984,0.253192,1,0,,0,0,0,0,0,0,0,0,103808,104555,0,232,0
507578,1,0,5.68259e-006,0.000966911,0.0306823,0.279728,1,0,,0,0,0,0,0,0,0,0,103808,104555,0,232,0
507678,1,0,3.97782e-006,0.000774325,0.0276915,0.25793,1,0,,0,0,0,0,0,0,0,0,103808,104555,0,232,0
507778,1,0,2.78447e-006,0.000620017,0.0249844,0.324769,1,0,,0,0,0,0,0,0,0,0,103808,104555,0,232,0
507878,1,0,1.94913e-006,0.000496403,0.0225356,0.309193,1,0,,0,0,0,0,0,0,0,0,103808,104555,0,232,0
507978,1,0,1.36439e-006,0.000397395,0.0203218,0.285843,1,0,,0,0,0,0,0,0,0,0,103808,104555,0,232,0
508078,1,5,1.5,0.300318,0.0483214,0.279058,1,0,,0,0,0,0,0,0,0,0,103808,104555,0,232,0
508178,1,0,1.05,0.450255,0.0885147,0.280221,1,0,,0,0,0,0,0,0,0,0,103808,104555,0,232,0
508278,1,0,0.735,0.507204,0.130384,0.306472,1,0,,0,0,0,0,0,0,0,0,103808,104555,0,232,0
508378,1,0,0.5145,0.508663,0.168212,0.254685,1,0,,0,0,0,0,0,0,0,0,103808,104555,0,232,0
508478,1,0,0.36015,0.478961,0.199286,0.278736,1,0,,0,0,0,0,0,0,0,0,103808,104555,0,232,0
508578,1,0,0.252105,0.433589,0.222717,0.27861,1,0,,0,0,0,0,0,0,0,0,103808,104555,0,232,0
508678,1,0,0.176474,0.382166,0.238662,0.283309,1,0,,0,0,0,0,0,0,0,0,103808,104555,0,232,0
508778,1,0,0.123532,0.330439,0.247839,0.296622,1,0,,0,0,0,0,0,0,0,0,103808,104555,0,232,0
508878,1,0,0.0864721,0.281646,0.25122,0.285771,1,0,,0,0,0,0,0,0,0,0,103808,104555,0,232,0
508978,1,0,0.0605304,0.237423,0.24984,0.279557,1,0,,0,0,0,0,0,0,0,0,103808,104555,0,232,0
509078,1,0,0.0423713,0.198413,0.244698,0.303282,1,0,,0,0,0,0,0,0,0,0,103808,104555,0,232,0
509178,1,0,0.0296599,0.164662,0.236694,0.299845,1,0,,0,0,0,0,0,0,0,0,103808,104555,0,232,0
509278,1,0,0.0207619,0.135882,0.226613,0.281894,1,0,,0,0,0,0,0,0,0,0,103808,104555,0,232,0
509378,1,0,0.0145334,0.111612,0.215113,0.312443,1,0,,0,0,0,0,0,0,0,0,103808,104555,0,232,0
509478,1,0,0.0101734,0.0913245,0.202734,0.291243,1,0,,0,0,0,0,0,0,0,0,103808,104555,0,232,0
509578,1,0,0.00712135,0.0744839,0.189909,0.282836,1,0,,0,0,0,0,0,0,0,0,103808,104555,0,232,0
509678,1,0,0.00498494,0.0605841,0.176976,0.276536,1,0,,0,0,0,0,0,0,0,0,103808,104555,0,232,0
509778,1,0,0.00348946,0.0491652,0.164195,0.297561,1,0,,0,0,0,0,0,0,0,0,103808,104555,0,232,0
509878,1,0,0.00244262,0.0398206,0.151758,0.293636,1,0,,0,0,0,0,0,0,0,0,103808,104555,0,232,0
509978,1,0,0.00170984,0.0321985,0.139802,0.280849,1,0,,0,0,0,0,0,0,0,0,103808,104555,0,232,0
510078,1,0,0.00119688,0.0259982,0.128422,0.293586,1,0,,0,0,0,0,0,0,0,0,103808,104555,0,232,0
510178,1,0,0.000837819,0.0209661,0.117676,0.286597,1,0,,0,0,0,0,0,0,0,0,103808,104555,0,232,0
510278,1,0,0.000586473,0.0168902,0.107597,0.277171,1,0,,0,0,0,0,0,0,0,0,103808,104555,0,232,0
510378,1,0,0.000410531,0.0135942,0.0981971,0.282246,1,0,,0,0,0,0,0,0,0,0,103808,104555,0,232,0
510478,1,0,0.000287372,0.0109329,0.0894707,0.267122,1,0,,0,0,0,0,0,0,0,0,103808,104555,0,232,0
510578,1,0,0.00020116,0.00878653,0.0814022,0.257473,1,0,,0,0,0,0,0,0,0,0,103808,104555,0,232,0
510678,1,0,0.000140812,0.00705739,0.0739678,0.262398,1,0,,0,0,0,0,0,0,0,0,103808,104555,0,232,0
510778,1,0,9.85686e-005,0.00566562,0.0671375,0.281778,1,0,,0,0,0,0,0,0,0,0,103808,104555,0,232,0
510878,1,0,6.8998e-005,0.0045463,0.0608784,0.243791,1,0,,0,0,0,0,0,0,0,0,103808,104555,0,232,0
510978,1,0,4.82986e-005,0.0036467,0.0551552,0.282852,1,0,,0,0,0,0,0,0,0,0,103808,104555,0,232,0
511078,1,0,3.3809e-005,0.00292412,0.0499321,0.292076,1,0,,0,0,0,0,0,0,0,0,103808,104555,0,232,0
511178,1,0,2.36663e-005,0.00234403,0.0451733,0.288139,1,0,,0,0,0,0,0,0,0,0,103808,104555,0,232,0
511278,1,0,1.65664e-005,0.00187854,0.0408438,0.303039,1,0,,0,0,0,0,0,0,0,0,103808,104555,0,232,0
511378,1,0,1.15965e-005,0.00150515,0.03691,0.283101,1,0,,0,0,0,0,0,0,0,0,103808,104555,0,232,0
511478,1,0,8.11755e-006,0.00120574,0.0333395,0.319728,1,0,,0,0,0,0,0,0,0,0,103808,104555,0,232,0
511578,1,0,5.68228e-006,0.00096573,0.0301022,0.310842,1,0,,0,0,0,0,0,0,0,0,103808,104555,0,232,0
511678,1,0,3.9776e-006,0.00077338,0.0271693,0.298604,1,0,,0,0,0,0,0,0,0,0,103808,104555,0,232,0
511778,1,0,2.78432e-006,0.000619261,0.0245143,0.302517,1,0,,0,0,0,0,0,0,0,0,103808,104555,0,232,0
511878,1,0,1.94902e-006,0.000495798,0.0221124,0.264804,1,0,,0,0,0,0,0,0,0,0,103808,104555,0,232,0
511978,1,6,1.8,0.360397,0.0559409,0.29925,1,0,,0,0,0,0,0,0,0,0,103808,104555,0,232,0
512078,1,0,1.26,0.540318,0.104379,0.254686,1,0,,0,0,0,0,0,0,0,0,103808,104555,0,232,0
512178,1,0,0.882001,0.608654,0.154806,0.264686,1,0,,0,0,0,0,0,0,0,0,103808,104555,0,232,0
512278,1,0,0.6174,0.610404,0.200366,0.285998,1,0,,0,0,0,0,0,0,0,0,103808,104555,0,232,0
512378,1,0,0.43218,0.574759,0.237805,0.319649,1,0,,0,0,0,0,0,0,0,0,103808,104555,0,232,0
512478,1,0,0.302526,0.520312,0.266056,0.31941,1,0,,0,0,0,0,0,0,0,0,103808,104555,0,232,0
512578,1,0,0.211768,0.458604,0.285311,0.304182,1,0,,0,0,0,0,0,0,0,0,103808,104555,0,232,0
512678,1,0,0.148238,0.39653,0.296433,0.283845,1,0,,0,0,0,0,0,0,0,0,103808,104555,0,232,0
512778,1,0,0.103766,0.337978,0.300587,0.303307,1,0,,0,0,0,0,0,0,0,0,103808,104555,0,232,0
512878,1,0,0.0726365,0.284909,0.299019,0.279206,1,0,,0,0,0,0,0,0,0,0,103808,104555,0,232,0
512978,1,0,0.0508456,0.238097,0.292927,0.285042,1,0,,0,0,0,0,0,0,0,0,103808,104555,0,232,0
513078,1,0,0.0355919,0.197596,0.283394,0.307904,1,0,,0,0,0,0,0,0,0,0,103808,104555,0,232,0
513178,1,0,0.0249143,0.163059,0.27136,0.28643,1,0,,0,0,0,0,0,0,0,0,103808,104555,0,232,0
513278,1,0,0.01744,0.133936,0.257618,0.305355,1,0,,0,0,0,0,0,0,0,0,103808,104555,0,232,0
513378,1,0,0.012208,0.10959,0.242815,0.288592,1,0,,0,0,0,0,0,0,0,0,103808,104555,0,232,0
513478,1,0,0.00854561,0.0893812,0.227472,0.29099,1,0,,0,0,0,0,0,0,0,0,103808,104555,0,232,0
513578,1,0,0.00598193,0.0727013,0.211995,0.273301,1,0,,0,0,0,0,0,0,0,0,103808,104555,0,232,0
513678,1,0,0.00418735,0.0589985,0.196695,0.276377,1,0,,0,0,0,0,0,0,0,0,103808,104555,0,232,0
513778,1,0,0.00293115,0.0477851,0.181804,0.276702,1,0,,0,0,0,0,0,0,0,0,103808,104555,0,232,0
513878,1,0,0.0020518,0.0386384,0.167488,0.267451,1,0,,0,0,0,0,0,0,0,0,103808,104555,0,232,0
513978,1,0,0.00143626,0.031198,0.153859,0.305163,1,0,,0,0,0,0,0,0,0,0,103808,104555,0,232,0
514078,1,0,0.00100538,0.0251595,0.140989,0.30315,1,0,,0,0,0,0,0,0,0,0,103808,104555,0,232,0
514178,1,0,0.000703768,0.0202683,0.128917,0.277776,1,0,,0,0,0,0,0,0,0,0,103808,104555,0,232,0
514278,1,0,0.000492638,0.0163132,0.117656,0.280176,1,0,,0,0,0,0,0,0,0,0,103808,104555,0,232,0
514378,1,0,0.000344846,0.0131195,0.107203,0.260175,1,0,,0,0,0,0,0,0,0,0,103808,104555,0,232,0
514478,1,0,0.000241392,0.0105439,0.0975367,0.295848,1,0,,0,0,0,0,0,0,0,0,103808,104555,0,232,0
514578,1,0,0.000168975,0.00846891,0.0886299,0.282449,1,0,,0,0,0,0,0,0,0,0,103808,104555,0,232,0
514678,1,0,0.000118282,0.00679878,0.0804468,0.319961,1,0,,0,0,0,0,0,0,0,0,103808,104555,0,232,0
514778,1,0,8.27976e-005,0.00545559,0.0729477,0.287271,1,0,,0,0,0,0,0,0,0,0,103808,104555,0,232,0
514878,1,0,5.79583e-005,0.00437606,0.0660905,0.254985,1,0,,0,0,0,0,0,0,0,0,103808,104555,0,232,0
514978,1,0,4.05708e-005,0.00350896,0.0598324,0.283947,1,0,,0,0,0,0,0,0,0,0,103808,104555,0,232,0
515078,1,0,2.83996e-005,0.00281285,0.0541304,0.282834,1,0,,0,0,0,0,0,0,0,0,103808,104555,0,232,0
515178,1,0,1.98797e-005,0.00225426,0.0489428,0.263471,1,0,,0,0,0,0,0,0,0,0,103808,104555,0,232,0
515278,1,0,1.39158e-005,0.00180619,0.0442291,0.297173,1,0,,0,0,0,0,0,0,0,0,103808,104555,0,232,0
515378,1,0,9.74105e-006,0.0014469,0.0399509,0.323011,1,0,,0,0,0,0,0,0,0,0,103808,104555,0,232,0
515478,1,0,6.81874e-006,0.00115888,0.0360717,0.292324,1,0,,0,0,0,0,0,0,0,0,103808,104555,0,232,0
515578,1,0,4.77312e-006,0.000928061,0.0325573,0.285386,1,0,,0,0,0,0,0,0,0,0,103808,104555,0,232,0
515678,1,0,3.34118e-006,0.000743117,0.0293759,0.294374,1,0,,0,0,0,0,0,0,0,0,103808,104555,0,232,0
515778,1,0,2.33883e-006,0.000594961,0.0264978,0.285924,1,0,,0,0,0,0,0,0,0,0,103808,104555,0,232,0
515878,1,6,1.8,0.360476,0.0598957,0.273415,1,0,,0,0,0,0,0,0,0,0,103808,104555,0,232,0
515978,1,0,1.26,0.540381,0.107944,0.287703,1,0,,0,0,0,0,0,0,0,0,103808,104555,0,232,0
516078,1,0,0.882001,0.608705,0.15802,0.26438,1,0,,0,0,0,0,0,0,0,0,103808,104555,0,232,0
516178,1,0,0.617401,0.610444,0.203263,0.26983,1,0,,0,0,0,0,0,0,0,0,103808,104555,0,232,0
516278,1,0,0.43218,0.574792,0.240416,0.295905,1,0,,0,0,0,0,0,0,0,0,103808,104555,0,232,0
516378,1,0,0.302526,0.520338,0.268408,0.28048,1,0,,0,0,0,0,0,0,0,0,103808,104555,0,232,0
516478,1,0,0.211768,0.458624,0.28743,0.266118,1,0,,0,0,0,0,0,0,0,0,103808,104555,0,232,0
516578,1,0,0.148238,0.396547,0.298341,0.281753,1,0,,0,0,0,0,0,0,0,0,103808,104555,0,232,0
516678,1,0,0.103767,0.337991,0.302306,0.27573,1,0,,0,0,0,0,0,0,0,0,103808,104555,0,232,0
516778,1,0,0.0726366,0.28492,0.300568,0.325003,1,0,,0,0,0,0,0,0,0,0,103808,104555,0,232,0
516878,1,0,0.0508456,0.238105,0.294321,0.336116,1,0,,0,0,0,0,0,0,0,0,103808,104555,0,232,0
516978,1,0,0.0355919,0.197603,0.284649,0.302742,1,0,,0,0,0,0,0,0,0,0,103808,104555,0,232,0
517078,1,0,0.0249143,0.163065,0.272491,0.282617,1,0,,0,0,0,0,0,0,0,0,103808,104555,0,232,0
517178,1,0,0.01744,0.13394,0.258636,0.266929,1,0,,0,0,0,0,0,0,0,0,103808,104555,0,232,0
517278,1,0,0.012208,0.109594,0.243732,0.294267,1,0,,0,0,0,0,0,0,0,0,103808,104555,0,232,0
517378,1,0,0.00854562,0.089384,0.228297,0.309403,1,0,,0,0,0,0,0,0,0,0,103808,104555,0,232,0
517478,1,0,0.00598193,0.0727036,0.212738,0.321891,1,0,,0,0,0,0,0,0,0,0,103808,104555,0,232,0
517578,1,0,0.00418735,0.0590003,0.197364,0.309567,1,0,,0,0,0,0,0,0,0,0,103808,104555,0,232,0
517678,1,0,0.00293115,0.0477865,0.182406,0.293631,1,0,,0,0,0,0,0,0,0,0,103808,104555,0,232,0
517778,1,0,0.0020518,0.0386396,0.168029,0.279306,1,0,,0,0,0,0,0,0,0,0,103808,104555,0,232,0
517878,1,0,0.00143626,0.0311989,0.154346,0.283655,1,0,,0,0,0,0,0,0,0,0,103808,104555,0,232,0
517978,1,0,0.00100538,0.0251602,0.141428,0.276231,1,0,,0,0,0,0,0,0,0,0,103808,104555,0,232,0
518078,1,0,0.000703768,0.0202689,0.129312,0.274381,1,0,,0,0,0,0,0,0,0,0,103808,104555,0,232,0
518178,1,0,0.000492638,0.0163137,0.118012,0.294181,1,0,,0,0,0,0,0,0,0,0,103808,104555,0,232,0
518278,1,0,0.000344846,0.0131199,0.107523,0.30893,1,0,,0,0,0,0,0,0,0,0,103808,104555,0,232,0
518378,1,0,0.000241392,0.0105442,0.0978249,0.308356,1,0,,0,0,0,0,0,0,0,0,103808,104555,0,232,0
518478,1,0,0.000168975,0.00846915,0.0888894,0.319706,1,0,,0,0,0,0,0,0,0,0,103808,104555,0,232,0
518578,1,0,0.000118282,0.00679898,0.0806803,0.261135,1,0,,0,0,0,0,0,0,0,0,103808,104555,0,232,0
518678,1,0,8.27976e-005,0.00545574,0.0731579,0.258986,1,0,,0,0,0,0,0,0,0,0,103808,104555,0,232,0
518778,1,0,5.79583e-005,0.00437618,0.0662797,0.265511,1,0,,0,0,0,0,0,0,0,0,103808,104555,0,232,0
518878,1,0,4.05708e-005,0.00350906,0.0600026,0.276547,1,0,,0,0,0,0,0,0,0,0,103808,104555,0,232,0
518978,1,0,2.83996e-005,0.00281293,0.0542837,0.288585,1,0,,0,0,0,0,0,0,0,0,103808,104555,0,232,0
519078,1,0,1.98797e-005,0.00225432,0.0490807,0.279221,1,0,,0,0,0,0,0,0,0,0,103808,104555,0,232,0
519178,1,0,1.39158e-005,0.00180624,0.0443533,0.275944,1,0,,0,0,0,0,0,0,0,0,103808,104555,0,232,0
519278,1,0,9.74105e-006,0.00144694,0.0400626,0.297831,1,0,,0,0,0,0,0,0,0,0,103808,104555,0,232,0
519378,1,0,6.81874e-006,0.00115892,0.0361723,0.265331,1,0,,0,0,0,0,0,0,0,0,103808,104555,0,232,0
519478,1,0,4.77312e-006,0.000928087,0.0326478,0.306956,1,0,,0,0,0,0,0,0,0,0,103808,104555,0,232,0
519578,1,0,3.34118e-006,0.000743138,0.0294574,0.233507,1,0,,0,0,0,0,0,0,0,0,103808,104555,0,232,0
519678,1,0,2.33883e-006,0.000594978,0.0265711,0.29348,1,0,,0,0,0,0,0,0,0,0,103808,104555,0,232,0
519778,1,0,1.63718e-006,0.00047631,0.0239617,0.266867,1,0,,0,0,0,0,0,0,0,0,103808,104555,0,232,0
519878,1,6,1.8,0.360381,0.0576036,0.247946,1,0,,0,0,0,0,0,0,0,0,103808,104555,0,232,0
519978,1,0,1.26,0.540305,0.105874,0.269597,1,0,,0,0,0,0,0,0,0,0,103808,104555,0,232,0
520078,1,0,0.882001,0.608644,0.156151,0.280148,1,0,,0,0,0,0,0,0,0,0,103808,104555,0,232,0
520178,1,0,0.6174,0.610396,0.201575,0.272021,1,0,,0,0,0,0,0,0,0,0,103808,104555,0,232,0
520278,1,0,0.43218,0.574753,0.238893,0.27986,1,0,,0,0,0,0,0,0,0,0,103808,104555,0,232,0
520378,1,0,0.302526,0.520307,0.267034,0.279198,1,0,,0,0,0,0,0,0,0,0,103808,104555,0,232,0
520478,1,0,0.211768,0.458599,0.286191,0.267773,1,0,,0,0,0,0,0,0,0,0,103808,104555,0,232,0
520578,1,0,0.148238,0.396527,0.297225,0.309359,1,0,,0,0,0,0,0,0,0,0,103808,104555,0,232,0
520678,1,0,0.103766,0.337975,0.3013,0.282321,1,0,,0,0,0,0,0,0,0,0,103808,104555,0,232,0
520778,1,0,0.0726365,0.284907,0.29966,0.272532,1,0,,0,0,0,0,0,0,0,0,103808,104555,0,232,0
520878,1,0,0.0508456,0.238095,0.293504,0.298682,1,0,,0,0,0,0,0,0,0,0,103808,104555,0,232,0
520978,1,0,0.0355919,0.197594,0.283913,0.241309,1,0,,0,0,0,0,0,0,0,0,103808,104555,0,232,0
521078,1,0,0.0249143,0.163058,0.271827,0.30632,1,0,,0,0,0,0,0,0,0,0,103808,104555,0,232,0
521178,1,0,0.01744,0.133935,0.258038,0.293334,1,0,,0,0,0,0,0,0,0,0,103808,104555,0,232,0
521278,1,0,0.012208,0.109589,0.243193,0.309147,1,0,,0,0,0,0,0,0,0,0,103808,104555,0,232,0
521378,1,0,0.00854561,0.0893806,0.227812,0.285585,1,0,,0,0,0,0,0,0,0,0,103808,104555,0,232,0
521478,1,0,0.00598193,0.0727009,0.212301,0.272311,1,0,,0,0,0,0,0,0,0,0,103808,104555,0,232,0
521578,1,0,0.00418735,0.0589982,0.196971,0.287636,1,0,,0,0,0,0,0,0,0,0,103808,104555,0,232,0
521678,1,0,0.00293115,0.0477848,0.182052,0.281824,1,0,,0,0,0,0,0,0,0,0,103808,104555,0,232,0
521778,1,0,0.0020518,0.0386382,0.167711,0.266024,1,0,,0,0,0,0,0,0,0,0,103808,104555,0,232,0
521878,1,0,0.00143626,0.0311978,0.154059,0.274886,1,0,,0,0,0,0,0,0,0,0,103808,104555,0,232,0
521978,1,0,0.00100538,0.0251593,0.141169,0.276985,1,0,,0,0,0,0,0,0,0,0,103808,104555,0,232,0
522078,1,0,0.000703768,0.0202682,0.129079,0.2862,1,0,,0,0,0,0,0,0,0,0,103808,104555,0,232,0
522178,1,0,0.000492638,0.0163131,0.117803,0.268986,1,0,,0,0,0,0,0,0,0,0,103808,104555,0,232,0
522278,1,0,0.000344846,0.0131194,0.107334,0.281449,1,0,,0,0,0,0,0,0,0,0,103808,104555,0,232,0
522378,1,0,0.000241392,0.0105438,0.0976552,0.281311,1,0,,0,0,0,0,0,0,0,0,103808,104555,0,232,0
522478,1,0,0.000168975,0.00846886,0.0887366,0.273984,1,0,,0,0,0,0,0,0,0,0,103808,104555,0,232,0
522578,1,0,0.000118282,0.00679875,0.0805428,0.28096,1,0,,0,0,0,0,0,0,0,0,103808,104555,0,232,0
522678,1,0,8.27976e-005,0.00545556,0.0730341,0.261998,1,0,,0,0,0,0,0,0,0,0,103808,104555,0,232,0
522778,1,0,5.79583e-005,0.00437604,0.0661683,0.271072,1,0,,0,0,0,0,0,0,0,0,103808,104555,0,232,0
522878,1,0,4.05708e-005,0.00350894,0.0599023,0.274896,1,0,,0,0,0,0,0,0,0,0,103808,104555,0,232,0
522978,1,0,2.83996e-005,0.00281283,0.0541934,0.302333,1,0,,0,0,0,0,0,0,0,0,103808,104555,0,232,0
523078,1,0,1.98797e-005,0.00225424,0.0489995,0.300435,1,0,,0,0,0,0,0,0,0,0,103808,104555,0,232,0
523178,1,0,1.39158e-005,0.00180618,0.0442801,0.273923,1,0,,0,0,0,0,0,0,0,0,103808,104555,0,232,0
523278,1,0,9.74105e-006,0.00144689,0.0399968,0.270561,1,0,,0,0,0,0,0,0,0,0,103808,104555,0,232,0
523378,1,0,6.81874e-006,0.00115888,0.036113,0.2563,1,0,,0,0,0,0,0,0,0,0,103808,104555,0,232,0
523478,1,0,4.77312e-006,0.000928056,0.0325945,0.282962,1,0,,0,0,0,0,0,0,0,0,103808,104555,0,232,0
523578,1,0,3.34118e-006,0.000743113,0.0294094,0.26686,1,0,,0,0,0,0,0,0,0,0,103808,104555,0,232,0
523678,1,0,2.33883e-006,0.000594958,0.0265279,0.290284,1,0,,0,0,0,0,0,0,0,0,103808,104555,0,232,0
523778,1,5,1.5,0.300476,0.0539228,0.293447,1,0,,0,0,0,0,0,0,0,0,103808,104555,0,232,0
523878,1,0,1.05,0.450381,0.0935686,0.317509,1,0,,0,0,0,0,0,0,0,0,103808,104555,0,232,0
523978,1,0,0.735001,0.507305,0.134942,0.301013,1,0,,0,0,0,0,0,0,0,0,103808,104555,0,232,0
524078,1,0,0.514501,0.508744,0.172322,0.289338,1,0,,0,0,0,0,0,0,0,0,103808,104555,0,232,0
524178,1,0,0.36015,0.479026,0.202993,0.279198,1,0,,0,0,0,0,0,0,0,0,103808,104555,0,232,0
524278,1,0,0.252105,0.433641,0.226058,0.261913,1,0,,0,0,0,0,0,0,0,0,103808,104555,0,232,0
524378,1,0,0.176474,0.382208,0.241673,0.305789,1,0,,0,0,0,0,0,0,0,0,103808,104555,0,232,0
524478,1,0,0.123532,0.330473,0.250553,0.258988,1,0,,0,0,0,0,0,0,0,0,103808,104555,0,232,0
524578,1,0,0.0864721,0.281673,0.253665,0.269736,1,0,,0,0,0,0,0,0,0,0,103808,104555,0,232,0
524678,1,0,0.0605305,0.237444,0.252043,0.309113,1,0,,0,0,0,0,0,0,0,0,103808,104555,0,232,0
524778,1,0,0.0423713,0.19843,0.246681,0.2812,1,0,,0,0,0,0,0,0,0,0,103808,104555,0,232,0
524878,1,0,0.0296599,0.164676,0.238481,0.279614,1,0,,0,0,0,0,0,0,0,0,103808,104555,0,232,0
524978,1,0,0.020762,0.135893,0.228222,0.258677,1,0,,0,0,0,0,0,0,0,0,103808,104555,0,232,0
525078,1,0,0.0145334,0.111621,0.216562,0.239689,1,0,,0,0,0,0,0,0,0,0,103808,104555,0,232,0
525178,1,0,0.0101734,0.0913315,0.204039,0.302762,1,0,,0,0,0,0,0,0,0,0,103808,104555,0,232,0
525278,1,0,0.00712135,0.0744894,0.191084,0.287188,1,0,,0,0,0,0,0,0,0,0,103808,104555,0,232,0
525378,1,0,0.00498494,0.0605885,0.178034,0.282949,1,0,,0,0,0,0,0,0,0,0,103808,104555,0,232,0
525478,1,0,0.00348946,0.0491687,0.165148,0.259425,1,0,,0,0,0,0,0,0,0,0,103808,104555,0,232,0
525578,1,0,0.00244262,0.0398235,0.152615,0.262337,1,0,,0,0,0,0,0,0,0,0,103808,104555,0,232,0
525678,1,0,0.00170984,0.0322008,0.140574,0.269786,1,0,,0,0,0,0,0,0,0,0,103808,104555,0,232,0
525778,1,0,0.00119689,0.026,0.129116,0.268149,1,0,,0,0,0,0,0,0,0,0,103808,104555,0,232,0
525878,1,0,0.00083782,0.0209676,0.118302,0.25005,1,0,,0,0,0,0,0,0,0,0,103808,104555,0,232,0
525978,1,0,0.000586474,0.0168913,0.108161,0.286476,1,0,,0,0,0,0,0,0,0,0,103808,104555,0,232,0
526078,1,0,0.000410532,0.0135952,0.098704,0.308187,1,0,,0,0,0,0,0,0,0,0,103808,104555,0,232,0
526178,1,0,0.000287372,0.0109336,0.089927,0.321813,1,0,,0,0,0,0,0,0,0,0,103808,104555,0,232,0
526278,1,0,0.00020116,0.00878713,0.081813,0.286,1,0,,0,0,0,0,0,0,0,0,103808,104555,0,232,0
526378,1,0,0.000140812,0.00705786,0.0743375,0.255036,1,0,,0,0,0,0,0,0,0,0,103808,104555,0,232,0
526478,1,0,9.85686e-005,0.00566601,0.0674703,0.312261,1,0,,0,0,0,0,0,0,0,0,103808,104555,0,232,0
526578,1,0,6.8998e-005,0.0045466,0.061178,0.257611,1,0,,0,0,0,0,0,0,0,0,103808,104555,0,232,0
526678,1,0,4.82986e-005,0.00364694,0.0554249,0.259474,1,0,,0,0,0,0,0,0,0,0,103808,104555,0,232,0
526778,1,0,3.3809e-005,0.00292432,0.0501748,0.279989,1,0,,0,0,0,0,0,0,0,0,103808,104555,0,232,0
526878,1,0,2.36663e-005,0.00234419,0.0453917,0.277763,1,0,,0,0,0,0,0,0,0,0,103808,104555,0,232,0
526978,1,0,1.65664e-005,0.00187866,0.0410404,0.308811,1,0,,0,0,0,0,0,0,0,0,103808,104555,0,232,0
527078,1,0,1.15965e-005,0.00150525,0.0370869,0.325474,1,0,,0,0,0,0,0,0,0,0,103808,104555,0,232,0
527178,1,0,8.11755e-006,0.00120582,0.0334988,0.293412,1,0,,0,0,0,0,0,0,0,0,103808,104555,0,232,0
527278,1,0,5.68229e-006,0.000965795,0.0302455,0.285725,1,0,,0,0,0,0,0,0,0,0,103808,104555,0,232,0
527378,1,0,3.9776e-006,0.000773431,0.0272983,0.255713,1,0,,0,0,0,0,0,0,0,0,103808,104555,0,232,0
527478,1,0,2.78432e-006,0.000619302,0.0246304,0.275911,1,0,,0,0,0,0,0,0,0,0,103808,104555,0,232,0
527578,1,0,1.94902e-006,0.000495831,0.0222169,0.286698,1,0,,0,0,0,0,0,0,0,0,103808,104555,0,232,0
527678,1,0,1.36432e-006,0.000396938,0.0200349,0.265473,1,0,,0,0,0,0,0,0,0,0,103808,104555,0,232,0
527778,1,6,1.8,0.360318,0.0540632,0.281848,1,0,,0,0,0,0,0,0,0,0,103808,104555,0,232,0
527878,1,0,1.26,0.540254,0.102682,0.28401,1,0,,0,0,0,0,0,0,0,0,103808,104555,0,232,0
527978,1,0,0.882001,0.608604,0.153274,0.299347,1,0,,0,0,0,0,0,0,0,0,103808,104555,0,232,0
528078,1,0,0.6174,0.610363,0.198983,0.282719,1,0,,0,0,0,0,0,0,0,0,103808,104555,0,232,0
528178,1,0,0.43218,0.574726,0.236558,0.274094,1,0,,0,0,0,0,0,0,0,0,103808,104555,0,232,0
528278,1,0,0.302526,0.520286,0.26493,0.26607,1,0,,0,0,0,0,0,0,0,0,103808,104555,0,232,0
528378,1,0,0.211768,0.458583,0.284296,0.276006,1,0,,0,0,0,0,0,0,0,0,103808,104555,0,232,0
528478,1,0,0.148238,0.396514,0.295518,0.273169,1,0,,0,0,0,0,0,0,0,0,103808,104555,0,232,0
528578,1,0,0.103766,0.337964,0.299762,0.292305,1,0,,0,0,0,0,0,0,0,0,103808,104555,0,232,0
528678,1,0,0.0726365,0.284899,0.298276,0.329242,1,0,,0,0,0,0,0,0,0,0,103808,104555,0,232,0
528778,1,0,0.0508456,0.238088,0.292257,0.266707,1,0,,0,0,0,0,0,0,0,0,103808,104555,0,232,0
528878,1,0,0.0355919,0.197589,0.28279,0.274157,1,0,,0,0,0,0,0,0,0,0,103808,104555,0,232,0
528978,1,0,0.0249143,0.163054,0.270817,0.277594,1,0,,0,0,0,0,0,0,0,0,103808,104555,0,232,0
529078,1,0,0.01744,0.133931,0.257128,0.291495,1,0,,0,0,0,0,0,0,0,0,103808,104555,0,232,0
529178,1,0,0.012208,0.109587,0.242374,0.283745,1,0,,0,0,0,0,0,0,0,0,103808,104555,0,232,0
529278,1,0,0.00854561,0.0893784,0.227074,0.272282,1,0,,0,0,0,0,0,0,0,0,103808,104555,0,232,0
529378,1,0,0.00598193,0.0726991,0.211637,0.271701,1,0,,0,0,0,0,0,0,0,0,103808,104555,0,232,0
529478,1,0,0.00418735,0.0589967,0.196373,0.27285,1,0,,0,0,0,0,0,0,0,0,103808,104555,0,232,0
529578,1,0,0.00293115,0.0477836,0.181514,0.290549,1,0,,0,0,0,0,0,0,0,0,103808,104555,0,232,0
529678,1,0,0.0020518,0.0386373,0.167226,0.286162,1,0,,0,0,0,0,0,0,0,0,103808,104555,0,232,0
529778,1,0,0.00143626,0.0311971,0.153623,0.286948,1,0,,0,0,0,0,0,0,0,0,103808,104555,0,232,0
529878,1,0,0.00100538,0.0251587,0.140777,0.286022,1,0,,0,0,0,0,0,0,0,0,103808,104555,0,232,0
529978,1,0,0.000703768,0.0202677,0.128726,0.26216,1,0,,0,0,0,0,0,0,0,0,103808,104555,0,232,0
530078,1,0,0.000492637,0.0163127,0.117485,0.303999,1,0,,0,0,0,0,0,0,0,0,103808,104555,0,232,0
530178,1,0,0.000344846,0.0131191,0.107048,0.273337,1,0,,0,0,0,0,0,0,0,0,103808,104555,0,232,0
530278,1,0,0.000241392,0.0105436,0.0973976,0.292137,1,0,,0,0,0,0,0,0,0,0,103808,104555,0,232,0
530378,1,0,0.000168975,0.00846867,0.0885047,0.27555,1,0,,0,0,0,0,0,0,0,0,103808,104555,0,232,0
530478,1,0,0.000118282,0.00679859,0.0803341,0.287539,1,0,,0,0,0,0,0,0,0,0,103808,104555,0,232,0
530578,1,0,8.27976e-005,0.00545543,0.0728462,0.305879,1,0,,0,0,0,0,0,0,0,0,103808,104555,0,232,0
530678,1,0,5.79583e-005,0.00437594,0.0659992,0.297778,1,0,,0,0,0,0,0,0,0,0,103808,104555,0,232,0
530778,1,0,4.05708e-005,0.00350886,0.0597501,0.293366,1,0,,0,0,0,0,0,0,0,0,103808,104555,0,232,0
530878,1,0,2.83996e-005,0.00281277,0.0540564,0.261153,1,0,,0,0,0,0,0,0,0,0,103808,104555,0,232,0
530978,1,0,1.98797e-005,0.00225419,0.0488762,0.299889,1,0,,0,0,0,0,0,0,0,0,103808,104555,0,232,0
531078,1,0,1.39158e-005,0.00180614,0.0441692,0.299563,1,0,,0,0,0,0,0,0,0,0,103808,104555,0,232,0
531178,1,0,9.74105e-006,0.00144686,0.0398969,0.294634,1,0,,0,0,0,0,0,0,0,0,103808,104555,0,232,0
531278,1,0,6.81873e-006,0.00115885,0.0360231,0.297896,1,0,,0,0,0,0,0,0,0,0,103808,104555,0,232,0
531378,1,0,4.77311e-006,0.000928035,0.0325136,0.276134,1,0,,0,0,0,0,0,0,0,0,103808,104555,0,232,0
531478,1,0,3.34118e-006,0.000743096,0.0293366,0.267494,1,0,,0,0,0,0,0,0,0,0,103808,104555,0,232,0
531578,1,0,2.33883e-006,0.000594945,0.0264624,0.290118,1,0,,0,0,0,0,0,0,0,0,103808,104555,0,232,0
531678,1,6,1.8,0.360476,0.0598638,0.258612,1,0,,0,0,0,0,0,0,0,0,103808,104555,0,232,0
531778,1,0,1.26,0.540381,0.107916,0.29285,1,0,,0,0,0,0,0,0,0,0,103808,104555,0,232,0
531878,1,0,0.882001,0.608705,0.157995,0.270062,1,0,,0,0,0,0,0,0,0,0,103808,104555,0,232,0
531978,1,0,0.617401,0.610444,0.20324,0.300262,1,0,,0,0,0,0,0,0,0,0,103808,104555,0,232,0
532078,1,0,0.43218,0.574792,0.240395,0.276848,1,0,,0,0,0,0,0,0,0,0,103808,104555,0,232,0
532178,1,0,0.302526,0.520338,0.268389,0.270747,1,0,,0,0,0,0,0,0,0,0,103808,104555,0,232,0
532278,1,0,0.211768,0.458624,0.287413,0.247896,1,0,,0,0,0,0,0,0,0,0,103808,104555,0,232,0
532378,1,0,0.148238,0.396547,0.298326,0.330086,1,0,,0,0,0,0,0,0,0,0,103808,104555,0,232,0
532478,1,0,0.103767,0.337991,0.302293,0.288073,1,0,,0,0,0,0,0,0,0,0,103808,104555,0,232,0
532578,1,0,0.0726366,0.28492,0.300555,0.273248,1,0,,0,0,0,0,0,0,0,0,103808,104555,0,232,0
532678,1,0,0.0508456,0.238105,0.29431,0.287761,1,0,,0,0,0,0,0,0,0,0,103808,104555,0,232,0
532778,1,0,0.0355919,0.197603,0.28464,0.308836,1,0,,0,0,0,0,0,0,0,0,103808,104555,0,232,0
532878,1,0,0.0249143,0.163065,0.272482,0.28371,1,0,,0,0,0,0,0,0,0,0,103808,104555,0,232,0
532978,1,0,0.01744,0.13394,0.258628,0.269553,1,0,,0,0,0,0,0,0,0,0,103808,104555,0,232,0
533078,1,0,0.012208,0.109594,0.243724,0.307739,1,0,,0,0,0,0,0,0,0,0,103808,104555,0,232,0
533178,1,0,0.00854562,0.089384,0.22829,0.267377,1,0,,0,0,0,0,0,0,0,0,103808,104555,0,232,0
533278,1,0,0.00598193,0.0727036,0.212732,0.273729,1,0,,0,0,0,0,0,0,0,0,103808,104555,0,232,0
533378,1,0,0.00418735,0.0590003,0.197359,0.294405,1,0,,0,0,0,0,0,0,0,0,103808,104555,0,232,0
533478,1,0,0.00293115,0.0477865,0.182401,0.275004,1,0,,0,0,0,0,0,0,0,0,103808,104555,0,232,0
533578,1,0,0.0020518,0.0386396,0.168025,0.276556,1,0,,0,0,0,0,0,0,0,0,103808,104555,0,232,0
533678,1,0,0.00143626,0.0311989,0.154343,0.271457,1,0,,0,0,0,0,0,0,0,0,103808,104555,0,232,0
533778,1,0,0.00100538,0.0251602,0.141424,0.337582,1,0,,0,0,0,0,0,0,0,0,103808,104555,0,232,0
533878,1,0,0.000703768,0.0202689,0.129309,0.300434,1,0,,0,0,0,0,0,0,0,0,103808,104555,0,232,0
533978,1,0,0.000492638,0.0163137,0.118009,0.275009,1,0,,0,0,0,0,0,0,0,0,103808,104555,0,232,0
534078,1,0,0.000344846,0.0131199,0.10752,0.319307,1,0,,0,0,0,0,0,0,0,0,103808,104555,0,232,0
534178,1,0,0.000241392,0.0105442,0.0978227,0.294781,1,0,,0,0,0,0,0,0,0,0,103808,104555,0,232,0
534278,1,0,0.000168975,0.00846915,0.0888873,0.30778,1,0,,0,0,0,0,0,0,0,0,103808,104555,0,232,0
534378,1,0,0.000118282,0.00679898,0.0806785,0.281967,1,0,,0,0,0,0,0,0,0,0,103808,104555,0,232,0
534478,1,0,8.27976e-005,0.00545574,0.0731562,0.295104,1,0,,0,0,0,0,0,0,0,0,103808,104555,0,232,0
534578,1,0,5.79583e-005,0.00437618,0.0662782,0.278228,1,0,,0,0,0,0,0,0,0,0,103808,104555,0,232,0
534678,1,0,4.05708e-005,0.00350906,0.0600013,0.31414,1,0,,0,0,0,0,0,0,0,0,103808,104555,0,232,0
534778,1,0,2.83996e-005,0.00281293,0.0542825,0.282065,1,0,,0,0,0,0,0,0,0,0,103808,104555,0,232,0
534878,1,0,1.98797e-005,0.00225432,0.0490796,0.27234,1,0,,0,0,0,0,0,0,0,0,103808,104555,0,232,0
534978,1,0,1.39158e-005,0.00180624,0.0443523,0.265453,1,0,,0,0,0,0,0,0,0,0,103808,104555,0,232,0
535078,1,0,9.74105e-006,0.00144694,0.0400618,0.270516,1,0,,0,0,0,0,0,0,0,0,103808,104555,0,232,0
535178,1,0,6.81874e-006,0.00115892,0.0361715,0.298002,1,0,,0,0,0,0,0,0,0,0,103808,104555,0,232,0
535278,1,0,4.77312e-006,0.000928087,0.0326471,0.266813,1,0,,0,0,0,0,0,0,0,0,103808,104555,0,232,0
535378,1,0,3.34118e-006,0.000743138,0.0294567,0.300786,1,0,,0,0,0,0,0,0,0,0,103808,104555,0,232,0
535478,1,0,2.33883e-006,0.000594978,0.0265706,0.295373,1,0,,0,0,0,0,0,0,0,0,103808,104555,0,232,0
535578,1,6,1.8,0.360476,0.0599611,0.261711,1,0,,0,0,0,0,0,0,0,0,103808,104555,0,232,0
535678,1,0,1.26,0.540381,0.108003,0.278847,1,0,,0,0,0,0,0,0,0,0,103808,104555,0,232,0
535778,1,0,0.882001,0.608705,0.158073,0.272309,1,0,,0,0,0,0,0,0,0,0,103808,104555,0,232,0
535878,1,0,0.617401,0.610444,0.20331,0.295022,1,0,,0,0,0,0,0,0,0,0,103808,104555,0,232,0
535978,1,0,0.43218,0.574792,0.240459,0.314471,1,0,,0,0,0,0,0,0,0,0,103808,104555,0,232,0
536078,1,0,0.302526,0.520338,0.268447,0.278584,1,0,,0,0,0,0,0,0,0,0,103808,104555,0,232,0
536178,1,0,0.211768,0.458624,0.287464,0.273421,1,0,,0,0,0,0,0,0,0,0,103808,104555,0,232,0
536278,1,0,0.148238,0.396547,0.298373,0.28307,1,0,,0,0,0,0,0,0,0,0,103808,104555,0,232,0
536378,1,0,0.103767,0.337991,0.302334,0.281697,1,0,,0,0,0,0,0,0,0,0,103808,104555,0,232,0
536478,1,0,0.0726366,0.28492,0.300593,0.305137,1,0,,0,0,0,0,0,0,0,0,103808,104555,0,232,0
536578,1,0,0.0508456,0.238105,0.294344,0.292648,1,0,,0,0,0,0,0,0,0,0,103808,104555,0,232,0
536678,1,0,0.0355919,0.197603,0.28467,0.295436,1,0,,0,0,0,0,0,0,0,0,103808,104555,0,232,0
536778,1,0,0.0249143,0.163065,0.27251,0.293423,1,0,,0,0,0,0,0,0,0,0,103808,104555,0,232,0
536878,1,0,0.01744,0.13394,0.258653,0.27471,1,0,,0,0,0,0,0,0,0,0,103808,104555,0,232,0
536978,1,0,0.012208,0.109594,0.243747,0.260373,1,0,,0,0,0,0,0,0,0,0,103808,104555,0,232,0
537078,1,0,0.00854562,0.089384,0.22831,0.291361,1,0,,0,0,0,0,0,0,0,0,103808,104555,0,232,0
537178,1,0,0.00598193,0.0727036,0.21275,0.298073,1,0,,0,0,0,0,0,0,0,0,103808,104555,0,232,0
537278,1,0,0.00418735,0.0590003,0.197375,0.251898,1,0,,0,0,0,0,0,0,0,0,103808,104555,0,232,0
537378,1,0,0.00293115,0.0477865,0.182416,0.293248,1,0,,0,0,0,0,0,0,0,0,103808,104555,0,232,0
537478,1,0,0.0020518,0.0386396,0.168038,0.289586,1,0,,0,0,0,0,0,0,0,0,103808,104555,0,232,0
537578,1,0,0.00143626,0.0311989,0.154354,0.292198,1,0,,0,0,0,0,0,0,0,0,103808,104555,0,232,0
537678,1,0,0.00100538,0.0251602,0.141435,0.278897,1,0,,0,0,0,0,0,0,0,0,103808,104555,0,232,0
537778,1,0,0.000703768,0.0202689,0.129318,0.264882,1,0,,0,0,0,0,0,0,0,0,103808,104555,0,232,0
537878,1,0,0.000492638,0.0163137,0.118018,0.314768,1,0,,0,0,0,0,0,0,0,0,103808,104555,0,232,0
537978,1,0,0.000344846,0.0131199,0.107528,0.277945,1,0,,0,0,0,0,0,0,0,0,103808,104555,0,232,0
538078,1,0,0.000241392,0.0105442,0.0978297,0.286446,1,0,,0,0,0,0,0,0,0,0,103808,104555,0,232,0
538178,1,0,0.000168975,0.00846915,0.0888936,0.27021,1,0,,0,0,0,0,0,0,0,0,103808,104555,0,232,0
538278,1,0,0.000118282,0.00679898,0.0806841,0.277985,1,0,,0,0,0,0,0,0,0,0,103808,104555,0,232,0
538378,1,0,8.27976e-005,0.00545574,0.0731613,0.248927,1,0,,0,0,0,0,0,0,0,0,103808,104555,0,232,0
538478,1,0,5.79583e-005,0.00437618,0.0662828,0.245778,1,0,,0,0,0,0,0,0,0,0,103808,104555,0,232,0
538578,1,0,4.05708e-005,0.00350906,0.0600054,0.262891,1,0,,0,0,0,0,0,0,0,0,103808,104555,0,232,0
538678,1,0,2.83996e-005,0.00281293,0.0542862,0.30844,1,0,,0,0,0,0,0,0,0,0,103808,104555,0,232,0
538778,1,0,1.98797e-005,0.00225432,0.049083,0.270229,1,0,,0,0,0,0,0,0,0,0,103808,104555,0,232,0
538878,1,0,1.39158e-005,0.00180624,0.0443553,0.293816,1,0,,0,0,0,0,0,0,0,0,103808,104555,0,232,0
538978,1,0,9.74105e-006,0.00144694,0.0400645,0.286241,1,0,,0,0,0,0,0,0,0,0,103808,104555,0,232,0
539078,1,0,6.81874e-006,0.00115892,0.0361739,0.289093,1,0,,0,0,0,0,0,0,0,0,103808,104555,0,232,0
539178,1,0,4.77312e-006,0.000928087,0.0326493,0.302156,1,0,,0,0,0,0,0,0,0,0,103808,104555,0,232,0
539278,1,0,3.34118e-006,0.000743138,0.0294587,0.301841,1,0,,0,0,0,0,0,0,0,0,103808,104555,0,232,0
539378,1,0,2.33883e-006,0.000594978,0.0265723,0.281514,1,0,,0,0,0,0,0,0,0,0,103808,104555,0,232,0
539478,1,0,1.63718e-006,0.00047631,0.0239627,0.303226,1,0,,0,0,0,0,0,0,0,0,103808,104555,0,232,0
539578,1,6,1.8,0.360381,0.0576046,0.29191,1,0,,0,0,0,0,0,0,0,0,103808,104555,0,232,0
539678,1,0,1.26,0.540305,0.105875,0.282609,1,0,,0,0,0,0,0,0,0,0,103808,104555,0,232,0
539778,1,0,0.882001,0.608644,0.156152,0.279532,1,0,,0,0,0,0,0,0,0,0,103808,104555,0,232,0
539878,1,0,0.6174,0.610396,0.201576,0.266584,1,0,,0,0,0,0,0,0,0,0,103808,104555,0,232,0
539978,1,0,0.43218,0.574753,0.238894,0.280571,1,0,,0,0,0,0,0,0,0,0,103808,104555,0,232,0
540078,1,0,0.302526,0.520307,0.267035,0.28177,1,0,,0,0,0,0,0,0,0,0,103808,104555,0,232,0
540178,1,0,0.211768,0.458599,0.286191,0.288631,1,0,,0,0,0,0,0,0,0,0,103808,104555,0,232,0
540278,1,0,0.148238,0.396527,0.297225,0.281394,1,0,,0,0,0,0,0,0,0,0,103808,104555,0,232,0
540378,1,0,0.103766,0.337975,0.3013,0.274108,1,0,,0,0,0,0,0,0,0,0,103808,104555,0,232,0
540478,1,0,0.0726365,0.284907,0.299661,0.322544,1,0,,0,0,0,0,0,0,0,0,103808,104555,0,232,0
540578,1,0,0.0508456,0.238095,0.293504,0.288281,1,0,,0,0,0,0,0,0,0,0,103808,104555,0,232,0
540678,1,0,0.0355919,0.197594,0.283913,0.270593,1,0,,0,0,0,0,0,0,0,0,103808,104555,0,232,0
540778,1,0,0.0249143,0.163058,0.271828,0.262255,1,0,,0,0,0,0,0,0,0,0,103808,104555,0,232,0
540878,1,0,0.01744,0.133935,0.258038,0.286491,1,0,,0,0,0,0,0,0,0,0,103808,104555,0,232,0
540978,1,0,0.012208,0.109589,0.243193,0.288177,1,0,,0,0,0,0,0,0,0,0,103808,104555,0,232,0
541078,1,0,0.00854561,0.0893806,0.227812,0.267726,1,0,,0,0,0,0,0,0,0,0,103808,104555,0,232,0
541178,1,0,0.00598193,0.0727009,0.212301,0.304627,1,0,,0,0,0,0,0,0,0,0,103808,104555,0,232,0
541278,1,0,0.00418735,0.0589982,0.196971,0.261627,1,0,,0,0,0,0,0,0,0,0,103808,104555,0,232,0
541378,1,0,0.00293115,0.0477848,0.182052,0.289825,1,0,,0,0,0,0,0,0,0,0,103808,104555,0,232,0
541478,1,0,0.0020518,0.0386382,0.167711,0.330275,1,0,,0,0,0,0,0,0,0,0,103808,104555,0,232,0
541578,1,0,0.00143626,0.0311978,0.154059,0.2737,1,0,,0,0,0,0,0,0,0,0,103808,104555,0,232,0
541678,1,0,0.00100538,0.0251593,0.141169,0.282413,1,0,,0,0,0,0,0,0,0,0,103808,104555,0,232,0
541778,1,0,0.000703768,0.0202682,0.129079,0.262299,1,0,,0,0,0,0,0,0,0,0,103808,104555,0,232,0
541878,1,0,0.000492638,0.0163131,0.117803,0.252336,1,0,,0,0,0,0,0,0,0,0,103808,104555,0,232,0
541978,1,0,0.000344846,0.0131194,0.107334,0.303727,1,0,,0,0,0,0,0,0,0,0,103808,104555,0,232,0
542078,1,0,0.000241392,0.0105438,0.0976553,0.287063,1,0,,0,0,0,0,0,0,0,0,103808,104555,0,232,0
542178,1,0,0.000168975,0.00846886,0.0887366,0.274288,1,0,,0,0,0,0,0,0,0,0,103808,104555,0,232,0
542278,1,0,0.000118282,0.00679875,0.0805429,0.343112,1,0,,0,0,0,0,0,0,0,0,103808,104555,0,232,0
542378,1,0,8.27976e-005,0.00545556,0.0730341,0.284737,1,0,,0,0,0,0,0,0,0,0,103808,104555,0,232,0
542478,1,0,5.79583e-005,0.00437604,0.0661683,0.281425,1,0,,0,0,0,0,0,0,0,0,103808,104555,0,232,0
542578,1,0,4.05708e-005,0.00350894,0.0599024,0.301651,1,0,,0,0,0,0,0,0,0,0,103808,104555,0,232,0
542678,1,0,2.83996e-005,0.00281283,0.0541934,0.326126,1,0,,0,0,0,0,0,0,0,0,103808,104555,0,232,0
542778,1,0,1.98797e-005,0.00225424,0.0489995,0.345636,1,0,,0,0,0,0,0,0,0,0,103808,104555,0,232,0
542878,1,0,1.39158e-005,0.00180618,0.0442802,0.267323,1,0,,0,0,0,0,0,0,0,0,103808,104555,0,232,0
542978,1,0,9.74105e-006,0.00144689,0.0399968,0.273298,1,0,,0,0,0,0,0,0,0,0,103808,104555,0,232,0
543078,1,0,6.81874e-006,0.00115888,0.036113,0.286973,1,0,,0,0,0,0,0,0,0,0,103808,104555,0,232,0
543178,1,0,4.77312e-006,0.000928056,0.0325945,0.255275,1,0,,0,0,0,0,0,0,0,0,103808,104555,0,232,0
543278,1,0,3.34118e-006,0.000743113,0.0294094,0.264775,1,0,,0,0,0,0,0,0,0,0,103808,104555,0,232,0
543378,1,0,2.33883e-006,0.000594958,0.026528,0.284088,1,0,,0,0,0,0,0,0,0,0,103808,104555,0,232,0
543478,1,6,1.8,0.360476,0.0599228,0.329568,1,0,,0,0,0,0,0,0,0,0,103808,104555,0,232,0
543578,1,0,1.26,0.540381,0.107969,0.271793,1,0,,0,0,0,0,0,0,0,0,103808,104555,0,232,0
543678,1,0,0.882001,0.608705,0.158042,0.263044,1,0,,0,0,0,0,0,0,0,0,103808,104555,0,232,0
543778,1,0,0.617401,0.610444,0.203283,0.298373,1,0,,0,0,0,0,0,0,0,0,103808,104555,0,232,0
543878,1,0,0.43218,0.574792,0.240433,0.308137,1,0,,0,0,0,0,0,0,0,0,103808,104555,0,232,0
543978,1,0,0.302526,0.520338,0.268424,0.2624,1,0,,0,0,0,0,0,0,0,0,103808,104555,0,232,0
544078,1,0,0.211768,0.458624,0.287444,0.299452,1,0,,0,0,0,0,0,0,0,0,103808,104555,0,232,0
544178,1,0,0.148238,0.396547,0.298354,0.303415,1,0,,0,0,0,0,0,0,0,0,103808,104555,0,232,0
544278,1,0,0.103767,0.337991,0.302318,0.300478,1,0,,0,0,0,0,0,0,0,0,103808,104555,0,232,0
544378,1,0,0.0726366,0.28492,0.300578,0.257564,1,0,,0,0,0,0,0,0,0,0,103808,104555,0,232,0
544478,1,0,0.0508456,0.238105,0.294331,0.295289,1,0,,0,0,0,0,0,0,0,0,103808,104555,0,232,0
544578,1,0,0.0355919,0.197603,0.284658,0.262476,1,0,,0,0,0,0,0,0,0,0,103808,104555,0,232,0
544678,1,0,0.0249143,0.163065,0.272499,0.27515,1,0,,0,0,0,0,0,0,0,0,103808,104555,0,232,0
544778,1,0,0.01744,0.13394,0.258643,0.282361,1,0,,0,0,0,0,0,0,0,0,103808,104555,0,232,0
544878,1,0,0.012208,0.109594,0.243738,0.283387,1,0,,0,0,0,0,0,0,0,0,103808,104555,0,232,0
544978,1,0,0.00854562,0.089384,0.228302,0.272588,1,0,,0,0,0,0,0,0,0,0,103808,104555,0,232,0
545078,1,0,0.00598193,0.0727036,0.212743,0.280102,1,0,,0,0,0,0,0,0,0,0,103808,104555,0,232,0
545178,1,0,0.00418735,0.0590003,0.197368,0.261763,1,0,,0,0,0,0,0,0,0,0,103808,104555,0,232,0
545278,1,0,0.00293115,0.0477865,0.18241,0.307775,1,0,,0,0,0,0,0,0,0,0,103808,104555,0,232,0
545378,1,0,0.0020518,0.0386396,0.168033,0.308438,1,0,,0,0,0,0,0,0,0,0,103808,104555,0,232,0
545478,1,0,0.00143626,0.0311989,0.15435,0.276887,1,0,,0,0,0,0,0,0,0,0,103808,104555,0,232,0
545578,1,0,0.00100538,0.0251602,0.141431,0.265039,1,0,,0,0,0,0,0,0,0,0,103808,104555,0,232,0
545678,1,0,0.000703768,0.0202689,0.129315,0.254314,1,0,,0,0,0,0,0,0,0,0,103808,104555,0,232,0
545778,1,0,0.000492638,0.0163137,0.118014,0.271001,1,0,,0,0,0,0,0,0,0,0,103808,104555,0,232,0
545878,1,0,0.000344846,0.0131199,0.107525,0.281664,1,0,,0,0,0,0,0,0,0,0,103808,104555,0,232,0
545978,1,0,0.000241392,0.0105442,0.0978269,0.279453,1,0,,0,0,0,0,0,0,0,0,103808,104555,0,232,0
546078,1,0,0.000168975,0.00846915,0.0888911,0.315468,1,0,,0,0,0,0,0,0,0,0,103808,104555,0,232,0
546178,1,0,0.000118282,0.00679898,0.0806819,0.277728,1,0,,0,0,0,0,0,0,0,0,103808,104555,0,232,0
546278,1,0,8.27976e-005,0.00545574,0.0731593,0.282255,1,0,,0,0,0,0,0,0,0,0,103808,104555,0,232,0
546378,1,0,5.79583e-005,0.00437618,0.066281,0.287894,1,0,,0,0,0,0,0,0,0,0,103808,104555,0,232,0
546478,1,0,4.05708e-005,0.00350906,0.0600038,0.276034,1,0,,0,0,0,0,0,0,0,0,103808,104555,0,232,0
546578,1,0,2.83996e-005,0.00281293,0.0542847,0.248384,1,0,,0,0,0,0,0,0,0,0,103808,104555,0,232,0
546678,1,0,1.98797e-005,0.00225432,0.0490817,0.288549,1,0,,0,0,0,0,0,0,0,0,103808,104555,0,232,0
546778,1,0,1.39158e-005,0.00180624,0.0443541,0.284437,1,0,,0,0,0,0,0,0,0,0,103808,104555,0,232,0
546878,1,0,9.74105e-006,0.00144694,0.0400634,0.293524,1,0,,0,0,0,0,0,0,0,0,103808,104555,0,232,0
546978,1,0,6.81874e-006,0.00115892,0.0361729,0.276898,1,0,,0,0,0,0,0,0,0,0,103808,104555,0,232,0
547078,1,0,4.77312e-006,0.000928087,0.0326485,0.276621,1,0,,0,0,0,0,0,0,0,0,103808,104555,0,232,0
547178,1,0,3.34118e-006,0.000743138,0.0294579,0.325534,1,0,,0,0,0,0,0,0,0,0,103808,104555,0,232,0
547278,1,0,2.33883e-006,0.000594978,0.0265716,0.287847,1,0,,0,0,0,0,0,0,0,0,103808,104555,0,232,0
547378,1,0,1.63718e-006,0.00047631,0.0239621,0.315117,1,0,,0,0,0,0,0,0,0,0,103808,104555,0,232,0
547478,1,6,1.8,0.360381,0.057604,0.310975,1,0,,0,0,0,0,0,0,0,0,103808,104555,0,232,0
547578,1,0,1.26,0.540305,0.105874,0.262338,1,0,,0,0,0,0,0,0,0,0,103808,104555,0,232,0
547678,1,0,0.882001,0.608644,0.156151,0.303964,1,0,,0,0,0,0,0,0,0,0,103808,104555,0,232,0
547778,1,0,0.6174,0.610396,0.201576,0.279566,1,0,,0,0,0,0,0,0,0,0,103808,104555,0,232,0
547878,1,0,0.43218,0.574753,0.238893,0.268317,1,0,,0,0,0,0,0,0,0,0,103808,104555,0,232,0
547978,1,0,0.302526,0.520307,0.267035,0.279729,1,0,,0,0,0,0,0,0,0,0,103808,104555,0,232,0
548078,1,0,0.211768,0.458599,0.286191,0.276618,1,0,,0,0,0,0,0,0,0,0,103808,104555,0,232,0
548178,1,0,0.148238,0.396527,0.297225,0.291556,1,0,,0,0,0,0,0,0,0,0,103808,104555,0,232,0
548278,1,0,0.103766,0.337975,0.3013,0.285706,1,0,,0,0,0,0,0,0,0,0,103808,104555,0,232,0
548378,1,0,0.0726365,0.284907,0.299661,0.268404,1,0,,0,0,0,0,0,0,0,0,103808,104555,0,232,0
548478,1,0,0.0508456,0.238095,0.293504,0.273916,1,0,,0,0,0,0,0,0,0,0,103808,104555,0,232,0
548578,1,0,0.0355919,0.197594,0.283913,0.283587,1,0,,0,0,0,0,0,0,0,0,103808,104555,0,232,0
548678,1,0,0.0249143,0.163058,0.271828,0.272,1,0,,0,0,0,0,0,0,0,0,103808,104555,0,232,0
548778,1,0,0.01744,0.133935,0.258038,0.278172,1,0,,0,0,0,0,0,0,0,0,103808,104555,0,232,0
548878,1,0,0.012208,0.109589,0.243193,0.292209,1,0,,0,0,0,0,0,0,0,0,103808,104555,0,232,0
548978,1,0,0.00854561,0.0893806,0.227812,0.280383,1,0,,0,0,0,0,0,0,0,0,103808,104555,0,232,0
549078,1,0,0.00598193,0.0727009,0.212301,0.293871,1,0,,0,0,0,0,0,0,0,0,103808,104555,0,232,0
549178,1,0,0.00418735,0.0589982,0.196971,0.255303,1,0,,0,0,0,0,0,0,0,0,103808,104555,0,232,0
549278,1,0,0.00293115,0.0477848,0.182052,0.272329,1,0,,0,0,0,0,0,0,0,0,103808,104555,0,232,0
549378,1,0,0.0020518,0.0386382,0.167711,0.282466,1,0,,0,0,0,0,0,0,0,0,103808,104555,0,232,0
549478,1,0,0.00143626,0.0311978,0.154059,0.268352,1,0,,0,0,0,0,0,0,0,0,103808,104555,0,232,0
549578,1,0,0.00100538,0.0251593,0.141169,0.296552,1,0,,0,0,0,0,0,0,0,0,103808,104555,0,232,0
549678,1,0,0.000703768,0.0202682,0.129079,0.265992,1,0,,0,0,0,0,0,0,0,0,103808,104555,0,232,0
549778,1,0,0.000492638,0.0163131,0.117803,0.279228,1,0,,0,0,0,0,0,0,0,0,103808,104555,0,232,0
549878,1,0,0.000344846,0.0131194,0.107334,0.281343,1,0,,0,0,0,0,0,0,0,0,103808,104555,0,232,0
549978,1,0,0.000241392,0.0105438,0.0976553,0.302107,1,0,,0,0,0,0,0,0,0,0,103808,104555,0,232,0
550078,1,0,0.000168975,0.00846886,0.0887366,0.29523,1,0,,0,0,0,0,0,0,0,0,103808,104555,0,232,0
550178,1,0,0.000118282,0.00679875,0.0805428,0.280519,1,0,,0,0,0,0,0,0,0,0,103808,104555,0,232,0
550278,1,0,8.27976e-005,0.00545556,0.0730341,0.26702,1,0,,0,0,0,0,0,0,0,0,103808,104555,0,232,0
550378,1,0,5.79583e-005,0.00437604,0.0661683,0.26127,1,0,,0,0,0,0,0,0,0,0,103808,104555,0,232,0
550478,1,0,4.05708e-005,0.00350894,0.0599023,0.260769,1,0,,0,0,0,0,0,0,0,0,103808,104555,0,232,0
550578,1,0,2.83996e-005,0.00281283,0.0541934,0.248733,1,0,,0,0,0,0,0,0,0,0,103808,104555,0,232,0
550678,1,0,1.98797e-005,0.00225424,0.0489995,0.250346,1,0,,0,0,0,0,0,0,0,0,103808,104555,0,232,0
550778,1,0,1.39158e-005,0.00180618,0.0442801,0.269697,1,0,,0,0,0,0,0,0,0,0,103808,104555,0,232,0
550878,1,0,9.74105e-006,0.00144689,0.0399968,0.276772,1,0,,0,0,0,0,0,0,0,0,103808,104555,0,232,0
550978,1,0,6.81874e-006,0.00115888,0.036113,0.292753,1,0,,0,0,0,0,0,0,0,0,103808,104555,0,232,0
551078,1,0,4.77312e-006,0.000928056,0.0325945,0.306403,1,0,,0,0,0,0,0,0,0,0,103808,104555,0,232,0
551178,1,0,3.34118e-006,0.000743113,0.0294094,0.307515,1,0,,0,0,0,0,0,0,0,0,103808,104555,0,232,0
551278,1,0,2.33883e-006,0.000594958,0.0265279,0.280903,1,0,,0,0,0,0,0,0,0,0,103808,104555,0,232,0
551378,1,6,1.8,0.360476,0.0599228,0.265309,1,0,,0,0,0,0,0,0,0,0,103808,104555,0,232,0
551478,1,0,1.26,0.540381,0.107969,0.271959,1,0,,0,0,0,0,0,0,0,0,103808,104555,0,232,0
551578,1,0,0.882001,0.608705,0.158042,0.312385,1,0,,0,0,0,0,0,0,0,0,103808,104555,0,232,0
551678,1,0,0.617401,0.610444,0.203282,0.301321,1,0,,0,0,0,0,0,0,0,0,103808,104555,0,232,0
551778,1,0,0.43218,0.574792,0.240433,0.291346,1,0,,0,0,0,0,0,0,0,0,103808,104555,0,232,0
551878,1,0,0.302526,0.520338,0.268424,0.26622,1,0,,0,0,0,0,0,0,0,0,103808,104555,0,232,0
551978,1,0,0.211768,0.458624,0.287444,0.269118,1,0,,0,0,0,0,0,0,0,0,103808,104555,0,232,0
552078,1,0,0.148238,0.396547,0.298354,0.294719,1,0,,0,0,0,0,0,0,0,0,103808,104555,0,232,0
552178,1,0,0.103767,0.337991,0.302318,0.285098,1,0,,0,0,0,0,0,0,0,0,103808,104555,0,232,0
552278,1,0,0.0726366,0.28492,0.300578,0.301149,1,0,,0,0,0,0,0,0,0,0,103808,104555,0,232,0
552378,1,0,0.0508456,0.238105,0.294331,0.275663,1,0,,0,0,0,0,0,0,0,0,103808,104555,0,232,0
552478,1,0,0.0355919,0.197603,0.284658,0.294625,1,0,,0,0,0,0,0,0,0,0,103808,104555,0,232,0
552578,1,0,0.0249143,0.163065,0.272499,0.289762,1,0,,0,0,0,0,0,0,0,0,103808,104555,0,232,0
552678,1,0,0.01744,0.13394,0.258643,0.273324,1,0,,0,0,0,0,0,0,0,0,103808,104555,0,232,0
552778,1,1,0.312208,0.169594,0.249738,0.309913,1,0,,0,0,0,0,0,0,0,0,103808,104555,0,232,0
552878,1,0,0.218546,0.179384,0.242702,0.294001,1,0,,0,0,0,0,0,0,0,0,103808,104555,0,232,0
552978,1,0,0.152982,0.174104,0.235843,0.320038,1,0,,0,0,0,0,0,0,0,0,103808,104555,0,232,0
553078,1,0,0.107087,0.1607,0.228328,0.262112,1,0,,0,0,0,0,0,0,0,0,103808,104555,0,232,0
553178,1,0,0.0749611,0.143552,0.219851,0.281623,1,0,,0,0,0,0,0,0,0,0,103808,104555,0,232,0
553278,1,0,0.0524728,0.125337,0.210399,0.26066,1,0,,0,0,0,0,0,0,0,0,103808,104555,0,232,0
553378,1,0,0.036731,0.107615,0.200121,0.290185,1,0,,0,0,0,0,0,0,0,0,103808,104555,0,232,0
553478,1,0,0.0257117,0.0912347,0.189232,0.267785,1,0,,0,0,0,0,0,0,0,0,103808,104555,0,232,0
553578,1,0,0.0179982,0.0765874,0.177968,0.261487,1,0,,0,0,0,0,0,0,0,0,103808,104555,0,232,0
553678,1,0,0.0125987,0.0637897,0.16655,0.284023,1,0,,0,0,0,0,0,0,0,0,103808,104555,0,232,0
553778,1,0,0.0088191,0.0527955,0.155175,0.284659,1,0,,0,0,0,0,0,0,0,0,103808,104555,0,232,0
553878,1,0,0.00617337,0.0434711,0.144004,0.28686,1,0,,0,0,0,0,0,0,0,0,103808,104555,0,232,0
553978,1,0,0.00432136,0.0356412,0.133168,0.335698,1,0,,0,0,0,0,0,0,0,0,103808,104555,0,232,0
554078,1,0,0.00302495,0.0291179,0.122763,0.276049,1,0,,0,0,0,0,0,0,0,0,103808,104555,0,232,0
554178,1,0,0.00211747,0.0237178,0.112858,0.27485,1,0,,0,0,0,0,0,0,0,0,103808,104555,0,232,0
554278,1,0,0.00148223,0.0192707,0.1035,0.255539,1,0,,0,0,0,0,0,0,0,0,103808,104555,0,232,0
554378,1,0,0.00103756,0.0156241,0.094712,0.291115,1,0,,0,0,0,0,0,0,0,0,103808,104555,0,232,0
554478,1,0,0.000726291,0.0126445,0.0865053,0.267601,1,0,,0,0,0,0,0,0,0,0,103808,104555,0,232,0
554578,1,0,0.000508404,0.0102173,0.0788765,0.270157,1,0,,0,0,0,0,0,0,0,0,103808,104555,0,232,0
554678,1,0,0.000355883,0.00824501,0.0718133,0.281932,1,0,,0,0,0,0,0,0,0,0,103808,104555,0,232,0
554778,1,0,0.000249118,0.00664583,0.0652966,0.29527,1,0,,0,0,0,0,0,0,0,0,103808,104555,0,232,0
554878,1,0,0.000174382,0.00535154,0.0593021,0.323696,1,0,,0,0,0,0,0,0,0,0,103808,104555,0,232,0
554978,1,0,0.000122068,0.00430565,0.0538024,0.26996,1,0,,0,0,0,0,0,0,0,0,103808,104555,0,232,0
555078,1,0,8.54474e-005,0.00346161,0.0487684,0.283184,1,0,,0,0,0,0,0,0,0,0,103808,104555,0,232,0
555178,1,0,5.98132e-005,0.00278125,0.0441696,0.277234,1,0,,0,0,0,0,0,0,0,0,103808,104555,0,232,0
555278,1,6,1.80004,0.362233,0.075976,0.28817,1,0,,0,0,0,0,0,0,0,0,103808,104555,0,232,0
555378,1,0,1.26003,0.541793,0.122558,0.2931,1,0,,0,0,0,0,0,0,0,0,103808,104555,0,232,0
555478,1,0,0.882021,0.609838,0.171286,0.298949,1,0,,0,0,0,0,0,0,0,0,103808,104555,0,232,0
555578,1,0,0.617414,0.611353,0.215292,0.294238,1,0,,0,0,0,0,0,0,0,0,103808,104555,0,232,0
555678,1,0,0.43219,0.575521,0.251315,0.290177,1,0,,0,0,0,0,0,0,0,0,103808,104555,0,232,0
555778,1,0,0.302533,0.520923,0.278276,0.312452,1,0,,0,0,0,0,0,0,0,0,103808,104555,0,232,0
555878,1,0,0.211773,0.459093,0.296358,0.301264,1,0,,0,0,0,0,0,0,0,0,103808,104555,0,232,0
555978,1,0,0.148241,0.396923,0.306414,0.262712,1,0,,0,0,0,0,0,0,0,0,103808,104555,0,232,0
556078,1,0,0.103769,0.338292,0.309602,0.257787,1,0,,0,0,0,0,0,0,0,0,103808,104555,0,232,0
556178,1,0,0.0726382,0.285161,0.307158,0.274736,1,0,,0,0,0,0,0,0,0,0,103808,104555,0,232,0
556278,1,0,0.0508467,0.238298,0.300272,0.330897,1,0,,0,0,0,0,0,0,0,0,103808,104555,0,232,0
556378,1,0,0.0355927,0.197757,0.290021,0.315863,1,0,,0,0,0,0,0,0,0,0,103808,104555,0,232,0
556478,1,0,0.0249149,0.163189,0.277337,0.316062,1,0,,0,0,0,0,0,0,0,0,103808,104555,0,232,0
556578,1,0,0.0174404,0.134039,0.263008,0.295636,1,0,,0,0,0,0,0,0,0,0,103808,104555,0,232,0
556678,1,0,0.0122083,0.109673,0.247674,0.305524,1,0,,0,0,0,0,0,0,0,0,103808,104555,0,232,0
556778,1,0,0.00854581,0.0894475,0.231851,0.313512,1,0,,0,0,0,0,0,0,0,0,103808,104555,0,232,0
556878,1,0,0.00598207,0.0727544,0.215942,0.278649,1,0,,0,0,0,0,0,0,0,0,103808,104555,0,232,0
556978,1,0,0.00418745,0.059041,0.200252,0.260252,1,0,,0,0,0,0,0,0,0,0,103808,104555,0,232,0
557078,1,0,0.00293121,0.0478191,0.185008,0.304114,1,0,,0,0,0,0,0,0,0,0,103808,104555,0,232,0
557178,1,0,0.00205185,0.0386656,0.170374,0.267026,1,0,,0,0,0,0,0,0,0,0,103808,104555,0,232,0
557278,1,0,0.00143629,0.0312198,0.156459,0.317914,1,0,,0,0,0,0,0,0,0,0,103808,104555,0,232,0
557378,1,0,0.00100541,0.0251769,0.14333,0.279702,1,0,,0,0,0,0,0,0,0,0,103808,104555,0,232,0
557478,1,0,0.000703784,0.0202823,0.131026,0.319562,1,0,,0,0,0,0,0,0,0,0,103808,104555,0,232,0
557578,1,0,0.000492649,0.0163243,0.119556,0.278938,1,0,,0,0,0,0,0,0,0,0,103808,104555,0,232,0
557678,1,0,0.000344854,0.0131285,0.108913,0.262539,1,0,,0,0,0,0,0,0,0,0,103808,104555,0,232,0
557778,1,0,0.000241398,0.010551,0.0990766,0.274202,1,0,,0,0,0,0,0,0,0,0,103808,104555,0,232,0
557878,1,0,0.000168979,0.00847463,0.0900164,0.269053,1,0,,0,0,0,0,0,0,0,0,103808,104555,0,232,0
557978,1,0,0.000118285,0.00680336,0.0816951,0.257417,1,0,,0,0,0,0,0,0,0,0,103808,104555,0,232,0
558078,1,0,8.27995e-005,0.00545925,0.0740715,0.306554,1,0,,0,0,0,0,0,0,0,0,103808,104555,0,232,0
558178,1,0,5.79596e-005,0.00437899,0.0671023,0.277442,1,0,,0,0,0,0,0,0,0,0,103808,104555,0,232,0
558278,1,0,4.05717e-005,0.00351131,0.0607432,0.279554,1,0,,0,0,0,0,0,0,0,0,103808,104555,0,232,0
558378,1,0,2.84002e-005,0.00281473,0.0549503,0.298355,1,0,,0,0,0,0,0,0,0,0,103808,104555,0,232,0
558478,1,0,1.98802e-005,0.00225576,0.0496809,0.335755,1,0,,0,0,0,0,0,0,0,0,103808,104555,0,232,0
558578,1,0,1.39161e-005,0.00180739,0.0448935,0.29554,1,0,,0,0,0,0,0,0,0,0,103808,104555,0,232,0
558678,1,0,9.74127e-006,0.00144786,0.040549,0.282989,1,0,,0,0,0,0,0,0,0,0,103808,104555,0,232,0
558778,1,0,6.81889e-006,0.00115965,0.03661,0.267427,1,0,,0,0,0,0,0,0,0,0,103808,104555,0,232,0
558878,1,0,4.77322e-006,0.000928675,0.0330419,0.267764,1,0,,0,0,0,0,0,0,0,0,103808,104555,0,232,0
558978,1,0,3.34126e-006,0.000743609,0.0298121,0.261388,1,0,,0,0,0,0,0,0,0,0,103808,104555,0,232,0
559078,1,0,2.33888e-006,0.000595355,0.0268904,0.335189,1,0,,0,0,0,0,0,0,0,0,103808,104555,0,232,0
559178,1,0,1.63722e-006,0.000476611,0.024249,0.287164,1,0,,0,0,0,0,0,0,0,0,103808,104555,0,232,0
559278,1,6,1.8,0.360382,0.0578623,0.299783,1,0,,0,0,0,0,0,0,0,0,103808,104555,0,232,0
559378,1,0,1.26,0.540305,0.106107,0.343346,1,0,,0,0,0,0,0,0,0,0,103808,104555,0,232,0
559478,1,0,0.882001,0.608644,0.15636,0.276885,1,0,,0,0,0,0,0,0,0,0,103808,104555,0,232,0
559578,1,0,0.6174,0.610396,0.201764,0.27196,1,0,,0,0,0,0,0,0,0,0,103808,104555,0,232,0
559678,1,0,0.43218,0.574753,0.239063,0.292737,1,0,,0,0,0,0,0,0,0,0,103808,104555,0,232,0
559778,1,0,0.302526,0.520307,0.267187,0.266476,1,0,,0,0,0,0,0,0,0,0,103808,104555,0,232,0
559878,1,0,0.211768,0.4586,0.286328,0.276101,1,0,,0,0,0,0,0,0,0,0,103808,104555,0,232,0
559978,1,0,0.148238,0.396527,0.297348,0.276337,1,0,,0,0,0,0,0,0,0,0,103808,104555,0,232,0
560078,1,0,0.103766,0.337975,0.301411,0.28975,1,0,,0,0,0,0,0,0,0,0,103808,104555,0,232,0
560178,1,0,0.0726365,0.284907,0.299761,0.30175,1,0,,0,0,0,0,0,0,0,0,103808,104555,0,232,0
560278,1,0,0.0508456,0.238095,0.293594,0.321178,1,0,,0,0,0,0,0,0,0,0,103808,104555,0,232,0
560378,1,0,0.0355919,0.197594,0.283994,0.259791,1,0,,0,0,0,0,0,0,0,0,103808,104555,0,232,0
560478,1,0,0.0249143,0.163058,0.2719,0.321191,1,0,,0,0,0,0,0,0,0,0,103808,104555,0,232,0
560578,1,0,0.01744,0.133935,0.258104,0.279427,1,0,,0,0,0,0,0,0,0,0,103808,104555,0,232,0
560678,1,0,0.012208,0.109589,0.243252,0.259616,1,0,,0,0,0,0,0,0,0,0,103808,104555,0,232,0
560778,1,0,0.00854561,0.0893806,0.227865,0.277103,1,0,,0,0,0,0,0,0,0,0,103808,104555,0,232,0
560878,1,0,0.00598193,0.0727009,0.212349,0.271815,1,0,,0,0,0,0,0,0,0,0,103808,104555,0,232,0
560978,1,0,0.00418735,0.0589982,0.197014,0.265991,1,0,,0,0,0,0,0,0,0,0,103808,104555,0,232,0
561078,1,0,0.00293115,0.0477848,0.182091,0.283191,1,0,,0,0,0,0,0,0,0,0,103808,104555,0,232,0
561178,1,0,0.0020518,0.0386382,0.167746,0.308841,1,0,,0,0,0,0,0,0,0,0,103808,104555,0,232,0
561278,1,0,0.00143626,0.0311978,0.154091,0.306416,1,0,,0,0,0,0,0,0,0,0,103808,104555,0,232,0
561378,1,0,0.00100538,0.0251593,0.141198,0.292829,1,0,,0,0,0,0,0,0,0,0,103808,104555,0,232,0
561478,1,0,0.000703768,0.0202682,0.129105,0.308653,1,0,,0,0,0,0,0,0,0,0,103808,104555,0,232,0
561578,1,0,0.000492638,0.0163131,0.117826,0.262052,1,0,,0,0,0,0,0,0,0,0,103808,104555,0,232,0
561678,1,0,0.000344846,0.0131194,0.107355,0.292476,1,0,,0,0,0,0,0,0,0,0,103808,104555,0,232,0
561778,1,0,0.000241392,0.0105438,0.0976738,0.283815,1,0,,0,0,0,0,0,0,0,0,103808,104555,0,232,0
561878,1,0,0.000168975,0.00846886,0.0887533,0.291379,1,0,,0,0,0,0,0,0,0,0,103808,104555,0,232,0
561978,1,0,0.000118282,0.00679875,0.0805578,0.32164,1,0,,0,0,0,0,0,0,0,0,103808,104555,0,232,0
562078,1,0,8.27976e-005,0.00545556,0.0730476,0.299328,1,0,,0,0,0,0,0,0,0,0,103808,104555,0,232,0
562178,1,0,5.79583e-005,0.00437604,0.0661804,0.250991,1,0,,0,0,0,0,0,0,0,0,103808,104555,0,232,0
562278,1,0,4.05708e-005,0.00350894,0.0599133,0.275363,1,0,,0,0,0,0,0,0,0,0,103808,104555,0,232,0
562378,1,0,2.83996e-005,0.00281283,0.0542032,0.304398,1,0,,0,0,0,0,0,0,0,0,103808,104555,0,232,0
562478,1,0,1.98797e-005,0.00225424,0.0490083,0.273485,1,0,,0,0,0,0,0,0,0,0,103808,104555,0,232,0
562578,1,0,1.39158e-005,0.00180618,0.0442881,0.300325,1,0,,0,0,0,0,0,0,0,0,103808,104555,0,232,0
562678,1,0,9.74105e-006,0.00144689,0.040004,0.314551,1,0,,0,0,0,0,0,0,0,0,103808,104555,0,232,0
562778,1,0,6.81874e-006,0.00115888,0.0361195,0.282087,1,0,,0,0,0,0,0,0,0,0,103808,104555,0,232,0
562878,1,0,4.77312e-006,0.000928056,0.0326003,0.288575,1,0,,0,0,0,0,0,0,0,0,103808,104555,0,232,0
562978,1,0,3.34118e-006,0.000743113,0.0294146,0.274677,1,0,,0,0,0,0,0,0,0,0,103808,104555,0,232,0
563078,1,0,2.33883e-006,0.000594958,0.0265327,0.277627,1,0,,0,0,0,0,0,0,0,0,103808,104555,0,232,0
563178,1,7,2.1,0.420476,0.065927,0.297038,1,0,,0,0,0,0,0,0,0,0,103808,104555,0,232,0
563278,1,0,1.47,0.630381,0.122372,0.348775,1,0,,0,0,0,0,0,0,0,0,103808,104555,0,232,0
563378,1,0,1.029,0.710105,0.181146,0.325038,1,0,,0,0,0,0,0,0,0,0,103808,104555,0,232,0
563478,1,0,0.720301,0.712144,0.234246,0.327212,1,0,,0,0,0,0,0,0,0,0,103808,104555,0,232,0
563578,1,0,0.50421,0.670557,0.277877,0.255257,1,0,,0,0,0,0,0,0,0,0,103808,104555,0,232,0
563678,1,0,0.352947,0.607036,0.310793,0.295007,1,0,,0,0,0,0,0,0,0,0,103808,104555,0,232,0
563778,1,0,0.247063,0.535041,0.333217,0.281557,1,0,,0,0,0,0,0,0,0,0,103808,104555,0,232,0
563878,1,0,0.172944,0.462622,0.346158,0.277568,1,0,,0,0,0,0,0,0,0,0,103808,104555,0,232,0
563978,1,0,0.121061,0.39431,0.350973,0.26422,1,0,,0,0,0,0,0,0,0,0,103808,104555,0,232,0
564078,1,0,0.0847426,0.332396,0.349115,0.274633,1,0,,0,0,0,0,0,0,0,0,103808,104555,0,232,0
564178,1,0,0.0593199,0.277781,0.341982,0.279158,1,0,,0,0,0,0,0,0,0,0,103808,104555,0,232,0
564278,1,0,0.0415239,0.23053,0.330837,0.280495,1,0,,0,0,0,0,0,0,0,0,103808,104555,0,232,0
564378,1,0,0.0290667,0.190237,0.316777,0.269594,1,0,,0,0,0,0,0,0,0,0,103808,104555,0,232,0
564478,1,0,0.0203467,0.156259,0.300725,0.261568,1,0,,0,0,0,0,0,0,0,0,103808,104555,0,232,0
564578,1,0,0.0142427,0.127856,0.283438,0.284882,1,0,,0,0,0,0,0,0,0,0,103808,104555,0,232,0
564678,1,0,0.00996989,0.104279,0.265522,0.265833,1,0,,0,0,0,0,0,0,0,0,103808,104555,0,232,0
564778,1,0,0.00697892,0.0848186,0.247452,0.284346,1,0,,0,0,0,0,0,0,0,0,103808,104555,0,232,0
564878,1,0,0.00488524,0.0688319,0.22959,0.269769,1,0,,0,0,0,0,0,0,0,0,103808,104555,0,232,0
564978,1,0,0.00341967,0.0557495,0.212206,0.270768,1,0,,0,0,0,0,0,0,0,0,103808,104555,0,232,0
565078,1,0,0.00239377,0.0450783,0.195493,0.275104,1,0,,0,0,0,0,0,0,0,0,103808,104555,0,232,0
565178,1,0,0.00167564,0.0363978,0.179583,0.284279,1,0,,0,0,0,0,0,0,0,0,103808,104555,0,232,0
565278,1,0,0.00117295,0.0293528,0.16456,0.282127,1,0,,0,0,0,0,0,0,0,0,103808,104555,0,232,0
565378,1,0,0.000821063,0.0236465,0.150469,0.255729,1,0,,0,0,0,0,0,0,0,0,103808,104555,0,232,0
565478,1,0,0.000574744,0.0190321,0.137325,0.30363,1,0,,0,0,0,0,0,0,0,0,103808,104555,0,232,0
565578,1,0,0.000402321,0.0153062,0.125123,0.266431,1,0,,0,0,0,0,0,0,0,0,103808,104555,0,232,0
565678,1,0,0.000281625,0.0123013,0.113841,0.325019,1,0,,0,0,0,0,0,0,0,0,103808,104555,0,232,0
565778,1,0,0.000197137,0.00988043,0.103445,0.283408,1,0,,0,0,0,0,0,0,0,0,103808,104555,0,232,0
565878,1,0,0.000137996,0.00793195,0.0938938,0.281095,1,0,,0,0,0,0,0,0,0,0,103808,104555,0,232,0
565978,1,0,9.65972e-005,0.00636488,0.0851409,0.32567,1,0,,0,0,0,0,0,0,0,0,103808,104555,0,232,0
566078,1,0,6.76181e-005,0.00510543,0.0771373,0.283084,1,0,,0,0,0,0,0,0,0,0,103808,104555,0,232,0
566178,1,0,4.73326e-005,0.00409381,0.069833,0.248857,1,0,,0,0,0,0,0,0,0,0,103808,104555,0,232,0
566278,1,0,3.31328e-005,0.00328167,0.0631778,0.278296,1,0,,0,0,0,0,0,0,0,0,103808,104555,0,232,0
566378,1,0,2.3193e-005,0.00262998,0.057123,0.259982,1,0,,0,0,0,0,0,0,0,0,103808,104555,0,232,0
566478,1,0,1.62351e-005,0.00210723,0.0516215,0.269545,1,0,,0,0,0,0,0,0,0,0,103808,104555,0,232,0
566578,1,0,1.13646e-005,0.00168806,0.0466281,0.28217,1,0,,0,0,0,0,0,0,0,0,103808,104555,0,232,0
566678,1,0,7.9552e-006,0.00135204,0.0421005,0.24287,1,0,,0,0,0,0,0,0,0,0,103808,104555,0,232,0
566778,1,0,5.56864e-006,0.00108274,0.0379987,0.283259,1,0,,0,0,0,0,0,0,0,0,103808,104555,0,232,0
566878,1,0,3.89805e-006,0.000866973,0.0342856,0.277883,1,0,,0,0,0,0,0,0,0,0,103808,104555,0,232,0
566978,1,0,2.72863e-006,0.000694124,0.0309264,0.28082,1,0,,0,0,0,0,0,0,0,0,103808,104555,0,232,0
567078,1,0,1.91004e-006,0.000555682,0.0278893,0.292969,1,0,,0,0,0,0,0,0,0,0,103808,104555,0,232,0
567178,1,6,1.8,0.360445,0.0611449,0.281516,1,0,,0,0,0,0,0,0,0,0,103808,104555,0,232,0
567278,1,0,1.26,0.540356,0.109066,0.284091,1,0,,0,0,0,0,0,0,0,0,103808,104555,0,232,0
567378,1,1,1.182,0.668685,0.165028,0.284028,1,0,,0,0,0,0,0,0,0,0,103808,104555,0,232,0
567478,1,0,0.8274,0.700428,0.218568,0.279366,1,0,,0,0,0,0,0,0,0,0,103808,104555,0,232,0
567578,1,1,0.87918,0.736179,0.270329,0.298877,1,0,,0,0,0,0,0,0,0,0,103808,104555,0,232,0
567678,1,0,0.615426,0.712028,0.314499,0.296627,1,0,,0,0,0,0,0,0,0,0,103808,104555,0,232,0
567778,1,0,0.430798,0.655782,0.348627,0.279238,1,0,,0,0,0,0,0,0,0,0,103808,104555,0,232,0
567878,1,0,0.301559,0.584937,0.372258,0.264189,1,0,,0,0,0,0,0,0,0,0,103808,104555,0,232,0
567978,1,1,0.511091,0.570168,0.392049,0.27049,1,0,,0,0,0,0,0,0,0,0,103808,104555,0,232,0
568078,1,0,0.357764,0.527687,0.405613,0.292276,1,0,,0,0,0,0,0,0,0,0,103808,104555,0,232,0
568178,1,0,0.250435,0.472237,0.412275,0.277488,1,0,,0,0,0,0,0,0,0,0,103808,104555,0,232,0
568278,1,0,0.175304,0.41285,0.412333,0.267152,1,0,,0,0,0,0,0,0,0,0,103808,104555,0,232,0
568378,1,0,0.122713,0.354823,0.406582,0.304015,1,0,,0,0,0,0,0,0,0,0,103808,104555,0,232,0
568478,1,1,0.385899,0.361038,0.402027,0.250228,1,0,,0,0,0,0,0,0,0,0,103808,104555,0,232,0
568578,1,0,0.270129,0.342856,0.39611,0.255626,1,0,,0,0,0,0,0,0,0,0,103808,104555,0,232,0
568678,1,0,0.189091,0.312103,0.38771,0.278039,1,0,,0,0,0,0,0,0,0,0,103808,104555,0,232,0
568778,1,0,0.132363,0.276155,0.376554,0.282391,1,0,,0,0,0,0,0,0,0,0,103808,104555,0,232,0
568878,1,0,0.0926544,0.239455,0.362844,0.29058,1,0,,0,0,0,0,0,0,0,0,103808,104555,0,232,0
568978,1,0,0.064858,0.204536,0.347013,0.278614,1,0,,0,0,0,0,0,0,0,0,103808,104555,0,232,0
569078,1,0,0.0454006,0.172709,0.329583,0.260663,1,0,,0,0,0,0,0,0,0,0,103808,104555,0,232,0
569178,1,0,0.0317804,0.144523,0.311077,0.280237,1,0,,0,0,0,0,0,0,0,0,103808,104555,0,232,0
569278,1,0,0.0222463,0.120068,0.291976,0.285424,1,0,,0,0,0,0,0,0,0,0,103808,104555,0,232,0
569378,1,0,0.0155724,0.0991686,0.272695,0.262086,1,0,,0,0,0,0,0,0,0,0,103808,104555,0,232,0
569478,1,1,0.310901,0.141515,0.259577,0.295735,1,0,,0,0,0,0,0,0,0,0,103808,104555,0,232,0
569578,1,0,0.217631,0.156738,0.249293,0.308523,1,0,,0,0,0,0,0,0,0,0,103808,104555,0,232,0
569678,1,1,0.452341,0.215859,0.24595,0.291697,1,0,,0,0,0,0,0,0,0,0,103808,104555,0,232,0
569778,1,0,0.316639,0.236015,0.244956,0.279011,1,0,,0,0,0,0,0,0,0,0,103808,104555,0,232,0
569878,1,0,0.221647,0.233141,0.243775,0.288259,1,0,,0,0,0,0,0,0,0,0,103808,104555,0,232,0
569978,1,0,0.155153,0.217544,0.241152,0.26392,1,0,,0,0,0,0,0,0,0,0,103808,104555,0,232,0
570078,1,1,0.408607,0.255756,0.242612,0.314436,1,0,,0,0,0,0,0,0,0,0,103808,104555,0,232,0
570178,1,0,0.286025,0.26181,0.244532,0.288309,1,0,,0,0,0,0,0,0,0,0,103808,104555,0,232,0
570278,1,0,0.200218,0.249492,0.245028,0.243523,1,0,,0,0,0,0,0,0,0,0,103808,104555,0,232,0
570378,1,1,0.440152,0.287624,0.249287,0.276875,1,0,,0,0,0,0,0,0,0,0,103808,104555,0,232,0
570478,1,0,0.308107,0.29172,0.253531,0.27395,1,0,,0,0,0,0,0,0,0,0,103808,104555,0,232,0
570578,1,0,0.215675,0.276511,0.255829,0.270413,1,0,,0,0,0,0,0,0,0,0,103808,104555,0,232,0
570678,1,0,0.150972,0.251403,0.255386,0.262489,1,0,,0,0,0,0,0,0,0,0,103808,104555,0,232,0
570778,1,0,0.105681,0.222259,0.252073,0.282498,1,0,,0,0,0,0,0,0,0,0,103808,104555,0,232,0
570878,1,0,0.0739764,0.192602,0.246126,0.27981,1,0,,0,0,0,0,0,0,0,0,103808,104555,0,232,0
570978,1,1,0.351783,0.224439,0.243958,0.272824,1,0,,0,0,0,0,0,0,0,0,103808,104555,0,232,0
571078,1,6,2.04625,0.588801,0.278442,0.293148,1,0,,0,0,0,0,0,0,0,0,103808,104555,0,232,0
571178,1,0,1.43237,0.757515,0.326349,0.268148,1,0,,0,0,0,0,0,0,0,0,103808,104555,0,232,0
571278,1,0,1.00266,0.806545,0.374369,0.29026,1,0,,0,0,0,0,0,0,0,0,103808,104555,0,232,0
571378,1,0,0.701863,0.785608,0.415493,0.305848,1,0,,0,0,0,0,0,0,0,0,103808,104555,0,232,0
571478,1,0,0.491304,0.726747,0.446618,0.260286,1,0,,0,0,0,0,0,0,0,0,103808,104555,0,232,0
571578,1,0,0.343913,0.650181,0.466974,0.271399,1,0,,0,0,0,0,0,0,0,0,103808,104555,0,232,0
571678,1,0,0.240739,0.568292,0.477106,0.265712,1,0,,0,0,0,0,0,0,0,0,103808,104555,0,232,0
571778,1,0,0.168517,0.488337,0.478229,0.296062,1,0,,0,0,0,0,0,0,0,0,103808,104555,0,232,0
571878,1,0,0.117962,0.414262,0.471833,0.303611,1,0,,0,0,0,0,0,0,0,0,103808,104555,0,232,0
571978,1,0,0.0825735,0.347924,0.459442,0.287463,1,0,,0,0,0,0,0,0,0,0,103808,104555,0,232,0
572078,1,0,0.0578014,0.2899,0.442488,0.262262,1,0,,0,0,0,0,0,0,0,0,103808,104555,0,232,0
572178,1,0,0.040461,0.240012,0.42224,0.31196,1,0,,0,0,0,0,0,0,0,0,103808,104555,0,232,0
572278,1,0,0.0283227,0.197674,0.399783,0.284573,1,0,,0,0,0,0,0,0,0,0,103808,104555,0,232,0
572378,1,0,0.0198259,0.162105,0.376016,0.30426,1,0,,0,0,0,0,0,0,0,0,103808,104555,0,232,0
572478,1,0,0.0138781,0.132459,0.35166,0.305472,1,0,,0,0,0,0,0,0,0,0,103808,104555,0,232,0
572578,1,0,0.00971469,0.10791,0.327285,0.298763,1,0,,0,0,0,0,0,0,0,0,103808,104555,0,232,0
572678,1,0,0.00680028,0.0876883,0.303325,0.282538,1,0,,0,0,0,0,0,0,0,0,103808,104555,0,232,0
572778,1,0,0.0047602,0.0711027,0.280103,0.275924,1,0,,0,0,0,0,0,0,0,0,103808,104555,0,232,0
572878,1,0,0.00333214,0.0575486,0.257848,0.318074,1,0,,0,0,0,0,0,0,0,0,103808,104555,0,232,0
572978,1,0,0.0023325,0.0465054,0.236713,0.293346,1,0,,0,0,0,0,0,0,0,0,103808,104555,0,232,0
573078,1,0,0.00163275,0.0375309,0.216795,0.311933,1,0,,0,0,0,0,0,0,0,0,103808,104555,0,232,0
573178,1,0,0.00114292,0.0302533,0.198141,0.296822,1,0,,0,0,0,0,0,0,0,0,103808,104555,0,232,0
573278,1,0,0.000800046,0.0243626,0.180763,0.29056,1,0,,0,0,0,0,0,0,0,0,103808,104555,0,232,0
573378,1,0,0.000560032,0.0196021,0.164647,0.288535,1,0,,0,0,0,0,0,0,0,0,103808,104555,0,232,0
573478,1,0,0.000392023,0.0157601,0.149758,0.297936,1,0,,0,0,0,0,0,0,0,0,103808,104555,0,232,0
573578,1,0,0.000274416,0.012663,0.136049,0.28521,1,0,,0,0,0,0,0,0,0,0,103808,104555,0,232,0
573678,1,0,0.000192091,0.0101688,0.123461,0.267936,1,0,,0,0,0,0,0,0,0,0,103808,104555,0,232,0
573778,1,0,0.000134464,0.00816192,0.111931,0.286038,1,0,,0,0,0,0,0,0,0,0,103808,104555,0,232,0
573878,1,0,9.41246e-005,0.00654836,0.101393,0.265765,1,0,,0,0,0,0,0,0,0,0,103808,104555,0,232,0
573978,1,0,6.58873e-005,0.00525187,0.0917785,0.28954,1,0,,0,0,0,0,0,0,0,0,103808,104555,0,232,0
574078,1,0,4.61211e-005,0.00421072,0.0830217,0.275565,1,0,,0,0,0,0,0,0,0,0,103808,104555,0,232,0
574178,1,0,3.22848e-005,0.00337503,0.0750571,0.28928,1,0,,0,0,0,0,0,0,0,0,103808,104555,0,232,0
574278,1,0,2.25993e-005,0.00270454,0.0678218,0.321319,1,0,,0,0,0,0,0,0,0,0,103808,104555,0,232,0
574378,1,0,1.58195e-005,0.0021668,0.0612563,0.344199,1,0,,0,0,0,0,0,0,0,0,103808,104555,0,232,0
574478,1,0,1.10737e-005,0.00173565,0.0553042,0.277912,1,0,,0,0,0,0,0,0,0,0,103808,104555,0,232,0
574578,1,0,7.75157e-006,0.00139007,0.0499128,0.284711,1,0,,0,0,0,0,0,0,0,0,103808,104555,0,232,0
574678,1,0,5.4261e-006,0.00111314,0.0450329,0.314822,1,0,,0,0,0,0,0,0,0,0,103808,104555,0,232,0
574778,1,0,3.79827e-006,0.000891275,0.0406187,0.293159,1,0,,0,0,0,0,0,0,0,0,103808,104555,0,232,0
574878,1,0,2.65879e-006,0.000713552,0.0366282,0.279657,1,0,,0,0,0,0,0,0,0,0,103808,104555,0,232,0
574978,1,0,1.86115e-006,0.000571214,0.0330225,0.289332,1,0,,0,0,0,0,0,0,0,0,103808,104555,0,232,0
575078,1,6,1.8,0.360457,0.065766,0.277153,1,0,,0,0,0,0,0,0,0,0,103808,104555,0,232,0
575178,1,0,1.26,0.540366,0.113226,0.275538,1,0,,0,0,0,0,0,0,0,0,103808,104555,0,232,0
575278,1,0,0.882001,0.608693,0.162773,0.282425,1,0,,0,0,0,0,0,0,0,0,103808,104555,0,232,0
575378,1,0,0.6174,0.610434,0.207539,0.260837,1,0,,0,0,0,0,0,0,0,0,103808,104555,0,232,0
575478,1,0,0.43218,0.574784,0.244263,0.2851,1,0,,0,0,0,0,0,0,0,0,103808,104555,0,232,0
575578,1,0,0.302526,0.520332,0.27187,0.307478,1,0,,0,0,0,0,0,0,0,0,103808,104555,0,232,0
575678,1,0,0.211768,0.458619,0.290545,0.292041,1,0,,0,0,0,0,0,0,0,0,103808,104555,0,232,0
575778,1,0,0.148238,0.396543,0.301145,0.253955,1,0,,0,0,0,0,0,0,0,0,103808,104555,0,232,0
575878,1,0,0.103766,0.337988,0.304829,0.285042,1,0,,0,0,0,0,0,0,0,0,103808,104555,0,232,0
575978,1,0,0.0726365,0.284918,0.302838,0.26804,1,0,,0,0,0,0,0,0,0,0,103808,104555,0,232,0
576078,1,0,0.0508456,0.238103,0.296365,0.284067,1,0,,0,0,0,0,0,0,0,0,103808,104555,0,232,0
576178,1,0,0.0355919,0.197601,0.286488,0.313419,1,0,,0,0,0,0,0,0,0,0,103808,104555,0,232,0
576278,1,0,0.0249143,0.163064,0.274146,0.30517,1,0,,0,0,0,0,0,0,0,0,103808,104555,0,232,0
576378,1,0,0.01744,0.133939,0.260125,0.255644,1,0,,0,0,0,0,0,0,0,0,103808,104555,0,232,0
576478,1,0,0.012208,0.109593,0.245072,0.25173,1,0,,0,0,0,0,0,0,0,0,103808,104555,0,232,0
576578,1,0,0.00854561,0.0893833,0.229503,0.267393,1,0,,0,0,0,0,0,0,0,0,103808,104555,0,232,0
576678,1,0,0.00598193,0.072703,0.213823,0.261218,1,0,,0,0,0,0,0,0,0,0,103808,104555,0,232,0
576778,1,0,0.00418735,0.0589999,0.198341,0.263281,1,0,,0,0,0,0,0,0,0,0,103808,104555,0,232,0
576878,1,0,0.00293115,0.0477861,0.183285,0.29432,1,0,,0,0,0,0,0,0,0,0,103808,104555,0,232,0
576978,1,0,0.0020518,0.0386393,0.168821,0.280821,1,0,,0,0,0,0,0,0,0,0,103808,104555,0,232,0
577078,1,0,0.00143626,0.0311987,0.155058,0.256657,1,0,,0,0,0,0,0,0,0,0,103808,104555,0,232,0
577178,1,0,0.00100538,0.02516,0.142069,0.291009,1,0,,0,0,0,0,0,0,0,0,103808,104555,0,232,0
577278,1,0,0.000703768,0.0202688,0.129889,0.266045,1,0,,0,0,0,0,0,0,0,0,103808,104555,0,232,0
577378,1,0,0.000492638,0.0163135,0.118531,0.277691,1,0,,0,0,0,0,0,0,0,0,103808,104555,0,232,0
577478,1,0,0.000344846,0.0131198,0.10799,0.292366,1,0,,0,0,0,0,0,0,0,0,103808,104555,0,232,0
577578,1,0,0.000241392,0.0105441,0.0982454,0.26949,1,0,,0,0,0,0,0,0,0,0,103808,104555,0,232,0
577678,1,0,0.000168975,0.00846909,0.0892677,0.298102,1,0,,0,0,0,0,0,0,0,0,103808,104555,0,232,0
577778,1,0,0.000118282,0.00679893,0.0810208,0.292425,1,0,,0,0,0,0,0,0,0,0,103808,104555,0,232,0
577878,1,0,8.27976e-005,0.0054557,0.0734643,0.265451,1,0,,0,0,0,0,0,0,0,0,103808,104555,0,232,0
577978,1,0,5.79583e-005,0.00437615,0.0665555,0.313086,1,0,,0,0,0,0,0,0,0,0,103808,104555,0,232,0
578078,1,0,4.05708e-005,0.00350904,0.0602509,0.330686,1,0,,0,0,0,0,0,0,0,0,103808,104555,0,232,0
578178,1,0,2.83996e-005,0.00281291,0.0545071,0.285573,1,0,,0,0,0,0,0,0,0,0,103808,104555,0,232,0
578278,1,0,1.98797e-005,0.0022543,0.0492818,0.266486,1,0,,0,0,0,0,0,0,0,0,103808,104555,0,232,0
578378,1,0,1.39158e-005,0.00180623,0.0445342,0.292425,1,0,,0,0,0,0,0,0,0,0,103808,104555,0,232,0
578478,1,0,9.74105e-006,0.00144693,0.0402255,0.277399,1,0,,0,0,0,0,0,0,0,0,103808,104555,0,232,0
578578,1,0,6.81874e-006,0.00115891,0.0363188,0.289937,1,0,,0,0,0,0,0,0,0,0,103808,104555,0,232,0
578678,1,0,4.77312e-006,0.000928081,0.0327798,0.269025,1,0,,0,0,0,0,0,0,0,0,103808,104555,0,232,0
578778,1,0,3.34118e-006,0.000743133,0.0295761,0.314028,1,0,,0,0,0,0,0,0,0,0,103808,104555,0,232,0
578878,1,0,2.33883e-006,0.000594974,0.026678,0.27629,1,0,,0,0,0,0,0,0,0,0,103808,104555,0,232,0
578978,1,7,2.1,0.420476,0.0660578,0.271311,1,0,,0,0,0,0,0,0,0,0,103808,104555,0,232,0
579078,1,0,1.47,0.630381,0.12249,0.271423,1,0,,0,0,0,0,0,0,0,0,103808,104555,0,232,0
579178,1,0,1.029,0.710105,0.181252,0.27156,1,0,,0,0,0,0,0,0,0,0,103808,104555,0,232,0
579278,1,0,0.720301,0.712144,0.234341,0.275247,1,0,,0,0,0,0,0,0,0,0,103808,104555,0,232,0
579378,1,0,0.50421,0.670557,0.277963,0.294137,1,0,,0,0,0,0,0,0,0,0,103808,104555,0,232,0
579478,1,0,0.352947,0.607036,0.31087,0.276848,1,0,,0,0,0,0,0,0,0,0,103808,104555,0,232,0
579578,1,0,0.247063,0.535041,0.333287,0.277621,1,0,,0,0,0,0,0,0,0,0,103808,104555,0,232,0
579678,1,0,0.172944,0.462622,0.34622,0.30077,1,0,,0,0,0,0,0,0,0,0,103808,104555,0,232,0
579778,1,0,0.121061,0.39431,0.351029,0.274519,1,0,,0,0,0,0,0,0,0,0,103808,104555,0,232,0
579878,1,0,0.0847426,0.332396,0.349166,0.310107,1,0,,0,0,0,0,0,0,0,0,103808,104555,0,232,0
579978,1,0,0.0593199,0.277781,0.342028,0.280195,1,0,,0,0,0,0,0,0,0,0,103808,104555,0,232,0
580078,1,0,0.0415239,0.23053,0.330878,0.287845,1,0,,0,0,0,0,0,0,0,0,103808,104555,0,232,0
580178,1,0,0.0290667,0.190237,0.316814,0.286282,1,0,,0,0,0,0,0,0,0,0,103808,104555,0,232,0
580278,1,0,0.0203467,0.156259,0.300758,0.293044,1,0,,0,0,0,0,0,0,0,0,103808,104555,0,232,0
580378,1,0,0.0142427,0.127856,0.283468,0.296244,1,0,,0,0,0,0,0,0,0,0,103808,104555,0,232,0
580478,1,0,0.00996989,0.104279,0.265549,0.311394,1,0,,0,0,0,0,0,0,0,0,103808,104555,0,232,0
580578,1,0,0.00697892,0.0848186,0.247476,0.285318,1,0,,0,0,0,0,0,0,0,0,103808,104555,0,232,0
580678,1,0,0.00488524,0.0688319,0.229612,0.326807,1,0,,0,0,0,0,0,0,0,0,103808,104555,0,232,0
580778,1,0,0.00341967,0.0557495,0.212225,0.270519,1,0,,0,0,0,0,0,0,0,0,103808,104555,0,232,0
580878,1,0,0.00239377,0.0450783,0.195511,0.271145,1,0,,0,0,0,0,0,0,0,0,103808,104555,0,232,0
580978,1,0,0.00167564,0.0363978,0.179599,0.271458,1,0,,0,0,0,0,0,0,0,0,103808,104555,0,232,0
581078,1,0,0.00117295,0.0293528,0.164575,0.281408,1,0,,0,0,0,0,0,0,0,0,103808,104555,0,232,0
581178,1,0,0.000821063,0.0236465,0.150482,0.306208,1,0,,0,0,0,0,0,0,0,0,103808,104555,0,232,0
581278,1,0,0.000574744,0.0190321,0.137337,0.247158,1,0,,0,0,0,0,0,0,0,0,103808,104555,0,232,0
581378,1,0,0.000402321,0.0153062,0.125134,0.243344,1,0,,0,0,0,0,0,0,0,0,103808,104555,0,232,0
581478,1,0,0.000281625,0.0123013,0.113851,0.277707,1,0,,0,0,0,0,0,0,0,0,103808,104555,0,232,0
581578,1,0,0.000197137,0.00988043,0.103454,0.297402,1,0,,0,0,0,0,0,0,0,0,103808,104555,0,232,0
581678,1,0,0.000137996,0.00793195,0.0939014,0.276215,1,0,,0,0,0,0,0,0,0,0,103808,104555,0,232,0
581778,1,0,9.65972e-005,0.00636488,0.0851477,0.296589,1,0,,0,0,0,0,0,0,0,0,103808,104555,0,232,0
581878,1,0,6.76181e-005,0.00510543,0.0771435,0.2658,1,0,,0,0,0,0,0,0,0,0,103808,104555,0,232,0
581978,1,0,4.73326e-005,0.00409381,0.0698385,0.251226,1,0,,0,0,0,0,0,0,0,0,103808,104555,0,232,0
582078,1,0,3.31328e-005,0.00328167,0.0631828,0.290114,1,0,,0,0,0,0,0,0,0,0,103808,104555,0,232,0
582178,1,0,2.3193e-005,0.00262998,0.0571275,0.265228,1,0,,0,0,0,0,0,0,0,0,103808,104555,0,232,0
582278,1,0,1.62351e-005,0.00210723,0.0516255,0.2703,1,0,,0,0,0,0,0,0,0,0,103808,104555,0,232,0
582378,1,0,1.13646e-005,0.00168806,0.0466318,0.266526,1,0,,0,0,0,0,0,0,0,0,103808,104555,0,232,0
582478,1,0,7.9552e-006,0.00135204,0.0421038,0.282512,1,0,,0,0,0,0,0,0,0,0,103808,104555,0,232,0
582578,1,0,5.56864e-006,0.00108274,0.0380017,0.273537,1,0,,0,0,0,0,0,0,0,0,103808,104555,0,232,0
582678,1,0,3.89805e-006,0.000866973,0.0342882,0.25996,1,0,,0,0,0,0,0,0,0,0,103808,104555,0,232,0
582778,1,0,2.72863e-006,0.000694124,0.0309288,0.300658,1,0,,0,0,0,0,0,0,0,0,103808,104555,0,232,0
582878,1,6,1.8,0.360556,0.0638915,0.276159,1,0,,0,0,0,0,0,0,0,0,103808,104555,0,232,0
582978,1,0,1.26,0.540445,0.111547,0.303496,1,0,,0,0,0,0,0,0,0,0,103808,104555,0,232,0
583078,1,0,0.882001,0.608756,0.161268,0.284986,1,0,,0,0,0,0,0,0,0,0,103808,104555,0,232,0
583178,1,0,0.617401,0.610485,0.206189,0.280198,1,0,,0,0,0,0,0,0,0,0,103808,104555,0,232,0
583278,1,0,0.43218,0.574824,0.243053,0.304648,1,0,,0,0,0,0,0,0,0,0,103808,104555,0,232,0
583378,1,0,0.302526,0.520365,0.270784,0.296093,1,0,,0,0,0,0,0,0,0,0,103808,104555,0,232,0
583478,1,0,0.211768,0.458645,0.28957,0.258406,1,0,,0,0,0,0,0,0,0,0,103808,104555,0,232,0
583578,1,0,0.148238,0.396564,0.30027,0.31888,1,0,,0,0,0,0,0,0,0,0,103808,104555,0,232,0
583678,1,0,0.103767,0.338004,0.304043,0.284316,1,0,,0,0,0,0,0,0,0,0,103808,104555,0,232,0
583778,1,0,0.0726366,0.284931,0.302132,0.303915,1,0,,0,0,0,0,0,0,0,0,103808,104555,0,232,0
583878,1,0,0.0508456,0.238114,0.29573,0.272455,1,0,,0,0,0,0,0,0,0,0,103808,104555,0,232,0
583978,1,0,0.0355919,0.197609,0.285918,0.267892,1,0,,0,0,0,0,0,0,0,0,103808,104555,0,232,0
584078,1,0,0.0249143,0.16307,0.273633,0.255668,1,0,,0,0,0,0,0,0,0,0,103808,104555,0,232,0
584178,1,0,0.01744,0.133944,0.259664,0.261994,1,0,,0,0,0,0,0,0,0,0,103808,104555,0,232,0
584278,1,0,0.012208,0.109597,0.244658,0.277844,1,0,,0,0,0,0,0,0,0,0,103808,104555,0,232,0
584378,1,0,0.00854562,0.0893868,0.22913,0.257969,1,0,,0,0,0,0,0,0,0,0,103808,104555,0,232,0
584478,1,0,0.00598193,0.0727058,0.213488,0.274243,1,0,,0,0,0,0,0,0,0,0,103808,104555,0,232,0
584578,1,0,0.00418735,0.0590021,0.198039,0.262971,1,0,,0,0,0,0,0,0,0,0,103808,104555,0,232,0
584678,1,0,0.00293115,0.0477879,0.183014,0.270345,1,0,,0,0,0,0,0,0,0,0,103808,104555,0,232,0
584778,1,0,0.0020518,0.0386407,0.168577,0.29312,1,0,,0,0,0,0,0,0,0,0,103808,104555,0,232,0
584878,1,0,0.00143626,0.0311998,0.154839,0.268081,1,0,,0,0,0,0,0,0,0,0,103808,104555,0,232,0
584978,1,0,0.00100538,0.0251609,0.141871,0.29383,1,0,,0,0,0,0,0,0,0,0,103808,104555,0,232,0
585078,1,0,0.000703768,0.0202695,0.129711,0.290793,1,0,,0,0,0,0,0,0,0,0,103808,104555,0,232,0
585178,1,0,0.000492638,0.0163141,0.118371,0.31508,1,0,,0,0,0,0,0,0,0,0,103808,104555,0,232,0
585278,1,0,0.000344846,0.0131203,0.107846,0.259781,1,0,,0,0,0,0,0,0,0,0,103808,104555,0,232,0
585378,1,0,0.000241393,0.0105445,0.0981161,0.282191,1,0,,0,0,0,0,0,0,0,0,103808,104555,0,232,0
585478,1,0,0.000168975,0.00846939,0.0891514,0.288215,1,0,,0,0,0,0,0,0,0,0,103808,104555,0,232,0
585578,1,0,0.000118282,0.00679917,0.0809162,0.305202,1,0,,0,0,0,0,0,0,0,0,103808,104555,0,232,0
585678,1,0,8.27976e-005,0.0054559,0.0733702,0.303426,1,0,,0,0,0,0,0,0,0,0,103808,104555,0,232,0
585778,1,0,5.79583e-005,0.00437631,0.0664708,0.28539,1,0,,0,0,0,0,0,0,0,0,103808,104555,0,232,0
585878,1,0,4.05708e-005,0.00350916,0.0601746,0.284316,1,0,,0,0,0,0,0,0,0,0,103808,104555,0,232,0
585978,1,0,2.83996e-005,0.00281301,0.0544385,0.295402,1,0,,0,0,0,0,0,0,0,0,103808,104555,0,232,0
586078,1,0,1.98797e-005,0.00225438,0.0492201,0.280104,1,0,,0,0,0,0,0,0,0,0,103808,104555,0,232,0
586178,1,0,1.39158e-005,0.00180629,0.0444787,0.272404,1,0,,0,0,0,0,0,0,0,0,103808,104555,0,232,0
586278,1,0,9.74106e-006,0.00144698,0.0401755,0.272405,1,0,,0,0,0,0,0,0,0,0,103808,104555,0,232,0
586378,1,0,6.81874e-006,0.00115895,0.0362738,0.300744,1,0,,0,0,0,0,0,0,0,0,103808,104555,0,232,0
586478,1,0,4.77312e-006,0.000928113,0.0327393,0.33423,1,0,,0,0,0,0,0,0,0,0,103808,104555,0,232,0
586578,1,0,3.34118e-006,0.000743158,0.0295397,0.26117,1,0,,0,0,0,0,0,0,0,0,103808,104555,0,232,0
586678,1,0,2.33883e-006,0.000594994,0.0266452,0.27402,1,0,,0,0,0,0,0,0,0,0,103808,104555,0,232,0
586778,1,0,1.63718e-006,0.000476323,0.0240283,0.271207,1,0,,0,0,0,0,0,0,0,0,103808,104555,0,232,0
586878,1,6,1.8,0.360381,0.0576636,0.281346,1,0,,0,0,0,0,0,0,0,0,103808,104555,0,232,0
586978,1,0,1.26,0.540305,0.105928,0.286156,1,0,,0,0,0,0,0,0,0,0,103808,104555,0,232,0
587078,1,0,0.882001,0.608644,0.156199,0.261768,1,0,,0,0,0,0,0,0,0,0,103808,104555,0,232,0
587178,1,0,0.6174,0.610396,0.201619,0.303355,1,0,,0,0,0,0,0,0,0,0,103808,104555,0,232,0
587278,1,0,0.43218,0.574753,0.238932,0.291003,1,0,,0,0,0,0,0,0,0,0,103808,104555,0,232,0
587378,1,0,0.302526,0.520307,0.26707,0.297067,1,0,,0,0,0,0,0,0,0,0,103808,104555,0,232,0
587478,1,0,0.211768,0.458599,0.286223,0.277406,1,0,,0,0,0,0,0,0,0,0,103808,104555,0,232,0
587578,1,0,0.148238,0.396527,0.297253,0.300081,1,0,,0,0,0,0,0,0,0,0,103808,104555,0,232,0
587678,1,0,0.103766,0.337975,0.301325,0.326871,1,0,,0,0,0,0,0,0,0,0,103808,104555,0,232,0
587778,1,0,0.0726365,0.284907,0.299684,0.309671,1,0,,0,0,0,0,0,0,0,0,103808,104555,0,232,0
587878,1,0,0.0508456,0.238095,0.293525,0.303997,1,0,,0,0,0,0,0,0,0,0,103808,104555,0,232,0
587978,1,0,0.0355919,0.197594,0.283932,0.309098,1,0,,0,0,0,0,0,0,0,0,103808,104555,0,232,0
588078,1,0,0.0249143,0.163058,0.271844,0.285987,1,0,,0,0,0,0,0,0,0,0,103808,104555,0,232,0
588178,1,0,0.01744,0.133935,0.258053,0.272046,1,0,,0,0,0,0,0,0,0,0,103808,104555,0,232,0
588278,1,0,0.012208,0.109589,0.243207,0.317859,1,0,,0,0,0,0,0,0,0,0,103808,104555,0,232,0
588378,1,0,0.00854561,0.0893806,0.227824,0.279909,1,0,,0,0,0,0,0,0,0,0,103808,104555,0,232,0
588478,1,0,0.00598193,0.0727009,0.212312,0.281385,1,0,,0,0,0,0,0,0,0,0,103808,104555,0,232,0
588578,1,0,0.00418735,0.0589982,0.196981,0.351597,1,0,,0,0,0,0,0,0,0,0,103808,104555,0,232,0
588678,1,0,0.00293115,0.0477848,0.182061,0.296899,1,0,,0,0,0,0,0,0,0,0,103808,104555,0,232,0
588778,1,0,0.0020518,0.0386382,0.167719,0.296779,1,0,,0,0,0,0,0,0,0,0,103808,104555,0,232,0
588878,1,0,0.00143626,0.0311978,0.154067,0.299716,1,0,,0,0,0,0,0,0,0,0,103808,104555,0,232,0
588978,1,0,0.00100538,0.0251593,0.141176,0.272678,1,0,,0,0,0,0,0,0,0,0,103808,104555,0,232,0
589078,1,0,0.000703768,0.0202682,0.129085,0.258292,1,0,,0,0,0,0,0,0,0,0,103808,104555,0,232,0
589178,1,0,0.000492638,0.0163131,0.117808,0.313027,1,0,,0,0,0,0,0,0,0,0,103808,104555,0,232,0
589278,1,0,0.000344846,0.0131194,0.107339,0.284688,1,0,,0,0,0,0,0,0,0,0,103808,104555,0,232,0
589378,1,0,0.000241392,0.0105438,0.0976595,0.279563,1,0,,0,0,0,0,0,0,0,0,103808,104555,0,232,0
589478,1,0,0.000168975,0.00846886,0.0887405,0.311638,1,0,,0,0,0,0,0,0,0,0,103808,104555,0,232,0
589578,1,0,0.000118282,0.00679875,0.0805463,0.290726,1,0,,0,0,0,0,0,0,0,0,103808,104555,0,232,0
589678,1,0,8.27976e-005,0.00545556,0.0730372,0.3308,1,0,,0,0,0,0,0,0,0,0,103808,104555,0,232,0
589778,1,0,5.79583e-005,0.00437604,0.0661711,0.264623,1,0,,0,0,0,0,0,0,0,0,103808,104555,0,232,0
589878,1,0,4.05708e-005,0.00350894,0.0599049,0.303349,1,0,,0,0,0,0,0,0,0,0,103808,104555,0,232,0
589978,1,0,2.83996e-005,0.00281283,0.0541957,0.284899,1,0,,0,0,0,0,0,0,0,0,103808,104555,0,232,0
590078,1,0,1.98797e-005,0.00225424,0.0490015,0.306975,1,0,,0,0,0,0,0,0,0,0,103808,104555,0,232,0
590178,1,0,1.39158e-005,0.00180618,0.044282,0.295624,1,0,,0,0,0,0,0,0,0,0,103808,104555,0,232,0
590278,1,0,9.74105e-006,0.00144689,0.0399985,0.308988,1,0,,0,0,0,0,0,0,0,0,103808,104555,0,232,0
590378,1,0,6.81874e-006,0.00115888,0.0361145,0.309975,1,0,,0,0,0,0,0,0,0,0,103808,104555,0,232,0
590478,1,0,4.77312e-006,0.000928056,0.0325959,0.294477,1,0,,0,0,0,0,0,0,0,0,103808,104555,0,232,0
590578,1,0,3.34118e-006,0.000743113,0.0294106,0.28462,1,0,,0,0,0,0,0,0,0,0,103808,104555,0,232,0
590678,1,0,2.33883e-006,0.000594958,0.026529,0.298395,1,0,,0,0,0,0,0,0,0,0,103808,104555,0,232,0
590778,1,7,2.1,0.420476,0.0659238,0.2954,1,0,,0,0,0,0,0,0,0,0,103808,104555,0,232,0
590878,1,0,1.47,0.630381,0.12237,0.2874,1,0,,0,0,0,0,0,0,0,0,103808,104555,0,232,0
590978,1,0,1.029,0.710105,0.181143,0.287515,1,0,,0,0,0,0,0,0,0,0,103808,104555,0,232,0
591078,1,0,0.720301,0.712144,0.234243,0.282103,1,0,,0,0,0,0,0,0,0,0,103808,104555,0,232,0
591178,1,0,0.50421,0.670557,0.277875,0.264579,1,0,,0,0,0,0,0,0,0,0,103808,104555,0,232,0
591278,1,0,0.352947,0.607036,0.310791,0.288804,1,0,,0,0,0,0,0,0,0,0,103808,104555,0,232,0
591378,1,0,0.247063,0.535041,0.333216,0.293167,1,0,,0,0,0,0,0,0,0,0,103808,104555,0,232,0
591478,1,0,0.172944,0.462622,0.346156,0.261766,1,0,,0,0,0,0,0,0,0,0,103808,104555,0,232,0
591578,1,0,0.121061,0.39431,0.350972,0.316903,1,0,,0,0,0,0,0,0,0,0,103808,104555,0,232,0
591678,1,0,0.0847426,0.332396,0.349114,0.288238,1,0,,0,0,0,0,0,0,0,0,103808,104555,0,232,0
591778,1,0,0.0593199,0.277781,0.341981,0.299987,1,0,,0,0,0,0,0,0,0,0,103808,104555,0,232,0
591878,1,0,0.0415239,0.23053,0.330836,0.295026,1,0,,0,0,0,0,0,0,0,0,103808,104555,0,232,0
591978,1,0,0.0290667,0.190237,0.316776,0.32154,1,0,,0,0,0,0,0,0,0,0,103808,104555,0,232,0
592078,1,0,0.0203467,0.156259,0.300724,0.289966,1,0,,0,0,0,0,0,0,0,0,103808,104555,0,232,0
592178,1,0,0.0142427,0.127856,0.283437,0.306078,1,0,,0,0,0,0,0,0,0,0,103808,104555,0,232,0
592278,1,0,0.00996989,0.104279,0.265521,0.326666,1,0,,0,0,0,0,0,0,0,0,103808,104555,0,232,0
592378,1,0,0.00697892,0.0848186,0.247451,0.296513,1,0,,0,0,0,0,0,0,0,0,103808,104555,0,232,0
592478,1,0,0.00488524,0.0688319,0.229589,0.274475,1,0,,0,0,0,0,0,0,0,0,103808,104555,0,232,0
592578,1,0,0.00341967,0.0557495,0.212205,0.322501,1,0,,0,0,0,0,0,0,0,0,103808,104555,0,232,0
592678,1,0,0.00239377,0.0450783,0.195492,0.282661,1,0,,0,0,0,0,0,0,0,0,103808,104555,0,232,0
592778,1,0,0.00167564,0.0363978,0.179583,0.262673,1,0,,0,0,0,0,0,0,0,0,103808,104555,0,232,0
592878,1,0,0.00117295,0.0293528,0.16456,0.295785,1,0,,0,0,0,0,0,0,0,0,103808,104555,0,232,0
592978,1,0,0.000821063,0.0236465,0.150469,0.300161,1,0,,0,0,0,0,0,0,0,0,103808,104555,0,232,0
593078,1,0,0.000574744,0.0190321,0.137325,0.278849,1,0,,0,0,0,0,0,0,0,0,103808,104555,0,232,0
593178,1,0,0.000402321,0.0153062,0.125123,0.285637,1,0,,0,0,0,0,0,0,0,0,103808,104555,0,232,0
593278,1,0,0.000281625,0.0123013,0.113841,0.293448,1,0,,0,0,0,0,0,0,0,0,103808,104555,0,232,0
593378,1,0,0.000197137,0.00988043,0.103445,0.333237,1,0,,0,0,0,0,0,0,0,0,103808,104555,0,232,0
593478,1,0,0.000137996,0.00793195,0.0938936,0.267636,1,0,,0,0,0,0,0,0,0,0,103808,104555,0,232,0
593578,1,0,9.65972e-005,0.00636488,0.0851407,0.300159,1,0,,0,0,0,0,0,0,0,0,103808,104555,0,232,0
593678,1,0,6.76181e-005,0.00510543,0.0771372,0.265387,1,0,,0,0,0,0,0,0,0,0,103808,104555,0,232,0
593778,1,0,4.73326e-005,0.00409381,0.0698328,0.282811,1,0,,0,0,0,0,0,0,0,0,103808,104555,0,232,0
593878,1,0,3.31328e-005,0.00328167,0.0631777,0.289387,1,0,,0,0,0,0,0,0,0,0,103808,104555,0,232,0
593978,1,0,2.3193e-005,0.00262998,0.0571229,0.305838,1,0,,0,0,0,0,0,0,0,0,103808,104555,0,232,0
594078,1,0,1.62351e-005,0.00210723,0.0516214,0.254715,1,0,,0,0,0,0,0,0,0,0,103808,104555,0,232,0
594178,1,0,1.13646e-005,0.00168806,0.046628,0.27963,1,0,,0,0,0,0,0,0,0,0,103808,104555,0,232,0
594278,1,0,7.9552e-006,0.00135204,0.0421004,0.270016,1,0,,0,0,0,0,0,0,0,0,103808,104555,0,232,0
594378,1,0,5.56864e-006,0.00108274,0.0379987,0.302166,1,0,,0,0,0,0,0,0,0,0,103808,104555,0,232,0
594478,1,0,3.89805e-006,0.000866973,0.0342855,0.277791,1,0,,0,0,0,0,0,0,0,0,103808,104555,0,232,0
594578,1,0,2.72863e-006,0.000694124,0.0309264,0.28064,1,0,,0,0,0,0,0,0,0,0,103808,104555,0,232,0
594678,1,0,1.91004e-006,0.000555682,0.0278893,0.302328,1,0,,0,0,0,0,0,0,0,0,103808,104555,0,232,0
594778,1,6,1.8,0.360445,0.0611448,0.264948,1,0,,0,0,0,0,0,0,0,0,103808,104555,0,232,0
594878,1,0,1.26,0.540356,0.109066,0.294499,1,0,,0,0,0,0,0,0,0,0,103808,104555,0,232,0
594978,1,0,0.882001,0.608685,0.159028,0.293536,1,0,,0,0,0,0,0,0,0,0,103808,104555,0,232,0
595078,1,0,0.6174,0.610428,0.204168,0.295048,1,0,,0,0,0,0,0,0,0,0,103808,104555,0,232,0
595178,1,0,0.43218,0.574779,0.241229,0.27885,1,0,,0,0,0,0,0,0,0,0,103808,104555,0,232,0
595278,1,0,0.302526,0.520328,0.269139,0.299176,1,0,,0,0,0,0,0,0,0,0,103808,104555,0,232,0
595378,1,0,0.211768,0.458616,0.288087,0.288311,1,0,,0,0,0,0,0,0,0,0,103808,104555,0,232,0
595478,1,0,0.148238,0.39654,0.298932,0.296373,1,0,,0,0,0,0,0,0,0,0,103808,104555,0,232,0
595578,1,0,0.103766,0.337986,0.302837,0.278037,1,0,,0,0,0,0,0,0,0,0,103808,104555,0,232,0
595678,1,0,0.0726365,0.284916,0.301045,0.277899,1,0,,0,0,0,0,0,0,0,0,103808,104555,0,232,0
595778,1,0,0.0508456,0.238102,0.294751,0.289399,1,0,,0,0,0,0,0,0,0,0,103808,104555,0,232,0
595878,1,0,0.0355919,0.1976,0.285036,0.280149,1,0,,0,0,0,0,0,0,0,0,103808,104555,0,232,0
595978,1,0,0.0249143,0.163063,0.272838,0.281841,1,0,,0,0,0,0,0,0,0,0,103808,104555,0,232,0
596078,1,0,0.01744,0.133938,0.258948,0.268754,1,0,,0,0,0,0,0,0,0,0,103808,104555,0,232,0
596178,1,0,0.012208,0.109592,0.244013,0.286116,1,0,,0,0,0,0,0,0,0,0,103808,104555,0,232,0
596278,1,0,0.00854561,0.0893828,0.22855,0.269442,1,0,,0,0,0,0,0,0,0,0,103808,104555,0,232,0
596378,1,0,0.00598193,0.0727027,0.212965,0.278417,1,0,,0,0,0,0,0,0,0,0,103808,104555,0,232,0
596478,1,0,0.00418735,0.0589996,0.197569,0.279153,1,0,,0,0,0,0,0,0,0,0,103808,104555,0,232,0
596578,1,0,0.00293115,0.0477859,0.18259,0.263428,1,0,,0,0,0,0,0,0,0,0,103808,104555,0,232,0
596678,1,0,0.0020518,0.0386391,0.168195,0.302665,1,0,,0,0,0,0,0,0,0,0,103808,104555,0,232,0
596778,1,0,0.00143626,0.0311985,0.154495,0.288864,1,0,,0,0,0,0,0,0,0,0,103808,104555,0,232,0
596878,1,0,0.00100538,0.0251599,0.141562,0.272965,1,0,,0,0,0,0,0,0,0,0,103808,104555,0,232,0
596978,1,0,0.000703768,0.0202687,0.129433,0.282577,1,0,,0,0,0,0,0,0,0,0,103808,104555,0,232,0
597078,1,0,0.000492638,0.0163135,0.118121,0.261089,1,0,,0,0,0,0,0,0,0,0,103808,104555,0,232,0
597178,1,0,0.000344846,0.0131197,0.107621,0.282938,1,0,,0,0,0,0,0,0,0,0,103808,104555,0,232,0
597278,1,0,0.000241392,0.0105441,0.0979129,0.262287,1,0,,0,0,0,0,0,0,0,0,103808,104555,0,232,0
597378,1,0,0.000168975,0.00846905,0.0889685,0.28455,1,0,,0,0,0,0,0,0,0,0,103808,104555,0,232,0
597478,1,0,0.000118282,0.0067989,0.0807516,0.277349,1,0,,0,0,0,0,0,0,0,0,103808,104555,0,232,0
597578,1,0,8.27976e-005,0.00545568,0.073222,0.261111,1,0,,0,0,0,0,0,0,0,0,103808,104555,0,232,0
597678,1,0,5.79583e-005,0.00437613,0.0663374,0.289161,1,0,,0,0,0,0,0,0,0,0,103808,104555,0,232,0
597778,1,0,4.05708e-005,0.00350902,0.0600545,0.30565,1,0,,0,0,0,0,0,0,0,0,103808,104555,0,232,0
597878,1,0,2.83996e-005,0.0028129,0.0543304,0.287525,1,0,,0,0,0,0,0,0,0,0,103808,104555,0,232,0
597978,1,0,1.98797e-005,0.00225429,0.0491228,0.257082,1,0,,0,0,0,0,0,0,0,0,103808,104555,0,232,0
598078,1,0,1.39158e-005,0.00180622,0.0443911,0.273096,1,0,,0,0,0,0,0,0,0,0,103808,104555,0,232,0
598178,1,0,9.74105e-006,0.00144692,0.0400967,0.300807,1,0,,0,0,0,0,0,0,0,0,103808,104555,0,232,0
598278,1,0,6.81874e-006,0.0011589,0.0362029,0.281845,1,0,,0,0,0,0,0,0,0,0,103808,104555,0,232,0
598378,1,0,4.77312e-006,0.000928076,0.0326754,0.256795,1,0,,0,0,0,0,0,0,0,0,103808,104555,0,232,0
598478,1,0,3.34118e-006,0.000743129,0.0294822,0.282232,1,0,,0,0,0,0,0,0,0,0,103808,104555,0,232,0
598578,1,0,2.33883e-006,0.000594971,0.0265935,0.277233,1,0,,0,0,0,0,0,0,0,0,103808,104555,0,232,0
598678,1,6,1.8,0.360476,0.0599818,0.27892,1,0,,0,0,0,0,0,0,0,0,103808,104555,0,232,0
598778,1,0,1.26,0.540381,0.108022,0.275596,1,0,,0,0,0,0,0,0,0,0,103808,104555,0,232,0
598878,1,0,0.882001,0.608705,0.15809,0.26442,1,0,,0,0,0,0,0,0,0,0,103808,104555,0,232,0
598978,1,0,0.617401,0.610444,0.203325,0.299807,1,0,,0,0,0,0,0,0,0,0,103808,104555,0,232,0
599078,1,0,0.43218,0.574792,0.240472,0.283445,1,0,,0,0,0,0,0,0,0,0,103808,104555,0,232,0
599178,1,0,0.302526,0.520338,0.268459,0.268258,1,0,,0,0,0,0,0,0,0,0,103808,104555,0,232,0
599278,1,0,0.211768,0.458624,0.287475,0.261782,1,0,,0,0,0,0,0,0,0,0,103808,104555,0,232,0
599378,1,0,0.148238,0.396547,0.298382,0.266319,1,0,,0,0,0,0,0,0,0,0,103808,104555,0,232,0
599478,1,0,0.103767,0.337991,0.302343,0.270019,1,0,,0,0,0,0,0,0,0,0,103808,104555,0,232,0
599578,1,0,0.0726366,0.28492,0.300601,0.262319,1,0,,0,0,0,0,0,0,0,0,103808,104555,0,232,0
599678,1,0,0.0508456,0.238105,0.294351,0.255969,1,0,,0,0,0,0,0,0,0,0,103808,104555,0,232,0
599778,1,0,0.0355919,0.197603,0.284676,0.274629,1,0,,0,0,0,0,0,0,0,0,103808,104555,0,232,0
599878,1,0,0.0249143,0.163065,0.272515,0.294718,1,0,,0,0,0,0,0,0,0,0,103808,104555,0,232,0
599978,1,0,0.01744,0.13394,0.258658,0.281956,1,0,,0,0,0,0,0,0,0,0,103808,104555,0,232,0
600078,1,0,0.012208,0.109594,0.243751,0.26293,1,0,,0,0,0,0,0,0,0,0,103808,104555,0,232,0
600178,1,0,0.00854562,0.089384,0.228315,0.28703,1,0,,0,0,0,0,0,0,0,0,103808,104555,0,232,0
600278,1,0,0.00598193,0.0727036,0.212754,0.248129,1,0,,0,0,0,0,0,0,0,0,103808,104555,0,232,0
600378,1,0,0.00418735,0.0590003,0.197378,0.281942,1,0,,0,0,0,0,0,0,0,0,103808,104555,0,232,0
600478,1,0,0.00293115,0.0477865,0.182419,0.280454,1,0,,0,0,0,0,0,0,0,0,103808,104555,0,232,0
600578,1,0,0.0020518,0.0386396,0.168041,0.284067,1,0,,0,0,0,0,0,0,0,0,103808,104555,0,232,0
600678,1,0,0.00143626,0.0311989,0.154357,0.26733,1,0,,0,0,0,0,0,0,0,0,103808,104555,0,232,0
600778,1,0,0.00100538,0.0251602,0.141437,0.255305,1,0,,0,0,0,0,0,0,0,0,103808,104555,0,232,0
600878,1,0,0.000703768,0.0202689,0.12932,0.268118,1,0,,0,0,0,0,0,0,0,0,103808,104555,0,232,0
600978,1,0,0.000492638,0.0163137,0.11802,0.285307,1,0,,0,0,0,0,0,0,0,0,103808,104555,0,232,0
601078,1,0,0.000344846,0.0131199,0.10753,0.262507,1,0,,0,0,0,0,0,0,0,0,103808,104555,0,232,0
601178,1,0,0.000241392,0.0105442,0.0978311,0.265257,1,0,,0,0,0,0,0,0,0,0,103808,104555,0,232,0
601278,1,0,0.000168975,0.00846915,0.0888949,0.274908,1,0,,0,0,0,0,0,0,0,0,103808,104555,0,232,0
601378,1,0,0.000118282,0.00679898,0.0806853,0.26919,1,0,,0,0,0,0,0,0,0,0,103808,104555,0,232,0
601478,1,0,8.27976e-005,0.00545574,0.0731624,0.296228,1,0,,0,0,0,0,0,0,0,0,103808,104555,0,232,0
601578,1,0,5.79583e-005,0.00437618,0.0662838,0.258929,1,0,,0,0,0,0,0,0,0,0,103808,104555,0,232,0
601678,1,0,4.05708e-005,0.00350906,0.0600063,0.265404,1,0,,0,0,0,0,0,0,0,0,103808,104555,0,232,0
601778,1,0,2.83996e-005,0.00281293,0.0542869,0.300115,1,0,,0,0,0,0,0,0,0,0,103808,104555,0,232,0
601878,1,0,1.98797e-005,0.00225432,0.0490837,0.283289,1,0,,0,0,0,0,0,0,0,0,103808,104555,0,232,0
601978,1,0,1.39158e-005,0.00180624,0.0443559,0.26529,1,0,,0,0,0,0,0,0,0,0,103808,104555,0,232,0
602078,1,0,9.74105e-006,0.00144694,0.040065,0.293894,1,0,,0,0,0,0,0,0,0,0,103808,104555,0,232,0
602178,1,0,6.81874e-006,0.00115892,0.0361744,0.289032,1,0,,0,0,0,0,0,0,0,0,103808,104555,0,232,0
602278,1,0,4.77312e-006,0.000928087,0.0326498,0.277618,1,0,,0,0,0,0,0,0,0,0,103808,104555,0,232,0
602378,1,0,3.34118e-006,0.000743138,0.0294591,0.257118,1,0,,0,0,0,0,0,0,0,0,103808,104555,0,232,0
602478,1,0,2.33883e-006,0.000594978,0.0265727,0.297069,1,0,,0,0,0,0,0,0,0,0,103808,104555,0,232,0
602578,1,7,2.1,0.420476,0.0659631,0.282532,1,0,,0,0,0,0,0,0,0,0,103808,104555,0,232,0
602678,1,0,1.47,0.630381,0.122405,0.270111,1,0,,0,0,0,0,0,0,0,0,103808,104555,0,232,0
602778,1,0,1.029,0.710105,0.181175,0.324401,1,0,,0,0,0,0,0,0,0,0,103808,104555,0,232,0
602878,1,0,0.720301,0.712144,0.234272,0.291075,1,0,,0,0,0,0,0,0,0,0,103808,104555,0,232,0
602978,1,0,0.50421,0.670557,0.2779,0.262075,1,0,,0,0,0,0,0,0,0,0,103808,104555,0,232,0
603078,1,0,0.352947,0.607036,0.310814,0.263589,1,0,,0,0,0,0,0,0,0,0,103808,104555,0,232,0
603178,1,0,0.247063,0.535041,0.333237,0.280558,1,0,,0,0,0,0,0,0,0,0,103808,104555,0,232,0
603278,1,0,0.172944,0.462622,0.346175,0.286921,1,0,,0,0,0,0,0,0,0,0,103808,104555,0,232,0
603378,1,0,0.121061,0.39431,0.350989,0.315234,1,0,,0,0,0,0,0,0,0,0,103808,104555,0,232,0
603478,1,0,0.0847426,0.332396,0.349129,0.27707,1,0,,0,0,0,0,0,0,0,0,103808,104555,0,232,0
603578,1,0,0.0593199,0.277781,0.341994,0.321344,1,0,,0,0,0,0,0,0,0,0,103808,104555,0,232,0
603678,1,0,0.0415239,0.23053,0.330848,0.274405,1,0,,0,0,0,0,0,0,0,0,103808,104555,0,232,0
603778,1,0,0.0290667,0.190237,0.316787,0.284245,1,0,,0,0,0,0,0,0,0,0,103808,104555,0,232,0
603878,1,0,0.0203467,0.156259,0.300734,0.313931,1,0,,0,0,0,0,0,0,0,0,103808,104555,0,232,0
603978,1,0,0.0142427,0.127856,0.283446,0.292058,1,0,,0,0,0,0,0,0,0,0,103808,104555,0,232,0
604078,1,0,0.00996989,0.104279,0.265529,0.295968,1,0,,0,0,0,0,0,0,0,0,103808,104555,0,232,0
604178,1,0,0.00697892,0.0848186,0.247458,0.306955,1,0,,0,0,0,0,0,0,0,0,103808,104555,0,232,0
604278,1,0,0.00488524,0.0688319,0.229596,0.28373,1,0,,0,0,0,0,0,0,0,0,103808,104555,0,232,0
604378,1,0,0.00341967,0.0557495,0.212211,0.277429,1,0,,0,0,0,0,0,0,0,0,103808,104555,0,232,0
604478,1,0,0.00239377,0.0450783,0.195498,0.275705,1,0,,0,0,0,0,0,0,0,0,103808,104555,0,232,0
604578,1,0,0.00167564,0.0363978,0.179588,0.288817,1,0,,0,0,0,0,0,0,0,0,103808,104555,0,232,0
604678,1,0,0.00117295,0.0293528,0.164564,0.286067,1,0,,0,0,0,0,0,0,0,0,103808,104555,0,232,0
604778,1,0,0.000821063,0.0236465,0.150472,0.297258,1,0,,0,0,0,0,0,0,0,0,103808,104555,0,232,0
604878,1,0,0.000574744,0.0190321,0.137328,0.28267,1,0,,0,0,0,0,0,0,0,0,103808,104555,0,232,0
604978,1,0,0.000402321,0.0153062,0.125126,0.278224,1,0,,0,0,0,0,0,0,0,0,103808,104555,0,232,0
605078,1,0,0.000281625,0.0123013,0.113844,0.286201,1,0,,0,0,0,0,0,0,0,0,103808,104555,0,232,0
605178,1,0,0.000197137,0.00988043,0.103447,0.258003,1,0,,0,0,0,0,0,0,0,0,103808,104555,0,232,0
605278,1,0,0.000137996,0.00793195,0.0938958,0.282352,1,0,,0,0,0,0,0,0,0,0,103808,104555,0,232,0
605378,1,0,9.65972e-005,0.00636488,0.0851427,0.327989,1,0,,0,0,0,0,0,0,0,0,103808,104555,0,232,0
605478,1,0,6.76181e-005,0.00510543,0.077139,0.271551,1,0,,0,0,0,0,0,0,0,0,103808,104555,0,232,0
605578,1,0,4.73326e-005,0.00409381,0.0698345,0.267826,1,0,,0,0,0,0,0,0,0,0,103808,104555,0,232,0
605678,1,0,3.31328e-005,0.00328167,0.0631792,0.307776,1,0,,0,0,0,0,0,0,0,0,103808,104555,0,232,0
605778,1,0,2.3193e-005,0.00262998,0.0571243,0.3317,1,0,,0,0,0,0,0,0,0,0,103808,104555,0,232,0
605878,1,0,1.62351e-005,0.00210723,0.0516226,0.269639,1,0,,0,0,0,0,0,0,0,0,103808,104555,0,232,0
605978,1,0,1.13646e-005,0.00168806,0.0466291,0.288289,1,0,,0,0,0,0,0,0,0,0,103808,104555,0,232,0
606078,1,0,7.9552e-006,0.00135204,0.0421014,0.283153,1,0,,0,0,0,0,0,0,0,0,103808,104555,0,232,0
606178,1,0,5.56864e-006,0.00108274,0.0379995,0.298949,1,0,,0,0,0,0,0,0,0,0,103808,104555,0,232,0
606278,1,0,3.89805e-006,0.000866973,0.0342863,0.277687,1,0,,0,0,0,0,0,0,0,0,103808,104555,0,232,0
606378,1,0,2.72863e-006,0.000694124,0.0309271,0.286411,1,0,,0,0,0,0,0,0,0,0,103808,104555,0,232,0
606478,1,0,1.91004e-006,0.000555682,0.0278899,0.286862,1,0,,0,0,0,0,0,0,0,0,103808,104555,0,232,0
606578,1,6,1.8,0.360445,0.0611454,0.279844,1,0,,0,0,0,0,0,0,0,0,103808,104555,0,232,0
606678,1,0,1.26,0.540356,0.109066,0.285057,1,0,,0,0,0,0,0,0,0,0,103808,104555,0,232,0
606778,1,0,0.882001,0.608685,0.159028,0.293182,1,0,,0,0,0,0,0,0,0,0,103808,104555,0,232,0
606878,1,0,0.6174,0.610428,0.204168,0.274606,1,0,,0,0,0,0,0,0,0,0,103808,104555,0,232,0
606978,1,0,0.43218,0.574779,0.241229,0.279504,1,0,,0,0,0,0,0,0,0,0,103808,104555,0,232,0
607078,1,0,0.302526,0.520328,0.269139,0.281867,1,0,,0,0,0,0,0,0,0,0,103808,104555,0,232,0
607178,1,0,0.211768,0.458616,0.288087,0.267592,1,0,,0,0,0,0,0,0,0,0,103808,104555,0,232,0
607278,1,0,0.148238,0.39654,0.298932,0.277541,1,0,,0,0,0,0,0,0,0,0,103808,104555,0,232,0
607378,1,0,0.103766,0.337986,0.302838,0.297678,1,0,,0,0,0,0,0,0,0,0,103808,104555,0,232,0
607478,1,0,0.0726365,0.284916,0.301045,0.29504,1,0,,0,0,0,0,0,0,0,0,103808,104555,0,232,0
607578,1,0,0.0508456,0.238102,0.294751,0.270953,1,0,,0,0,0,0,0,0,0,0,103808,104555,0,232,0
607678,1,0,0.0355919,0.1976,0.285036,0.306277,1,0,,0,0,0,0,0,0,0,0,103808,104555,0,232,0
607778,1,0,0.0249143,0.163063,0.272839,0.257177,1,0,,0,0,0,0,0,0,0,0,103808,104555,0,232,0
607878,1,0,0.01744,0.133938,0.258949,0.292952,1,0,,0,0,0,0,0,0,0,0,103808,104555,0,232,0
607978,1,0,0.012208,0.109592,0.244013,0.28844,1,0,,0,0,0,0,0,0,0,0,103808,104555,0,232,0
608078,1,0,0.00854561,0.0893828,0.22855,0.28429,1,0,,0,0,0,0,0,0,0,0,103808,104555,0,232,0
608178,1,0,0.00598193,0.0727027,0.212965,0.282828,1,0,,0,0,0,0,0,0,0,0,103808,104555,0,232,0
608278,1,0,0.00418735,0.0589996,0.197569,0.290816,1,0,,0,0,0,0,0,0,0,0,103808,104555,0,232,0
608378,1,0,0.00293115,0.0477859,0.18259,0.275581,1,0,,0,0,0,0,0,0,0,0,103808,104555,0,232,0
608478,1,0,0.0020518,0.0386391,0.168195,0.294281,1,0,,0,0,0,0,0,0,0,0,103808,104555,0,232,0
608578,1,0,0.00143626,0.0311985,0.154496,0.350291,1,0,,0,0,0,0,0,0,0,0,103808,104555,0,232,0
608678,1,0,0.00100538,0.0251599,0.141562,0.290828,1,0,,0,0,0,0,0,0,0,0,103808,104555,0,232,0
608778,1,0,0.000703768,0.0202687,0.129433,0.28109,1,0,,0,0,0,0,0,0,0,0,103808,104555,0,232,0
608878,1,0,0.000492638,0.0163135,0.118121,0.301028,1,0,,0,0,0,0,0,0,0,0,103808,104555,0,232,0
608978,1,0,0.000344846,0.0131197,0.107621,0.286578,1,0,,0,0,0,0,0,0,0,0,103808,104555,0,232,0
609078,1,0,0.000241392,0.0105441,0.097913,0.264668,1,0,,0,0,0,0,0,0,0,0,103808,104555,0,232,0
609178,1,0,0.000168975,0.00846905,0.0889686,0.288156,1,0,,0,0,0,0,0,0,0,0,103808,104555,0,232,0
609278,1,0,0.000118282,0.0067989,0.0807516,0.27348,1,0,,0,0,0,0,0,0,0,0,103808,104555,0,232,0
609378,1,0,8.27976e-005,0.00545568,0.073222,0.303506,1,0,,0,0,0,0,0,0,0,0,103808,104555,0,232,0
609478,1,0,5.79583e-005,0.00437613,0.0663374,0.287145,1,0,,0,0,0,0,0,0,0,0,103808,104555,0,232,0
609578,1,0,4.05708e-005,0.00350902,0.0600546,0.296607,1,0,,0,0,0,0,0,0,0,0,103808,104555,0,232,0
609678,1,0,2.83996e-005,0.0028129,0.0543304,0.286385,1,0,,0,0,0,0,0,0,0,0,103808,104555,0,232,0
609778,1,0,1.98797e-005,0.00225429,0.0491228,0.290595,1,0,,0,0,0,0,0,0,0,0,103808,104555,0,232,0
609878,1,0,1.39158e-005,0.00180622,0.0443911,0.306358,1,0,,0,0,0,0,0,0,0,0,103808,104555,0,232,0
609978,1,0,9.74105e-006,0.00144692,0.0400967,0.30292,1,0,,0,0,0,0,0,0,0,0,103808,104555,0,232,0
610078,1,0,6.81874e-006,0.0011589,0.0362029,0.324206,1,0,,0,0,0,0,0,0,0,0,103808,104555,0,232,0
610178,1,0,4.77312e-006,0.000928076,0.0326754,0.279882,1,0,,0,0,0,0,0,0,0,0,103808,104555,0,232,0
610278,1,0,3.34118e-006,0.000743129,0.0294822,0.300058,1,0,,0,0,0,0,0,0,0,0,103808,104555,0,232,0
610378,1,0,2.33883e-006,0.000594971,0.0265935,0.31629,1,0,,0,0,0,0,0,0,0,0,103808,104555,0,232,0
610478,1,7,2.1,0.420476,0.0659818,0.287349,1,0,,0,0,0,0,0,0,0,0,103808,104555,0,232,0
610578,1,0,1.47,0.630381,0.122422,0.304661,1,0,,0,0,0,0,0,0,0,0,103808,104555,0,232,0
610678,1,0,1.029,0.710105,0.18119,0.270811,1,0,,0,0,0,0,0,0,0,0,103808,104555,0,232,0
610778,1,0,0.720301,0.712144,0.234286,0.302412,1,0,,0,0,0,0,0,0,0,0,103808,104555,0,232,0
610878,1,0,0.50421,0.670557,0.277913,0.308963,1,0,,0,0,0,0,0,0,0,0,103808,104555,0,232,0
610978,1,0,0.352947,0.607036,0.310825,0.277362,1,0,,0,0,0,0,0,0,0,0,103808,104555,0,232,0
611078,1,0,0.247063,0.535041,0.333247,0.277262,1,0,,0,0,0,0,0,0,0,0,103808,104555,0,232,0
611178,1,0,0.172944,0.462622,0.346184,0.272452,1,0,,0,0,0,0,0,0,0,0,103808,104555,0,232,0
611278,1,0,0.121061,0.39431,0.350997,0.278777,1,0,,0,0,0,0,0,0,0,0,103808,104555,0,232,0
611378,1,0,0.0847426,0.332396,0.349137,0.317177,1,0,,0,0,0,0,0,0,0,0,103808,104555,0,232,0
611478,1,0,0.0593199,0.277781,0.342001,0.293075,1,0,,0,0,0,0,0,0,0,0,103808,104555,0,232,0
611578,1,0,0.0415239,0.23053,0.330854,0.300001,1,0,,0,0,0,0,0,0,0,0,103808,104555,0,232,0
611678,1,0,0.0290667,0.190237,0.316792,0.279951,1,0,,0,0,0,0,0,0,0,0,103808,104555,0,232,0
611778,1,0,0.0203467,0.156259,0.300739,0.301102,1,0,,0,0,0,0,0,0,0,0,103808,104555,0,232,0
611878,1,0,0.0142427,0.127856,0.283451,0.301842,1,0,,0,0,0,0,0,0,0,0,103808,104555,0,232,0
611978,1,0,0.00996989,0.104279,0.265533,0.316904,1,0,,0,0,0,0,0,0,0,0,103808,104555,0,232,0
612078,1,0,0.00697892,0.0848186,0.247462,0.258354,1,0,,0,0,0,0,0,0,0,0,103808,104555,0,232,0
612178,1,0,0.00488524,0.0688319,0.229599,0.298041,1,0,,0,0,0,0,0,0,0,0,103808,104555,0,232,0
612278,1,0,0.00341967,0.0557495,0.212214,0.334028,1,0,,0,0,0,0,0,0,0,0,103808,104555,0,232,0
612378,1,0,0.00239377,0.0450783,0.1955,0.305553,1,0,,0,0,0,0,0,0,0,0,103808,104555,0,232,0
612478,1,0,0.00167564,0.0363978,0.17959,0.279855,1,0,,0,0,0,0,0,0,0,0,103808,104555,0,232,0
612578,1,0,0.00117295,0.0293528,0.164566,0.279041,1,0,,0,0,0,0,0,0,0,0,103808,104555,0,232,0
612678,1,0,0.000821063,0.0236465,0.150474,0.326478,1,0,,0,0,0,0,0,0,0,0,103808,104555,0,232,0
612778,1,0,0.000574744,0.0190321,0.13733,0.236403,1,0,,0,0,0,0,0,0,0,0,103808,104555,0,232,0
612878,1,0,0.000402321,0.0153062,0.125128,0.351766,1,0,,0,0,0,0,0,0,0,0,103808,104555,0,232,0
612978,1,0,0.000281625,0.0123013,0.113845,0.278253,1,0,,0,0,0,0,0,0,0,0,103808,104555,0,232,0
613078,1,0,0.000197137,0.00988043,0.103449,0.32534,1,0,,0,0,0,0,0,0,0,0,103808,104555,0,232,0
613178,1,0,0.000137996,0.00793195,0.0938969,0.276903,1,0,,0,0,0,0,0,0,0,0,103808,104555,0,232,0
613278,1,0,9.65972e-005,0.00636488,0.0851437,0.284691,1,0,,0,0,0,0,0,0,0,0,103808,104555,0,232,0
613378,1,0,6.76181e-005,0.00510543,0.0771399,0.249927,1,0,,0,0,0,0,0,0,0,0,103808,104555,0,232,0
613478,1,0,4.73326e-005,0.00409381,0.0698353,0.265191,1,0,,0,0,0,0,0,0,0,0,103808,104555,0,232,0
613578,1,0,3.31328e-005,0.00328167,0.0631799,0.300456,1,0,,0,0,0,0,0,0,0,0,103808,104555,0,232,0
613678,1,0,2.3193e-005,0.00262998,0.0571249,0.264221,1,0,,0,0,0,0,0,0,0,0,103808,104555,0,232,0
613778,1,0,1.62351e-005,0.00210723,0.0516232,0.237085,1,0,,0,0,0,0,0,0,0,0,103808,104555,0,232,0
613878,1,0,1.13646e-005,0.00168806,0.0466296,0.278786,1,0,,0,0,0,0,0,0,0,0,103808,104555,0,232,0
613978,1,0,7.9552e-006,0.00135204,0.0421019,0.322434,1,0,,0,0,0,0,0,0,0,0,103808,104555,0,232,0
614078,1,0,5.56864e-006,0.00108274,0.038,0.273935,1,0,,0,0,0,0,0,0,0,0,103808,104555,0,232,0
614178,1,0,3.89805e-006,0.000866973,0.0342867,0.30161,1,0,,0,0,0,0,0,0,0,0,103808,104555,0,232,0
614278,1,0,2.72863e-006,0.000694124,0.0309274,0.351797,1,0,,0,0,0,0,0,0,0,0,103808,104555,0,232,0
614378,1,0,1.91004e-006,0.000555682,0.0278902,0.276009,1,0,,0,0,0,0,0,0,0,0,103808,104555,0,232,0
614478,1,6,1.8,0.360445,0.0611457,0.286402,1,0,,0,0,0,0,0,0,0,0,103808,104555,0,232,0
614578,1,0,1.26,0.540356,0.109067,0.274739,1,0,,0,0,0,0,0,0,0,0,103808,104555,0,232,0
614678,1,0,0.882001,0.608685,0.159029,0.275351,1,0,,0,0,0,0,0,0,0,0,103808,104555,0,232,0
614778,1,0,0.6174,0.610428,0.204168,0.308888,1,0,,0,0,0,0,0,0,0,0,103808,104555,0,232,0
614878,1,0,0.43218,0.574779,0.24123,0.274952,1,0,,0,0,0,0,0,0,0,0,103808,104555,0,232,0
614978,1,0,0.302526,0.520328,0.269139,0.266327,1,0,,0,0,0,0,0,0,0,0,103808,104555,0,232,0
615078,1,0,0.211768,0.458616,0.288087,0.296416,1,0,,0,0,0,0,0,0,0,0,103808,104555,0,232,0
615178,1,0,0.148238,0.39654,0.298932,0.274851,1,0,,0,0,0,0,0,0,0,0,103808,104555,0,232,0
615278,1,0,0.103766,0.337986,0.302838,0.296377,1,0,,0,0,0,0,0,0,0,0,103808,104555,0,232,0
615378,1,0,0.0726365,0.284916,0.301045,0.267577,1,0,,0,0,0,0,0,0,0,0,103808,104555,0,232,0
615478,1,0,0.0508456,0.238102,0.294751,0.289076,1,0,,0,0,0,0,0,0,0,0,103808,104555,0,232,0
615578,1,0,0.0355919,0.1976,0.285036,0.264638,1,0,,0,0,0,0,0,0,0,0,103808,104555,0,232,0
615678,1,0,0.0249143,0.163063,0.272839,0.306001,1,0,,0,0,0,0,0,0,0,0,103808,104555,0,232,0
615778,1,0,0.01744,0.133938,0.258949,0.2942,1,0,,0,0,0,0,0,0,0,0,103808,104555,0,232,0
615878,1,0,0.012208,0.109592,0.244013,0.31565,1,0,,0,0,0,0,0,0,0,0,103808,104555,0,232,0
615978,1,0,0.00854561,0.0893828,0.22855,0.287327,1,0,,0,0,0,0,0,0,0,0,103808,104555,0,232,0
616078,1,0,0.00598193,0.0727027,0.212965,0.270639,1,0,,0,0,0,0,0,0,0,0,103808,104555,0,232,0
616178,1,0,0.00418735,0.0589996,0.197569,0.270614,1,0,,0,0,0,0,0,0,0,0,103808,104555,0,232,0
616278,1,0,0.00293115,0.0477859,0.18259,0.271627,1,0,,0,0,0,0,0,0,0,0,103808,104555,0,232,0
616378,1,0,0.0020518,0.0386391,0.168195,0.279965,1,0,,0,0,0,0,0,0,0,0,103808,104555,0,232,0
616478,1,0,0.00143626,0.0311985,0.154496,0.294128,1,0,,0,0,0,0,0,0,0,0,103808,104555,0,232,0
616578,1,0,0.00100538,0.0251599,0.141562,0.278591,1,0,,0,0,0,0,0,0,0,0,103808,104555,0,232,0
616678,1,0,0.000703768,0.0202687,0.129433,0.296854,1,0,,0,0,0,0,0,0,0,0,103808,104555,0,232,0
616778,1,0,0.000492638,0.0163135,0.118121,0.282843,1,0,,0,0,0,0,0,0,0,0,103808,104555,0,232,0
616878,1,0,0.000344846,0.0131197,0.107621,0.27158,1,0,,0,0,0,0,0,0,0,0,103808,104555,0,232,0
616978,1,0,0.000241392,0.0105441,0.097913,0.32018,1,0,,0,0,0,0,0,0,0,0,103808,104555,0,232,0
617078,1,0,0.000168975,0.00846905,0.0889686,0.307805,1,0,,0,0,0,0,0,0,0,0,103808,104555,0,232,0
617178,1,0,0.000118282,0.0067989,0.0807516,0.270017,1,0,,0,0,0,0,0,0,0,0,103808,104555,0,232,0
617278,1,0,8.27976e-005,0.00545568,0.073222,0.238592,1,0,,0,0,0,0,0,0,0,0,103808,104555,0,232,0
617378,1,0,5.79583e-005,0.00437613,0.0663374,0.274267,1,0,,0,0,0,0,0,0,0,0,103808,104555,0,232,0
617478,1,0,4.05708e-005,0.00350902,0.0600546,0.267379,1,0,,0,0,0,0,0,0,0,0,103808,104555,0,232,0
617578,1,0,2.83996e-005,0.0028129,0.0543304,0.262532,1,0,,0,0,0,0,0,0,0,0,103808,104555,0,232,0
617678,1,0,1.98797e-005,0.00225429,0.0491228,0.272732,1,0,,0,0,0,0,0,0,0,0,103808,104555,0,232,0
617778,1,0,1.39158e-005,0.00180622,0.0443911,0.254134,1,0,,0,0,0,0,0,0,0,0,103808,104555,0,232,0
617878,1,0,9.74105e-006,0.00144692,0.0400967,0.262609,1,0,,0,0,0,0,0,0,0,0,103808,104555,0,232,0
617978,1,0,6.81874e-006,0.0011589,0.0362029,0.307719,1,0,,0,0,0,0,0,0,0,0,103808,104555,0,232,0
618078,1,0,4.77312e-006,0.000928076,0.0326755,0.31682,1,0,,0,0,0,0,0,0,0,0,103808,104555,0,232,0
618178,1,0,3.34118e-006,0.000743129,0.0294822,0.26552,1,0,,0,0,0,0,0,0,0,0,103808,104555,0,232,0
618278,1,0,2.33883e-006,0.000594971,0.0265935,0.260658,1,0,,0,0,0,0,0,0,0,0,103808,104555,0,232,0
618378,1,7,2.1,0.420476,0.0659818,0.295044,1,0,,0,0,0,0,0,0,0,0,103808,104555,0,232,0
618478,1,0,1.47,0.630381,0.122422,0.28273,1,0,,0,0,0,0,0,0,0,0,103808,104555,0,232,0
618578,1,0,1.029,0.710105,0.18119,0.293018,1,0,,0,0,0,0,0,0,0,0,103808,104555,0,232,0
618678,1,0,0.720301,0.712144,0.234286,0.28383,1,0,,0,0,0,0,0,0,0,0,103808,104555,0,232,0
618778,1,0,0.50421,0.670557,0.277913,0.291867,1,0,,0,0,0,0,0,0,0,0,103808,104555,0,232,0
618878,1,0,0.352947,0.607036,0.310825,0.274529,1,0,,0,0,0,0,0,0,0,0,103808,104555,0,232,0
618978,1,0,0.247063,0.535041,0.333247,0.342328,1,0,,0,0,0,0,0,0,0,0,103808,104555,0,232,0
619078,1,0,0.172944,0.462622,0.346184,0.278615,1,0,,0,0,0,0,0,0,0,0,103808,104555,0,232,0
619178,1,0,0.121061,0.39431,0.350997,0.311453,1,0,,0,0,0,0,0,0,0,0,103808,104555,0,232,0
619278,1,0,0.0847426,0.332396,0.349137,0.29534,1,0,,0,0,0,0,0,0,0,0,103808,104555,0,232,0
619378,1,0,0.0593199,0.277781,0.342001,0.273023,1,0,,0,0,0,0,0,0,0,0,103808,104555,0,232,0
619478,1,0,0.0415239,0.23053,0.330854,0.25926,1,0,,0,0,0,0,0,0,0,0,103808,104555,0,232,0
619578,1,0,0.0290667,0.190237,0.316792,0.277648,1,0,,0,0,0,0,0,0,0,0,103808,104555,0,232,0
619678,1,0,0.0203467,0.156259,0.300739,0.308199,1,0,,0,0,0,0,0,0,0,0,103808,104555,0,232,0
619778,1,0,0.0142427,0.127856,0.283451,0.275699,1,0,,0,0,0,0,0,0,0,0,103808,104555,0,232,0
619878,1,0,0.00996989,0.104279,0.265533,0.300749,1,0,,0,0,0,0,0,0,0,0,103808,104555,0,232,0
619978,1,0,0.00697892,0.0848186,0.247462,0.275877,1,0,,0,0,0,0,0,0,0,0,103808,104555,0,232,0
620078,1,0,0.00488524,0.0688319,0.229599,0.282864,1,0,,0,0,0,0,0,0,0,0,103808,104555,0,232,0
620178,1,0,0.00341967,0.0557495,0.212214,0.34155,1,0,,0,0,0,0,0,0,0,0,103808,104555,0,232,0
620278,1,0,0.00239377,0.0450783,0.1955,0.267951,1,0,,0,0,0,0,0,0,0,0,103808,104555,0,232,0
620378,1,0,0.00167564,0.0363978,0.17959,0.295751,1,0,,0,0,0,0,0,0,0,0,103808,104555,0,232,0
620478,1,0,0.00117295,0.0293528,0.164566,0.297887,1,0,,0,0,0,0,0,0,0,0,103808,104555,0,232,0
620578,1,0,0.000821063,0.0236465,0.150474,0.301263,1,0,,0,0,0,0,0,0,0,0,103808,104555,0,232,0
620678,1,0,0.000574744,0.0190321,0.13733,0.324102,1,0,,0,0,0,0,0,0,0,0,103808,104555,0,232,0
620778,1,0,0.000402321,0.0153062,0.125128,0.308277,1,0,,0,0,0,0,0,0,0,0,103808,104555,0,232,0
620878,1,0,0.000281625,0.0123013,0.113845,0.274991,1,0,,0,0,0,0,0,0,0,0,103808,104555,0,232,0
620978,1,0,0.000197137,0.00988043,0.103449,0.303554,1,0,,0,0,0,0,0,0,0,0,103808,104555,0,232,0
621078,1,0,0.000137996,0.00793195,0.0938969,0.286278,1,0,,0,0,0,0,0,0,0,0,103808,104555,0,232,0
621178,1,0,9.65972e-005,0.00636488,0.0851437,0.274807,1,0,,0,0,0,0,0,0,0,0,103808,104555,0,232,0
621278,1,0,6.76181e-005,0.00510543,0.0771399,0.294744,1,0,,0,0,0,0,0,0,0,0,103808,104555,0,232,0
621378,1,0,4.73326e-005,0.00409381,0.0698353,0.32078,1,0,,0,0,0,0,0,0,0,0,103808,104555,0,232,0
621478,1,0,3.31328e-005,0.00328167,0.0631799,0.281654,1,0,,0,0,0,0,0,0,0,0,103808,104555,0,232,0
621578,1,0,2.3193e-005,0.00262998,0.0571249,0.316503,1,0,,0,0,0,0,0,0,0,0,103808,104555,0,232,0
621678,1,0,1.62351e-005,0.00210723,0.0516232,0.260076,1,0,,0,0,0,0,0,0,0,0,103808,104555,0,232,0
621778,1,0,1.13646e-005,0.00168806,0.0466296,0.283964,1,0,,0,0,0,0,0,0,0,0,103808,104555,0,232,0
621878,1,0,7.9552e-006,0.00135204,0.0421019,0.270739,1,0,,0,0,0,0,0,0,0,0,103808,104555,0,232,0
621978,1,0,5.56864e-006,0.00108274,0.038,0.258737,1,0,,0,0,0,0,0,0,0,0,103808,104555,0,232,0
622078,1,0,3.89805e-006,0.000866973,0.0342867,0.3305,1,0,,0,0,0,0,0,0,0,0,103808,104555,0,232,0
622178,1,0,2.72863e-006,0.000694124,0.0309274,0.311412,1,0,,0,0,0,0,0,0,0,0,103808,104555,0,232,0
622278,1,0,1.91004e-006,0.000555682,0.0278902,0.274088,1,0,,0,0,0,0,0,0,0,0,103808,104555,0,232,0
622378,1,6,1.8,0.360445,0.0611457,0.295667,1,0,,0,0,0,0,0,0,0,0,103808,104555,0,232,0
622478,1,0,1.26,0.540356,0.109067,0.279082,1,0,,0,0,0,0,0,0,0,0,103808,104555,0,232,0
622578,1,0,0.882001,0.608685,0.159029,0.271995,1,0,,0,0,0,0,0,0,0,0,103808,104555,0,232,0
622678,1,0,0.6174,0.610428,0.204168,0.271746,1,0,,0,0,0,0,0,0,0,0,103808,104555,0,232,0
622778,1,0,0.43218,0.574779,0.24123,0.271232,1,0,,0,0,0,0,0,0,0,0,103808,104555,0,232,0
622878,1,0,0.302526,0.520328,0.269139,0.300993,1,0,,0,0,0,0,0,0,0,0,103808,104555,0,232,0
622978,1,0,0.211768,0.458616,0.288087,0.26327,1,0,,0,0,0,0,0,0,0,0,103808,104555,0,232,0
623078,1,0,0.148238,0.39654,0.298932,0.281556,1,0,,0,0,0,0,0,0,0,0,103808,104555,0,232,0
623178,1,0,0.103766,0.337986,0.302838,0.318968,1,0,,0,0,0,0,0,0,0,0,103808,104555,0,232,0
623278,1,0,0.0726365,0.284916,0.301045,0.279233,1,0,,0,0,0,0,0,0,0,0,103808,104555,0,232,0
623378,1,0,0.0508456,0.238102,0.294751,0.266895,1,0,,0,0,0,0,0,0,0,0,103808,104555,0,232,0
623478,1,0,0.0355919,0.1976,0.285036,0.251683,1,0,,0,0,0,0,0,0,0,0,103808,104555,0,232,0
623578,1,0,0.0249143,0.163063,0.272839,0.263409,1,0,,0,0,0,0,0,0,0,0,103808,104555,0,232,0
623678,1,0,0.01744,0.133938,0.258949,0.287997,1,0,,0,0,0,0,0,0,0,0,103808,104555,0,232,0
623778,1,0,0.012208,0.109592,0.244013,0.282636,1,0,,0,0,0,0,0,0,0,0,103808,104555,0,232,0
623878,1,0,0.00854561,0.0893828,0.22855,0.277983,1,0,,0,0,0,0,0,0,0,0,103808,104555,0,232,0
623978,1,0,0.00598193,0.0727027,0.212965,0.260369,1,0,,0,0,0,0,0,0,0,0,103808,104555,0,232,0
624078,1,0,0.00418735,0.0589996,0.197569,0.260981,1,0,,0,0,0,0,0,0,0,0,103808,104555,0,232,0
624178,1,0,0.00293115,0.0477859,0.18259,0.281339,1,0,,0,0,0,0,0,0,0,0,103808,104555,0,232,0
624278,1,0,0.0020518,0.0386391,0.168195,0.277126,1,0,,0,0,0,0,0,0,0,0,103808,104555,0,232,0
624378,1,0,0.00143626,0.0311985,0.154496,0.341577,1,0,,0,0,0,0,0,0,0,0,103808,104555,0,232,0
624478,1,0,0.00100538,0.0251599,0.141562,0.278538,1,0,,0,0,0,0,0,0,0,0,103808,104555,0,232,0
624578,1,0,0.000703768,0.0202687,0.129433,0.269213,1,0,,0,0,0,0,0,0,0,0,103808,104555,0,232,0
624678,1,0,0.000492638,0.0163135,0.118121,0.281714,1,0,,0,0,0,0,0,0,0,0,103808,104555,0,232,0
624778,1,0,0.000344846,0.0131197,0.107621,0.26451,1,0,,0,0,0,0,0,0,0,0,103808,104555,0,232,0
624878,1,0,0.000241392,0.0105441,0.097913,0.28931,1,0,,0,0,0,0,0,0,0,0,103808,104555,0,232,0
624978,1,0,0.000168975,0.00846905,0.0889686,0.298472,1,0,,0,0,0,0,0,0,0,0,103808,104555,0,232,0
625078,1,0,0.000118282,0.0067989,0.0807516,0.274186,1,0,,0,0,0,0,0,0,0,0,103808,104555,0,232,0
625178,1,0,8.27976e-005,0.00545568,0.073222,0.332075,1,0,,0,0,0,0,0,0,0,0,103808,104555,0,232,0
625278,1,0,5.79583e-005,0.00437613,0.0663374,0.281451,1,0,,0,0,0,0,0,0,0,0,103808,104555,0,232,0
625378,1,0,4.05708e-005,0.00350902,0.0600546,0.267787,1,0,,0,0,0,0,0,0,0,0,103808,104555,0,232,0
625478,1,0,2.83996e-005,0.0028129,0.0543304,0.261374,1,0,,0,0,0,0,0,0,0,0,103808,104555,0,232,0
625578,1,0,1.98797e-005,0.00225429,0.0491228,0.268687,1,0,,0,0,0,0,0,0,0,0,103808,104555,0,232,0
625678,1,0,1.39158e-005,0.00180622,0.0443911,0.292687,1,0,,0,0,0,0,0,0,0,0,103808,104555,0,232,0
625778,1,0,9.74105e-006,0.00144692,0.0400967,0.267674,1,0,,0,0,0,0,0,0,0,0,103808,104555,0,232,0
625878,1,0,6.81874e-006,0.0011589,0.0362029,0.260137,1,0,,0,0,0,0,0,0,0,0,103808,104555,0,232,0
625978,1,0,4.77312e-006,0.000928076,0.0326755,0.25025,1,0,,0,0,0,0,0,0,0,0,103808,104555,0,232,0
626078,1,0,3.34118e-006,0.000743129,0.0294822,0.273649,1,0,,0,0,0,0,0,0,0,0,103808,104555,0,232,0
626178,1,0,2.33883e-006,0.000594971,0.0265935,0.268623,1,0,,0,0,0,0,0,0,0,0,103808,104555,0,232,0
626278,1,7,2.1,0.420476,0.0659818,0.309459,1,0,,0,0,0,0,0,0,0,0,103808,104555,0,232,0
626378,1,0,1.47,0.630381,0.122422,0.301809,1,0,,0,0,0,0,0,0,0,0,103808,104555,0,232,0
626478,1,0,1.029,0.710105,0.18119,0.283421,1,0,,0,0,0,0,0,0,0,0,103808,104555,0,232,0
626578,1,0,0.720301,0.712144,0.234286,0.289695,1,0,,0,0,0,0,0,0,0,0,103808,104555,0,232,0
626678,1,0,0.50421,0.670557,0.277913,0.287297,1,0,,0,0,0,0,0,0,0,0,103808,104555,0,232,0
626778,1,0,0.352947,0.607036,0.310825,0.284099,1,0,,0,0,0,0,0,0,0,0,103808,104555,0,232,0
626878,1,0,0.247063,0.535041,0.333247,0.27376,1,0,,0,0,0,0,0,0,0,0,103808,104555,0,232,0
626978,1,0,0.172944,0.462622,0.346184,0.257335,1,0,,0,0,0,0,0,0,0,0,103808,104555,0,232,0
627078,1,0,0.121061,0.39431,0.350997,0.283683,1,0,,0,0,0,0,0,0,0,0,103808,104555,0,232,0
627178,1,0,0.0847426,0.332396,0.349137,0.250459,1,0,,0,0,0,0,0,0,0,0,103808,104555,0,232,0
627278,1,0,0.0593199,0.277781,0.342001,0.260884,1,0,,0,0,0,0,0,0,0,0,103808,104555,0,232,0
627378,1,0,0.0415239,0.23053,0.330854,0.319961,1,0,,0,0,0,0,0,0,0,0,103808,104555,0,232,0
627478,1,0,0.0290667,0.190237,0.316792,0.321499,1,0,,0,0,0,0,0,0,0,0,103808,104555,0,232,0
627578,1,0,0.0203467,0.156259,0.300739,0.254476,1,0,,0,0,0,0,0,0,0,0,103808,104555,0,232,0
627678,1,0,0.0142427,0.127856,0.283451,0.292676,1,0,,0,0,0,0,0,0,0,0,103808,104555,0,232,0
627778,1,0,0.00996989,0.104279,0.265533,0.262552,1,0,,0,0,0,0,0,0,0,0,103808,104555,0,232,0
627878,1,0,0.00697892,0.0848186,0.247462,0.323151,1,0,,0,0,0,0,0,0,0,0,103808,104555,0,232,0
627978,1,0,0.00488524,0.0688319,0.229599,0.296526,1,0,,0,0,0,0,0,0,0,0,103808,104555,0,232,0
628078,1,0,0.00341967,0.0557495,0.212214,0.287087,1,0,,0,0,0,0,0,0,0,0,103808,104555,0,232,0
628178,1,0,0.00239377,0.0450783,0.1955,0.254425,1,0,,0,0,0,0,0,0,0,0,103808,104555,0,232,0
628278,1,0,0.00167564,0.0363978,0.17959,0.30635,1,0,,0,0,0,0,0,0,0,0,103808,104555,0,232,0
628378,1,0,0.00117295,0.0293528,0.164566,0.264097,1,0,,0,0,0,0,0,0,0,0,103808,104555,0,232,0
628478,1,0,0.000821063,0.0236465,0.150474,0.264372,1,0,,0,0,0,0,0,0,0,0,103808,104555,0,232,0
628578,1,0,0.000574744,0.0190321,0.13733,0.289783,1,0,,0,0,0,0,0,0,0,0,103808,104555,0,232,0
628678,1,0,0.000402321,0.0153062,0.125128,0.304894,1,0,,0,0,0,0,0,0,0,0,103808,104555,0,232,0
628778,1,0,0.000281625,0.0123013,0.113845,0.267871,1,0,,0,0,0,0,0,0,0,0,103808,104555,0,232,0
628878,1,0,0.000197137,0.00988043,0.103449,0.306833,1,0,,0,0,0,0,0,0,0,0,103808,104555,0,232,0
628978,1,0,0.000137996,0.00793195,0.0938969,0.247458,1,0,,0,0,0,0,0,0,0,0,103808,104555,0,232,0
629078,1,0,9.65972e-005,0.00636488,0.0851437,0.300233,1,0,,0,0,0,0,0,0,0,0,103808,104555,0,232,0
629178,1,0,6.76181e-005,0.00510543,0.0771399,0.252035,1,0,,0,0,0,0,0,0,0,0,103808,104555,0,232,0
629278,1,0,4.73326e-005,0.00409381,0.0698353,0.27631,1,0,,0,0,0,0,0,0,0,0,103808,104555,0,232,0
629378,1,0,3.31328e-005,0.00328167,0.0631799,0.34561,1,0,,0,0,0,0,0,0,0,0,103808,104555,0,232,0
629478,1,0,2.3193e-005,0.00262998,0.0571249,0.27171,1,0,,0,0,0,0,0,0,0,0,103808,104555,0,232,0
629578,1,0,1.62351e-005,0.00210723,0.0516232,0.287076,1,0,,0,0,0,0,0,0,0,0,103808,104555,0,232,0
629678,1,0,1.13646e-005,0.00168806,0.0466296,0.285164,1,0,,0,0,0,0,0,0,0,0,103808,104555,0,232,0
629778,1,0,7.9552e-006,0.00135204,0.0421019,0.280327,1,0,,0,0,0,0,0,0,0,0,103808,104555,0,232,0
629878,1,0,5.56864e-006,0.00108274,0.038,0.277091,1,0,,0,0,0,0,0,0,0,0,103808,104555,0,232,0
629978,1,0,3.89805e-006,0.000866973,0.0342867,0.280754,1,0,,0,0,0,0,0,0,0,0,103808,104555,0,232,0
630078,1,0,2.72863e-006,0.000694124,0.0309274,0.273103,1,0,,0,0,0,0,0,0,0,0,103808,104555,0,232,0
630178,1,6,1.8,0.360556,0.0638902,0.321442,1,0,,0,0,0,0,0,0,0,0,103808,104555,0,232,0
630278,1,0,1.26,0.540445,0.111546,0.289168,1,0,,0,0,0,0,0,0,0,0,103808,104555,0,232,0
630378,1,0,0.882001,0.608756,0.161267,0.293531,1,0,,0,0,0,0,0,0,0,0,103808,104555,0,232,0
630478,1,0,0.617401,0.610485,0.206189,0.320957,1,0,,0,0,0,0,0,0,0,0,103808,104555,0,232,0
630578,1,0,0.43218,0.574824,0.243052,0.294383,1,0,,0,0,0,0,0,0,0,0,103808,104555,0,232,0
630678,1,0,0.302526,0.520365,0.270783,0.283744,1,0,,0,0,0,0,0,0,0,0,103808,104555,0,232,0
630778,1,0,0.211768,0.458645,0.28957,0.264906,1,0,,0,0,0,0,0,0,0,0,103808,104555,0,232,0
630878,1,0,0.148238,0.396564,0.300269,0.277507,1,0,,0,0,0,0,0,0,0,0,103808,104555,0,232,0
630978,1,0,0.103767,0.338004,0.304042,0.30442,1,0,,0,0,0,0,0,0,0,0,103808,104555,0,232,0
631078,1,0,0.0726366,0.284931,0.302131,0.284007,1,0,,0,0,0,0,0,0,0,0,103808,104555,0,232,0
631178,1,0,0.0508456,0.238114,0.29573,0.280521,1,0,,0,0,0,0,0,0,0,0,103808,104555,0,232,0
631278,1,0,0.0355919,0.197609,0.285917,0.297109,1,0,,0,0,0,0,0,0,0,0,103808,104555,0,232,0
631378,1,0,0.0249143,0.16307,0.273633,0.295959,1,0,,0,0,0,0,0,0,0,0,103808,104555,0,232,0
631478,1,0,0.01744,0.133944,0.259664,0.301846,1,0,,0,0,0,0,0,0,0,0,103808,104555,0,232,0
631578,1,0,0.012208,0.109597,0.244657,0.281346,1,0,,0,0,0,0,0,0,0,0,103808,104555,0,232,0
631678,1,0,0.00854562,0.0893868,0.22913,0.255095,1,0,,0,0,0,0,0,0,0,0,103808,104555,0,232,0
631778,1,0,0.00598193,0.0727058,0.213488,0.249744,1,0,,0,0,0,0,0,0,0,0,103808,104555,0,232,0
631878,1,0,0.00418735,0.0590021,0.198039,0.291468,1,0,,0,0,0,0,0,0,0,0,103808,104555,0,232,0
631978,1,0,0.00293115,0.0477879,0.183014,0.25953,1,0,,0,0,0,0,0,0,0,0,103808,104555,0,232,0
632078,1,0,0.0020518,0.0386407,0.168577,0.281944,1,0,,0,0,0,0,0,0,0,0,103808,104555,0,232,0
632178,1,0,0.00143626,0.0311998,0.154839,0.304992,1,0,,0,0,0,0,0,0,0,0,103808,104555,0,232,0
632278,1,0,0.00100538,0.0251609,0.141871,0.293691,1,0,,0,0,0,0,0,0,0,0,103808,104555,0,232,0
632378,1,0,0.000703768,0.0202695,0.129711,0.312215,1,0,,0,0,0,0,0,0,0,0,103808,104555,0,232,0
632478,1,0,0.000492638,0.0163141,0.118371,0.27484,1,0,,0,0,0,0,0,0,0,0,103808,104555,0,232,0
632578,1,0,0.000344846,0.0131203,0.107846,0.268687,1,0,,0,0,0,0,0,0,0,0,103808,104555,0,232,0
632678,1,0,0.000241393,0.0105445,0.098116,0.276463,1,0,,0,0,0,0,0,0,0,0,103808,104555,0,232,0
632778,1,0,0.000168975,0.00846939,0.0891514,0.256023,1,0,,0,0,0,0,0,0,0,0,103808,104555,0,232,0
632878,1,0,0.000118282,0.00679917,0.0809161,0.28386,1,0,,0,0,0,0,0,0,0,0,103808,104555,0,232,0
632978,1,0,8.27976e-005,0.0054559,0.0733701,0.289834,1,0,,0,0,0,0,0,0,0,0,103808,104555,0,232,0
633078,1,0,5.79583e-005,0.00437631,0.0664707,0.266196,1,0,,0,0,0,0,0,0,0,0,103808,104555,0,232,0
633178,1,0,4.05708e-005,0.00350916,0.0601746,0.289222,1,0,,0,0,0,0,0,0,0,0,103808,104555,0,232,0
633278,1,0,2.83996e-005,0.00281301,0.0544384,0.29031,1,0,,0,0,0,0,0,0,0,0,103808,104555,0,232,0
633378,1,0,1.98797e-005,0.00225438,0.04922,0.271022,1,0,,0,0,0,0,0,0,0,0,103808,104555,0,232,0
633478,1,0,1.39158e-005,0.00180629,0.0444786,0.316884,1,0,,0,0,0,0,0,0,0,0,103808,104555,0,232,0
633578,1,0,9.74106e-006,0.00144698,0.0401755,0.260648,1,0,,0,0,0,0,0,0,0,0,103808,104555,0,232,0
633678,1,0,6.81874e-006,0.00115895,0.0362738,0.265023,1,0,,0,0,0,0,0,0,0,0,103808,104555,0,232,0
633778,1,0,4.77312e-006,0.000928113,0.0327392,0.29636,1,0,,0,0,0,0,0,0,0,0,103808,104555,0,232,0
633878,1,0,3.34118e-006,0.000743158,0.0295396,0.282247,1,0,,0,0,0,0,0,0,0,0,103808,104555,0,232,0
633978,1,0,2.33883e-006,0.000594994,0.0266452,0.289419,1,0,,0,0,0,0,0,0,0,0,103808,104555,0,232,0
634078,1,0,1.63718e-006,0.000476323,0.0240283,0.288545,1,0,,0,0,0,0,0,0,0,0,103808,104555,0,232,0
634178,1,7,2.1,0.420381,0.0636636,0.335068,1,0,,0,0,0,0,0,0,0,0,103808,104555,0,232,0
634278,1,0,1.47,0.630305,0.120328,0.277893,1,0,,0,0,0,0,0,0,0,0,103808,104555,0,232,0
634378,1,0,1.029,0.710044,0.179299,0.263267,1,0,,0,0,0,0,0,0,0,0,103808,104555,0,232,0
634478,1,0,0.7203,0.712096,0.232579,0.303167,1,0,,0,0,0,0,0,0,0,0,103808,104555,0,232,0
634578,1,0,0.50421,0.670519,0.276373,0.304928,1,0,,0,0,0,0,0,0,0,0,103808,104555,0,232,0
634678,1,0,0.352947,0.607004,0.309436,0.26709,1,0,,0,0,0,0,0,0,0,0,103808,104555,0,232,0
634778,1,0,0.247063,0.535016,0.331994,0.281213,1,0,,0,0,0,0,0,0,0,0,103808,104555,0,232,0
634878,1,0,0.172944,0.462602,0.345055,0.27545,1,0,,0,0,0,0,0,0,0,0,103808,104555,0,232,0
634978,1,0,0.121061,0.394294,0.349979,0.274114,1,0,,0,0,0,0,0,0,0,0,103808,104555,0,232,0
635078,1,0,0.0847426,0.332383,0.348219,0.283853,1,0,,0,0,0,0,0,0,0,0,103808,104555,0,232,0
635178,1,0,0.0593198,0.277771,0.341174,0.292928,1,0,,0,0,0,0,0,0,0,0,103808,104555,0,232,0
635278,1,0,0.0415239,0.230521,0.330109,0.270453,1,0,,0,0,0,0,0,0,0,0,103808,104555,0,232,0
635378,1,0,0.0290667,0.19023,0.316121,0.262216,1,0,,0,0,0,0,0,0,0,0,103808,104555,0,232,0
635478,1,0,0.0203467,0.156254,0.300134,0.261528,1,0,,0,0,0,0,0,0,0,0,103808,104555,0,232,0
635578,1,0,0.0142427,0.127851,0.282906,0.305,1,0,,0,0,0,0,0,0,0,0,103808,104555,0,232,0
635678,1,0,0.00996988,0.104275,0.265043,0.307863,1,0,,0,0,0,0,0,0,0,0,103808,104555,0,232,0
635778,1,0,0.00697892,0.0848159,0.24702,0.27499,1,0,,0,0,0,0,0,0,0,0,103808,104555,0,232,0
635878,1,0,0.00488524,0.0688298,0.229201,0.282079,1,0,,0,0,0,0,0,0,0,0,103808,104555,0,232,0
635978,1,0,0.00341967,0.0557478,0.211856,0.282294,1,0,,0,0,0,0,0,0,0,0,103808,104555,0,232,0
636078,1,0,0.00239377,0.045077,0.195178,0.284518,1,0,,0,0,0,0,0,0,0,0,103808,104555,0,232,0
636178,1,0,0.00167564,0.0363967,0.1793,0.266706,1,0,,0,0,0,0,0,0,0,0,103808,104555,0,232,0
636278,1,0,0.00117295,0.0293519,0.164305,0.270067,1,0,,0,0,0,0,0,0,0,0,103808,104555,0,232,0
636378,1,0,0.000821063,0.0236458,0.150239,0.292217,1,0,,0,0,0,0,0,0,0,0,103808,104555,0,232,0
636478,1,0,0.000574744,0.0190316,0.137118,0.279388,1,0,,0,0,0,0,0,0,0,0,103808,104555,0,232,0
636578,1,0,0.000402321,0.0153057,0.124937,0.274776,1,0,,0,0,0,0,0,0,0,0,103808,104555,0,232,0
636678,1,0,0.000281625,0.0123009,0.113673,0.291801,1,0,,0,0,0,0,0,0,0,0,103808,104555,0,232,0
636778,1,0,0.000197137,0.00988015,0.103294,0.267836,1,0,,0,0,0,0,0,0,0,0,103808,104555,0,232,0
636878,1,0,0.000137996,0.00793172,0.0937579,0.261998,1,0,,0,0,0,0,0,0,0,0,103808,104555,0,232,0
636978,1,0,9.65972e-005,0.00636469,0.0850186,0.265911,1,0,,0,0,0,0,0,0,0,0,103808,104555,0,232,0
637078,1,0,6.7618e-005,0.00510528,0.0770272,0.258147,1,0,,0,0,0,0,0,0,0,0,103808,104555,0,232,0
637178,1,0,4.73326e-005,0.00409369,0.0697339,0.279684,1,0,,0,0,0,0,0,0,0,0,103808,104555,0,232,0
637278,1,0,3.31328e-005,0.00328158,0.0630886,0.305846,1,0,,0,0,0,0,0,0,0,0,103808,104555,0,232,0
637378,1,0,2.3193e-005,0.0026299,0.0570428,0.29896,1,0,,0,0,0,0,0,0,0,0,103808,104555,0,232,0
637478,1,0,1.62351e-005,0.00210717,0.0515492,0.267985,1,0,,0,0,0,0,0,0,0,0,103808,104555,0,232,0
637578,1,0,1.13646e-005,0.00168801,0.0465631,0.290336,1,0,,0,0,0,0,0,0,0,0,103808,104555,0,232,0
637678,1,0,7.95519e-006,0.001352,0.042042,0.33196,1,0,,0,0,0,0,0,0,0,0,103808,104555,0,232,0
637778,1,0,5.56864e-006,0.00108271,0.037946,0.26486,1,0,,0,0,0,0,0,0,0,0,103808,104555,0,232,0
637878,1,0,3.89805e-006,0.000866949,0.0342381,0.262536,1,0,,0,0,0,0,0,0,0,0,103808,104555,0,232,0
637978,1,0,2.72863e-006,0.000694105,0.0308837,0.267659,1,0,,0,0,0,0,0,0,0,0,103808,104555,0,232,0
638078,1,7,2.1,0.420556,0.0698509,0.285899,1,0,,0,0,0,0,0,0,0,0,103808,104555,0,232,0
638178,1,0,1.47,0.630445,0.12591,0.267124,1,0,,0,0,0,0,0,0,0,0,103808,104555,0,232,0
638278,1,0,1.029,0.710156,0.184335,0.261976,1,0,,0,0,0,0,0,0,0,0,103808,104555,0,232,0
638378,1,0,0.720301,0.712185,0.23712,0.315375,1,0,,0,0,0,0,0,0,0,0,103808,104555,0,232,0
638478,1,0,0.50421,0.67059,0.280467,0.293414,1,0,,0,0,0,0,0,0,0,0,103808,104555,0,232,0
638578,1,0,0.352947,0.607062,0.313126,0.290037,1,0,,0,0,0,0,0,0,0,0,103808,104555,0,232,0
638678,1,0,0.247063,0.535062,0.33532,0.284597,1,0,,0,0,0,0,0,0,0,0,103808,104555,0,232,0
638778,1,0,0.172944,0.462638,0.348052,0.280996,1,0,,0,0,0,0,0,0,0,0,103808,104555,0,232,0
638878,1,0,0.121061,0.394323,0.352679,0.289183,1,0,,0,0,0,0,0,0,0,0,103808,104555,0,232,0
638978,1,0,0.0847427,0.332407,0.350652,0.265783,1,0,,0,0,0,0,0,0,0,0,103808,104555,0,232,0
639078,1,0,0.0593199,0.277789,0.343365,0.303582,1,0,,0,0,0,0,0,0,0,0,103808,104555,0,232,0
639178,1,0,0.0415239,0.230536,0.332083,0.296723,1,0,,0,0,0,0,0,0,0,0,103808,104555,0,232,0
639278,1,0,0.0290667,0.190242,0.317899,0.303798,1,0,,0,0,0,0,0,0,0,0,103808,104555,0,232,0
639378,1,0,0.0203467,0.156263,0.301735,0.281173,1,0,,0,0,0,0,0,0,0,0,103808,104555,0,232,0
639478,1,0,0.0142427,0.127859,0.284347,0.279948,1,0,,0,0,0,0,0,0,0,0,103808,104555,0,232,0
639578,1,0,0.00996989,0.104281,0.266341,0.295196,1,0,,0,0,0,0,0,0,0,0,103808,104555,0,232,0
639678,1,0,0.00697892,0.0848208,0.248189,0.264721,1,0,,0,0,0,0,0,0,0,0,103808,104555,0,232,0
639778,1,0,0.00488524,0.0688337,0.230253,0.336746,1,0,,0,0,0,0,0,0,0,0,103808,104555,0,232,0
639878,1,0,0.00341967,0.0557509,0.212803,0.299111,1,0,,0,0,0,0,0,0,0,0,103808,104555,0,232,0
639978,1,0,0.00239377,0.0450795,0.196031,0.257686,1,0,,0,0,0,0,0,0,0,0,103808,104555,0,232,0
640078,1,0,0.00167564,0.0363987,0.180067,0.27926,1,0,,0,0,0,0,0,0,0,0,103808,104555,0,232,0
640178,1,0,0.00117295,0.0293536,0.164996,0.309387,1,0,,0,0,0,0,0,0,0,0,103808,104555,0,232,0
640278,1,0,0.000821063,0.0236471,0.150861,0.293675,1,0,,0,0,0,0,0,0,0,0,103808,104555,0,232,0
640378,1,0,0.000574744,0.0190326,0.137678,0.25881,1,0,,0,0,0,0,0,0,0,0,103808,104555,0,232,0
640478,1,0,0.000402321,0.0153065,0.125441,0.297986,1,0,,0,0,0,0,0,0,0,0,103808,104555,0,232,0
640578,1,0,0.000281625,0.0123016,0.114127,0.266659,1,0,,0,0,0,0,0,0,0,0,103808,104555,0,232,0
640678,1,0,0.000197137,0.00988068,0.103703,0.266334,1,0,,0,0,0,0,0,0,0,0,103808,104555,0,232,0
640778,1,0,0.000137996,0.00793214,0.0941255,0.302311,1,0,,0,0,0,0,0,0,0,0,103808,104555,0,232,0
640878,1,0,9.65972e-005,0.00636503,0.0853494,0.285788,1,0,,0,0,0,0,0,0,0,0,103808,104555,0,232,0
640978,1,0,6.76181e-005,0.00510555,0.077325,0.314056,1,0,,0,0,0,0,0,0,0,0,103808,104555,0,232,0
641078,1,0,4.73326e-005,0.00409391,0.0700019,0.287081,1,0,,0,0,0,0,0,0,0,0,103808,104555,0,232,0
641178,1,0,3.31328e-005,0.00328175,0.0633299,0.273654,1,0,,0,0,0,0,0,0,0,0,103808,104555,0,232,0
641278,1,0,2.3193e-005,0.00263004,0.0572599,0.277566,1,0,,0,0,0,0,0,0,0,0,103808,104555,0,232,0
641378,1,0,1.62351e-005,0.00210728,0.0517447,0.305253,1,0,,0,0,0,0,0,0,0,0,103808,104555,0,232,0
641478,1,0,1.13646e-005,0.0016881,0.046739,0.274913,1,0,,0,0,0,0,0,0,0,0,103808,104555,0,232,0
641578,1,0,7.9552e-006,0.00135207,0.0422003,0.268437,1,0,,0,0,0,0,0,0,0,0,103808,104555,0,232,0
641678,1,0,5.56864e-006,0.00108277,0.0380885,0.295987,1,0,,0,0,0,0,0,0,0,0,103808,104555,0,232,0
641778,1,0,3.89805e-006,0.000866994,0.0343664,0.263325,1,0,,0,0,0,0,0,0,0,0,103808,104555,0,232,0
641878,1,0,2.72863e-006,0.000694141,0.0309992,0.331738,1,0,,0,0,0,0,0,0,0,0,103808,104555,0,232,0
641978,1,0,1.91004e-006,0.000555695,0.0279548,0.271948,1,0,,0,0,0,0,0,0,0,0,103808,104555,0,232,0
642078,1,6,1.8,0.360445,0.0612038,0.25393,1,0,,0,0,0,0,0,0,0,0,103808,104555,0,232,0
642178,1,0,1.26,0.540356,0.109119,0.271918,1,0,,0,0,0,0,0,0,0,0,103808,104555,0,232,0
642278,1,0,0.882001,0.608685,0.159076,0.27107,1,0,,0,0,0,0,0,0,0,0,103808,104555,0,232,0
642378,1,0,0.6174,0.610428,0.204211,0.294057,1,0,,0,0,0,0,0,0,0,0,103808,104555,0,232,0
642478,1,0,0.43218,0.574779,0.241268,0.264271,1,0,,0,0,0,0,0,0,0,0,103808,104555,0,232,0
642578,1,0,0.302526,0.520328,0.269174,0.306571,1,0,,0,0,0,0,0,0,0,0,103808,104555,0,232,0
642678,1,0,0.211768,0.458616,0.288118,0.260946,1,0,,0,0,0,0,0,0,0,0,103808,104555,0,232,0
642778,1,0,0.148238,0.39654,0.29896,0.275614,1,0,,0,0,0,0,0,0,0,0,103808,104555,0,232,0
642878,1,0,0.103766,0.337986,0.302863,0.239041,1,0,,0,0,0,0,0,0,0,0,103808,104555,0,232,0
642978,1,0,0.0726365,0.284916,0.301068,0.271928,1,0,,0,0,0,0,0,0,0,0,103808,104555,0,232,0
643078,1,0,0.0508456,0.238102,0.294771,0.273628,1,0,,0,0,0,0,0,0,0,0,103808,104555,0,232,0
643178,1,0,0.0355919,0.1976,0.285054,0.270953,1,0,,0,0,0,0,0,0,0,0,103808,104555,0,232,0
643278,1,0,0.0249143,0.163063,0.272855,0.283453,1,0,,0,0,0,0,0,0,0,0,103808,104555,0,232,0
643378,1,0,0.01744,0.133938,0.258963,0.277379,1,0,,0,0,0,0,0,0,0,0,103808,104555,0,232,0
643478,1,0,0.012208,0.109592,0.244026,0.249569,1,0,,0,0,0,0,0,0,0,0,103808,104555,0,232,0
643578,1,0,0.00854561,0.0893828,0.228562,0.292982,1,0,,0,0,0,0,0,0,0,0,103808,104555,0,232,0
643678,1,0,0.00598193,0.0727027,0.212976,0.278709,1,0,,0,0,0,0,0,0,0,0,103808,104555,0,232,0
643778,1,0,0.00418735,0.0589996,0.197578,0.312834,1,0,,0,0,0,0,0,0,0,0,103808,104555,0,232,0
643878,1,0,0.00293115,0.0477859,0.182599,0.273842,1,0,,0,0,0,0,0,0,0,0,103808,104555,0,232,0
643978,1,0,0.0020518,0.0386391,0.168203,0.250629,1,0,,0,0,0,0,0,0,0,0,103808,104555,0,232,0
644078,1,0,0.00143626,0.0311985,0.154503,0.270704,1,0,,0,0,0,0,0,0,0,0,103808,104555,0,232,0
644178,1,0,0.00100538,0.0251599,0.141568,0.308603,1,0,,0,0,0,0,0,0,0,0,103808,104555,0,232,0
644278,1,0,0.000703768,0.0202687,0.129438,0.292076,1,0,,0,0,0,0,0,0,0,0,103808,104555,0,232,0
644378,1,0,0.000492638,0.0163135,0.118126,0.296039,1,0,,0,0,0,0,0,0,0,0,103808,104555,0,232,0
644478,1,0,0.000344846,0.0131197,0.107625,0.281839,1,0,,0,0,0,0,0,0,0,0,103808,104555,0,232,0
644578,1,0,0.000241392,0.0105441,0.0979172,0.319698,1,0,,0,0,0,0,0,0,0,0,103808,104555,0,232,0
644678,1,0,0.000168975,0.00846905,0.0889723,0.292322,1,0,,0,0,0,0,0,0,0,0,103808,104555,0,232,0
644778,1,0,0.000118282,0.0067989,0.080755,0.268947,1,0,,0,0,0,0,0,0,0,0,103808,104555,0,232,0
644878,1,0,8.27976e-005,0.00545568,0.0732251,0.273445,1,0,,0,0,0,0,0,0,0,0,103808,104555,0,232,0
644978,1,0,5.79583e-005,0.00437613,0.0663402,0.30647,1,0,,0,0,0,0,0,0,0,0,103808,104555,0,232,0
645078,1,0,4.05708e-005,0.00350902,0.0600571,0.271157,1,0,,0,0,0,0,0,0,0,0,103808,104555,0,232,0
645178,1,0,2.83996e-005,0.0028129,0.0543326,0.278582,1,0,,0,0,0,0,0,0,0,0,103808,104555,0,232,0
645278,1,0,1.98797e-005,0.00225429,0.0491248,0.290007,1,0,,0,0,0,0,0,0,0,0,103808,104555,0,232,0
645378,1,0,1.39158e-005,0.00180622,0.0443929,0.270868,1,0,,0,0,0,0,0,0,0,0,103808,104555,0,232,0
645478,1,0,9.74105e-006,0.00144692,0.0400983,0.313905,1,0,,0,0,0,0,0,0,0,0,103808,104555,0,232,0
645578,1,0,6.81874e-006,0.0011589,0.0362044,0.25938,1,0,,0,0,0,0,0,0,0,0,103808,104555,0,232,0
645678,1,0,4.77312e-006,0.000928076,0.0326768,0.274091,1,0,,0,0,0,0,0,0,0,0,103808,104555,0,232,0
645778,1,0,3.34118e-006,0.000743129,0.0294834,0.290325,1,0,,0,0,0,0,0,0,0,0,103808,104555,0,232,0
645878,1,0,2.33883e-006,0.000594971,0.0265946,0.283176,1,0,,0,0,0,0,0,0,0,0,103808,104555,0,232,0
645978,1,6,1.8,0.360476,0.0599827,0.288804,1,0,,0,0,0,0,0,0,0,0,103808,104555,0,232,0
646078,1,0,1.26,0.540381,0.108023,0.316079,1,0,,0,0,0,0,0,0,0,0,103808,104555,0,232,0
646178,1,0,0.882001,0.608705,0.158091,0.323029,1,0,,0,0,0,0,0,0,0,0,103808,104555,0,232,0
646278,1,0,0.617401,0.610444,0.203326,0.293301,1,0,,0,0,0,0,0,0,0,0,103808,104555,0,232,0
646378,1,0,0.43218,0.574792,0.240473,0.285929,1,0,,0,0,0,0,0,0,0,0,103808,104555,0,232,0
646478,1,0,0.302526,0.520338,0.268459,0.260042,1,0,,0,0,0,0,0,0,0,0,103808,104555,0,232,0
646578,1,0,0.211768,0.458624,0.287476,0.257205,1,0,,0,0,0,0,0,0,0,0,103808,104555,0,232,0
646678,1,0,0.148238,0.396547,0.298383,0.285329,1,0,,0,0,0,0,0,0,0,0,103808,104555,0,232,0
646778,1,0,0.103767,0.337991,0.302344,0.278679,1,0,,0,0,0,0,0,0,0,0,103808,104555,0,232,0
646878,1,0,0.0726366,0.28492,0.300601,0.291005,1,0,,0,0,0,0,0,0,0,0,103808,104555,0,232,0
646978,1,0,0.0508456,0.238105,0.294352,0.296617,1,0,,0,0,0,0,0,0,0,0,103808,104555,0,232,0
647078,1,0,0.0355919,0.197603,0.284677,0.294702,1,0,,0,0,0,0,0,0,0,0,103808,104555,0,232,0
647178,1,0,0.0249143,0.163065,0.272516,0.276901,1,0,,0,0,0,0,0,0,0,0,103808,104555,0,232,0
647278,1,0,0.01744,0.13394,0.258658,0.28665,1,0,,0,0,0,0,0,0,0,0,103808,104555,0,232,0
647378,1,0,0.012208,0.109594,0.243752,0.274038,1,0,,0,0,0,0,0,0,0,0,103808,104555,0,232,0
647478,1,0,0.00854562,0.089384,0.228315,0.301487,1,0,,0,0,0,0,0,0,0,0,103808,104555,0,232,0
647578,1,0,0.00598193,0.0727036,0.212754,0.287189,1,0,,0,0,0,0,0,0,0,0,103808,104555,0,232,0
647678,1,0,0.00418735,0.0590003,0.197378,0.30099,1,0,,0,0,0,0,0,0,0,0,103808,104555,0,232,0
647778,1,0,0.00293115,0.0477865,0.182419,0.266592,1,0,,0,0,0,0,0,0,0,0,103808,104555,0,232,0
647878,1,0,0.0020518,0.0386396,0.168041,0.293918,1,0,,0,0,0,0,0,0,0,0,103808,104555,0,232,0
647978,1,0,0.00143626,0.0311989,0.154357,0.263404,1,0,,0,0,0,0,0,0,0,0,103808,104555,0,232,0
648078,1,0,0.00100538,0.0251602,0.141437,0.287241,1,0,,0,0,0,0,0,0,0,0,103808,104555,0,232,0
648178,1,0,0.000703768,0.0202689,0.12932,0.293186,1,0,,0,0,0,0,0,0,0,0,103808,104555,0,232,0
648278,1,0,0.000492638,0.0163137,0.11802,0.321462,1,0,,0,0,0,0,0,0,0,0,103808,104555,0,232,0
648378,1,0,0.000344846,0.0131199,0.10753,0.283948,1,0,,0,0,0,0,0,0,0,0,103808,104555,0,232,0
648478,1,0,0.000241392,0.0105442,0.0978312,0.285786,1,0,,0,0,0,0,0,0,0,0,103808,104555,0,232,0
648578,1,0,0.000168975,0.00846915,0.088895,0.286886,1,0,,0,0,0,0,0,0,0,0,103808,104555,0,232,0
648678,1,0,0.000118282,0.00679898,0.0806854,0.278263,1,0,,0,0,0,0,0,0,0,0,103808,104555,0,232,0
648778,1,0,8.27976e-005,0.00545574,0.0731624,0.258449,1,0,,0,0,0,0,0,0,0,0,103808,104555,0,232,0
648878,1,0,5.79583e-005,0.00437618,0.0662838,0.296662,1,0,,0,0,0,0,0,0,0,0,103808,104555,0,232,0
648978,1,0,4.05708e-005,0.00350906,0.0600063,0.271551,1,0,,0,0,0,0,0,0,0,0,103808,104555,0,232,0
649078,1,0,2.83996e-005,0.00281293,0.054287,0.281276,1,0,,0,0,0,0,0,0,0,0,103808,104555,0,232,0
649178,1,0,1.98797e-005,0.00225432,0.0490837,0.283388,1,0,,0,0,0,0,0,0,0,0,103808,104555,0,232,0
649278,1,0,1.39158e-005,0.00180624,0.044356,0.30164,1,0,,0,0,0,0,0,0,0,0,103808,104555,0,232,0
649378,1,0,9.74105e-006,0.00144694,0.0400651,0.293754,1,0,,0,0,0,0,0,0,0,0,103808,104555,0,232,0
649478,1,0,6.81874e-006,0.00115892,0.0361744,0.314317,1,0,,0,0,0,0,0,0,0,0,103808,104555,0,232,0
649578,1,0,4.77312e-006,0.000928087,0.0326498,0.292841,1,0,,0,0,0,0,0,0,0,0,103808,104555,0,232,0
649678,1,0,3.34118e-006,0.000743138,0.0294591,0.285978,1,0,,0,0,0,0,0,0,0,0,103808,104555,0,232,0
649778,1,0,2.33883e-006,0.000594978,0.0265727,0.306066,1,0,,0,0,0,0,0,0,0,0,103808,104555,0,232,0
649878,1,0,1.63718e-006,0.00047631,0.0239631,0.285691,1,0,,0,0,0,0,0,0,0,0,103808,104555,0,232,0
649978,1,7,2.1,0.420381,0.0636049,0.264838,1,0,,0,0,0,0,0,0,0,0,103808,104555,0,232,0
650078,1,0,1.47,0.630305,0.120275,0.269627,1,0,,0,0,0,0,0,0,0,0,103808,104555,0,232,0
650178,1,0,1.029,0.710044,0.179252,0.265115,1,0,,0,0,0,0,0,0,0,0,103808,104555,0,232,0
650278,1,0,0.7203,0.712096,0.232536,0.26549,1,0,,0,0,0,0,0,0,0,0,103808,104555,0,232,0
650378,1,0,0.50421,0.670519,0.276334,0.322178,1,0,,0,0,0,0,0,0,0,0,103808,104555,0,232,0
650478,1,0,0.352947,0.607004,0.309401,0.278102,1,0,,0,0,0,0,0,0,0,0,103808,104555,0,232,0
650578,1,0,0.247063,0.535016,0.331963,0.310517,1,0,,0,0,0,0,0,0,0,0,103808,104555,0,232,0
650678,1,0,0.172944,0.462602,0.345027,0.334642,1,0,,0,0,0,0,0,0,0,0,103808,104555,0,232,0
650778,1,0,0.121061,0.394294,0.349953,0.280767,1,0,,0,0,0,0,0,0,0,0,103808,104555,0,232,0
650878,1,0,0.0847426,0.332383,0.348196,0.287454,1,0,,0,0,0,0,0,0,0,0,103808,104555,0,232,0
650978,1,0,0.0593198,0.277771,0.341154,0.275866,1,0,,0,0,0,0,0,0,0,0,103808,104555,0,232,0
651078,1,0,0.0415239,0.230521,0.330091,0.252939,1,0,,0,0,0,0,0,0,0,0,103808,104555,0,232,0
651178,1,0,0.0290667,0.19023,0.316105,0.299962,1,0,,0,0,0,0,0,0,0,0,103808,104555,0,232,0
651278,1,0,0.0203467,0.156254,0.300119,0.259573,1,0,,0,0,0,0,0,0,0,0,103808,104555,0,232,0
651378,1,0,0.0142427,0.127851,0.282893,0.27311,1,0,,0,0,0,0,0,0,0,0,103808,104555,0,232,0
651478,1,0,0.00996988,0.104275,0.265031,0.279547,1,0,,0,0,0,0,0,0,0,0,103808,104555,0,232,0
651578,1,0,0.00697892,0.0848159,0.247009,0.260334,1,0,,0,0,0,0,0,0,0,0,103808,104555,0,232,0
651678,1,0,0.00488524,0.0688298,0.229191,0.284406,1,0,,0,0,0,0,0,0,0,0,103808,104555,0,232,0
651778,1,0,0.00341967,0.0557478,0.211847,0.310176,1,0,,0,0,0,0,0,0,0,0,103808,104555,0,232,0
651878,1,0,0.00239377,0.045077,0.19517,0.272324,1,0,,0,0,0,0,0,0,0,0,103808,104555,0,232,0
651978,1,0,0.00167564,0.0363967,0.179293,0.246649,1,0,,0,0,0,0,0,0,0,0,103808,104555,0,232,0
652078,1,0,0.00117295,0.0293519,0.164299,0.271276,1,0,,0,0,0,0,0,0,0,0,103808,104555,0,232,0
652178,1,0,0.000821063,0.0236458,0.150233,0.295101,1,0,,0,0,0,0,0,0,0,0,103808,104555,0,232,0
652278,1,0,0.000574744,0.0190316,0.137113,0.326677,1,0,,0,0,0,0,0,0,0,0,103808,104555,0,232,0
652378,1,0,0.000402321,0.0153057,0.124932,0.287565,1,0,,0,0,0,0,0,0,0,0,103808,104555,0,232,0
652478,1,0,0.000281625,0.0123009,0.113669,0.303302,1,0,,0,0,0,0,0,0,0,0,103808,104555,0,232,0
652578,1,0,0.000197137,0.00988015,0.10329,0.296102,1,0,,0,0,0,0,0,0,0,0,103808,104555,0,232,0
652678,1,0,0.000137996,0.00793172,0.0937545,0.292201,1,0,,0,0,0,0,0,0,0,0,103808,104555,0,232,0
652778,1,0,9.65972e-005,0.00636469,0.0850155,0.263552,1,0,,0,0,0,0,0,0,0,0,103808,104555,0,232,0
652878,1,0,6.7618e-005,0.00510528,0.0770245,0.277075,1,0,,0,0,0,0,0,0,0,0,103808,104555,0,232,0
652978,1,0,4.73326e-005,0.00409369,0.0697314,0.286452,1,0,,0,0,0,0,0,0,0,0,103808,104555,0,232,0
653078,1,0,3.31328e-005,0.00328158,0.0630864,0.261988,1,0,,0,0,0,0,0,0,0,0,103808,104555,0,232,0
653178,1,0,2.3193e-005,0.0026299,0.0570408,0.287237,1,0,,0,0,0,0,0,0,0,0,103808,104555,0,232,0
653278,1,0,1.62351e-005,0.00210717,0.0515474,0.281801,1,0,,0,0,0,0,0,0,0,0,103808,104555,0,232,0
653378,1,0,1.13646e-005,0.00168801,0.0465615,0.306376,1,0,,0,0,0,0,0,0,0,0,103808,104555,0,232,0
653478,1,0,7.95519e-006,0.001352,0.0420405,0.26795,1,0,,0,0,0,0,0,0,0,0,103808,104555,0,232,0
653578,1,0,5.56864e-006,0.00108271,0.0379447,0.266805,1,0,,0,0,0,0,0,0,0,0,103808,104555,0,232,0
653678,1,0,3.89805e-006,0.000866949,0.034237,0.285181,1,0,,0,0,0,0,0,0,0,0,103808,104555,0,232,0
653778,1,0,2.72863e-006,0.000694105,0.0308827,0.287479,1,0,,0,0,0,0,0,0,0,0,103808,104555,0,232,0
653878,1,6,1.8,0.360556,0.06385,0.291968,1,0,,0,0,0,0,0,0,0,0,103808,104555,0,232,0
653978,1,0,1.26,0.540445,0.111509,0.266931,1,0,,0,0,0,0,0,0,0,0,103808,104555,0,232,0
654078,1,0,0.882001,0.608756,0.161234,0.298381,1,0,,0,0,0,0,0,0,0,0,103808,104555,0,232,0
654178,1,0,0.617401,0.610485,0.206159,0.275881,1,0,,0,0,0,0,0,0,0,0,103808,104555,0,232,0
654278,1,0,0.43218,0.574824,0.243026,0.286958,1,0,,0,0,0,0,0,0,0,0,103808,104555,0,232,0
654378,1,0,0.302526,0.520365,0.27076,0.264594,1,0,,0,0,0,0,0,0,0,0,103808,104555,0,232,0
654478,1,0,0.211768,0.458645,0.289548,0.297583,1,0,,0,0,0,0,0,0,0,0,103808,104555,0,232,0
654578,1,0,0.148238,0.396564,0.30025,0.276082,1,0,,0,0,0,0,0,0,0,0,103808,104555,0,232,0
654678,1,0,0.103767,0.338004,0.304025,0.281507,1,0,,0,0,0,0,0,0,0,0,103808,104555,0,232,0
654778,1,0,0.0726366,0.284931,0.302116,0.282909,1,0,,0,0,0,0,0,0,0,0,103808,104555,0,232,0
654878,1,0,0.0508456,0.238114,0.295716,0.314286,1,0,,0,0,0,0,0,0,0,0,103808,104555,0,232,0
654978,1,0,0.0355919,0.197609,0.285905,0.309273,1,0,,0,0,0,0,0,0,0,0,103808,104555,0,232,0
655078,1,0,0.0249143,0.16307,0.273621,0.303322,1,0,,0,0,0,0,0,0,0,0,103808,104555,0,232,0
655178,1,0,0.01744,0.133944,0.259654,0.280434,1,0,,0,0,0,0,0,0,0,0,103808,104555,0,232,0
655278,1,0,0.012208,0.109597,0.244648,0.271323,1,0,,0,0,0,0,0,0,0,0,103808,104555,0,232,0
655378,1,0,0.00854562,0.0893868,0.229122,0.264341,1,0,,0,0,0,0,0,0,0,0,103808,104555,0,232,0
655478,1,0,0.00598193,0.0727058,0.21348,0.291503,1,0,,0,0,0,0,0,0,0,0,103808,104555,0,232,0
655578,1,0,0.00418735,0.0590021,0.198032,0.283516,1,0,,0,0,0,0,0,0,0,0,103808,104555,0,232,0
655678,1,0,0.00293115,0.0477879,0.183008,0.290954,1,0,,0,0,0,0,0,0,0,0,103808,104555,0,232,0
655778,1,0,0.0020518,0.0386407,0.168571,0.278041,1,0,,0,0,0,0,0,0,0,0,103808,104555,0,232,0
655878,1,0,0.00143626,0.0311998,0.154834,0.276314,1,0,,0,0,0,0,0,0,0,0,103808,104555,0,232,0
655978,1,0,0.00100538,0.0251609,0.141867,0.267079,1,0,,0,0,0,0,0,0,0,0,103808,104555,0,232,0
656078,1,0,0.000703768,0.0202695,0.129707,0.27628,1,0,,0,0,0,0,0,0,0,0,103808,104555,0,232,0
656178,1,0,0.000492638,0.0163141,0.118368,0.275603,1,0,,0,0,0,0,0,0,0,0,103808,104555,0,232,0
656278,1,0,0.000344846,0.0131203,0.107843,0.270803,1,0,,0,0,0,0,0,0,0,0,103808,104555,0,232,0
656378,1,0,0.000241393,0.0105445,0.0981132,0.286052,1,0,,0,0,0,0,0,0,0,0,103808,104555,0,232,0
656478,1,0,0.000168975,0.00846939,0.0891488,0.294791,1,0,,0,0,0,0,0,0,0,0,103808,104555,0,232,0
656578,1,0,0.000118282,0.00679917,0.0809138,0.27015,1,0,,0,0,0,0,0,0,0,0,103808,104555,0,232,0
656678,1,0,8.27976e-005,0.0054559,0.073368,0.273926,1,0,,0,0,0,0,0,0,0,0,103808,104555,0,232,0
656778,1,0,5.79583e-005,0.00437631,0.0664689,0.285463,1,0,,0,0,0,0,0,0,0,0,103808,104555,0,232,0
656878,1,0,4.05708e-005,0.00350916,0.0601729,0.328426,1,0,,0,0,0,0,0,0,0,0,103808,104555,0,232,0
656978,1,0,2.83996e-005,0.00281301,0.0544369,0.31425,1,0,,0,0,0,0,0,0,0,0,103808,104555,0,232,0
657078,1,0,1.98797e-005,0.00225438,0.0492186,0.301161,1,0,,0,0,0,0,0,0,0,0,103808,104555,0,232,0
657178,1,0,1.39158e-005,0.00180629,0.0444774,0.305083,1,0,,0,0,0,0,0,0,0,0,103808,104555,0,232,0
657278,1,0,9.74106e-006,0.00144698,0.0401744,0.282496,1,0,,0,0,0,0,0,0,0,0,103808,104555,0,232,0
657378,1,0,6.81874e-006,0.00115895,0.0362728,0.28431,1,0,,0,0,0,0,0,0,0,0,103808,104555,0,232,0
657478,1,0,4.77312e-006,0.000928113,0.0327383,0.252834,1,0,,0,0,0,0,0,0,0,0,103808,104555,0,232,0
657578,1,0,3.34118e-006,0.000743158,0.0295388,0.304783,1,0,,0,0,0,0,0,0,0,0,103808,104555,0,232,0
657678,1,0,2.33883e-006,0.000594994,0.0266444,0.250069,1,0,,0,0,0,0,0,0,0,0,103808,104555,0,232,0
657778,1,7,2.1,0.420476,0.0660276,0.275553,1,0,,0,0,0,0,0,0,0,0,103808,104555,0,232,0
657878,1,0,1.47,0.630381,0.122463,0.281004,1,0,,0,0,0,0,0,0,0,0,103808,104555,0,232,0
657978,1,0,1.029,0.710105,0.181227,0.295014,1,0,,0,0,0,0,0,0,0,0,103808,104555,0,232,0
658078,1,0,0.720301,0.712144,0.234319,0.305715,1,0,,0,0,0,0,0,0,0,0,103808,104555,0,232,0
658178,1,0,0.50421,0.670557,0.277943,0.287728,1,0,,0,0,0,0,0,0,0,0,103808,104555,0,232,0
658278,1,0,0.352947,0.607036,0.310852,0.285391,1,0,,0,0,0,0,0,0,0,0,103808,104555,0,232,0
658378,1,0,0.247063,0.535041,0.333271,0.275527,1,0,,0,0,0,0,0,0,0,0,103808,104555,0,232,0
658478,1,0,0.172944,0.462622,0.346206,0.273025,1,0,,0,0,0,0,0,0,0,0,103808,104555,0,232,0
658578,1,0,0.121061,0.39431,0.351016,0.278575,1,0,,0,0,0,0,0,0,0,0,103808,104555,0,232,0
658678,1,0,0.0847426,0.332396,0.349154,0.277337,1,0,,0,0,0,0,0,0,0,0,103808,104555,0,232,0
658778,1,0,0.0593199,0.277781,0.342017,0.286399,1,0,,0,0,0,0,0,0,0,0,103808,104555,0,232,0
658878,1,0,0.0415239,0.23053,0.330868,0.275597,1,0,,0,0,0,0,0,0,0,0,103808,104555,0,232,0
658978,1,0,0.0290667,0.190237,0.316805,0.251148,1,0,,0,0,0,0,0,0,0,0,103808,104555,0,232,0
659078,1,0,0.0203467,0.156259,0.30075,0.283524,1,0,,0,0,0,0,0,0,0,0,103808,104555,0,232,0
659178,1,0,0.0142427,0.127856,0.283461,0.28061,1,0,,0,0,0,0,0,0,0,0,103808,104555,0,232,0
659278,1,0,0.00996989,0.104279,0.265543,0.307084,1,0,,0,0,0,0,0,0,0,0,103808,104555,0,232,0
659378,1,0,0.00697892,0.0848186,0.24747,0.25712,1,0,,0,0,0,0,0,0,0,0,103808,104555,0,232,0
659478,1,0,0.00488524,0.0688319,0.229606,0.284794,1,0,,0,0,0,0,0,0,0,0,103808,104555,0,232,0
659578,1,0,0.00341967,0.0557495,0.212221,0.287145,1,0,,0,0,0,0,0,0,0,0,103808,104555,0,232,0
659678,1,0,0.00239377,0.0450783,0.195506,0.280956,1,0,,0,0,0,0,0,0,0,0,103808,104555,0,232,0
659778,1,0,0.00167564,0.0363978,0.179596,0.284416,1,0,,0,0,0,0,0,0,0,0,103808,104555,0,232,0
659878,1,0,0.00117295,0.0293528,0.164571,0.276517,1,0,,0,0,0,0,0,0,0,0,103808,104555,0,232,0
659978,1,0,0.000821063,0.0236465,0.150479,0.283493,1,0,,0,0,0,0,0,0,0,0,103808,104555,0,232,0
660078,1,0,0.000574744,0.0190321,0.137334,0.276332,1,0,,0,0,0,0,0,0,0,0,103808,104555,0,232,0
660178,1,0,0.000402321,0.0153062,0.125131,0.273318,1,0,,0,0,0,0,0,0,0,0,103808,104555,0,232,0
660278,1,0,0.000281625,0.0123013,0.113848,0.263641,1,0,,0,0,0,0,0,0,0,0,103808,104555,0,232,0
660378,1,0,0.000197137,0.00988043,0.103452,0.271215,1,0,,0,0,0,0,0,0,0,0,103808,104555,0,232,0
660478,1,0,0.000137996,0.00793195,0.0938996,0.268903,1,0,,0,0,0,0,0,0,0,0,103808,104555,0,232,0
660578,1,0,9.65972e-005,0.00636488,0.0851461,0.287902,1,0,,0,0,0,0,0,0,0,0,103808,104555,0,232,0
660678,1,0,6.76181e-005,0.00510543,0.077142,0.25769,1,0,,0,0,0,0,0,0,0,0,103808,104555,0,232,0
660778,1,0,4.73326e-005,0.00409381,0.0698372,0.291124,1,0,,0,0,0,0,0,0,0,0,103808,104555,0,232,0
660878,1,0,3.31328e-005,0.00328167,0.0631817,0.261623,1,0,,0,0,0,0,0,0,0,0,103808,104555,0,232,0
660978,1,0,2.3193e-005,0.00262998,0.0571265,0.26781,1,0,,0,0,0,0,0,0,0,0,103808,104555,0,232,0
661078,1,0,1.62351e-005,0.00210723,0.0516246,0.269585,1,0,,0,0,0,0,0,0,0,0,103808,104555,0,232,0
661178,1,0,1.13646e-005,0.00168806,0.0466309,0.27801,1,0,,0,0,0,0,0,0,0,0,103808,104555,0,232,0
661278,1,0,7.9552e-006,0.00135204,0.042103,0.280224,1,0,,0,0,0,0,0,0,0,0,103808,104555,0,232,0
661378,1,0,5.56864e-006,0.00108274,0.038001,0.292252,1,0,,0,0,0,0,0,0,0,0,103808,104555,0,232,0
661478,1,0,3.89805e-006,0.000866973,0.0342876,0.285676,1,0,,0,0,0,0,0,0,0,0,103808,104555,0,232,0
661578,1,0,2.72863e-006,0.000694124,0.0309282,0.29929,1,0,,0,0,0,0,0,0,0,0,103808,104555,0,232,0
661678,1,0,1.91004e-006,0.000555682,0.027891,0.252778,1,0,,0,0,0,0,0,0,0,0,103808,104555,0,232,0
661778,1,7,2.1,0.420445,0.0671464,0.319264,1,0,,0,0,0,0,0,0,0,0,103808,104555,0,232,0
661878,1,0,1.47,0.630356,0.123467,0.331501,1,0,,0,0,0,0,0,0,0,0,103808,104555,0,232,0
661978,1,0,1.029,0.710085,0.182129,0.291615,1,0,,0,0,0,0,0,0,0,0,103808,104555,0,232,0
662078,1,0,0.7203,0.712128,0.235129,0.279353,1,0,,0,0,0,0,0,0,0,0,103808,104555,0,232,0
662178,1,0,0.50421,0.670545,0.278671,0.274342,1,0,,0,0,0,0,0,0,0,0,103808,104555,0,232,0
662278,1,0,0.352947,0.607025,0.311506,0.337104,1,0,,0,0,0,0,0,0,0,0,103808,104555,0,232,0
662378,1,0,0.247063,0.535033,0.333859,0.279341,1,0,,0,0,0,0,0,0,0,0,103808,104555,0,232,0
662478,1,0,0.172944,0.462615,0.346734,0.266154,1,0,,0,0,0,0,0,0,0,0,103808,104555,0,232,0
662578,1,0,0.121061,0.394304,0.351491,0.274217,1,0,,0,0,0,0,0,0,0,0,103808,104555,0,232,0
662678,1,0,0.0847426,0.332392,0.349581,0.256266,1,0,,0,0,0,0,0,0,0,0,103808,104555,0,232,0
662778,1,0,0.0593198,0.277777,0.342401,0.273877,1,0,,0,0,0,0,0,0,0,0,103808,104555,0,232,0
662878,1,0,0.0415239,0.230527,0.331214,0.259589,1,0,,0,0,0,0,0,0,0,0,103808,104555,0,232,0
662978,1,0,0.0290667,0.190235,0.317116,0.260414,1,0,,0,0,0,0,0,0,0,0,103808,104555,0,232,0
663078,1,0,0.0203467,0.156257,0.30103,0.28404,1,0,,0,0,0,0,0,0,0,0,103808,104555,0,232,0
663178,1,0,0.0142427,0.127854,0.283712,0.287578,1,0,,0,0,0,0,0,0,0,0,103808,104555,0,232,0
663278,1,0,0.00996988,0.104277,0.265769,0.303441,1,0,,0,0,0,0,0,0,0,0,103808,104555,0,232,0
663378,1,0,0.00697892,0.0848177,0.247674,0.278318,1,0,,0,0,0,0,0,0,0,0,103808,104555,0,232,0
663478,1,0,0.00488524,0.0688312,0.229789,0.259603,1,0,,0,0,0,0,0,0,0,0,103808,104555,0,232,0
663578,1,0,0.00341967,0.0557489,0.212385,0.317891,1,0,,0,0,0,0,0,0,0,0,103808,104555,0,232,0
663678,1,0,0.00239377,0.0450779,0.195655,0.29679,1,0,,0,0,0,0,0,0,0,0,103808,104555,0,232,0
663778,1,0,0.00167564,0.0363974,0.179729,0.322399,1,0,,0,0,0,0,0,0,0,0,103808,104555,0,232,0
663878,1,0,0.00117295,0.0293525,0.164691,0.264775,1,0,,0,0,0,0,0,0,0,0,103808,104555,0,232,0
663978,1,0,0.000821063,0.0236462,0.150587,0.279688,1,0,,0,0,0,0,0,0,0,0,103808,104555,0,232,0
664078,1,0,0.000574744,0.0190319,0.137431,0.30455,1,0,,0,0,0,0,0,0,0,0,103808,104555,0,232,0
664178,1,0,0.000402321,0.015306,0.125219,0.285298,1,0,,0,0,0,0,0,0,0,0,103808,104555,0,232,0
664278,1,0,0.000281625,0.0123011,0.113927,0.326307,1,0,,0,0,0,0,0,0,0,0,103808,104555,0,232,0
664378,1,0,0.000197137,0.00988034,0.103522,0.308186,1,0,,0,0,0,0,0,0,0,0,103808,104555,0,232,0
664478,1,0,0.000137996,0.00793187,0.0939632,0.304397,1,0,,0,0,0,0,0,0,0,0,103808,104555,0,232,0
664578,1,0,9.65972e-005,0.00636481,0.0852034,0.298748,1,0,,0,0,0,0,0,0,0,0,103808,104555,0,232,0
664678,1,0,6.7618e-005,0.00510538,0.0771936,0.276359,1,0,,0,0,0,0,0,0,0,0,103808,104555,0,232,0
664778,1,0,4.73326e-005,0.00409377,0.0698836,0.271859,1,0,,0,0,0,0,0,0,0,0,103808,104555,0,232,0
664878,1,0,3.31328e-005,0.00328164,0.0632234,0.278407,1,0,,0,0,0,0,0,0,0,0,103808,104555,0,232,0
664978,1,0,2.3193e-005,0.00262995,0.0571641,0.284605,1,0,,0,0,0,0,0,0,0,0,103808,104555,0,232,0
665078,1,0,1.62351e-005,0.00210721,0.0516584,0.264254,1,0,,0,0,0,0,0,0,0,0,103808,104555,0,232,0
665178,1,0,1.13646e-005,0.00168804,0.0466613,0.25169,1,0,,0,0,0,0,0,0,0,0,103808,104555,0,232,0
665278,1,0,7.95519e-006,0.00135202,0.0421304,0.274739,1,0,,0,0,0,0,0,0,0,0,103808,104555,0,232,0
665378,1,0,5.56864e-006,0.00108273,0.0380256,0.29415,1,0,,0,0,0,0,0,0,0,0,103808,104555,0,232,0
665478,1,0,3.89805e-006,0.000866965,0.0343098,0.292925,1,0,,0,0,0,0,0,0,0,0,103808,104555,0,232,0
665578,1,0,2.72863e-006,0.000694118,0.0309482,0.28461,1,0,,0,0,0,0,0,0,0,0,103808,104555,0,232,0
665678,1,6,1.8,0.360556,0.0639089,0.289059,1,0,,0,0,0,0,0,0,0,0,103808,104555,0,232,0
665778,1,0,1.26,0.540445,0.111563,0.255821,1,0,,0,0,0,0,0,0,0,0,103808,104555,0,232,0
665878,1,0,0.882001,0.608756,0.161282,0.300895,1,0,,0,0,0,0,0,0,0,0,103808,104555,0,232,0
665978,1,0,0.617401,0.610485,0.206202,0.286118,1,0,,0,0,0,0,0,0,0,0,103808,104555,0,232,0
666078,1,0,0.43218,0.574824,0.243064,0.282531,1,0,,0,0,0,0,0,0,0,0,103808,104555,0,232,0
666178,1,0,0.302526,0.520365,0.270794,0.29344,1,0,,0,0,0,0,0,0,0,0,103808,104555,0,232,0
666278,1,0,0.211768,0.458645,0.289579,0.275181,1,0,,0,0,0,0,0,0,0,0,103808,104555,0,232,0
666378,1,0,0.148238,0.396564,0.300278,0.292967,1,0,,0,0,0,0,0,0,0,0,103808,104555,0,232,0
666478,1,0,0.103767,0.338004,0.304051,0.305918,1,0,,0,0,0,0,0,0,0,0,103808,104555,0,232,0
666578,1,0,0.0726366,0.284931,0.302139,0.279245,1,0,,0,0,0,0,0,0,0,0,103808,104555,0,232,0
666678,1,0,0.0508456,0.238114,0.295736,0.25687,1,0,,0,0,0,0,0,0,0,0,103808,104555,0,232,0
666778,1,0,0.0355919,0.197609,0.285923,0.282044,1,0,,0,0,0,0,0,0,0,0,103808,104555,0,232,0
666878,1,0,0.0249143,0.16307,0.273638,0.281454,1,0,,0,0,0,0,0,0,0,0,103808,104555,0,232,0
666978,1,0,0.01744,0.133944,0.259669,0.306978,1,0,,0,0,0,0,0,0,0,0,103808,104555,0,232,0
667078,1,0,0.012208,0.109597,0.244662,0.30504,1,0,,0,0,0,0,0,0,0,0,103808,104555,0,232,0
667178,1,0,0.00854562,0.0893868,0.229134,0.277278,1,0,,0,0,0,0,0,0,0,0,103808,104555,0,232,0
667278,1,0,0.00598193,0.0727058,0.213491,0.265278,1,0,,0,0,0,0,0,0,0,0,103808,104555,0,232,0
667378,1,0,0.00418735,0.0590021,0.198042,0.25909,1,0,,0,0,0,0,0,0,0,0,103808,104555,0,232,0
667478,1,0,0.00293115,0.0477879,0.183017,0.307017,1,0,,0,0,0,0,0,0,0,0,103808,104555,0,232,0
667578,1,0,0.0020518,0.0386407,0.168579,0.284092,1,0,,0,0,0,0,0,0,0,0,103808,104555,0,232,0
667678,1,0,0.00143626,0.0311998,0.154841,0.269191,1,0,,0,0,0,0,0,0,0,0,103808,104555,0,232,0
667778,1,0,0.00100538,0.0251609,0.141873,0.299491,1,0,,0,0,0,0,0,0,0,0,103808,104555,0,232,0
667878,1,0,0.000703768,0.0202695,0.129713,0.270306,1,0,,0,0,0,0,0,0,0,0,103808,104555,0,232,0
667978,1,0,0.000492638,0.0163141,0.118373,0.261988,1,0,,0,0,0,0,0,0,0,0,103808,104555,0,232,0
668078,1,0,0.000344846,0.0131203,0.107848,0.298589,1,0,,0,0,0,0,0,0,0,0,103808,104555,0,232,0
668178,1,0,0.000241393,0.0105445,0.0981174,0.292915,1,0,,0,0,0,0,0,0,0,0,103808,104555,0,232,0
668278,1,0,0.000168975,0.00846939,0.0891526,0.266815,1,0,,0,0,0,0,0,0,0,0,103808,104555,0,232,0
668378,1,0,0.000118282,0.00679917,0.0809172,0.28014,1,0,,0,0,0,0,0,0,0,0,103808,104555,0,232,0
668478,1,0,8.27976e-005,0.0054559,0.0733711,0.262627,1,0,,0,0,0,0,0,0,0,0,103808,104555,0,232,0
668578,1,0,5.79583e-005,0.00437631,0.0664716,0.314365,1,0,,0,0,0,0,0,0,0,0,103808,104555,0,232,0
668678,1,0,4.05708e-005,0.00350916,0.0601754,0.286489,1,0,,0,0,0,0,0,0,0,0,103808,104555,0,232,0
668778,1,0,2.83996e-005,0.00281301,0.0544391,0.282975,1,0,,0,0,0,0,0,0,0,0,103808,104555,0,232,0
668878,1,0,1.98797e-005,0.00225438,0.0492207,0.278613,1,0,,0,0,0,0,0,0,0,0,103808,104555,0,232,0
668978,1,0,1.39158e-005,0.00180629,0.0444792,0.280326,1,0,,0,0,0,0,0,0,0,0,103808,104555,0,232,0
669078,1,0,9.74106e-006,0.00144698,0.040176,0.294089,1,0,,0,0,0,0,0,0,0,0,103808,104555,0,232,0
669178,1,0,6.81874e-006,0.00115895,0.0362743,0.126652,1,0,,0,0,0,0,0,0,0,0,103808,104555,0,232,0
669278,1,0,4.77312e-006,0.000928113,0.0327397,0.277963,1,0,,0,0,0,0,0,0,0,0,103808,104555,0,232,0
669378,1,0,3.34118e-006,0.000743158,0.02954,0.278426,1,0,,0,0,0,0,0,0,0,0,103808,104555,0,232,0
669478,1,0,2.33883e-006,0.000594994,0.0266455,0.277025,1,0,,0,0,0,0,0,0,0,0,103808,104555,0,232,0
669578,1,0,1.63718e-006,0.000476323,0.0240286,0.309914,1,0,,0,0,0,0,0,0,0,0,103808,104555,0,232,0
669678,1,7,2.1,0.420381,0.0636639,0.281722,1,0,,0,0,0,0,0,0,0,0,103808,104555,0,232,0
669778,1,0,1.47,0.630305,0.120328,0.273929,1,0,,0,0,0,0,0,0,0,0,103808,104555,0,232,0
669878,1,0,1.029,0.710044,0.1793,0.282577,1,0,,0,0,0,0,0,0,0,0,103808,104555,0,232,0
669978,1,0,0.7203,0.712096,0.232579,0.284479,1,0,,0,0,0,0,0,0,0,0,103808,104555,0,232,0
670078,1,0,0.50421,0.670519,0.276373,0.267378,1,0,,0,0,0,0,0,0,0,0,103808,104555,0,232,0
670178,1,0,0.352947,0.607004,0.309436,0.268028,1,0,,0,0,0,0,0,0,0,0,103808,104555,0,232,0
670278,1,0,0.247063,0.535016,0.331994,0.280664,1,0,,0,0,0,0,0,0,0,0,103808,104555,0,232,0
670378,1,0,0.172944,0.462602,0.345055,0.322154,1,0,,0,0,0,0,0,0,0,0,103808,104555,0,232,0
670478,1,0,0.121061,0.394294,0.349979,0.296378,1,0,,0,0,0,0,0,0,0,0,103808,104555,0,232,0
670578,1,0,0.0847426,0.332383,0.348219,0.309965,1,0,,0,0,0,0,0,0,0,0,103808,104555,0,232,0
670678,1,0,0.0593198,0.277771,0.341174,0.274315,1,0,,0,0,0,0,0,0,0,0,103808,104555,0,232,0
670778,1,0,0.0415239,0.230521,0.330109,0.271429,1,0,,0,0,0,0,0,0,0,0,103808,104555,0,232,0
670878,1,0,0.0290667,0.19023,0.316121,0.272542,1,0,,0,0,0,0,0,0,0,0,103808,104555,0,232,0
670978,1,0,0.0203467,0.156254,0.300134,0.254538,1,0,,0,0,0,0,0,0,0,0,103808,104555,0,232,0
671078,1,0,0.0142427,0.127851,0.282906,0.285337,1,0,,0,0,0,0,0,0,0,0,103808,104555,0,232,0
671178,1,0,0.00996988,0.104275,0.265043,0.254488,1,0,,0,0,0,0,0,0,0,0,103808,104555,0,232,0
671278,1,0,0.00697892,0.0848159,0.24702,0.260425,1,0,,0,0,0,0,0,0,0,0,103808,104555,0,232,0
671378,1,0,0.00488524,0.0688298,0.229201,0.284014,1,0,,0,0,0,0,0,0,0,0,103808,104555,0,232,0
671478,1,0,0.00341967,0.0557478,0.211856,0.288138,1,0,,0,0,0,0,0,0,0,0,103808,104555,0,232,0
671578,1,0,0.00239377,0.045077,0.195178,0.278484,1,0,,0,0,0,0,0,0,0,0,103808,104555,0,232,0
671678,1,0,0.00167564,0.0363967,0.1793,0.267811,1,0,,0,0,0,0,0,0,0,0,103808,104555,0,232,0
671778,1,0,0.00117295,0.0293519,0.164305,0.293861,1,0,,0,0,0,0,0,0,0,0,103808,104555,0,232,0
671878,1,0,0.000821063,0.0236458,0.150239,0.278688,1,0,,0,0,0,0,0,0,0,0,103808,104555,0,232,0
671978,1,0,0.000574744,0.0190316,0.137118,0.279263,1,0,,0,0,0,0,0,0,0,0,103808,104555,0,232,0
672078,1,0,0.000402321,0.0153057,0.124937,0.288812,1,0,,0,0,0,0,0,0,0,0,103808,104555,0,232,0
672178,1,0,0.000281625,0.0123009,0.113673,0.301112,1,0,,0,0,0,0,0,0,0,0,103808,104555,0,232,0
672278,1,0,0.000197137,0.00988015,0.103294,0.286412,1,0,,0,0,0,0,0,0,0,0,103808,104555,0,232,0
672378,1,0,0.000137996,0.00793172,0.0937579,0.2845,1,0,,0,0,0,0,0,0,0,0,103808,104555,0,232,0
672478,1,0,9.65972e-005,0.00636469,0.0850186,0.269274,1,0,,0,0,0,0,0,0,0,0,103808,104555,0,232,0
672578,1,0,6.7618e-005,0.00510528,0.0770272,0.263775,1,0,,0,0,0,0,0,0,0,0,103808,104555,0,232,0
672678,1,0,4.73326e-005,0.00409369,0.0697339,0.28059,1,0,,0,0,0,0,0,0,0,0,103808,104555,0,232,0
672778,1,0,3.31328e-005,0.00328158,0.0630887,0.283729,1,0,,0,0,0,0,0,0,0,0,103808,104555,0,232,0
672878,1,0,2.3193e-005,0.0026299,0.0570428,0.323192,1,0,,0,0,0,0,0,0,0,0,103808,104555,0,232,0
672978,1,0,1.62351e-005,0.00210717,0.0515492,0.276355,1,0,,0,0,0,0,0,0,0,0,103808,104555,0,232,0
673078,1,0,1.13646e-005,0.00168801,0.0465631,0.265405,1,0,,0,0,0,0,0,0,0,0,103808,104555,0,232,0
673178,1,0,7.95519e-006,0.001352,0.042042,0.276955,1,0,,0,0,0,0,0,0,0,0,103808,104555,0,232,0
673278,1,0,5.56864e-006,0.00108271,0.0379461,0.308104,1,0,,0,0,0,0,0,0,0,0,103808,104555,0,232,0
673378,1,0,3.89805e-006,0.000866949,0.0342381,0.305477,1,0,,0,0,0,0,0,0,0,0,103808,104555,0,232,0
673478,1,0,2.72863e-006,0.000694105,0.0308837,0.271914,1,0,,0,0,0,0,0,0,0,0,103808,104555,0,232,0
673578,1,6,1.8,0.360556,0.0638509,0.27865,1,0,,0,0,0,0,0,0,0,0,103808,104555,0,232,0
673678,1,0,1.26,0.540445,0.11151,0.297888,1,0,,0,0,0,0,0,0,0,0,103808,104555,0,232,0
673778,1,0,0.882001,0.608756,0.161235,0.273513,1,0,,0,0,0,0,0,0,0,0,103808,104555,0,232,0
673878,1,0,0.617401,0.610485,0.20616,0.319161,1,0,,0,0,0,0,0,0,0,0,103808,104555,0,232,0
673978,1,0,0.43218,0.574824,0.243026,0.273036,1,0,,0,0,0,0,0,0,0,0,103808,104555,0,232,0
674078,1,0,0.302526,0.520365,0.27076,0.262248,1,0,,0,0,0,0,0,0,0,0,103808,104555,0,232,0
674178,1,0,0.211768,0.458645,0.289549,0.255036,1,0,,0,0,0,0,0,0,0,0,103808,104555,0,232,0
674278,1,0,0.148238,0.396564,0.30025,0.293448,1,0,,0,0,0,0,0,0,0,0,103808,104555,0,232,0
674378,1,0,0.103767,0.338004,0.304026,0.286687,1,0,,0,0,0,0,0,0,0,0,103808,104555,0,232,0
674478,1,0,0.0726366,0.284931,0.302116,0.294612,1,0,,0,0,0,0,0,0,0,0,103808,104555,0,232,0
674578,1,0,0.0508456,0.238114,0.295716,0.301498,1,0,,0,0,0,0,0,0,0,0,103808,104555,0,232,0
674678,1,0,0.0355919,0.197609,0.285905,0.299513,1,0,,0,0,0,0,0,0,0,0,103808,104555,0,232,0
674778,1,0,0.0249143,0.16307,0.273622,0.298401,1,0,,0,0,0,0,0,0,0,0,103808,104555,0,232,0
674878,1,0,0.01744,0.133944,0.259654,0.284063,1,0,,0,0,0,0,0,0,0,0,103808,104555,0,232,0
674978,1,0,0.012208,0.109597,0.244648,0.276213,1,0,,0,0,0,0,0,0,0,0,103808,104555,0,232,0
675078,1,0,0.00854562,0.0893868,0.229122,0.297849,1,0,,0,0,0,0,0,0,0,0,103808,104555,0,232,0
675178,1,0,0.00598193,0.0727058,0.21348,0.323639,1,0,,0,0,0,0,0,0,0,0,103808,104555,0,232,0
675278,1,0,0.00418735,0.0590021,0.198033,0.313063,1,0,,0,0,0,0,0,0,0,0,103808,104555,0,232,0
675378,1,0,0.00293115,0.0477879,0.183008,0.279903,1,0,,0,0,0,0,0,0,0,0,103808,104555,0,232,0
675478,1,0,0.0020518,0.0386407,0.168571,0.298966,1,0,,0,0,0,0,0,0,0,0,103808,104555,0,232,0
675578,1,0,0.00143626,0.0311998,0.154834,0.324542,1,0,,0,0,0,0,0,0,0,0,103808,104555,0,232,0
675678,1,0,0.00100538,0.0251609,0.141867,0.300955,1,0,,0,0,0,0,0,0,0,0,103808,104555,0,232,0
675778,1,0,0.000703768,0.0202695,0.129707,0.280504,1,0,,0,0,0,0,0,0,0,0,103808,104555,0,232,0
675878,1,0,0.000492638,0.0163141,0.118368,0.298328,1,0,,0,0,0,0,0,0,0,0,103808,104555,0,232,0
675978,1,0,0.000344846,0.0131203,0.107843,0.308566,1,0,,0,0,0,0,0,0,0,0,103808,104555,0,232,0
676078,1,0,0.000241393,0.0105445,0.0981132,0.300293,1,0,,0,0,0,0,0,0,0,0,103808,104555,0,232,0
676178,1,0,0.000168975,0.00846939,0.0891488,0.293266,1,0,,0,0,0,0,0,0,0,0,103808,104555,0,232,0
676278,1,0,0.000118282,0.00679917,0.0809139,0.327244,1,0,,0,0,0,0,0,0,0,0,103808,104555,0,232,0
676378,1,0,8.27976e-005,0.0054559,0.0733681,0.301454,1,0,,0,0,0,0,0,0,0,0,103808,104555,0,232,0
676478,1,0,5.79583e-005,0.00437631,0.0664689,0.316057,1,0,,0,0,0,0,0,0,0,0,103808,104555,0,232,0
676578,1,0,4.05708e-005,0.00350916,0.0601729,0.305607,1,0,,0,0,0,0,0,0,0,0,103808,104555,0,232,0
676678,1,0,2.83996e-005,0.00281301,0.0544369,0.26858,1,0,,0,0,0,0,0,0,0,0,103808,104555,0,232,0
676778,1,0,1.98797e-005,0.00225438,0.0492187,0.290867,1,0,,0,0,0,0,0,0,0,0,103808,104555,0,232,0
676878,1,0,1.39158e-005,0.00180629,0.0444774,0.302789,1,0,,0,0,0,0,0,0,0,0,103808,104555,0,232,0
676978,1,0,9.74106e-006,0.00144698,0.0401744,0.282071,1,0,,0,0,0,0,0,0,0,0,103808,104555,0,232,0
677078,1,0,6.81874e-006,0.00115895,0.0362728,0.31916,1,0,,0,0,0,0,0,0,0,0,103808,104555,0,232,0
677178,1,0,4.77312e-006,0.000928113,0.0327384,0.321659,1,0,,0,0,0,0,0,0,0,0,103808,104555,0,232,0
677278,1,0,3.34118e-006,0.000743158,0.0295388,0.283209,1,0,,0,0,0,0,0,0,0,0,103808,104555,0,232,0
677378,1,0,2.33883e-006,0.000594994,0.0266445,0.298707,1,0,,0,0,0,0,0,0,0,0,103808,104555,0,232,0
677478,1,7,2.1,0.420476,0.0660276,0.30838,1,0,,0,0,0,0,0,0,0,0,103808,104555,0,232,0
677578,1,0,1.47,0.630381,0.122463,0.275021,1,0,,0,0,0,0,0,0,0,0,103808,104555,0,232,0
677678,1,0,1.029,0.710105,0.181227,0.295783,1,0,,0,0,0,0,0,0,0,0,103808,104555,0,232,0
677778,1,0,0.720301,0.712144,0.234319,0.27777,1,0,,0,0,0,0,0,0,0,0,103808,104555,0,232,0
677878,1,0,0.50421,0.670557,0.277943,0.285108,1,0,,0,0,0,0,0,0,0,0,103808,104555,0,232,0
677978,1,0,0.352947,0.607036,0.310852,0.319697,1,0,,0,0,0,0,0,0,0,0,103808,104555,0,232,0
678078,1,0,0.247063,0.535041,0.333271,0.290497,1,0,,0,0,0,0,0,0,0,0,103808,104555,0,232,0
678178,1,0,0.172944,0.462622,0.346206,0.306077,1,0,,0,0,0,0,0,0,0,0,103808,104555,0,232,0
678278,1,0,0.121061,0.39431,0.351016,0.291788,1,0,,0,0,0,0,0,0,0,0,103808,104555,0,232,0
678378,1,0,0.0847426,0.332396,0.349154,0.276464,1,0,,0,0,0,0,0,0,0,0,103808,104555,0,232,0
678478,1,0,0.0593199,0.277781,0.342017,0.29109,1,0,,0,0,0,0,0,0,0,0,103808,104555,0,232,0
678578,1,0,0.0415239,0.23053,0.330868,0.31329,1,0,,0,0,0,0,0,0,0,0,103808,104555,0,232,0
678678,1,0,0.0290667,0.190237,0.316805,0.269814,1,0,,0,0,0,0,0,0,0,0,103808,104555,0,232,0
678778,1,0,0.0203467,0.156259,0.30075,0.297092,1,0,,0,0,0,0,0,0,0,0,103808,104555,0,232,0
678878,1,0,0.0142427,0.127856,0.283461,0.267105,1,0,,0,0,0,0,0,0,0,0,103808,104555,0,232,0
678978,1,0,0.00996989,0.104279,0.265543,0.293217,1,0,,0,0,0,0,0,0,0,0,103808,104555,0,232,0
679078,1,0,0.00697892,0.0848186,0.24747,0.280768,1,0,,0,0,0,0,0,0,0,0,103808,104555,0,232,0
679178,1,0,0.00488524,0.0688319,0.229606,0.25788,1,0,,0,0,0,0,0,0,0,0,103808,104555,0,232,0
679278,1,0,0.00341967,0.0557495,0.212221,0.266666,1,0,,0,0,0,0,0,0,0,0,103808,104555,0,232,0
679378,1,0,0.00239377,0.0450783,0.195506,0.251678,1,0,,0,0,0,0,0,0,0,0,103808,104555,0,232,0
679478,1,0,0.00167564,0.0363978,0.179596,0.283029,1,0,,0,0,0,0,0,0,0,0,103808,104555,0,232,0
679578,1,0,0.00117295,0.0293528,0.164571,0.280142,1,0,,0,0,0,0,0,0,0,0,103808,104555,0,232,0
679678,1,0,0.000821063,0.0236465,0.150479,0.276618,1,0,,0,0,0,0,0,0,0,0,103808,104555,0,232,0
679778,1,0,0.000574744,0.0190321,0.137334,0.300682,1,0,,0,0,0,0,0,0,0,0,103808,104555,0,232,0
679878,1,0,0.000402321,0.0153062,0.125131,0.28937,1,0,,0,0,0,0,0,0,0,0,103808,104555,0,232,0
679978,1,0,0.000281625,0.0123013,0.113848,0.300471,1,0,,0,0,0,0,0,0,0,0,103808,104555,0,232,0
680078,1,0,0.000197137,0.00988043,0.103452,0.261795,1,0,,0,0,0,0,0,0,0,0,103808,104555,0,232,0
680178,1,0,0.000137996,0.00793195,0.0938996,0.271133,1,0,,0,0,0,0,0,0,0,0,103808,104555,0,232,0
680278,1,0,9.65972e-005,0.00636488,0.0851461,0.291484,1,0,,0,0,0,0,0,0,0,0,103808,104555,0,232,0
680378,1,0,6.76181e-005,0.00510543,0.077142,0.289296,1,0,,0,0,0,0,0,0,0,0,103808,104555,0,232,0
680478,1,0,4.73326e-005,0.00409381,0.0698372,0.302196,1,0,,0,0,0,0,0,0,0,0,103808,104555,0,232,0
680578,1,0,3.31328e-005,0.00328167,0.0631817,0.244914,1,0,,0,0,0,0,0,0,0,0,103808,104555,0,232,0
680678,1,0,2.3193e-005,0.00262998,0.0571265,0.28634,1,0,,0,0,0,0,0,0,0,0,103808,104555,0,232,0
680778,1,0,1.62351e-005,0.00210723,0.0516246,0.293528,1,0,,0,0,0,0,0,0,0,0,103808,104555,0,232,0
680878,1,0,1.13646e-005,0.00168806,0.0466309,0.281477,1,0,,0,0,0,0,0,0,0,0,103808,104555,0,232,0
680978,1,0,7.9552e-006,0.00135204,0.042103,0.274452,1,0,,0,0,0,0,0,0,0,0,103808,104555,0,232,0
681078,1,0,5.56864e-006,0.00108274,0.038001,0.276226,1,0,,0,0,0,0,0,0,0,0,103808,104555,0,232,0
681178,1,0,3.89805e-006,0.000866973,0.0342876,0.270588,1,0,,0,0,0,0,0,0,0,0,103808,104555,0,232,0
681278,1,0,2.72863e-006,0.000694124,0.0309282,0.305837,1,0,,0,0,0,0,0,0,0,0,103808,104555,0,232,0
681378,1,0,1.91004e-006,0.000555682,0.027891,0.268762,1,0,,0,0,0,0,0,0,0,0,103808,104555,0,232,0
681478,1,7,2.1,0.420445,0.0671464,0.300289,1,0,,0,0,0,0,0,0,0,0,103808,104555,0,232,0
681578,1,0,1.47,0.630356,0.123467,0.293275,1,0,,0,0,0,0,0,0,0,0,103808,104555,0,232,0
681678,1,0,1.029,0.710085,0.182129,0.282925,1,0,,0,0,0,0,0,0,0,0,103808,104555,0,232,0
681778,1,0,0.7203,0.712128,0.235129,0.273186,1,0,,0,0,0,0,0,0,0,0,103808,104555,0,232,0
681878,1,0,0.50421,0.670545,0.278671,0.319574,1,0,,0,0,0,0,0,0,0,0,103808,104555,0,232,0
681978,1,0,0.352947,0.607025,0.311506,0.329638,1,0,,0,0,0,0,0,0,0,0,103808,104555,0,232,0
682078,1,0,0.247063,0.535033,0.333859,0.230239,1,0,,0,0,0,0,0,0,0,0,103808,104555,0,232,0
682178,1,0,0.172944,0.462615,0.346734,0.282476,1,0,,0,0,0,0,0,0,0,0,103808,104555,0,232,0
682278,1,0,0.121061,0.394304,0.351491,0.278263,1,0,,0,0,0,0,0,0,0,0,103808,104555,0,232,0
682378,1,0,0.0847426,0.332392,0.349581,0.263926,1,0,,0,0,0,0,0,0,0,0,103808,104555,0,232,0
682478,1,0,0.0593198,0.277777,0.342401,0.262614,1,0,,0,0,0,0,0,0,0,0,103808,104555,0,232,0
682578,1,0,0.0415239,0.230527,0.331214,0.2937,1,0,,0,0,0,0,0,0,0,0,103808,104555,0,232,0
682678,1,0,0.0290667,0.190235,0.317116,0.257886,1,0,,0,0,0,0,0,0,0,0,103808,104555,0,232,0
682778,1,0,0.0203467,0.156257,0.30103,0.283686,1,0,,0,0,0,0,0,0,0,0,103808,104555,0,232,0
682878,1,0,0.0142427,0.127854,0.283712,0.280472,1,0,,0,0,0,0,0,0,0,0,103808,104555,0,232,0
682978,1,0,0.00996988,0.104277,0.265769,0.266996,1,0,,0,0,0,0,0,0,0,0,103808,104555,0,232,0
683078,1,0,0.00697892,0.0848177,0.247674,0.296747,1,0,,0,0,0,0,0,0,0,0,103808,104555,0,232,0
683178,1,0,0.00488524,0.0688312,0.229789,0.268022,1,0,,0,0,0,0,0,0,0,0,103808,104555,0,232,0
683278,1,0,0.00341967,0.0557489,0.212385,0.296209,1,0,,0,0,0,0,0,0,0,0,103808,104555,0,232,0
683378,1,0,0.00239377,0.0450779,0.195655,0.299645,1,0,,0,0,0,0,0,0,0,0,103808,104555,0,232,0
683478,1,0,0.00167564,0.0363974,0.179729,0.263119,1,0,,0,0,0,0,0,0,0,0,103808,104555,0,232,0
683578,1,0,0.00117295,0.0293525,0.164691,0.283165,1,0,,0,0,0,0,0,0,0,0,103808,104555,0,232,0
683678,1,0,0.000821063,0.0236462,0.150587,0.296927,1,0,,0,0,0,0,0,0,0,0,103808,104555,0,232,0
683778,1,0,0.000574744,0.0190319,0.137431,0.296765,1,0,,0,0,0,0,0,0,0,0,103808,104555,0,232,0
683878,1,0,0.000402321,0.015306,0.125219,0.276688,1,0,,0,0,0,0,0,0,0,0,103808,104555,0,232,0
683978,1,0,0.000281625,0.0123011,0.113927,0.280476,1,0,,0,0,0,0,0,0,0,0,103808,104555,0,232,0
684078,1,0,0.000197137,0.00988034,0.103522,0.262326,1,0,,0,0,0,0,0,0,0,0,103808,104555,0,232,0
684178,1,0,0.000137996,0.00793187,0.0939632,0.279652,1,0,,0,0,0,0,0,0,0,0,103808,104555,0,232,0
684278,1,0,9.65972e-005,0.00636481,0.0852034,0.304877,1,0,,0,0,0,0,0,0,0,0,103808,104555,0,232,0
684378,1,0,6.7618e-005,0.00510538,0.0771936,0.314715,1,0,,0,0,0,0,0,0,0,0,103808,104555,0,232,0
684478,1,0,4.73326e-005,0.00409377,0.0698836,0.292801,1,0,,0,0,0,0,0,0,0,0,103808,104555,0,232,0
684578,1,0,3.31328e-005,0.00328164,0.0632234,0.292513,1,0,,0,0,0,0,0,0,0,0,103808,104555,0,232,0
684678,1,0,2.3193e-005,0.00262995,0.0571641,0.278476,1,0,,0,0,0,0,0,0,0,0,103808,104555,0,232,0
684778,1,0,1.62351e-005,0.00210721,0.0516584,0.276476,1,0,,0,0,0,0,0,0,0,0,103808,104555,0,232,0
684878,1,0,1.13646e-005,0.00168804,0.0466613,0.281277,1,0,,0,0,0,0,0,0,0,0,103808,104555,0,232,0
684978,1,0,7.95519e-006,0.00135202,0.0421304,0.272841,1,0,,0,0,0,0,0,0,0,0,103808,104555,0,232,0
685078,1,0,5.56864e-006,0.00108273,0.0380256,0.26294,1,0,,0,0,0,0,0,0,0,0,103808,104555,0,232,0
685178,1,0,3.89805e-006,0.000866965,0.0343098,0.295939,1,0,,0,0,0,0,0,0,0,0,103808,104555,0,232,0
685278,1,0,2.72863e-006,0.000694118,0.0309482,0.285549,1,0,,0,0,0,0,0,0,0,0,103808,104555,0,232,0
685378,1,7,2.1,0.420556,0.0699089,0.297374,1,0,,0,0,0,0,0,0,0,0,103808,104555,0,232,0
685478,1,0,1.47,0.630445,0.125963,0.27896,1,0,,0,0,0,0,0,0,0,0,103808,104555,0,232,0
685578,1,0,1.029,0.710156,0.184382,0.307673,1,0,,0,0,0,0,0,0,0,0,103808,104555,0,232,0
685678,1,0,0.720301,0.712185,0.237162,0.261435,1,0,,0,0,0,0,0,0,0,0,103808,104555,0,232,0
685778,1,0,0.50421,0.67059,0.280505,0.264809,1,0,,0,0,0,0,0,0,0,0,103808,104555,0,232,0
685878,1,0,0.352947,0.607062,0.313161,0.310983,1,0,,0,0,0,0,0,0,0,0,103808,104555,0,232,0
685978,1,0,0.247063,0.535062,0.335351,0.274214,1,0,,0,0,0,0,0,0,0,0,103808,104555,0,232,0
686078,1,0,0.172944,0.462638,0.34808,0.302189,1,0,,0,0,0,0,0,0,0,0,103808,104555,0,232,0
686178,1,0,0.121061,0.394323,0.352704,0.273787,1,0,,0,0,0,0,0,0,0,0,103808,104555,0,232,0
686278,1,0,0.0847427,0.332407,0.350674,0.303135,1,0,,0,0,0,0,0,0,0,0,103808,104555,0,232,0
686378,1,0,0.0593199,0.277789,0.343386,0.282493,1,0,,0,0,0,0,0,0,0,0,103808,104555,0,232,0
686478,1,0,0.0415239,0.230536,0.332101,0.292968,1,0,,0,0,0,0,0,0,0,0,103808,104555,0,232,0
686578,1,0,0.0290667,0.190242,0.317915,0.301744,1,0,,0,0,0,0,0,0,0,0,103808,104555,0,232,0
686678,1,0,0.0203467,0.156263,0.30175,0.302209,1,0,,0,0,0,0,0,0,0,0,103808,104555,0,232,0
686778,1,0,0.0142427,0.127859,0.284361,0.268608,1,0,,0,0,0,0,0,0,0,0,103808,104555,0,232,0
686878,1,0,0.00996989,0.104281,0.266353,0.269908,1,0,,0,0,0,0,0,0,0,0,103808,104555,0,232,0
686978,1,0,0.00697892,0.0848208,0.2482,0.281685,1,0,,0,0,0,0,0,0,0,0,103808,104555,0,232,0
687078,1,0,0.00488524,0.0688337,0.230263,0.25781,1,0,,0,0,0,0,0,0,0,0,103808,104555,0,232,0
687178,1,0,0.00341967,0.0557509,0.212812,0.263462,1,0,,0,0,0,0,0,0,0,0,103808,104555,0,232,0
687278,1,0,0.00239377,0.0450795,0.196039,0.27656,1,0,,0,0,0,0,0,0,0,0,103808,104555,0,232,0
687378,1,0,0.00167564,0.0363987,0.180075,0.295248,1,0,,0,0,0,0,0,0,0,0,103808,104555,0,232,0
687478,1,0,0.00117295,0.0293536,0.165002,0.262686,1,0,,0,0,0,0,0,0,0,0,103808,104555,0,232,0
687578,1,0,0.000821063,0.0236471,0.150867,0.293625,1,0,,0,0,0,0,0,0,0,0,103808,104555,0,232,0
687678,1,0,0.000574744,0.0190326,0.137683,0.281799,1,0,,0,0,0,0,0,0,0,0,103808,104555,0,232,0
687778,1,0,0.000402321,0.0153065,0.125446,0.289809,1,0,,0,0,0,0,0,0,0,0,103808,104555,0,232,0
687878,1,0,0.000281625,0.0123016,0.114131,0.235332,1,0,,0,0,0,0,0,0,0,0,103808,104555,0,232,0
687978,1,0,0.000197137,0.00988068,0.103706,0.289269,1,0,,0,0,0,0,0,0,0,0,103808,104555,0,232,0
688078,1,0,0.000137996,0.00793214,0.0941289,0.304393,1,0,,0,0,0,0,0,0,0,0,103808,104555,0,232,0
688178,1,0,9.65972e-005,0.00636503,0.0853525,0.281404,1,0,,0,0,0,0,0,0,0,0,103808,104555,0,232,0
688278,1,0,6.76181e-005,0.00510555,0.0773278,0.295517,1,0,,0,0,0,0,0,0,0,0,103808,104555,0,232,0
688378,1,0,4.73326e-005,0.00409391,0.0700044,0.286942,1,0,,0,0,0,0,0,0,0,0,103808,104555,0,232,0
688478,1,0,3.31328e-005,0.00328175,0.0633321,0.26468,1,0,,0,0,0,0,0,0,0,0,103808,104555,0,232,0
688578,1,0,2.3193e-005,0.00263004,0.0572619,0.280394,1,0,,0,0,0,0,0,0,0,0,103808,104555,0,232,0
688678,1,0,1.62351e-005,0.00210728,0.0517465,0.269869,1,0,,0,0,0,0,0,0,0,0,103808,104555,0,232,0
688778,1,0,1.13646e-005,0.0016881,0.0467406,0.273719,1,0,,0,0,0,0,0,0,0,0,103808,104555,0,232,0
688878,1,0,7.9552e-006,0.00135207,0.0422018,0.284094,1,0,,0,0,0,0,0,0,0,0,103808,104555,0,232,0
688978,1,0,5.56864e-006,0.00108277,0.0380899,0.272855,1,0,,0,0,0,0,0,0,0,0,103808,104555,0,232,0
689078,1,0,3.89805e-006,0.000866994,0.0343676,0.288992,1,0,,0,0,0,0,0,0,0,0,103808,104555,0,232,0
689178,1,0,2.72863e-006,0.000694141,0.0310002,0.280217,1,0,,0,0,0,0,0,0,0,0,103808,104555,0,232,0
689278,1,0,1.91004e-006,0.000555695,0.0279558,0.289728,1,0,,0,0,0,0,0,0,0,0,103808,104555,0,232,0
689378,1,6,1.8,0.360445,0.0612047,0.282825,1,0,,0,0,0,0,0,0,0,0,103808,104555,0,232,0
689478,1,0,1.26,0.540356,0.10912,0.290488,1,0,,0,0,0,0,0,0,0,0,103808,104555,0,232,0
689578,1,0,0.882001,0.608685,0.159076,0.293171,1,0,,0,0,0,0,0,0,0,0,103808,104555,0,232,0
689678,1,0,0.6174,0.610428,0.204212,0.30001,1,0,,0,0,0,0,0,0,0,0,103808,104555,0,232,0
689778,1,0,0.43218,0.574779,0.241268,0.271361,1,0,,0,0,0,0,0,0,0,0,103808,104555,0,232,0
689878,1,0,0.302526,0.520328,0.269174,0.33075,1,0,,0,0,0,0,0,0,0,0,103808,104555,0,232,0
689978,1,0,0.211768,0.458616,0.288118,0.303,1,0,,0,0,0,0,0,0,0,0,103808,104555,0,232,0
690078,1,0,0.148238,0.39654,0.298961,0.28705,1,0,,0,0,0,0,0,0,0,0,103808,104555,0,232,0
690178,1,0,0.103766,0.337986,0.302863,0.288938,1,0,,0,0,0,0,0,0,0,0,103808,104555,0,232,0
690278,1,0,0.0726365,0.284916,0.301068,0.299799,1,0,,0,0,0,0,0,0,0,0,103808,104555,0,232,0
690378,1,0,0.0508456,0.238102,0.294772,0.268901,1,0,,0,0,0,0,0,0,0,0,103808,104555,0,232,0
690478,1,0,0.0355919,0.1976,0.285055,0.31694,1,0,,0,0,0,0,0,0,0,0,103808,104555,0,232,0
690578,1,0,0.0249143,0.163063,0.272855,0.292487,1,0,,0,0,0,0,0,0,0,0,103808,104555,0,232,0
690678,1,0,0.01744,0.133938,0.258964,0.292674,1,0,,0,0,0,0,0,0,0,0,103808,104555,0,232,0
690778,1,0,0.012208,0.109592,0.244026,0.295445,1,0,,0,0,0,0,0,0,0,0,103808,104555,0,232,0
690878,1,0,0.00854561,0.0893828,0.228562,0.280008,1,0,,0,0,0,0,0,0,0,0,103808,104555,0,232,0
690978,1,0,0.00598193,0.0727027,0.212976,0.32203,1,0,,0,0,0,0,0,0,0,0,103808,104555,0,232,0
691078,1,0,0.00418735,0.0589996,0.197578,0.333793,1,0,,0,0,0,0,0,0,0,0,103808,104555,0,232,0
691178,1,0,0.00293115,0.0477859,0.182599,0.281406,1,0,,0,0,0,0,0,0,0,0,103808,104555,0,232,0
691278,1,0,0.0020518,0.0386391,0.168203,0.26803,1,0,,0,0,0,0,0,0,0,0,103808,104555,0,232,0
691378,1,0,0.00143626,0.0311985,0.154503,0.327228,1,0,,0,0,0,0,0,0,0,0,103808,104555,0,232,0
691478,1,0,0.00100538,0.0251599,0.141568,0.296852,1,0,,0,0,0,0,0,0,0,0,103808,104555,0,232,0
691578,1,0,0.000703768,0.0202687,0.129438,0.279965,1,0,,0,0,0,0,0,0,0,0,103808,104555,0,232,0
691678,1,0,0.000492638,0.0163135,0.118126,0.288402,1,0,,0,0,0,0,0,0,0,0,103808,104555,0,232,0
691778,1,0,0.000344846,0.0131197,0.107625,0.282815,1,0,,0,0,0,0,0,0,0,0,103808,104555,0,232,0
691878,1,0,0.000241392,0.0105441,0.0979172,0.289391,1,0,,0,0,0,0,0,0,0,0,103808,104555,0,232,0
691978,1,0,0.000168975,0.00846905,0.0889724,0.280952,1,0,,0,0,0,0,0,0,0,0,103808,104555,0,232,0
692078,1,0,0.000118282,0.0067989,0.080755,0.315703,1,0,,0,0,0,0,0,0,0,0,103808,104555,0,232,0
692178,1,0,8.27976e-005,0.00545568,0.0732251,0.298642,1,0,,0,0,0,0,0,0,0,0,103808,104555,0,232,0
692278,1,0,5.79583e-005,0.00437613,0.0663402,0.27658,1,0,,0,0,0,0,0,0,0,0,103808,104555,0,232,0
692378,1,0,4.05708e-005,0.00350902,0.0600571,0.292344,1,0,,0,0,0,0,0,0,0,0,103808,104555,0,232,0
692478,1,0,2.83996e-005,0.0028129,0.0543327,0.272444,1,0,,0,0,0,0,0,0,0,0,103808,104555,0,232,0
692578,1,0,1.98797e-005,0.00225429,0.0491248,0.283182,1,0,,0,0,0,0,0,0,0,0,103808,104555,0,232,0
692678,1,0,1.39158e-005,0.00180622,0.044393,0.27577,1,0,,0,0,0,0,0,0,0,0,103808,104555,0,232,0
692778,1,0,9.74105e-006,0.00144692,0.0400984,0.305932,1,0,,0,0,0,0,0,0,0,0,103808,104555,0,232,0
692878,1,0,6.81874e-006,0.0011589,0.0362044,0.282694,1,0,,0,0,0,0,0,0,0,0,103808,104555,0,232,0
692978,1,0,4.77312e-006,0.000928076,0.0326768,0.287356,1,0,,0,0,0,0,0,0,0,0,103808,104555,0,232,0
693078,1,0,3.34118e-006,0.000743129,0.0294834,0.317207,1,0,,0,0,0,0,0,0,0,0,103808,104555,0,232,0
693178,1,0,2.33883e-006,0.000594971,0.0265946,0.328609,1,0,,0,0,0,0,0,0,0,0,103808,104555,0,232,0
693278,1,7,2.1,0.420476,0.0659827,0.275813,1,0,,0,0,0,0,0,0,0,0,103808,104555,0,232,0
693378,1,0,1.47,0.630381,0.122423,0.294198,1,0,,0,0,0,0,0,0,0,0,103808,104555,0,232,0
693478,1,0,1.029,0.710105,0.181191,0.284698,1,0,,0,0,0,0,0,0,0,0,103808,104555,0,232,0
693578,1,0,0.720301,0.712144,0.234286,0.293661,1,0,,0,0,0,0,0,0,0,0,103808,104555,0,232,0
693678,1,0,0.50421,0.670557,0.277913,0.304425,1,0,,0,0,0,0,0,0,0,0,103808,104555,0,232,0
693778,1,0,0.352947,0.607036,0.310826,0.276737,1,0,,0,0,0,0,0,0,0,0,103808,104555,0,232,0
693878,1,0,0.247063,0.535041,0.333247,0.314499,1,0,,0,0,0,0,0,0,0,0,103808,104555,0,232,0
693978,1,0,0.172944,0.462622,0.346185,0.267385,1,0,,0,0,0,0,0,0,0,0,103808,104555,0,232,0
694078,1,0,0.121061,0.39431,0.350997,0.312223,1,0,,0,0,0,0,0,0,0,0,103808,104555,0,232,0
694178,1,0,0.0847426,0.332396,0.349137,0.270308,1,0,,0,0,0,0,0,0,0,0,103808,104555,0,232,0
694278,1,0,0.0593199,0.277781,0.342001,0.265332,1,0,,0,0,0,0,0,0,0,0,103808,104555,0,232,0
694378,1,0,0.0415239,0.23053,0.330854,0.259512,1,0,,0,0,0,0,0,0,0,0,103808,104555,0,232,0
694478,1,0,0.0290667,0.190237,0.316792,0.294799,1,0,,0,0,0,0,0,0,0,0,103808,104555,0,232,0
694578,1,0,0.0203467,0.156259,0.300739,0.251037,1,0,,0,0,0,0,0,0,0,0,103808,104555,0,232,0
694678,1,0,0.0142427,0.127856,0.283451,0.292826,1,0,,0,0,0,0,0,0,0,0,103808,104555,0,232,0
694778,1,0,0.00996989,0.104279,0.265533,0.288476,1,0,,0,0,0,0,0,0,0,0,103808,104555,0,232,0
694878,1,0,0.00697892,0.0848186,0.247462,0.286652,1,0,,0,0,0,0,0,0,0,0,103808,104555,0,232,0
694978,1,0,0.00488524,0.0688319,0.229599,0.324288,1,0,,0,0,0,0,0,0,0,0,103808,104555,0,232,0
695078,1,0,0.00341967,0.0557495,0.212214,0.316977,1,0,,0,0,0,0,0,0,0,0,103808,104555,0,232,0
695178,1,0,0.00239377,0.0450783,0.1955,0.304378,1,0,,0,0,0,0,0,0,0,0,103808,104555,0,232,0
695278,1,0,0.00167564,0.0363978,0.17959,0.269917,1,0,,0,0,0,0,0,0,0,0,103808,104555,0,232,0
695378,1,0,0.00117295,0.0293528,0.164566,0.309803,1,0,,0,0,0,0,0,0,0,0,103808,104555,0,232,0
695478,1,0,0.000821063,0.0236465,0.150474,0.303667,1,0,,0,0,0,0,0,0,0,0,103808,104555,0,232,0
695578,1,0,0.000574744,0.0190321,0.13733,0.273067,1,0,,0,0,0,0,0,0,0,0,103808,104555,0,232,0
695678,1,0,0.000402321,0.0153062,0.125128,0.31429,1,0,,0,0,0,0,0,0,0,0,103808,104555,0,232,0
695778,1,0,0.000281625,0.0123013,0.113845,0.30114,1,0,,0,0,0,0,0,0,0,0,103808,104555,0,232,0
695878,1,0,0.000197137,0.00988043,0.103449,0.296816,1,0,,0,0,0,0,0,0,0,0,103808,104555,0,232,0
695978,1,0,0.000137996,0.00793195,0.093897,0.30989,1,0,,0,0,0,0,0,0,0,0,103808,104555,0,232,0
696078,1,0,9.65972e-005,0.00636488,0.0851438,0.272839,1,0,,0,0,0,0,0,0,0,0,103808,104555,0,232,0
696178,1,0,6.76181e-005,0.00510543,0.0771399,0.285562,1,0,,0,0,0,0,0,0,0,0,103808,104555,0,232,0
696278,1,0,4.73326e-005,0.00409381,0.0698353,0.303837,1,0,,0,0,0,0,0,0,0,0,103808,104555,0,232,0
696378,1,0,3.31328e-005,0.00328167,0.0631799,0.307924,1,0,,0,0,0,0,0,0,0,0,103808,104555,0,232,0
696478,1,0,2.3193e-005,0.00262998,0.0571249,0.291323,1,0,,0,0,0,0,0,0,0,0,103808,104555,0,232,0
696578,1,0,1.62351e-005,0.00210723,0.0516232,0.271109,1,0,,0,0,0,0,0,0,0,0,103808,104555,0,232,0
696678,1,0,1.13646e-005,0.00168806,0.0466297,0.279746,1,0,,0,0,0,0,0,0,0,0,103808,104555,0,232,0
696778,1,0,7.9552e-006,0.00135204,0.0421019,0.276276,1,0,,0,0,0,0,0,0,0,0,103808,104555,0,232,0
696878,1,0,5.56864e-006,0.00108274,0.038,0.298151,1,0,,0,0,0,0,0,0,0,0,103808,104555,0,232,0
696978,1,0,3.89805e-006,0.000866973,0.0342867,0.294863,1,0,,0,0,0,0,0,0,0,0,103808,104555,0,232,0
697078,1,0,2.72863e-006,0.000694124,0.0309274,0.274698,1,0,,0,0,0,0,0,0,0,0,103808,104555,0,232,0
697178,1,0,1.91004e-006,0.000555682,0.0278903,0.321064,1,0,,0,0,0,0,0,0,0,0,103808,104555,0,232,0
697278,1,7,2.1,0.420445,0.0671457,0.296397,1,0,,0,0,0,0,0,0,0,0,103808,104555,0,232,0
697378,1,0,1.47,0.630356,0.123467,0.270273,1,0,,0,0,0,0,0,0,0,0,103808,104555,0,232,0
697478,1,0,1.029,0.710085,0.182129,0.292472,1,0,,0,0,0,0,0,0,0,0,103808,104555,0,232,0
697578,1,0,0.7203,0.712128,0.235129,0.314461,1,0,,0,0,0,0,0,0,0,0,103808,104555,0,232,0
697678,1,0,0.50421,0.670545,0.27867,0.275098,1,0,,0,0,0,0,0,0,0,0,103808,104555,0,232,0
697778,1,0,0.352947,0.607025,0.311506,0.283198,1,0,,0,0,0,0,0,0,0,0,103808,104555,0,232,0
697878,1,0,0.247063,0.535033,0.333858,0.263384,1,0,,0,0,0,0,0,0,0,0,103808,104555,0,232,0
697978,1,0,0.172944,0.462615,0.346734,0.30215,1,0,,0,0,0,0,0,0,0,0,103808,104555,0,232,0
698078,1,0,0.121061,0.394304,0.351491,0.297926,1,0,,0,0,0,0,0,0,0,0,103808,104555,0,232,0
698178,1,0,0.0847426,0.332392,0.349581,0.321525,1,0,,0,0,0,0,0,0,0,0,103808,104555,0,232,0
698278,1,0,0.0593198,0.277777,0.342401,0.290213,1,0,,0,0,0,0,0,0,0,0,103808,104555,0,232,0
698378,1,0,0.0415239,0.230527,0.331213,0.292623,1,0,,0,0,0,0,0,0,0,0,103808,104555,0,232,0
698478,1,0,0.0290667,0.190235,0.317115,0.311597,1,0,,0,0,0,0,0,0,0,0,103808,104555,0,232,0
698578,1,0,0.0203467,0.156257,0.30103,0.287371,1,0,,0,0,0,0,0,0,0,0,103808,104555,0,232,0
698678,1,0,0.0142427,0.127854,0.283712,0.284549,1,0,,0,0,0,0,0,0,0,0,103808,104555,0,232,0
698778,1,0,0.00996988,0.104277,0.265769,0.2908,1,0,,0,0,0,0,0,0,0,0,103808,104555,0,232,0
698878,1,0,0.00697892,0.0848177,0.247674,0.269513,1,0,,0,0,0,0,0,0,0,0,103808,104555,0,232,0
698978,1,0,0.00488524,0.0688312,0.229789,0.272549,1,0,,0,0,0,0,0,0,0,0,103808,104555,0,232,0
699078,1,0,0.00341967,0.0557489,0.212385,0.303162,1,0,,0,0,0,0,0,0,0,0,103808,104555,0,232,0
699178,1,0,0.00239377,0.0450779,0.195655,0.282488,1,0,,0,0,0,0,0,0,0,0,103808,104555,0,232,0
699278,1,0,0.00167564,0.0363974,0.179729,0.248913,1,0,,0,0,0,0,0,0,0,0,103808,104555,0,232,0
699378,1,0,0.00117295,0.0293525,0.164691,0.265813,1,0,,0,0,0,0,0,0,0,0,103808,104555,0,232,0
699478,1,0,0.000821063,0.0236462,0.150587,0.268224,1,0,,0,0,0,0,0,0,0,0,103808,104555,0,232,0
699578,1,0,0.000574744,0.0190319,0.137431,0.281686,1,0,,0,0,0,0,0,0,0,0,103808,104555,0,232,0
699678,1,0,0.000402321,0.015306,0.125219,0.291337,1,0,,0,0,0,0,0,0,0,0,103808,104555,0,232,0
699778,1,0,0.000281625,0.0123011,0.113927,0.257224,1,0,,0,0,0,0,0,0,0,0,103808,104555,0,232,0
699878,1,0,0.000197137,0.00988034,0.103522,0.270497,1,0,,0,0,0,0,0,0,0,0,103808,104555,0,232,0
699978,1,0,0.000137996,0.00793187,0.0939632,0.26206,1,0,,0,0,0,0,0,0,0,0,103808,104555,0,232,0
700078,1,0,9.65972e-005,0.00636481,0.0852034,0.273686,1,0,,0,0,0,0,0,0,0,0,103808,104555,0,232,0
700178,1,0,6.7618e-005,0.00510538,0.0771936,0.272363,1,0,,0,0,0,0,0,0,0,0,103808,104555,0,232,0
700278,1,0,4.73326e-005,0.00409377,0.0698836,0.266973,1,0,,0,0,0,0,0,0,0,0,103808,104555,0,232,0
700378,1,0,3.31328e-005,0.00328164,0.0632234,0.269687,1,0,,0,0,0,0,0,0,0,0,103808,104555,0,232,0
700478,1,0,2.3193e-005,0.00262995,0.057164,0.269562,1,0,,0,0,0,0,0,0,0,0,103808,104555,0,232,0
700578,1,0,1.62351e-005,0.00210721,0.0516584,0.290652,1,0,,0,0,0,0,0,0,0,0,103808,104555,0,232,0
700678,1,0,1.13646e-005,0.00168804,0.0466613,0.265588,1,0,,0,0,0,0,0,0,0,0,103808,104555,0,232,0
700778,1,0,7.95519e-006,0.00135202,0.0421304,0.26374,1,0,,0,0,0,0,0,0,0,0,103808,104555,0,232,0
700878,1,0,5.56864e-006,0.00108273,0.0380256,0.293339,1,0,,0,0,0,0,0,0,0,0,103808,104555,0,232,0
700978,1,0,3.89805e-006,0.000866965,0.0343098,0.252866,1,0,,0,0,0,0,0,0,0,0,103808,104555,0,232,0
701078,1,0,2.72863e-006,0.000694118,0.0309482,0.302953,1,0,,0,0,0,0,0,0,0,0,103808,104555,0,232,0
701178,1,7,2.1,0.420556,0.0699089,0.285277,1,0,,0,0,0,0,0,0,0,0,103808,104555,0,232,0
701278,1,0,1.47,0.630445,0.125963,0.282603,1,0,,0,0,0,0,0,0,0,0,103808,104555,0,232,0
701378,1,0,1.029,0.710156,0.184382,0.290014,1,0,,0,0,0,0,0,0,0,0,103808,104555,0,232,0
701478,1,0,0.720301,0.712185,0.237162,0.275302,1,0,,0,0,0,0,0,0,0,0,103808,104555,0,232,0
701578,1,0,0.50421,0.67059,0.280505,0.275179,1,0,,0,0,0,0,0,0,0,0,103808,104555,0,232,0
701678,1,0,0.352947,0.607062,0.313161,0.258355,1,0,,0,0,0,0,0,0,0,0,103808,104555,0,232,0
701778,1,0,0.247063,0.535062,0.335351,0.323365,1,0,,0,0,0,0,0,0,0,0,103808,104555,0,232,0
701878,1,0,0.172944,0.462638,0.34808,0.262362,1,0,,0,0,0,0,0,0,0,0,103808,104555,0,232,0
701978,1,0,0.121061,0.394323,0.352704,0.262311,1,0,,0,0,0,0,0,0,0,0,103808,104555,0,232,0
702078,1,0,0.0847427,0.332407,0.350674,0.270535,1,0,,0,0,0,0,0,0,0,0,103808,104555,0,232,0
702178,1,0,0.0593199,0.277789,0.343386,0.308687,1,0,,0,0,0,0,0,0,0,0,103808,104555,0,232,0
702278,1,0,0.0415239,0.230536,0.332101,0.28641,1,0,,0,0,0,0,0,0,0,0,103808,104555,0,232,0
702378,1,0,0.0290667,0.190242,0.317915,0.269085,1,0,,0,0,0,0,0,0,0,0,103808,104555,0,232,0
702478,1,0,0.0203467,0.156263,0.30175,0.275836,1,0,,0,0,0,0,0,0,0,0,103808,104555,0,232,0
702578,1,0,0.0142427,0.127859,0.284361,0.281711,1,0,,0,0,0,0,0,0,0,0,103808,104555,0,232,0
702678,1,0,0.00996989,0.104281,0.266353,0.271912,1,0,,0,0,0,0,0,0,0,0,103808,104555,0,232,0
702778,1,0,0.00697892,0.0848208,0.2482,0.288524,1,0,,0,0,0,0,0,0,0,0,103808,104555,0,232,0
702878,1,0,0.00488524,0.0688337,0.230263,0.291772,1,0,,0,0,0,0,0,0,0,0,103808,104555,0,232,0
702978,1,0,0.00341967,0.0557509,0.212812,0.301136,1,0,,0,0,0,0,0,0,0,0,103808,104555,0,232,0
703078,1,0,0.00239377,0.0450795,0.196039,0.290162,1,0,,0,0,0,0,0,0,0,0,103808,104555,0,232,0
703178,1,0,0.00167564,0.0363987,0.180075,0.273375,1,0,,0,0,0,0,0,0,0,0,103808,104555,0,232,0
703278,1,0,0.00117295,0.0293536,0.165002,0.282338,1,0,,0,0,0,0,0,0,0,0,103808,104555,0,232,0
703378,1,0,0.000821063,0.0236471,0.150867,0.265923,1,0,,0,0,0,0,0,0,0,0,103808,104555,0,232,0
703478,1,0,0.000574744,0.0190326,0.137683,0.292487,1,0,,0,0,0,0,0,0,0,0,103808,104555,0,232,0
703578,1,0,0.000402321,0.0153065,0.125446,0.272188,1,0,,0,0,0,0,0,0,0,0,103808,104555,0,232,0
703678,1,0,0.000281625,0.0123016,0.114131,0.268126,1,0,,0,0,0,0,0,0,0,0,103808,104555,0,232,0
703778,1,0,0.000197137,0.00988068,0.103706,0.268876,1,0,,0,0,0,0,0,0,0,0,103808,104555,0,232,0
703878,1,0,0.000137996,0.00793214,0.0941289,0.288862,1,0,,0,0,0,0,0,0,0,0,103808,104555,0,232,0
703978,1,0,9.65972e-005,0.00636503,0.0853525,0.316947,1,0,,0,0,0,0,0,0,0,0,103808,104555,0,232,0
704078,1,0,6.76181e-005,0.00510555,0.0773278,0.293146,1,0,,0,0,0,0,0,0,0,0,103808,104555,0,232,0
704178,1,0,4.73326e-005,0.00409391,0.0700044,0.289094,1,0,,0,0,0,0,0,0,0,0,103808,104555,0,232,0
704278,1,0,3.31328e-005,0.00328175,0.0633321,0.268856,1,0,,0,0,0,0,0,0,0,0,103808,104555,0,232,0
704378,1,0,2.3193e-005,0.00263004,0.0572619,0.267054,1,0,,0,0,0,0,0,0,0,0,103808,104555,0,232,0
704478,1,0,1.62351e-005,0.00210728,0.0517465,0.291255,1,0,,0,0,0,0,0,0,0,0,103808,104555,0,232,0
704578,1,0,1.13646e-005,0.0016881,0.0467406,0.270643,1,0,,0,0,0,0,0,0,0,0,103808,104555,0,232,0
704678,1,0,7.9552e-006,0.00135207,0.0422018,0.304555,1,0,,0,0,0,0,0,0,0,0,103808,104555,0,232,0
704778,1,0,5.56864e-006,0.00108277,0.0380899,0.288468,1,0,,0,0,0,0,0,0,0,0,103808,104555,0,232,0
704878,1,0,3.89805e-006,0.000866994,0.0343676,0.290895,1,0,,0,0,0,0,0,0,0,0,103808,104555,0,232,0
704978,1,0,2.72863e-006,0.000694141,0.0310002,0.277607,1,0,,0,0,0,0,0,0,0,0,103808,104555,0,232,0
705078,1,6,1.8,0.360556,0.0639558,0.323524,1,0,,0,0,0,0,0,0,0,0,103808,104555,0,232,0
705178,1,0,1.26,0.540445,0.111605,0.287671,1,0,,0,0,0,0,0,0,0,0,103808,104555,0,232,0
705278,1,0,0.882001,0.608756,0.16132,0.290606,1,0,,0,0,0,0,0,0,0,0,103808,104555,0,232,0
705378,1,0,0.617401,0.610485,0.206236,0.27853,1,0,,0,0,0,0,0,0,0,0,103808,104555,0,232,0
705478,1,0,0.43218,0.574824,0.243095,0.272627,1,0,,0,0,0,0,0,0,0,0,103808,104555,0,232,0
705578,1,0,0.302526,0.520365,0.270822,0.281328,1,0,,0,0,0,0,0,0,0,0,103808,104555,0,232,0
705678,1,0,0.211768,0.458645,0.289604,0.276678,1,0,,0,0,0,0,0,0,0,0,103808,104555,0,232,0
705778,1,0,0.148238,0.396564,0.3003,0.294991,1,0,,0,0,0,0,0,0,0,0,103808,104555,0,232,0
705878,1,0,0.103767,0.338004,0.304071,0.279704,1,0,,0,0,0,0,0,0,0,0,103808,104555,0,232,0
705978,1,0,0.0726366,0.284931,0.302157,0.271141,1,0,,0,0,0,0,0,0,0,0,103808,104555,0,232,0
706078,1,0,0.0508456,0.238114,0.295752,0.295329,1,0,,0,0,0,0,0,0,0,0,103808,104555,0,232,0
706178,1,0,0.0355919,0.197609,0.285938,0.296144,1,0,,0,0,0,0,0,0,0,0,103808,104555,0,232,0
706278,1,0,0.0249143,0.16307,0.273651,0.272319,1,0,,0,0,0,0,0,0,0,0,103808,104555,0,232,0
706378,1,0,0.01744,0.133944,0.259681,0.310159,1,0,,0,0,0,0,0,0,0,0,103808,104555,0,232,0
706478,1,0,0.012208,0.109597,0.244672,0.252583,1,0,,0,0,0,0,0,0,0,0,103808,104555,0,232,0
706578,1,0,0.00854562,0.0893868,0.229144,0.28817,1,0,,0,0,0,0,0,0,0,0,103808,104555,0,232,0
706678,1,0,0.00598193,0.0727058,0.2135,0.290995,1,0,,0,0,0,0,0,0,0,0,103808,104555,0,232,0
706778,1,0,0.00418735,0.0590021,0.19805,0.284121,1,0,,0,0,0,0,0,0,0,0,103808,104555,0,232,0
706878,1,0,0.00293115,0.0477879,0.183024,0.270807,1,0,,0,0,0,0,0,0,0,0,103808,104555,0,232,0
706978,1,0,0.0020518,0.0386407,0.168586,0.298959,1,0,,0,0,0,0,0,0,0,0,103808,104555,0,232,0
707078,1,0,0.00143626,0.0311998,0.154847,0.316697,1,0,,0,0,0,0,0,0,0,0,103808,104555,0,232,0
707178,1,0,0.00100538,0.0251609,0.141878,0.284824,1,0,,0,0,0,0,0,0,0,0,103808,104555,0,232,0
707278,1,0,0.000703768,0.0202695,0.129717,0.272361,1,0,,0,0,0,0,0,0,0,0,103808,104555,0,232,0
707378,1,0,0.000492638,0.0163141,0.118377,0.322522,1,0,,0,0,0,0,0,0,0,0,103808,104555,0,232,0
707478,1,0,0.000344846,0.0131203,0.107851,0.300409,1,0,,0,0,0,0,0,0,0,0,103808,104555,0,232,0
707578,1,0,0.000241393,0.0105445,0.0981207,0.266992,1,0,,0,0,0,0,0,0,0,0,103808,104555,0,232,0
707678,1,0,0.000168975,0.00846939,0.0891556,0.317318,1,0,,0,0,0,0,0,0,0,0,103808,104555,0,232,0
707778,1,0,0.000118282,0.00679917,0.08092,0.28533,1,0,,0,0,0,0,0,0,0,0,103808,104555,0,232,0
707878,1,0,8.27976e-005,0.0054559,0.0733735,0.278105,1,0,,0,0,0,0,0,0,0,0,103808,104555,0,232,0
707978,1,0,5.79583e-005,0.00437631,0.0664738,0.266168,1,0,,0,0,0,0,0,0,0,0,103808,104555,0,232,0
708078,1,0,4.05708e-005,0.00350916,0.0601774,0.264169,1,0,,0,0,0,0,0,0,0,0,103808,104555,0,232,0
708178,1,0,2.83996e-005,0.00281301,0.0544409,0.299529,1,0,,0,0,0,0,0,0,0,0,103808,104555,0,232,0
708278,1,0,1.98797e-005,0.00225438,0.0492223,0.271993,1,0,,0,0,0,0,0,0,0,0,103808,104555,0,232,0
708378,1,0,1.39158e-005,0.00180629,0.0444807,0.281655,1,0,,0,0,0,0,0,0,0,0,103808,104555,0,232,0
708478,1,0,9.74106e-006,0.00144698,0.0401773,0.28949,1,0,,0,0,0,0,0,0,0,0,103808,104555,0,232,0
708578,1,0,6.81874e-006,0.00115895,0.0362755,0.282025,1,0,,0,0,0,0,0,0,0,0,103808,104555,0,232,0
708678,1,0,4.77312e-006,0.000928113,0.0327407,0.255399,1,0,,0,0,0,0,0,0,0,0,103808,104555,0,232,0
708778,1,0,3.34118e-006,0.000743158,0.029541,0.279092,1,0,,0,0,0,0,0,0,0,0,103808,104555,0,232,0
708878,1,0,2.33883e-006,0.000594994,0.0266464,0.293118,1,0,,0,0,0,0,0,0,0,0,103808,104555,0,232,0
708978,1,0,1.63718e-006,0.000476323,0.0240294,0.266568,1,0,,0,0,0,0,0,0,0,0,103808,104555,0,232,0
709078,1,7,2.1,0.420381,0.0636646,0.279503,1,0,,0,0,0,0,0,0,0,0,103808,104555,0,232,0
709178,1,0,1.47,0.630305,0.120329,0.297979,1,0,,0,0,0,0,0,0,0,0,103808,104555,0,232,0
709278,1,0,1.029,0.710044,0.1793,0.268105,1,0,,0,0,0,0,0,0,0,0,103808,104555,0,232,0
709378,1,0,0.7203,0.712096,0.23258,0.282702,1,0,,0,0,0,0,0,0,0,0,103808,104555,0,232,0
709478,1,0,0.50421,0.670519,0.276374,0.305153,1,0,,0,0,0,0,0,0,0,0,103808,104555,0,232,0
709578,1,0,0.352947,0.607004,0.309437,0.268504,1,0,,0,0,0,0,0,0,0,0,103808,104555,0,232,0
709678,1,0,0.247063,0.535016,0.331995,0.282178,1,0,,0,0,0,0,0,0,0,0,103808,104555,0,232,0
709778,1,0,0.172944,0.462602,0.345055,0.293142,1,0,,0,0,0,0,0,0,0,0,103808,104555,0,232,0
709878,1,0,0.121061,0.394294,0.349979,0.285743,1,0,,0,0,0,0,0,0,0,0,103808,104555,0,232,0
709978,1,0,0.0847426,0.332383,0.34822,0.296305,1,0,,0,0,0,0,0,0,0,0,103808,104555,0,232,0
710078,1,0,0.0593198,0.277771,0.341175,0.270381,1,0,,0,0,0,0,0,0,0,0,103808,104555,0,232,0
710178,1,0,0.0415239,0.230521,0.330109,0.268581,1,0,,0,0,0,0,0,0,0,0,103808,104555,0,232,0
710278,1,0,0.0290667,0.19023,0.316121,0.30019,1,0,,0,0,0,0,0,0,0,0,103808,104555,0,232,0
710378,1,0,0.0203467,0.156254,0.300135,0.297653,1,0,,0,0,0,0,0,0,0,0,103808,104555,0,232,0
710478,1,0,0.0142427,0.127851,0.282906,0.275404,1,0,,0,0,0,0,0,0,0,0,103808,104555,0,232,0
710578,1,0,0.00996988,0.104275,0.265043,0.273713,1,0,,0,0,0,0,0,0,0,0,103808,104555,0,232,0
710678,1,0,0.00697892,0.0848159,0.24702,0.260538,1,0,,0,0,0,0,0,0,0,0,103808,104555,0,232,0
710778,1,0,0.00488524,0.0688298,0.229201,0.31935,1,0,,0,0,0,0,0,0,0,0,103808,104555,0,232,0
710878,1,0,0.00341967,0.0557478,0.211856,0.272938,1,0,,0,0,0,0,0,0,0,0,103808,104555,0,232,0
710978,1,0,0.00239377,0.045077,0.195178,0.289625,1,0,,0,0,0,0,0,0,0,0,103808,104555,0,232,0
711078,1,0,0.00167564,0.0363967,0.1793,0.262814,1,0,,0,0,0,0,0,0,0,0,103808,104555,0,232,0
711178,1,0,0.00117295,0.0293519,0.164305,0.286168,1,0,,0,0,0,0,0,0,0,0,103808,104555,0,232,0
711278,1,0,0.000821063,0.0236458,0.150239,0.264305,1,0,,0,0,0,0,0,0,0,0,103808,104555,0,232,0
711378,1,0,0.000574744,0.0190316,0.137118,0.259129,1,0,,0,0,0,0,0,0,0,0,103808,104555,0,232,0
711478,1,0,0.000402321,0.0153057,0.124937,0.303579,1,0,,0,0,0,0,0,0,0,0,103808,104555,0,232,0
711578,1,0,0.000281625,0.0123009,0.113674,0.276005,1,0,,0,0,0,0,0,0,0,0,103808,104555,0,232,0
711678,1,0,0.000197137,0.00988015,0.103294,0.289079,1,0,,0,0,0,0,0,0,0,0,103808,104555,0,232,0
711778,1,0,0.000137996,0.00793172,0.0937579,0.253242,1,0,,0,0,0,0,0,0,0,0,103808,104555,0,232,0
711878,1,0,9.65972e-005,0.00636469,0.0850186,0.35268,1,0,,0,0,0,0,0,0,0,0,103808,104555,0,232,0
711978,1,0,6.7618e-005,0.00510528,0.0770273,0.291778,1,0,,0,0,0,0,0,0,0,0,103808,104555,0,232,0
712078,1,0,4.73326e-005,0.00409369,0.0697339,0.289841,1,0,,0,0,0,0,0,0,0,0,103808,104555,0,232,0
712178,1,0,3.31328e-005,0.00328158,0.0630887,0.301792,1,0,,0,0,0,0,0,0,0,0,103808,104555,0,232,0
712278,1,0,2.3193e-005,0.0026299,0.0570428,0.274042,1,0,,0,0,0,0,0,0,0,0,103808,104555,0,232,0
712378,1,0,1.62351e-005,0.00210717,0.0515492,0.300841,1,0,,0,0,0,0,0,0,0,0,103808,104555,0,232,0
712478,1,0,1.13646e-005,0.00168801,0.0465631,0.273755,1,0,,0,0,0,0,0,0,0,0,103808,104555,0,232,0
712578,1,0,7.95519e-006,0.001352,0.042042,0.29933,1,0,,0,0,0,0,0,0,0,0,103808,104555,0,232,0
712678,1,0,5.56864e-006,0.00108271,0.0379461,0.288256,1,0,,0,0,0,0,0,0,0,0,103808,104555,0,232,0
712778,1,0,3.89805e-006,0.000866949,0.0342382,0.29418,1,0,,0,0,0,0,0,0,0,0,103808,104555,0,232,0
712878,1,0,2.72863e-006,0.000694105,0.0308838,0.290168,1,0,,0,0,0,0,0,0,0,0,103808,104555,0,232,0
712978,1,7,2.1,0.420556,0.0698509,0.270075,1,0,,0,0,0,0,0,0,0,0,103808,104555,0,232,0
713078,1,0,1.47,0.630445,0.12591,0.323288,1,0,,0,0,0,0,0,0,0,0,103808,104555,0,232,0
713178,1,0,1.029,0.710156,0.184335,0.280299,1,0,,0,0,0,0,0,0,0,0,103808,104555,0,232,0
713278,1,0,0.720301,0.712185,0.23712,0.267838,1,0,,0,0,0,0,0,0,0,0,103808,104555,0,232,0
713378,1,0,0.50421,0.67059,0.280467,0.271299,1,0,,0,0,0,0,0,0,0,0,103808,104555,0,232,0
713478,1,0,0.352947,0.607062,0.313126,0.284038,1,0,,0,0,0,0,0,0,0,0,103808,104555,0,232,0
713578,1,0,0.247063,0.535062,0.33532,0.276001,1,0,,0,0,0,0,0,0,0,0,103808,104555,0,232,0
713678,1,0,0.172944,0.462638,0.348052,0.301702,1,0,,0,0,0,0,0,0,0,0,103808,104555,0,232,0
713778,1,0,0.121061,0.394323,0.352679,0.297851,1,0,,0,0,0,0,0,0,0,0,103808,104555,0,232,0
713878,1,0,0.0847427,0.332407,0.350652,0.288552,1,0,,0,0,0,0,0,0,0,0,103808,104555,0,232,0
713978,1,0,0.0593199,0.277789,0.343365,0.28294,1,0,,0,0,0,0,0,0,0,0,103808,104555,0,232,0
714078,1,0,0.0415239,0.230536,0.332083,0.305466,1,0,,0,0,0,0,0,0,0,0,103808,104555,0,232,0
714178,1,0,0.0290667,0.190242,0.317899,0.276731,1,0,,0,0,0,0,0,0,0,0,103808,104555,0,232,0
714278,1,0,0.0203467,0.156263,0.301735,0.277742,1,0,,0,0,0,0,0,0,0,0,103808,104555,0,232,0
714378,1,0,0.0142427,0.127859,0.284347,0.281179,1,0,,0,0,0,0,0,0,0,0,103808,104555,0,232,0
714478,1,0,0.00996989,0.104281,0.266341,0.289266,1,0,,0,0,0,0,0,0,0,0,103808,104555,0,232,0
714578,1,0,0.00697892,0.0848208,0.248189,0.280754,1,0,,0,0,0,0,0,0,0,0,103808,104555,0,232,0
714678,1,0,0.00488524,0.0688337,0.230253,0.283344,1,0,,0,0,0,0,0,0,0,0,103808,104555,0,232,0
714778,1,0,0.00341967,0.0557509,0.212803,0.302443,1,0,,0,0,0,0,0,0,0,0,103808,104555,0,232,0
714878,1,0,0.00239377,0.0450795,0.196031,0.27137,1,0,,0,0,0,0,0,0,0,0,103808,104555,0,232,0
714978,1,0,0.00167564,0.0363987,0.180067,0.250181,1,0,,0,0,0,0,0,0,0,0,103808,104555,0,232,0
715078,1,0,0.00117295,0.0293536,0.164996,0.290456,1,0,,0,0,0,0,0,0,0,0,103808,104555,0,232,0
715178,1,0,0.000821063,0.0236471,0.150861,0.30028,1,0,,0,0,0,0,0,0,0,0,103808,104555,0,232,0
715278,1,0,0.000574744,0.0190326,0.137678,0.262566,1,0,,0,0,0,0,0,0,0,0,103808,104555,0,232,0
715378,1,0,0.000402321,0.0153065,0.125441,0.261379,1,0,,0,0,0,0,0,0,0,0,103808,104555,0,232,0
715478,1,0,0.000281625,0.0123016,0.114127,0.280755,1,0,,0,0,0,0,0,0,0,0,103808,104555,0,232,0
715578,1,0,0.000197137,0.00988068,0.103703,0.261444,1,0,,0,0,0,0,0,0,0,0,103808,104555,0,232,0
715678,1,0,0.000137996,0.00793214,0.0941255,0.255146,1,0,,0,0,0,0,0,0,0,0,103808,104555,0,232,0
715778,1,0,9.65972e-005,0.00636503,0.0853494,0.296484,1,0,,0,0,0,0,0,0,0,0,103808,104555,0,232,0
715878,1,0,6.76181e-005,0.00510555,0.077325,0.310308,1,0,,0,0,0,0,0,0,0,0,103808,104555,0,232,0
715978,1,0,4.73326e-005,0.00409391,0.0700019,0.265109,1,0,,0,0,0,0,0,0,0,0,103808,104555,0,232,0
716078,1,0,3.31328e-005,0.00328175,0.0633299,0.346109,1,0,,0,0,0,0,0,0,0,0,103808,104555,0,232,0
716178,1,0,2.3193e-005,0.00263004,0.0572599,0.302572,1,0,,0,0,0,0,0,0,0,0,103808,104555,0,232,0
716278,1,0,1.62351e-005,0.00210728,0.0517447,0.257648,1,0,,0,0,0,0,0,0,0,0,103808,104555,0,232,0
716378,1,0,1.13646e-005,0.0016881,0.046739,0.29526,1,0,,0,0,0,0,0,0,0,0,103808,104555,0,232,0
716478,1,0,7.9552e-006,0.00135207,0.0422003,0.283435,1,0,,0,0,0,0,0,0,0,0,103808,104555,0,232,0
716578,1,0,5.56864e-006,0.00108277,0.0380885,0.281883,1,0,,0,0,0,0,0,0,0,0,103808,104555,0,232,0
716678,1,0,3.89805e-006,0.000866994,0.0343664,0.304383,1,0,,0,0,0,0,0,0,0,0,103808,104555,0,232,0
716778,1,0,2.72863e-006,0.000694141,0.0309992,0.270198,1,0,,0,0,0,0,0,0,0,0,103808,104555,0,232,0
716878,1,0,1.91004e-006,0.000555695,0.0279548,0.265134,1,0,,0,0,0,0,0,0,0,0,103808,104555,0,232,0
716978,1,8,2.4,0.480445,0.0732038,0.274669,1,0,,0,0,0,0,0,0,0,0,103808,104555,0,232,0
717078,1,0,1.68,0.720356,0.137919,0.300794,1,0,,0,0,0,0,0,0,0,0,103808,104555,0,232,0
717178,1,0,1.176,0.811485,0.205276,0.288093,1,0,,0,0,0,0,0,0,0,0,103808,104555,0,232,0
717278,1,0,0.8232,0.813828,0.266131,0.283729,1,0,,0,0,0,0,0,0,0,0,103808,104555,0,232,0
717378,1,0,0.57624,0.766311,0.316149,0.281867,1,0,,0,0,0,0,0,0,0,0,103808,104555,0,232,0
717478,1,0,0.403368,0.693722,0.353906,0.259765,1,0,,0,0,0,0,0,0,0,0,103808,104555,0,232,0
717578,1,0,0.282358,0.611449,0.37966,0.286527,1,0,,0,0,0,0,0,0,0,0,103808,104555,0,232,0
717678,1,0,0.19765,0.52869,0.394563,0.254126,1,0,,0,0,0,0,0,0,0,0,103808,104555,0,232,0
717778,1,0,0.138355,0.450623,0.400169,0.286376,1,0,,0,0,0,0,0,0,0,0,103808,104555,0,232,0
717878,1,0,0.0968487,0.379868,0.398139,0.289475,1,0,,0,0,0,0,0,0,0,0,103808,104555,0,232,0
717978,1,0,0.0677941,0.317453,0.390071,0.274387,1,0,,0,0,0,0,0,0,0,0,103808,104555,0,232,0
718078,1,0,0.0474559,0.263454,0.377409,0.289386,1,0,,0,0,0,0,0,0,0,0,103808,104555,0,232,0
718178,1,0,0.0332191,0.217407,0.361409,0.279124,1,0,,0,0,0,0,0,0,0,0,103808,104555,0,232,0
718278,1,0,0.0232534,0.178576,0.343125,0.321862,1,0,,0,0,0,0,0,0,0,0,103808,104555,0,232,0
718378,1,0,0.0162774,0.146116,0.323424,0.266515,1,0,,0,0,0,0,0,0,0,0,103808,104555,0,232,0
718478,1,0,0.0113942,0.119172,0.302999,0.279815,1,0,,0,0,0,0,0,0,0,0,103808,104555,0,232,0
718578,1,0,0.00797591,0.0969327,0.282393,0.291937,1,0,,0,0,0,0,0,0,0,0,103808,104555,0,232,0
718678,1,0,0.00558313,0.0786628,0.26202,0.269301,1,0,,0,0,0,0,0,0,0,0,103808,104555,0,232,0
718778,1,0,0.00390819,0.0637119,0.242189,0.308413,1,0,,0,0,0,0,0,0,0,0,103808,104555,0,232,0
718878,1,0,0.00273574,0.0515167,0.223122,0.292399,1,0,,0,0,0,0,0,0,0,0,103808,104555,0,232,0
718978,1,0,0.00191501,0.0415963,0.204969,0.3166,1,0,,0,0,0,0,0,0,0,0,103808,104555,0,232,0
719078,1,0,0.00134051,0.0335452,0.187827,0.305552,1,0,,0,0,0,0,0,0,0,0,103808,104555,0,232,0
719178,1,0,0.000938357,0.0270238,0.171746,0.27759,1,0,,0,0,0,0,0,0,0,0,103808,104555,0,232,0
719278,1,0,0.00065685,0.0217504,0.156747,0.28035,1,0,,0,0,0,0,0,0,0,0,103808,104555,0,232,0
719378,1,0,0.000459795,0.0174923,0.142821,0.281626,1,0,,0,0,0,0,0,0,0,0,103808,104555,0,232,0
719478,1,0,0.000321856,0.0140582,0.129945,0.261539,1,0,,0,0,0,0,0,0,0,0,103808,104555,0,232,0
719578,1,0,0.0002253,0.0112916,0.11808,0.279128,1,0,,0,0,0,0,0,0,0,0,103808,104555,0,232,0
719678,1,0,0.00015771,0.00906484,0.107178,0.302664,1,0,,0,0,0,0,0,0,0,0,103808,104555,0,232,0
719778,1,0,0.000110397,0.00727395,0.0971877,0.274778,1,0,,0,0,0,0,0,0,0,0,103808,104555,0,232,0
719878,1,0,7.72777e-005,0.00583462,0.0880524,0.310067,1,0,,0,0,0,0,0,0,0,0,103808,104555,0,232,0
719978,1,0,5.40944e-005,0.00467851,0.079715,0.301479,1,0,,0,0,0,0,0,0,0,0,103808,104555,0,232,0
720078,1,0,3.78661e-005,0.00375038,0.0721186,0.261729,1,0,,0,0,0,0,0,0,0,0,103808,104555,0,232,0
720178,1,0,2.65063e-005,0.00300561,0.0652073,0.290453,1,0,,0,0,0,0,0,0,0,0,103808,104555,0,232,0
720278,1,0,1.85544e-005,0.0024082,0.0589274,0.278014,1,0,,0,0,0,0,0,0,0,0,103808,104555,0,232,0
720378,1,0,1.29881e-005,0.00192916,0.0532275,0.26455,1,0,,0,0,0,0,0,0,0,0,103808,104555,0,232,0
720478,1,0,9.09165e-006,0.00154514,0.0480593,0.271886,1,0,,0,0,0,0,0,0,0,0,103808,104555,0,232,0
720578,1,0,6.36415e-006,0.00123739,0.0433771,0.249747,1,0,,0,0,0,0,0,0,0,0,103808,104555,0,232,0
720678,1,0,4.45491e-006,0.000990801,0.0391385,0.294298,1,0,,0,0,0,0,0,0,0,0,103808,104555,0,232,0
720778,1,0,3.11844e-006,0.000793264,0.035304,0.264186,1,0,,0,0,0,0,0,0,0,0,103808,104555,0,232,0
720878,1,7,2.1,0.420635,0.0738371,0.294562,1,0,,0,0,0,0,0,0,0,0,103808,104555,0,232,0
720978,1,0,1.47,0.630508,0.129504,0.265248,1,0,,0,0,0,0,0,0,0,0,103808,104555,0,232,0
721078,1,0,1.029,0.710207,0.187574,0.274285,1,0,,0,0,0,0,0,0,0,0,103808,104555,0,232,0
721178,1,0,0.720301,0.712226,0.24004,0.280996,1,0,,0,0,0,0,0,0,0,0,103808,104555,0,232,0
721278,1,0,0.504211,0.670623,0.283098,0.263796,1,0,,0,0,0,0,0,0,0,0,103808,104555,0,232,0
721378,1,0,0.352947,0.607088,0.315497,0.29566,1,0,,0,0,0,0,0,0,0,0,103808,104555,0,232,0
721478,1,0,0.247063,0.535083,0.337455,0.271622,1,0,,0,0,0,0,0,0,0,0,103808,104555,0,232,0
721578,1,0,0.172944,0.462655,0.349975,0.262573,1,0,,0,0,0,0,0,0,0,0,103808,104555,0,232,0
721678,1,0,0.121061,0.394336,0.354412,0.274247,1,0,,0,0,0,0,0,0,0,0,103808,104555,0,232,0
721778,1,0,0.0847427,0.332418,0.352212,0.261534,1,0,,0,0,0,0,0,0,0,0,103808,104555,0,232,0
721878,1,0,0.0593199,0.277798,0.344771,0.294396,1,0,,0,0,0,0,0,0,0,0,103808,104555,0,232,0
721978,1,0,0.0415239,0.230543,0.333348,0.28976,1,0,,0,0,0,0,0,0,0,0,103808,104555,0,232,0
722078,1,0,0.0290667,0.190248,0.319038,0.262073,1,0,,0,0,0,0,0,0,0,0,103808,104555,0,232,0
722178,1,0,0.0203467,0.156268,0.302761,0.266837,1,0,,0,0,0,0,0,0,0,0,103808,104555,0,232,0
722278,1,0,0.0142427,0.127863,0.285271,0.248738,1,0,,0,0,0,0,0,0,0,0,103808,104555,0,232,0
722378,1,0,0.00996989,0.104284,0.267172,0.26705,1,0,,0,0,0,0,0,0,0,0,103808,104555,0,232,0
722478,1,0,0.00697892,0.0848231,0.248937,0.28246,1,0,,0,0,0,0,0,0,0,0,103808,104555,0,232,0
722578,1,0,0.00488525,0.0688355,0.230927,0.316272,1,0,,0,0,0,0,0,0,0,0,103808,104555,0,232,0
722678,1,0,0.00341967,0.0557523,0.21341,0.283686,1,0,,0,0,0,0,0,0,0,0,103808,104555,0,232,0
722778,1,0,0.00239377,0.0450806,0.196577,0.271785,1,0,,0,0,0,0,0,0,0,0,103808,104555,0,232,0
722878,1,0,0.00167564,0.0363996,0.180559,0.27247,1,0,,0,0,0,0,0,0,0,0,103808,104555,0,232,0
722978,1,0,0.00117295,0.0293543,0.165439,0.298945,1,0,,0,0,0,0,0,0,0,0,103808,104555,0,232,0
723078,1,0,0.000821063,0.0236476,0.151259,0.258008,1,0,,0,0,0,0,0,0,0,0,103808,104555,0,232,0
723178,1,0,0.000574744,0.0190331,0.138037,0.269786,1,0,,0,0,0,0,0,0,0,0,103808,104555,0,232,0
723278,1,0,0.000402321,0.0153069,0.125764,0.25535,1,0,,0,0,0,0,0,0,0,0,103808,104555,0,232,0
723378,1,0,0.000281625,0.0123019,0.114418,0.321162,1,0,,0,0,0,0,0,0,0,0,103808,104555,0,232,0
723478,1,0,0.000197137,0.00988092,0.103964,0.271013,1,0,,0,0,0,0,0,0,0,0,103808,104555,0,232,0
723578,1,0,0.000137996,0.00793233,0.0943608,0.286824,1,0,,0,0,0,0,0,0,0,0,103808,104555,0,232,0
723678,1,0,9.65973e-005,0.00636518,0.0855612,0.265287,1,0,,0,0,0,0,0,0,0,0,103808,104555,0,232,0
723778,1,0,6.76181e-005,0.00510567,0.0775157,0.303351,1,0,,0,0,0,0,0,0,0,0,103808,104555,0,232,0
723878,1,0,4.73327e-005,0.004094,0.0701735,0.285252,1,0,,0,0,0,0,0,0,0,0,103808,104555,0,232,0
723978,1,0,3.31329e-005,0.00328183,0.0634843,0.265177,1,0,,0,0,0,0,0,0,0,0,103808,104555,0,232,0
724078,1,0,2.3193e-005,0.0026301,0.0573989,0.279243,1,0,,0,0,0,0,0,0,0,0,103808,104555,0,232,0
724178,1,0,1.62351e-005,0.00210733,0.0518698,0.273429,1,0,,0,0,0,0,0,0,0,0,103808,104555,0,232,0
724278,1,0,1.13646e-005,0.00168814,0.0468516,0.282504,1,0,,0,0,0,0,0,0,0,0,103808,104555,0,232,0
724378,1,0,7.9552e-006,0.0013521,0.0423016,0.279028,1,0,,0,0,0,0,0,0,0,0,103808,104555,0,232,0
724478,1,0,5.56864e-006,0.00108279,0.0381798,0.279215,1,0,,0,0,0,0,0,0,0,0,103808,104555,0,232,0
724578,1,0,3.89805e-006,0.000867015,0.0344485,0.257015,1,0,,0,0,0,0,0,0,0,0,103808,104555,0,232,0
724678,1,0,2.72863e-006,0.000694157,0.0310731,0.256577,1,0,,0,0,0,0,0,0,0,0,103808,104555,0,232,0
724778,1,0,1.91004e-006,0.000555708,0.0280213,0.313242,1,0,,0,0,0,0,0,0,0,0,103808,104555,0,232,0
724878,1,7,2.1,0.420445,0.0672637,0.282805,1,0,,0,0,0,0,0,0,0,0,103808,104555,0,232,0
724978,1,0,1.47,0.630356,0.123573,0.252114,1,0,,0,0,0,0,0,0,0,0,103808,104555,0,232,0
725078,1,0,1.029,0.710085,0.182224,0.287239,1,0,,0,0,0,0,0,0,0,0,103808,104555,0,232,0
725178,1,0,0.7203,0.712128,0.235215,0.299237,1,0,,0,0,0,0,0,0,0,0,103808,104555,0,232,0
725278,1,0,0.50421,0.670545,0.278748,0.298974,1,0,,0,0,0,0,0,0,0,0,103808,104555,0,232,0
725378,1,0,0.352947,0.607025,0.311575,0.283723,1,0,,0,0,0,0,0,0,0,0,103808,104555,0,232,0
725478,1,0,0.247063,0.535033,0.333921,0.284573,1,0,,0,0,0,0,0,0,0,0,103808,104555,0,232,0
725578,1,0,0.172944,0.462615,0.34679,0.307045,1,0,,0,0,0,0,0,0,0,0,103808,104555,0,232,0
725678,1,0,0.121061,0.394304,0.351542,0.284596,1,0,,0,0,0,0,0,0,0,0,103808,104555,0,232,0
725778,1,0,0.0847426,0.332392,0.349627,0.288295,1,0,,0,0,0,0,0,0,0,0,103808,104555,0,232,0
725878,1,0,0.0593198,0.277777,0.342442,0.257194,1,0,,0,0,0,0,0,0,0,0,103808,104555,0,232,0
725978,1,0,0.0415239,0.230527,0.33125,0.30827,1,0,,0,0,0,0,0,0,0,0,103808,104555,0,232,0
726078,1,0,0.0290667,0.190235,0.317149,0.268607,1,0,,0,0,0,0,0,0,0,0,103808,104555,0,232,0
726178,1,0,0.0203467,0.156257,0.30106,0.291331,1,0,,0,0,0,0,0,0,0,0,103808,104555,0,232,0
726278,1,0,0.0142427,0.127854,0.283739,0.287466,1,0,,0,0,0,0,0,0,0,0,103808,104555,0,232,0
726378,1,0,0.00996988,0.104277,0.265793,0.29124,1,0,,0,0,0,0,0,0,0,0,103808,104555,0,232,0
726478,1,0,0.00697892,0.0848177,0.247695,0.280966,1,0,,0,0,0,0,0,0,0,0,103808,104555,0,232,0
726578,1,0,0.00488524,0.0688312,0.229809,0.259528,1,0,,0,0,0,0,0,0,0,0,103808,104555,0,232,0
726678,1,0,0.00341967,0.0557489,0.212403,0.265616,1,0,,0,0,0,0,0,0,0,0,103808,104555,0,232,0
726778,1,0,0.00239377,0.0450779,0.19567,0.294927,1,0,,0,0,0,0,0,0,0,0,103808,104555,0,232,0
726878,1,0,0.00167564,0.0363974,0.179743,0.299528,1,0,,0,0,0,0,0,0,0,0,103808,104555,0,232,0
726978,1,0,0.00117295,0.0293525,0.164704,0.288365,1,0,,0,0,0,0,0,0,0,0,103808,104555,0,232,0
727078,1,0,0.000821063,0.0236462,0.150598,0.241453,1,0,,0,0,0,0,0,0,0,0,103808,104555,0,232,0
727178,1,0,0.000574744,0.0190319,0.137442,0.269492,1,0,,0,0,0,0,0,0,0,0,103808,104555,0,232,0
727278,1,0,0.000402321,0.015306,0.125228,0.270655,1,0,,0,0,0,0,0,0,0,0,103808,104555,0,232,0
727378,1,0,0.000281625,0.0123011,0.113935,0.278699,1,0,,0,0,0,0,0,0,0,0,103808,104555,0,232,0
727478,1,0,0.000197137,0.00988034,0.10353,0.269562,1,0,,0,0,0,0,0,0,0,0,103808,104555,0,232,0
727578,1,0,0.000137996,0.00793187,0.0939701,0.281926,1,0,,0,0,0,0,0,0,0,0,103808,104555,0,232,0
727678,1,0,9.65972e-005,0.00636481,0.0852095,0.263126,1,0,,0,0,0,0,0,0,0,0,103808,104555,0,232,0
727778,1,0,6.7618e-005,0.00510538,0.0771991,0.293625,1,0,,0,0,0,0,0,0,0,0,103808,104555,0,232,0
727878,1,0,4.73326e-005,0.00409377,0.0698886,0.280225,1,0,,0,0,0,0,0,0,0,0,103808,104555,0,232,0
727978,1,0,3.31328e-005,0.00328164,0.0632279,0.260901,1,0,,0,0,0,0,0,0,0,0,103808,104555,0,232,0
728078,1,0,2.3193e-005,0.00262995,0.0571681,0.306,1,0,,0,0,0,0,0,0,0,0,103808,104555,0,232,0
728178,1,0,1.62351e-005,0.00210721,0.051662,0.265475,1,0,,0,0,0,0,0,0,0,0,103808,104555,0,232,0
728278,1,0,1.13646e-005,0.00168804,0.0466646,0.270111,1,0,,0,0,0,0,0,0,0,0,103808,104555,0,232,0
728378,1,0,7.95519e-006,0.00135202,0.0421334,0.268773,1,0,,0,0,0,0,0,0,0,0,103808,104555,0,232,0
728478,1,0,5.56864e-006,0.00108273,0.0380283,0.26941,1,0,,0,0,0,0,0,0,0,0,103808,104555,0,232,0
728578,1,0,3.89805e-006,0.000866965,0.0343122,0.276886,1,0,,0,0,0,0,0,0,0,0,103808,104555,0,232,0
728678,1,0,2.72863e-006,0.000694118,0.0309504,0.264373,1,0,,0,0,0,0,0,0,0,0,103808,104555,0,232,0
728778,1,7,2.1,0.420556,0.0699109,0.307512,1,0,,0,0,0,0,0,0,0,0,103808,104555,0,232,0
728878,1,0,1.47,0.630445,0.125964,0.271102,1,0,,0,0,0,0,0,0,0,0,103808,104555,0,232,0
728978,1,0,1.029,0.710156,0.184383,0.268467,1,0,,0,0,0,0,0,0,0,0,103808,104555,0,232,0
729078,1,0,0.720301,0.712185,0.237164,0.265704,1,0,,0,0,0,0,0,0,0,0,103808,104555,0,232,0
729178,1,0,0.50421,0.67059,0.280506,0.275961,1,0,,0,0,0,0,0,0,0,0,103808,104555,0,232,0
729278,1,0,0.352947,0.607062,0.313162,0.317211,1,0,,0,0,0,0,0,0,0,0,103808,104555,0,232,0
729378,1,0,0.247063,0.535062,0.335352,0.263861,1,0,,0,0,0,0,0,0,0,0,103808,104555,0,232,0
729478,1,0,0.172944,0.462638,0.34808,0.300611,1,0,,0,0,0,0,0,0,0,0,103808,104555,0,232,0
729578,1,0,0.121061,0.394323,0.352705,0.299738,1,0,,0,0,0,0,0,0,0,0,103808,104555,0,232,0
729678,1,0,0.0847427,0.332407,0.350675,0.274387,1,0,,0,0,0,0,0,0,0,0,103808,104555,0,232,0
729778,1,0,0.0593199,0.277789,0.343386,0.296363,1,0,,0,0,0,0,0,0,0,0,103808,104555,0,232,0
729878,1,0,0.0415239,0.230536,0.332101,0.274751,1,0,,0,0,0,0,0,0,0,0,103808,104555,0,232,0
729978,1,0,0.0290667,0.190242,0.317915,0.266625,1,0,,0,0,0,0,0,0,0,0,103808,104555,0,232,0
730078,1,0,0.0203467,0.156263,0.30175,0.276025,1,0,,0,0,0,0,0,0,0,0,103808,104555,0,232,0
730178,1,0,0.0142427,0.127859,0.284361,0.317986,1,0,,0,0,0,0,0,0,0,0,103808,104555,0,232,0
730278,1,0,0.00996989,0.104281,0.266353,0.298849,1,0,,0,0,0,0,0,0,0,0,103808,104555,0,232,0
730378,1,0,0.00697892,0.0848208,0.2482,0.311598,1,0,,0,0,0,0,0,0,0,0,103808,104555,0,232,0
730478,1,0,0.00488524,0.0688337,0.230263,0.321397,1,0,,0,0,0,0,0,0,0,0,103808,104555,0,232,0
730578,1,0,0.00341967,0.0557509,0.212812,0.281483,1,0,,0,0,0,0,0,0,0,0,103808,104555,0,232,0
730678,1,0,0.00239377,0.0450795,0.196039,0.287858,1,0,,0,0,0,0,0,0,0,0,103808,104555,0,232,0
730778,1,0,0.00167564,0.0363987,0.180075,0.293746,1,0,,0,0,0,0,0,0,0,0,103808,104555,0,232,0
730878,1,0,0.00117295,0.0293536,0.165003,0.276244,1,0,,0,0,0,0,0,0,0,0,103808,104555,0,232,0
730978,1,0,0.000821063,0.0236471,0.150867,0.289008,1,0,,0,0,0,0,0,0,0,0,103808,104555,0,232,0
731078,1,0,0.000574744,0.0190326,0.137684,0.300059,1,0,,0,0,0,0,0,0,0,0,103808,104555,0,232,0
731178,1,0,0.000402321,0.0153065,0.125446,0.281683,1,0,,0,0,0,0,0,0,0,0,103808,104555,0,232,0
731278,1,0,0.000281625,0.0123016,0.114131,0.283481,1,0,,0,0,0,0,0,0,0,0,103808,104555,0,232,0
731378,1,0,0.000197137,0.00988068,0.103706,0.32908,1,0,,0,0,0,0,0,0,0,0,103808,104555,0,232,0
731478,1,0,0.000137996,0.00793214,0.094129,0.297345,1,0,,0,0,0,0,0,0,0,0,103808,104555,0,232,0
731578,1,0,9.65972e-005,0.00636503,0.0853526,0.295134,1,0,,0,0,0,0,0,0,0,0,103808,104555,0,232,0
731678,1,0,6.76181e-005,0.00510555,0.0773279,0.301874,1,0,,0,0,0,0,0,0,0,0,103808,104555,0,232,0
731778,1,0,4.73326e-005,0.00409391,0.0700045,0.280074,1,0,,0,0,0,0,0,0,0,0,103808,104555,0,232,0
731878,1,0,3.31328e-005,0.00328175,0.0633322,0.272261,1,0,,0,0,0,0,0,0,0,0,103808,104555,0,232,0
731978,1,0,2.3193e-005,0.00263004,0.057262,0.290061,1,0,,0,0,0,0,0,0,0,0,103808,104555,0,232,0
732078,1,0,1.62351e-005,0.00210728,0.0517465,0.302047,1,0,,0,0,0,0,0,0,0,0,103808,104555,0,232,0
732178,1,0,1.13646e-005,0.0016881,0.0467407,0.296325,1,0,,0,0,0,0,0,0,0,0,103808,104555,0,232,0
732278,1,0,7.9552e-006,0.00135207,0.0422018,0.252625,1,0,,0,0,0,0,0,0,0,0,103808,104555,0,232,0
732378,1,0,5.56864e-006,0.00108277,0.0380899,0.25515,1,0,,0,0,0,0,0,0,0,0,103808,104555,0,232,0
732478,1,0,3.89805e-006,0.000866994,0.0343676,0.262325,1,0,,0,0,0,0,0,0,0,0,103808,104555,0,232,0
732578,1,0,2.72863e-006,0.000694141,0.0310003,0.258051,1,0,,0,0,0,0,0,0,0,0,103808,104555,0,232,0
732678,1,7,2.1,0.420556,0.0699558,0.290466,1,0,,0,0,0,0,0,0,0,0,103808,104555,0,232,0
732778,1,0,1.47,0.630445,0.126005,0.297546,1,0,,0,0,0,0,0,0,0,0,103808,104555,0,232,0
732878,1,0,1.029,0.710156,0.18442,0.277882,1,0,,0,0,0,0,0,0,0,0,103808,104555,0,232,0
732978,1,0,0.720301,0.712185,0.237196,0.287206,1,0,,0,0,0,0,0,0,0,0,103808,104555,0,232,0
733078,1,0,0.50421,0.67059,0.280536,0.318256,1,0,,0,0,0,0,0,0,0,0,103808,104555,0,232,0
733178,1,0,0.352947,0.607062,0.313188,0.264206,1,0,,0,0,0,0,0,0,0,0,103808,104555,0,232,0
733278,1,0,0.247063,0.535062,0.335376,0.31498,1,0,,0,0,0,0,0,0,0,0,103808,104555,0,232,0
733378,1,0,0.172944,0.462638,0.348102,0.291057,1,0,,0,0,0,0,0,0,0,0,103808,104555,0,232,0
733478,1,0,0.121061,0.394323,0.352724,0.273379,1,0,,0,0,0,0,0,0,0,0,103808,104555,0,232,0
733578,1,0,0.0847427,0.332407,0.350692,0.297992,1,0,,0,0,0,0,0,0,0,0,103808,104555,0,232,0
733678,1,0,0.0593199,0.277789,0.343402,0.31164,1,0,,0,0,0,0,0,0,0,0,103808,104555,0,232,0
733778,1,0,0.0415239,0.230536,0.332115,0.312067,1,0,,0,0,0,0,0,0,0,0,103808,104555,0,232,0
733878,1,0,0.0290667,0.190242,0.317928,0.270304,1,0,,0,0,0,0,0,0,0,0,103808,104555,0,232,0
733978,1,0,0.0203467,0.156263,0.301762,0.266629,1,0,,0,0,0,0,0,0,0,0,103808,104555,0,232,0
734078,1,0,0.0142427,0.127859,0.284371,0.266541,1,0,,0,0,0,0,0,0,0,0,103808,104555,0,232,0
734178,1,0,0.00996989,0.104281,0.266362,0.30639,1,0,,0,0,0,0,0,0,0,0,103808,104555,0,232,0
734278,1,0,0.00697892,0.0848208,0.248208,0.267314,1,0,,0,0,0,0,0,0,0,0,103808,104555,0,232,0
734378,1,0,0.00488524,0.0688337,0.230271,0.243349,1,0,,0,0,0,0,0,0,0,0,103808,104555,0,232,0
734478,1,0,0.00341967,0.0557509,0.212819,0.282986,1,0,,0,0,0,0,0,0,0,0,103808,104555,0,232,0
734578,1,0,0.00239377,0.0450795,0.196045,0.294666,1,0,,0,0,0,0,0,0,0,0,103808,104555,0,232,0
734678,1,0,0.00167564,0.0363987,0.18008,0.29354,1,0,,0,0,0,0,0,0,0,0,103808,104555,0,232,0
734778,1,0,0.00117295,0.0293536,0.165008,0.275452,1,0,,0,0,0,0,0,0,0,0,103808,104555,0,232,0
734878,1,0,0.000821063,0.0236471,0.150872,0.274303,1,0,,0,0,0,0,0,0,0,0,103808,104555,0,232,0
734978,1,0,0.000574744,0.0190326,0.137688,0.274565,1,0,,0,0,0,0,0,0,0,0,103808,104555,0,232,0
735078,1,0,0.000402321,0.0153065,0.12545,0.278116,1,0,,0,0,0,0,0,0,0,0,103808,104555,0,232,0
735178,1,0,0.000281625,0.0123016,0.114135,0.293493,1,0,,0,0,0,0,0,0,0,0,103808,104555,0,232,0
735278,1,0,0.000197137,0.00988068,0.103709,0.30628,1,0,,0,0,0,0,0,0,0,0,103808,104555,0,232,0
735378,1,0,0.000137996,0.00793214,0.0941316,0.272442,1,0,,0,0,0,0,0,0,0,0,103808,104555,0,232,0
735478,1,0,9.65972e-005,0.00636503,0.0853549,0.277416,1,0,,0,0,0,0,0,0,0,0,103808,104555,0,232,0
735578,1,0,6.76181e-005,0.00510555,0.07733,0.274454,1,0,,0,0,0,0,0,0,0,0,103808,104555,0,232,0
735678,1,0,4.73326e-005,0.00409391,0.0700064,0.289153,1,0,,0,0,0,0,0,0,0,0,103808,104555,0,232,0
735778,1,0,3.31328e-005,0.00328175,0.0633339,0.260778,1,0,,0,0,0,0,0,0,0,0,103808,104555,0,232,0
735878,1,0,2.3193e-005,0.00263004,0.0572635,0.284503,1,0,,0,0,0,0,0,0,0,0,103808,104555,0,232,0
735978,1,0,1.62351e-005,0.00210728,0.0517479,0.279315,1,0,,0,0,0,0,0,0,0,0,103808,104555,0,232,0
736078,1,0,1.13646e-005,0.0016881,0.0467419,0.292878,1,0,,0,0,0,0,0,0,0,0,103808,104555,0,232,0
736178,1,0,7.9552e-006,0.00135207,0.0422029,0.303391,1,0,,0,0,0,0,0,0,0,0,103808,104555,0,232,0
736278,1,0,5.56864e-006,0.00108277,0.0380909,0.290402,1,0,,0,0,0,0,0,0,0,0,103808,104555,0,232,0
736378,1,0,3.89805e-006,0.000866994,0.0343685,0.309033,1,0,,0,0,0,0,0,0,0,0,103808,104555,0,232,0
736478,1,0,2.72863e-006,0.000694141,0.0310011,0.295818,1,0,,0,0,0,0,0,0,0,0,103808,104555,0,232,0
736578,1,0,1.91004e-006,0.000555695,0.0279565,0.34202,1,0,,0,0,0,0,0,0,0,0,103808,104555,0,232,0
736678,1,7,2.1,0.420445,0.0672054,0.325055,1,0,,0,0,0,0,0,0,0,0,103808,104555,0,232,0
736778,1,0,1.47,0.630356,0.12352,0.290342,1,0,,0,0,0,0,0,0,0,0,103808,104555,0,232,0
736878,1,0,1.029,0.710085,0.182177,0.282606,1,0,,0,0,0,0,0,0,0,0,103808,104555,0,232,0
736978,1,0,0.7203,0.712128,0.235172,0.275469,1,0,,0,0,0,0,0,0,0,0,103808,104555,0,232,0
737078,1,0,0.50421,0.670545,0.278709,0.26323,1,0,,0,0,0,0,0,0,0,0,103808,104555,0,232,0
737178,1,0,0.352947,0.607025,0.311541,0.264006,1,0,,0,0,0,0,0,0,0,0,103808,104555,0,232,0
737278,1,0,0.247063,0.535033,0.33389,0.29367,1,0,,0,0,0,0,0,0,0,0,103808,104555,0,232,0
737378,1,0,0.172944,0.462615,0.346763,0.268232,1,0,,0,0,0,0,0,0,0,0,103808,104555,0,232,0
737478,1,0,0.121061,0.394304,0.351517,0.265432,1,0,,0,0,0,0,0,0,0,0,103808,104555,0,232,0
737578,1,0,0.0847426,0.332392,0.349604,0.279246,1,0,,0,0,0,0,0,0,0,0,103808,104555,0,232,0
737678,1,0,0.0593198,0.277777,0.342422,0.277335,1,0,,0,0,0,0,0,0,0,0,103808,104555,0,232,0
737778,1,0,0.0415239,0.230527,0.331232,0.306897,1,0,,0,0,0,0,0,0,0,0,103808,104555,0,232,0
737878,1,0,0.0290667,0.190235,0.317132,0.300823,1,0,,0,0,0,0,0,0,0,0,103808,104555,0,232,0
737978,1,0,0.0203467,0.156257,0.301045,0.289022,1,0,,0,0,0,0,0,0,0,0,103808,104555,0,232,0
738078,1,0,0.0142427,0.127854,0.283726,0.281072,1,0,,0,0,0,0,0,0,0,0,103808,104555,0,232,0
738178,1,0,0.00996988,0.104277,0.265781,0.278638,1,0,,0,0,0,0,0,0,0,0,103808,104555,0,232,0
738278,1,0,0.00697892,0.0848177,0.247685,0.296277,1,0,,0,0,0,0,0,0,0,0,103808,104555,0,232,0
738378,1,0,0.00488524,0.0688312,0.229799,0.272903,1,0,,0,0,0,0,0,0,0,0,103808,104555,0,232,0
738478,1,0,0.00341967,0.0557489,0.212394,0.268804,1,0,,0,0,0,0,0,0,0,0,103808,104555,0,232,0
738578,1,0,0.00239377,0.0450779,0.195663,0.277053,1,0,,0,0,0,0,0,0,0,0,103808,104555,0,232,0
738678,1,0,0.00167564,0.0363974,0.179736,0.268152,1,0,,0,0,0,0,0,0,0,0,103808,104555,0,232,0
738778,1,0,0.00117295,0.0293525,0.164698,0.263987,1,0,,0,0,0,0,0,0,0,0,103808,104555,0,232,0
738878,1,0,0.000821063,0.0236462,0.150593,0.266186,1,0,,0,0,0,0,0,0,0,0,103808,104555,0,232,0
738978,1,0,0.000574744,0.0190319,0.137436,0.261363,1,0,,0,0,0,0,0,0,0,0,103808,104555,0,232,0
739078,1,0,0.000402321,0.015306,0.125223,0.335374,1,0,,0,0,0,0,0,0,0,0,103808,104555,0,232,0
739178,1,0,0.000281625,0.0123011,0.113931,0.262887,1,0,,0,0,0,0,0,0,0,0,103808,104555,0,232,0
739278,1,0,0.000197137,0.00988034,0.103526,0.268014,1,0,,0,0,0,0,0,0,0,0,103808,104555,0,232,0
739378,1,0,0.000137996,0.00793187,0.0939667,0.276537,1,0,,0,0,0,0,0,0,0,0,103808,104555,0,232,0
739478,1,0,9.65972e-005,0.00636481,0.0852065,0.272234,1,0,,0,0,0,0,0,0,0,0,103808,104555,0,232,0
739578,1,0,6.7618e-005,0.00510538,0.0771964,0.284671,1,0,,0,0,0,0,0,0,0,0,103808,104555,0,232,0
739678,1,0,4.73326e-005,0.00409377,0.0698861,0.261421,1,0,,0,0,0,0,0,0,0,0,103808,104555,0,232,0
739778,1,0,3.31328e-005,0.00328164,0.0632256,0.29512,1,0,,0,0,0,0,0,0,0,0,103808,104555,0,232,0
739878,1,0,2.3193e-005,0.00262995,0.0571661,0.266908,1,0,,0,0,0,0,0,0,0,0,103808,104555,0,232,0
739978,1,0,1.62351e-005,0.00210721,0.0516602,0.272985,1,0,,0,0,0,0,0,0,0,0,103808,104555,0,232,0
740078,1,0,1.13646e-005,0.00168804,0.046663,0.302648,1,0,,0,0,0,0,0,0,0,0,103808,104555,0,232,0
740178,1,0,7.95519e-006,0.00135202,0.0421319,0.283998,1,0,,0,0,0,0,0,0,0,0,103808,104555,0,232,0
740278,1,0,5.56864e-006,0.00108273,0.038027,0.270047,1,0,,0,0,0,0,0,0,0,0,103808,104555,0,232,0
740378,1,0,3.89805e-006,0.000866965,0.034311,0.306846,1,0,,0,0,0,0,0,0,0,0,103808,104555,0,232,0
740478,1,0,2.72863e-006,0.000694118,0.0309493,0.286722,1,0,,0,0,0,0,0,0,0,0,103808,104555,0,232,0
740578,1,7,2.1,0.420556,0.0699099,0.294717,1,0,,0,0,0,0,0,0,0,0,103808,104555,0,232,0
740678,1,0,1.47,0.630445,0.125963,0.267819,1,0,,0,0,0,0,0,0,0,0,103808,104555,0,232,0
740778,1,0,1.029,0.710156,0.184383,0.263294,1,0,,0,0,0,0,0,0,0,0,103808,104555,0,232,0
740878,1,0,0.720301,0.712185,0.237163,0.308166,1,0,,0,0,0,0,0,0,0,0,103808,104555,0,232,0
740978,1,0,0.50421,0.67059,0.280506,0.28944,1,0,,0,0,0,0,0,0,0,0,103808,104555,0,232,0
741078,1,0,0.352947,0.607062,0.313161,0.262039,1,0,,0,0,0,0,0,0,0,0,103808,104555,0,232,0
741178,1,0,0.247063,0.535062,0.335351,0.280013,1,0,,0,0,0,0,0,0,0,0,103808,104555,0,232,0
741278,1,0,0.172944,0.462638,0.34808,0.27409,1,0,,0,0,0,0,0,0,0,0,103808,104555,0,232,0
741378,1,0,0.121061,0.394323,0.352704,0.284701,1,0,,0,0,0,0,0,0,0,0,103808,104555,0,232,0
741478,1,0,0.0847427,0.332407,0.350675,0.271978,1,0,,0,0,0,0,0,0,0,0,103808,104555,0,232,0
741578,1,0,0.0593199,0.277789,0.343386,0.256915,1,0,,0,0,0,0,0,0,0,0,103808,104555,0,232,0
741678,1,0,0.0415239,0.230536,0.332101,0.264178,1,0,,0,0,0,0,0,0,0,0,103808,104555,0,232,0
741778,1,0,0.0290667,0.190242,0.317915,0.288467,1,0,,0,0,0,0,0,0,0,0,103808,104555,0,232,0
741878,1,0,0.0203467,0.156263,0.30175,0.270156,1,0,,0,0,0,0,0,0,0,0,103808,104555,0,232,0
741978,1,0,0.0142427,0.127859,0.284361,0.292894,1,0,,0,0,0,0,0,0,0,0,103808,104555,0,232,0
742078,1,0,0.00996989,0.104281,0.266353,0.301757,1,0,,0,0,0,0,0,0,0,0,103808,104555,0,232,0
742178,1,0,0.00697892,0.0848208,0.2482,0.275457,1,0,,0,0,0,0,0,0,0,0,103808,104555,0,232,0
742278,1,0,0.00488524,0.0688337,0.230263,0.286008,1,0,,0,0,0,0,0,0,0,0,103808,104555,0,232,0
742378,1,0,0.00341967,0.0557509,0.212812,0.29897,1,0,,0,0,0,0,0,0,0,0,103808,104555,0,232,0
742478,1,0,0.00239377,0.0450795,0.196039,0.309572,1,0,,0,0,0,0,0,0,0,0,103808,104555,0,232,0
742578,1,0,0.00167564,0.0363987,0.180075,0.270758,1,0,,0,0,0,0,0,0,0,0,103808,104555,0,232,0
742678,1,0,0.00117295,0.0293536,0.165003,0.304983,1,0,,0,0,0,0,0,0,0,0,103808,104555,0,232,0
742778,1,0,0.000821063,0.0236471,0.150867,0.287645,1,0,,0,0,0,0,0,0,0,0,103808,104555,0,232,0
742878,1,0,0.000574744,0.0190326,0.137684,0.267733,1,0,,0,0,0,0,0,0,0,0,103808,104555,0,232,0
742978,1,0,0.000402321,0.0153065,0.125446,0.308107,1,0,,0,0,0,0,0,0,0,0,103808,104555,0,232,0
743078,1,0,0.000281625,0.0123016,0.114131,0.271608,1,0,,0,0,0,0,0,0,0,0,103808,104555,0,232,0
743178,1,0,0.000197137,0.00988068,0.103706,0.286159,1,0,,0,0,0,0,0,0,0,0,103808,104555,0,232,0
743278,1,0,0.000137996,0.00793214,0.0941289,0.308921,1,0,,0,0,0,0,0,0,0,0,103808,104555,0,232,0
743378,1,0,9.65972e-005,0.00636503,0.0853525,0.337407,1,0,,0,0,0,0,0,0,0,0,103808,104555,0,232,0
743478,1,0,6.76181e-005,0.00510555,0.0773278,0.255583,1,0,,0,0,0,0,0,0,0,0,103808,104555,0,232,0
743578,1,0,4.73326e-005,0.00409391,0.0700044,0.278754,1,0,,0,0,0,0,0,0,0,0,103808,104555,0,232,0
743678,1,0,3.31328e-005,0.00328175,0.0633322,0.305017,1,0,,0,0,0,0,0,0,0,0,103808,104555,0,232,0
743778,1,0,2.3193e-005,0.00263004,0.057262,0.265418,1,0,,0,0,0,0,0,0,0,0,103808,104555,0,232,0
743878,1,0,1.62351e-005,0.00210728,0.0517465,0.277542,1,0,,0,0,0,0,0,0,0,0,103808,104555,0,232,0
743978,1,0,1.13646e-005,0.0016881,0.0467406,0.280543,1,0,,0,0,0,0,0,0,0,0,103808,104555,0,232,0
744078,1,0,7.9552e-006,0.00135207,0.0422018,0.266003,1,0,,0,0,0,0,0,0,0,0,103808,104555,0,232,0
744178,1,0,5.56864e-006,0.00108277,0.0380899,0.258868,1,0,,0,0,0,0,0,0,0,0,103808,104555,0,232,0
744278,1,0,3.89805e-006,0.000866994,0.0343676,0.280868,1,0,,0,0,0,0,0,0,0,0,103808,104555,0,232,0
744378,1,0,2.72863e-006,0.000694141,0.0310002,0.276855,1,0,,0,0,0,0,0,0,0,0,103808,104555,0,232,0
744478,1,0,1.91004e-006,0.000555695,0.0279558,0.252745,1,0,,0,0,0,0,0,0,0,0,103808,104555,0,232,0
744578,1,7,2.1,0.420445,0.0672047,0.278918,1,0,,0,0,0,0,0,0,0,0,103808,104555,0,232,0
744678,1,0,1.47,0.630356,0.12352,0.282993,1,0,,0,0,0,0,0,0,0,0,103808,104555,0,232,0
744778,1,0,1.029,0.710085,0.182176,0.268327,1,0,,0,0,0,0,0,0,0,0,103808,104555,0,232,0
744878,1,0,0.7203,0.712128,0.235172,0.299515,1,0,,0,0,0,0,0,0,0,0,103808,104555,0,232,0
744978,1,0,0.50421,0.670545,0.278709,0.29129,1,0,,0,0,0,0,0,0,0,0,103808,104555,0,232,0
745078,1,0,0.352947,0.607025,0.31154,0.309229,1,0,,0,0,0,0,0,0,0,0,103808,104555,0,232,0
745178,1,0,0.247063,0.535033,0.33389,0.273516,1,0,,0,0,0,0,0,0,0,0,103808,104555,0,232,0
745278,1,0,0.172944,0.462615,0.346762,0.25979,1,0,,0,0,0,0,0,0,0,0,103808,104555,0,232,0
745378,1,0,0.121061,0.394304,0.351516,0.29125,1,0,,0,0,0,0,0,0,0,0,103808,104555,0,232,0
745478,1,0,0.0847426,0.332392,0.349604,0.274512,1,0,,0,0,0,0,0,0,0,0,103808,104555,0,232,0
745578,1,0,0.0593198,0.277777,0.342421,0.288339,1,0,,0,0,0,0,0,0,0,0,103808,104555,0,232,0
745678,1,0,0.0415239,0.230527,0.331232,0.297389,1,0,,0,0,0,0,0,0,0,0,103808,104555,0,232,0
745778,1,0,0.0290667,0.190235,0.317132,0.314687,1,0,,0,0,0,0,0,0,0,0,103808,104555,0,232,0
745878,1,0,0.0203467,0.156257,0.301045,0.277287,1,0,,0,0,0,0,0,0,0,0,103808,104555,0,232,0
745978,1,0,0.0142427,0.127854,0.283726,0.262287,1,0,,0,0,0,0,0,0,0,0,103808,104555,0,232,0
746078,1,0,0.00996988,0.104277,0.265781,0.278124,1,0,,0,0,0,0,0,0,0,0,103808,104555,0,232,0
746178,1,0,0.00697892,0.0848177,0.247684,0.258674,1,0,,0,0,0,0,0,0,0,0,103808,104555,0,232,0
746278,1,0,0.00488524,0.0688312,0.229799,0.253659,1,0,,0,0,0,0,0,0,0,0,103808,104555,0,232,0
746378,1,0,0.00341967,0.0557489,0.212394,0.268072,1,0,,0,0,0,0,0,0,0,0,103808,104555,0,232,0
746478,1,0,0.00239377,0.0450779,0.195662,0.272759,1,0,,0,0,0,0,0,0,0,0,103808,104555,0,232,0
746578,1,0,0.00167564,0.0363974,0.179736,0.279609,1,0,,0,0,0,0,0,0,0,0,103808,104555,0,232,0
746678,1,0,0.00117295,0.0293525,0.164698,0.277471,1,0,,0,0,0,0,0,0,0,0,103808,104555,0,232,0
746778,1,0,0.000821063,0.0236462,0.150592,0.287997,1,0,,0,0,0,0,0,0,0,0,103808,104555,0,232,0
746878,1,0,0.000574744,0.0190319,0.137436,0.300872,1,0,,0,0,0,0,0,0,0,0,103808,104555,0,232,0
746978,1,0,0.000402321,0.015306,0.125223,0.267086,1,0,,0,0,0,0,0,0,0,0,103808,104555,0,232,0
747078,1,0,0.000281625,0.0123011,0.113931,0.282277,1,0,,0,0,0,0,0,0,0,0,103808,104555,0,232,0
747178,1,0,0.000197137,0.00988034,0.103526,0.262191,1,0,,0,0,0,0,0,0,0,0,103808,104555,0,232,0
747278,1,0,0.000137996,0.00793187,0.0939666,0.299955,1,0,,0,0,0,0,0,0,0,0,103808,104555,0,232,0
747378,1,0,9.65972e-005,0.00636481,0.0852065,0.285729,1,0,,0,0,0,0,0,0,0,0,103808,104555,0,232,0
747478,1,0,6.7618e-005,0.00510538,0.0771963,0.299716,1,0,,0,0,0,0,0,0,0,0,103808,104555,0,232,0
747578,1,0,4.73326e-005,0.00409377,0.0698861,0.295568,1,0,,0,0,0,0,0,0,0,0,103808,104555,0,232,0
747678,1,0,3.31328e-005,0.00328164,0.0632256,0.273119,1,0,,0,0,0,0,0,0,0,0,103808,104555,0,232,0
747778,1,0,2.3193e-005,0.00262995,0.0571661,0.257971,1,0,,0,0,0,0,0,0,0,0,103808,104555,0,232,0
747878,1,0,1.62351e-005,0.00210721,0.0516602,0.271357,1,0,,0,0,0,0,0,0,0,0,103808,104555,0,232,0
747978,1,0,1.13646e-005,0.00168804,0.046663,0.282833,1,0,,0,0,0,0,0,0,0,0,103808,104555,0,232,0
748078,1,0,7.95519e-006,0.00135202,0.0421319,0.315119,1,0,,0,0,0,0,0,0,0,0,103808,104555,0,232,0
748178,1,0,5.56864e-006,0.00108273,0.038027,0.327956,1,0,,0,0,0,0,0,0,0,0,103808,104555,0,232,0
748278,1,0,3.89805e-006,0.000866965,0.034311,0.289957,1,0,,0,0,0,0,0,0,0,0,103808,104555,0,232,0
748378,1,0,2.72863e-006,0.000694118,0.0309493,0.297382,1,0,,0,0,0,0,0,0,0,0,103808,104555,0,232,0
748478,1,8,2.4,0.480556,0.0759099,0.272416,1,0,,0,0,0,0,0,0,0,0,103808,104555,0,232,0
748578,1,0,1.68,0.720445,0.140363,0.273467,1,0,,0,0,0,0,0,0,0,0,103808,104555,0,232,0
748678,1,0,1.176,0.811556,0.207483,0.249742,1,0,,0,0,0,0,0,0,0,0,103808,104555,0,232,0
748778,1,0,0.823201,0.813885,0.268123,0.260618,1,0,,0,0,0,0,0,0,0,0,103808,104555,0,232,0
748878,1,0,0.57624,0.766356,0.317946,0.295367,1,0,,0,0,0,0,0,0,0,0,103808,104555,0,232,0
748978,1,0,0.403368,0.693759,0.355527,0.27799,1,0,,0,0,0,0,0,0,0,0,103808,104555,0,232,0
749078,1,0,0.282358,0.611478,0.381123,0.278254,1,0,,0,0,0,0,0,0,0,0,103808,104555,0,232,0
749178,1,0,0.19765,0.528713,0.395882,0.290229,1,0,,0,0,0,0,0,0,0,0,103808,104555,0,232,0
749278,1,0,0.138355,0.450641,0.401358,0.265066,1,0,,0,0,0,0,0,0,0,0,103808,104555,0,232,0
749378,1,0,0.0968487,0.379883,0.39921,0.258917,1,0,,0,0,0,0,0,0,0,0,103808,104555,0,232,0
749478,1,0,0.0677941,0.317465,0.391036,0.299505,1,0,,0,0,0,0,0,0,0,0,103808,104555,0,232,0
749578,1,0,0.0474559,0.263463,0.378278,0.313754,1,0,,0,0,0,0,0,0,0,0,103808,104555,0,232,0
749678,1,0,0.0332191,0.217414,0.362192,0.279391,1,0,,0,0,0,0,0,0,0,0,103808,104555,0,232,0
749778,1,0,0.0232534,0.178582,0.343831,0.276842,1,0,,0,0,0,0,0,0,0,0,103808,104555,0,232,0
749878,1,0,0.0162774,0.146121,0.32406,0.260742,1,0,,0,0,0,0,0,0,0,0,103808,104555,0,232,0
749978,1,0,0.0113942,0.119176,0.303572,0.276903,1,0,,0,0,0,0,0,0,0,0,103808,104555,0,232,0
750078,1,0,0.00797591,0.0969359,0.282908,0.272429,1,0,,0,0,0,0,0,0,0,0,103808,104555,0,232,0
750178,1,0,0.00558313,0.0786653,0.262484,0.28615,1,0,,0,0,0,0,0,0,0,0,103808,104555,0,232,0
750278,1,0,0.00390819,0.0637139,0.242607,0.246889,1,0,,0,0,0,0,0,0,0,0,103808,104555,0,232,0
750378,1,0,0.00273574,0.0515183,0.223498,0.264502,1,0,,0,0,0,0,0,0,0,0,103808,104555,0,232,0
750478,1,0,0.00191502,0.0415976,0.205308,0.286065,1,0,,0,0,0,0,0,0,0,0,103808,104555,0,232,0
750578,1,0,0.00134051,0.0335462,0.188132,0.258677,1,0,,0,0,0,0,0,0,0,0,103808,104555,0,232,0
750678,1,0,0.000938357,0.0270246,0.172021,0.27544,1,0,,0,0,0,0,0,0,0,0,103808,104555,0,232,0
750778,1,0,0.00065685,0.0217511,0.156994,0.280556,1,0,,0,0,0,0,0,0,0,0,103808,104555,0,232,0
750878,1,0,0.000459795,0.0174928,0.143044,0.320182,1,0,,0,0,0,0,0,0,0,0,103808,104555,0,232,0
750978,1,0,0.000321857,0.0140586,0.130145,0.290396,1,0,,0,0,0,0,0,0,0,0,103808,104555,0,232,0
751078,1,0,0.0002253,0.011292,0.11826,0.244832,1,0,,0,0,0,0,0,0,0,0,103808,104555,0,232,0
751178,1,0,0.00015771,0.00906511,0.10734,0.275069,1,0,,0,0,0,0,0,0,0,0,103808,104555,0,232,0
751278,1,0,0.000110397,0.00727417,0.0973339,0.300256,1,0,,0,0,0,0,0,0,0,0,103808,104555,0,232,0
751378,1,0,7.72778e-005,0.00583479,0.088184,0.301741,1,0,,0,0,0,0,0,0,0,0,103808,104555,0,232,0
751478,1,0,5.40944e-005,0.00467865,0.0798334,0.258741,1,0,,0,0,0,0,0,0,0,0,103808,104555,0,232,0
751578,1,0,3.78661e-005,0.00375049,0.0722251,0.328668,1,0,,0,0,0,0,0,0,0,0,103808,104555,0,232,0
751678,1,0,2.65063e-005,0.0030057,0.0653032,0.264442,1,0,,0,0,0,0,0,0,0,0,103808,104555,0,232,0
751778,1,0,1.85544e-005,0.00240827,0.0590137,0.319518,1,0,,0,0,0,0,0,0,0,0,103808,104555,0,232,0
751878,1,0,1.29881e-005,0.00192921,0.0533052,0.277544,1,0,,0,0,0,0,0,0,0,0,103808,104555,0,232,0
751978,1,0,9.09165e-006,0.00154519,0.0481292,0.296644,1,0,,0,0,0,0,0,0,0,0,103808,104555,0,232,0
752078,1,0,6.36416e-006,0.00123742,0.0434401,0.298606,1,0,,0,0,0,0,0,0,0,0,103808,104555,0,232,0
752178,1,0,4.45491e-006,0.00099083,0.0391951,0.298543,1,0,,0,0,0,0,0,0,0,0,103808,104555,0,232,0
752278,1,0,3.11844e-006,0.000793288,0.0353549,0.311794,1,0,,0,0,0,0,0,0,0,0,103808,104555,0,232,0
752378,1,0,2.18291e-006,0.000635067,0.031883,0.289094,1,0,,0,0,0,0,0,0,0,0,103808,104555,0,232,0
752478,1,7,2.1,0.420508,0.0707455,0.285456,1,0,,0,0,0,0,0,0,0,0,103808,104555,0,232,0
752578,1,0,1.47,0.630407,0.126712,0.293899,1,0,,0,0,0,0,0,0,0,0,103808,104555,0,232,0
752678,1,0,1.029,0.710126,0.185053,0.269199,1,0,,0,0,0,0,0,0,0,0,103808,104555,0,232,0
752778,1,0,0.7203,0.712161,0.237764,0.277111,1,0,,0,0,0,0,0,0,0,0,103808,104555,0,232,0
752878,1,0,0.50421,0.670571,0.281045,0.289011,1,0,,0,0,0,0,0,0,0,0,103808,104555,0,232,0
752978,1,0,0.352947,0.607046,0.313645,0.285763,1,0,,0,0,0,0,0,0,0,0,103808,104555,0,232,0
753078,1,0,0.247063,0.535049,0.335785,0.270236,1,0,,0,0,0,0,0,0,0,0,103808,104555,0,232,0
753178,1,0,0.172944,0.462628,0.348469,0.283038,1,0,,0,0,0,0,0,0,0,0,103808,104555,0,232,0
753278,1,0,0.121061,0.394315,0.353054,0.288698,1,0,,0,0,0,0,0,0,0,0,103808,104555,0,232,0
753378,1,0,0.0847426,0.3324,0.350989,0.286647,1,0,,0,0,0,0,0,0,0,0,103808,104555,0,232,0
753478,1,0,0.0593198,0.277784,0.343668,0.279772,1,0,,0,0,0,0,0,0,0,0,103808,104555,0,232,0
753578,1,0,0.0415239,0.230532,0.332355,0.279872,1,0,,0,0,0,0,0,0,0,0,103808,104555,0,232,0
753678,1,0,0.0290667,0.190239,0.318143,0.289908,1,0,,0,0,0,0,0,0,0,0,103808,104555,0,232,0
753778,1,0,0.0203467,0.156261,0.301955,0.28052,1,0,,0,0,0,0,0,0,0,0,103808,104555,0,232,0
753878,1,0,0.0142427,0.127857,0.284545,0.269531,1,0,,0,0,0,0,0,0,0,0,103808,104555,0,232,0
753978,1,0,0.00996988,0.10428,0.266518,0.282468,1,0,,0,0,0,0,0,0,0,0,103808,104555,0,232,0
754078,1,0,0.00697892,0.0848195,0.248349,0.294219,1,0,,0,0,0,0,0,0,0,0,103808,104555,0,232,0
754178,1,0,0.00488524,0.0688326,0.230397,0.288433,1,0,,0,0,0,0,0,0,0,0,103808,104555,0,232,0
754278,1,0,0.00341967,0.05575,0.212932,0.303707,1,0,,0,0,0,0,0,0,0,0,103808,104555,0,232,0
754378,1,0,0.00239377,0.0450788,0.196147,0.269084,1,0,,0,0,0,0,0,0,0,0,103808,104555,0,232,0
754478,1,0,0.00167564,0.0363982,0.180172,0.325784,1,0,,0,0,0,0,0,0,0,0,103808,104555,0,232,0
754578,1,0,0.00117295,0.0293531,0.16509,0.272421,1,0,,0,0,0,0,0,0,0,0,103808,104555,0,232,0
754678,1,0,0.000821063,0.0236467,0.150946,0.275172,1,0,,0,0,0,0,0,0,0,0,103808,104555,0,232,0
754778,1,0,0.000574744,0.0190323,0.137754,0.307121,1,0,,0,0,0,0,0,0,0,0,103808,104555,0,232,0
754878,1,0,0.000402321,0.0153063,0.12551,0.255196,1,0,,0,0,0,0,0,0,0,0,103808,104555,0,232,0
754978,1,0,0.000281625,0.0123014,0.114189,0.29902,1,0,,0,0,0,0,0,0,0,0,103808,104555,0,232,0
755078,1,0,0.000197137,0.00988053,0.103758,0.267457,1,0,,0,0,0,0,0,0,0,0,103808,104555,0,232,0
755178,1,0,0.000137996,0.00793202,0.0941754,0.273457,1,0,,0,0,0,0,0,0,0,0,103808,104555,0,232,0
755278,1,0,9.65972e-005,0.00636494,0.0853943,0.277157,1,0,,0,0,0,0,0,0,0,0,103808,104555,0,232,0
755378,1,0,6.7618e-005,0.00510547,0.0773654,0.289344,1,0,,0,0,0,0,0,0,0,0,103808,104555,0,232,0
755478,1,0,4.73326e-005,0.00409385,0.0700383,0.300369,1,0,,0,0,0,0,0,0,0,0,103808,104555,0,232,0
755578,1,0,3.31328e-005,0.0032817,0.0633626,0.274304,1,0,,0,0,0,0,0,0,0,0,103808,104555,0,232,0
755678,1,0,2.3193e-005,0.00263,0.0572894,0.258993,1,0,,0,0,0,0,0,0,0,0,103808,104555,0,232,0
755778,1,0,1.62351e-005,0.00210725,0.0517711,0.290781,1,0,,0,0,0,0,0,0,0,0,103808,104555,0,232,0
755878,1,0,1.13646e-005,0.00168807,0.0467628,0.271079,1,0,,0,0,0,0,0,0,0,0,103808,104555,0,232,0
755978,1,0,7.95519e-006,0.00135205,0.0422218,0.301642,1,0,,0,0,0,0,0,0,0,0,103808,104555,0,232,0
756078,1,0,5.56864e-006,0.00108275,0.0381079,0.245605,1,0,,0,0,0,0,0,0,0,0,103808,104555,0,232,0
756178,1,0,3.89805e-006,0.000866982,0.0343838,0.271659,1,0,,0,0,0,0,0,0,0,0,103808,104555,0,232,0
756278,1,0,2.72863e-006,0.000694131,0.0310148,0.272323,1,0,,0,0,0,0,0,0,0,0,103808,104555,0,232,0
756378,1,7,2.1,0.420556,0.0699689,0.293579,1,0,,0,0,0,0,0,0,0,0,103808,104555,0,232,0
756478,1,0,1.47,0.630445,0.126016,0.275116,1,0,,0,0,0,0,0,0,0,0,103808,104555,0,232,0
756578,1,0,1.029,0.710156,0.18443,0.277978,1,0,,0,0,0,0,0,0,0,0,103808,104555,0,232,0
756678,1,0,0.720301,0.712185,0.237206,0.257216,1,0,,0,0,0,0,0,0,0,0,103808,104555,0,232,0
756778,1,0,0.50421,0.67059,0.280544,0.264391,1,0,,0,0,0,0,0,0,0,0,103808,104555,0,232,0
756878,1,0,0.352947,0.607062,0.313196,0.281065,1,0,,0,0,0,0,0,0,0,0,103808,104555,0,232,0
756978,1,0,0.247063,0.535062,0.335383,0.267289,1,0,,0,0,0,0,0,0,0,0,103808,104555,0,232,0
757078,1,0,0.172944,0.462638,0.348108,0.269427,1,0,,0,0,0,0,0,0,0,0,103808,104555,0,232,0
757178,1,0,0.121061,0.394323,0.35273,0.271265,1,0,,0,0,0,0,0,0,0,0,103808,104555,0,232,0
757278,1,0,0.0847427,0.332407,0.350697,0.269089,1,0,,0,0,0,0,0,0,0,0,103808,104555,0,232,0
757378,1,0,0.0593199,0.277789,0.343407,0.324301,1,0,,0,0,0,0,0,0,0,0,103808,104555,0,232,0
757478,1,0,0.0415239,0.230536,0.33212,0.280265,1,0,,0,0,0,0,0,0,0,0,103808,104555,0,232,0
757578,1,0,0.0290667,0.190242,0.317932,0.296477,1,0,,0,0,0,0,0,0,0,0,103808,104555,0,232,0
757678,1,0,0.0203467,0.156263,0.301765,0.266912,1,0,,0,0,0,0,0,0,0,0,103808,104555,0,232,0
757778,1,0,0.0142427,0.127859,0.284374,0.312849,1,0,,0,0,0,0,0,0,0,0,103808,104555,0,232,0
757878,1,0,0.00996989,0.104281,0.266365,0.270887,1,0,,0,0,0,0,0,0,0,0,103808,104555,0,232,0
757978,1,0,0.00697892,0.0848208,0.248211,0.285076,1,0,,0,0,0,0,0,0,0,0,103808,104555,0,232,0
758078,1,0,0.00488524,0.0688337,0.230273,0.288788,1,0,,0,0,0,0,0,0,0,0,103808,104555,0,232,0
758178,1,0,0.00341967,0.0557509,0.212821,0.270927,1,0,,0,0,0,0,0,0,0,0,103808,104555,0,232,0
758278,1,0,0.00239377,0.0450795,0.196047,0.277801,1,0,,0,0,0,0,0,0,0,0,103808,104555,0,232,0
758378,1,0,0.00167564,0.0363987,0.180082,0.286377,1,0,,0,0,0,0,0,0,0,0,103808,104555,0,232,0
758478,1,0,0.00117295,0.0293536,0.165009,0.310863,1,0,,0,0,0,0,0,0,0,0,103808,104555,0,232,0
758578,1,0,0.000821063,0.0236471,0.150873,0.29335,1,0,,0,0,0,0,0,0,0,0,103808,104555,0,232,0
758678,1,0,0.000574744,0.0190326,0.137689,0.2727,1,0,,0,0,0,0,0,0,0,0,103808,104555,0,232,0
758778,1,0,0.000402321,0.0153065,0.125451,0.307512,1,0,,0,0,0,0,0,0,0,0,103808,104555,0,232,0
758878,1,0,0.000281625,0.0123016,0.114136,0.271024,1,0,,0,0,0,0,0,0,0,0,103808,104555,0,232,0
758978,1,0,0.000197137,0.00988068,0.10371,0.2556,1,0,,0,0,0,0,0,0,0,0,103808,104555,0,232,0
759078,1,0,0.000137996,0.00793214,0.0941323,0.294775,1,0,,0,0,0,0,0,0,0,0,103808,104555,0,232,0
759178,1,0,9.65972e-005,0.00636503,0.0853556,0.27867,1,0,,0,0,0,0,0,0,0,0,103808,104555,0,232,0
759278,1,0,6.76181e-005,0.00510555,0.0773306,0.297909,1,0,,0,0,0,0,0,0,0,0,103808,104555,0,232,0
759378,1,0,4.73326e-005,0.00409391,0.0700069,0.302344,1,0,,0,0,0,0,0,0,0,0,103808,104555,0,232,0
759478,1,0,3.31328e-005,0.00328175,0.0633344,0.276692,1,0,,0,0,0,0,0,0,0,0,103808,104555,0,232,0
759578,1,0,2.3193e-005,0.00263004,0.057264,0.266503,1,0,,0,0,0,0,0,0,0,0,103808,104555,0,232,0
759678,1,0,1.62351e-005,0.00210728,0.0517483,0.253641,1,0,,0,0,0,0,0,0,0,0,103808,104555,0,232,0
759778,1,0,1.13646e-005,0.0016881,0.0467423,0.28453,1,0,,0,0,0,0,0,0,0,0,103808,104555,0,232,0
759878,1,0,7.9552e-006,0.00135207,0.0422033,0.287555,1,0,,0,0,0,0,0,0,0,0,103808,104555,0,232,0
759978,1,0,5.56864e-006,0.00108277,0.0380912,0.300118,1,0,,0,0,0,0,0,0,0,0,103808,104555,0,232,0
760078,1,0,3.89805e-006,0.000866994,0.0343688,0.275606,1,0,,0,0,0,0,0,0,0,0,103808,104555,0,232,0
760178,1,0,2.72863e-006,0.000694141,0.0310013,0.262957,1,0,,0,0,0,0,0,0,0,0,103808,104555,0,232,0
760278,1,8,2.4,0.480556,0.0759568,0.275497,1,0,,0,0,0,0,0,0,0,0,103808,104555,0,232,0
760378,1,0,1.68,0.720445,0.140406,0.304107,1,0,,0,0,0,0,0,0,0,0,103808,104555,0,232,0
760478,1,0,1.176,0.811556,0.207521,0.282321,1,0,,0,0,0,0,0,0,0,0,103808,104555,0,232,0
760578,1,0,0.823201,0.813885,0.268157,0.31427,1,0,,0,0,0,0,0,0,0,0,103808,104555,0,232,0
760678,1,0,0.57624,0.766356,0.317977,0.282332,1,0,,0,0,0,0,0,0,0,0,103808,104555,0,232,0
760778,1,0,0.403368,0.693759,0.355555,0.280559,1,0,,0,0,0,0,0,0,0,0,103808,104555,0,232,0
760878,1,0,0.282358,0.611478,0.381147,0.264846,1,0,,0,0,0,0,0,0,0,0,103808,104555,0,232,0
760978,1,0,0.19765,0.528713,0.395904,0.279596,1,0,,0,0,0,0,0,0,0,0,103808,104555,0,232,0
761078,1,0,0.138355,0.450641,0.401378,0.258917,1,0,,0,0,0,0,0,0,0,0,103808,104555,0,232,0
761178,1,0,0.0968487,0.379883,0.399228,0.260045,1,0,,0,0,0,0,0,0,0,0,103808,104555,0,232,0
761278,1,0,0.0677941,0.317465,0.391052,0.280182,1,0,,0,0,0,0,0,0,0,0,103808,104555,0,232,0
761378,1,0,0.0474559,0.263463,0.378293,0.295568,1,0,,0,0,0,0,0,0,0,0,103808,104555,0,232,0
761478,1,0,0.0332191,0.217414,0.362205,0.268281,1,0,,0,0,0,0,0,0,0,0,103808,104555,0,232,0
761578,1,0,0.0232534,0.178582,0.343843,0.263274,1,0,,0,0,0,0,0,0,0,0,103808,104555,0,232,0
761678,1,0,0.0162774,0.146121,0.324071,0.285713,1,0,,0,0,0,0,0,0,0,0,103808,104555,0,232,0
761778,1,0,0.0113942,0.119176,0.303581,0.290163,1,0,,0,0,0,0,0,0,0,0,103808,104555,0,232,0
761878,1,0,0.00797591,0.0969359,0.282917,0.235873,1,0,,0,0,0,0,0,0,0,0,103808,104555,0,232,0
761978,1,0,0.00558313,0.0786653,0.262492,0.266835,1,0,,0,0,0,0,0,0,0,0,103808,104555,0,232,0
762078,1,0,0.00390819,0.0637139,0.242614,0.280861,1,0,,0,0,0,0,0,0,0,0,103808,104555,0,232,0
762178,1,0,0.00273574,0.0515183,0.223504,0.261585,1,0,,0,0,0,0,0,0,0,0,103808,104555,0,232,0
762278,1,0,0.00191502,0.0415976,0.205314,0.270849,1,0,,0,0,0,0,0,0,0,0,103808,104555,0,232,0
762378,1,0,0.00134051,0.0335462,0.188137,0.294614,1,0,,0,0,0,0,0,0,0,0,103808,104555,0,232,0
762478,1,0,0.000938357,0.0270246,0.172026,0.302164,1,0,,0,0,0,0,0,0,0,0,103808,104555,0,232,0
762578,1,0,0.00065685,0.0217511,0.156998,0.293002,1,0,,0,0,0,0,0,0,0,0,103808,104555,0,232,0
762678,1,0,0.000459795,0.0174928,0.143048,0.301363,1,0,,0,0,0,0,0,0,0,0,103808,104555,0,232,0
762778,1,0,0.000321857,0.0140586,0.130149,0.262112,1,0,,0,0,0,0,0,0,0,0,103808,104555,0,232,0
762878,1,0,0.0002253,0.011292,0.118263,0.270098,1,0,,0,0,0,0,0,0,0,0,103808,104555,0,232,0
762978,1,0,0.00015771,0.00906511,0.107343,0.258773,1,0,,0,0,0,0,0,0,0,0,103808,104555,0,232,0
763078,1,0,0.000110397,0.00727417,0.0973363,0.285599,1,0,,0,0,0,0,0,0,0,0,103808,104555,0,232,0
763178,1,0,7.72778e-005,0.00583479,0.0881862,0.280899,1,0,,0,0,0,0,0,0,0,0,103808,104555,0,232,0
763278,1,0,5.40944e-005,0.00467865,0.0798354,0.250038,1,0,,0,0,0,0,0,0,0,0,103808,104555,0,232,0
763378,1,0,3.78661e-005,0.00375049,0.0722269,0.283229,1,0,,0,0,0,0,0,0,0,0,103808,104555,0,232,0
763478,1,0,2.65063e-005,0.0030057,0.0653048,0.286367,1,0,,0,0,0,0,0,0,0,0,103808,104555,0,232,0
763578,1,0,1.85544e-005,0.00240827,0.0590151,0.297017,1,0,,0,0,0,0,0,0,0,0,103808,104555,0,232,0
763678,1,0,1.29881e-005,0.00192921,0.0533065,0.27538,1,0,,0,0,0,0,0,0,0,0,103808,104555,0,232,0
763778,1,0,9.09165e-006,0.00154519,0.0481304,0.289165,1,0,,0,0,0,0,0,0,0,0,103808,104555,0,232,0
763878,1,0,6.36416e-006,0.00123742,0.0434411,0.29869,1,0,,0,0,0,0,0,0,0,0,103808,104555,0,232,0
763978,1,0,4.45491e-006,0.00099083,0.0391961,0.301351,1,0,,0,0,0,0,0,0,0,0,103808,104555,0,232,0
764078,1,0,3.11844e-006,0.000793288,0.0353558,0.282437,1,0,,0,0,0,0,0,0,0,0,103808,104555,0,232,0
764178,1,0,2.18291e-006,0.000635067,0.0318837,0.289351,1,0,,0,0,0,0,0,0,0,0,103808,104555,0,232,0
764278,1,7,2.1,0.420508,0.0707462,0.277224,1,0,,0,0,0,0,0,0,0,0,103808,104555,0,232,0
764378,1,0,1.47,0.630407,0.126712,0.272412,1,0,,0,0,0,0,0,0,0,0,103808,104555,0,232,0
764478,1,0,1.029,0.710126,0.185054,0.278651,1,0,,0,0,0,0,0,0,0,0,103808,104555,0,232,0
764578,1,0,0.7203,0.712161,0.237764,0.289375,1,0,,0,0,0,0,0,0,0,0,103808,104555,0,232,0
764678,1,0,0.50421,0.670571,0.281045,0.285611,1,0,,0,0,0,0,0,0,0,0,103808,104555,0,232,0
764778,1,0,0.352947,0.607046,0.313645,0.28206,1,0,,0,0,0,0,0,0,0,0,103808,104555,0,232,0
764878,1,0,0.247063,0.535049,0.335785,0.289222,1,0,,0,0,0,0,0,0,0,0,103808,104555,0,232,0
764978,1,0,0.172944,0.462628,0.34847,0.292848,1,0,,0,0,0,0,0,0,0,0,103808,104555,0,232,0
765078,1,0,0.121061,0.394315,0.353054,0.280147,1,0,,0,0,0,0,0,0,0,0,103808,104555,0,232,0
765178,1,0,0.0847426,0.3324,0.350989,0.287808,1,0,,0,0,0,0,0,0,0,0,103808,104555,0,232,0
765278,1,0,0.0593198,0.277784,0.343668,0.332008,1,0,,0,0,0,0,0,0,0,0,103808,104555,0,232,0
765378,1,0,0.0415239,0.230532,0.332355,0.30002,1,0,,0,0,0,0,0,0,0,0,103808,104555,0,232,0
765478,1,0,0.0290667,0.190239,0.318143,0.31682,1,0,,0,0,0,0,0,0,0,0,103808,104555,0,232,0
765578,1,0,0.0203467,0.156261,0.301955,0.291957,1,0,,0,0,0,0,0,0,0,0,103808,104555,0,232,0
765678,1,0,0.0142427,0.127857,0.284545,0.303708,1,0,,0,0,0,0,0,0,0,0,103808,104555,0,232,0
765778,1,0,0.00996988,0.10428,0.266519,0.31152,1,0,,0,0,0,0,0,0,0,0,103808,104555,0,232,0
765878,1,0,0.00697892,0.0848195,0.248349,0.278357,1,0,,0,0,0,0,0,0,0,0,103808,104555,0,232,0
765978,1,0,0.00488524,0.0688326,0.230397,0.289057,1,0,,0,0,0,0,0,0,0,0,103808,104555,0,232,0
766078,1,0,0.00341967,0.05575,0.212932,0.292481,1,0,,0,0,0,0,0,0,0,0,103808,104555,0,232,0
766178,1,0,0.00239377,0.0450788,0.196147,0.310019,1,0,,0,0,0,0,0,0,0,0,103808,104555,0,232,0
766278,1,0,0.00167564,0.0363982,0.180172,0.27068,1,0,,0,0,0,0,0,0,0,0,103808,104555,0,232,0
766378,1,0,0.00117295,0.0293531,0.16509,0.281455,1,0,,0,0,0,0,0,0,0,0,103808,104555,0,232,0
766478,1,0,0.000821063,0.0236467,0.150946,0.300182,1,0,,0,0,0,0,0,0,0,0,103808,104555,0,232,0
766578,1,0,0.000574744,0.0190323,0.137754,0.279106,1,0,,0,0,0,0,0,0,0,0,103808,104555,0,232,0
766678,1,0,0.000402321,0.0153063,0.12551,0.303194,1,0,,0,0,0,0,0,0,0,0,103808,104555,0,232,0
766778,1,0,0.000281625,0.0123014,0.114189,0.285545,1,0,,0,0,0,0,0,0,0,0,103808,104555,0,232,0
766878,1,0,0.000197137,0.00988053,0.103758,0.277098,1,0,,0,0,0,0,0,0,0,0,103808,104555,0,232,0
766978,1,0,0.000137996,0.00793202,0.0941754,0.262319,1,0,,0,0,0,0,0,0,0,0,103808,104555,0,232,0
767078,1,0,9.65972e-005,0.00636494,0.0853944,0.285581,1,0,,0,0,0,0,0,0,0,0,103808,104555,0,232,0
767178,1,0,6.7618e-005,0.00510547,0.0773655,0.259595,1,0,,0,0,0,0,0,0,0,0,103808,104555,0,232,0
767278,1,0,4.73326e-005,0.00409385,0.0700383,0.260984,1,0,,0,0,0,0,0,0,0,0,103808,104555,0,232,0
767378,1,0,3.31328e-005,0.0032817,0.0633626,0.299672,1,0,,0,0,0,0,0,0,0,0,103808,104555,0,232,0
767478,1,0,2.3193e-005,0.00263,0.0572894,0.284235,1,0,,0,0,0,0,0,0,0,0,103808,104555,0,232,0
767578,1,0,1.62351e-005,0.00210725,0.0517712,0.269407,1,0,,0,0,0,0,0,0,0,0,103808,104555,0,232,0
767678,1,0,1.13646e-005,0.00168807,0.0467629,0.312057,1,0,,0,0,0,0,0,0,0,0,103808,104555,0,232,0
767778,1,0,7.95519e-006,0.00135205,0.0422218,0.286817,1,0,,0,0,0,0,0,0,0,0,103808,104555,0,232,0
767878,1,0,5.56864e-006,0.00108275,0.0381079,0.283304,1,0,,0,0,0,0,0,0,0,0,103808,104555,0,232,0
767978,1,0,3.89805e-006,0.000866982,0.0343838,0.280742,1,0,,0,0,0,0,0,0,0,0,103808,104555,0,232,0
768078,1,0,2.72863e-006,0.000694131,0.0310148,0.269091,1,0,,0,0,0,0,0,0,0,0,103808,104555,0,232,0
768178,1,7,2.1,0.420556,0.0699689,0.268532,1,0,,0,0,0,0,0,0,0,0,103808,104555,0,232,0
768278,1,0,1.47,0.630445,0.126016,0.286944,1,0,,0,0,0,0,0,0,0,0,103808,104555,0,232,0
768378,1,0,1.029,0.710156,0.18443,0.289407,1,0,,0,0,0,0,0,0,0,0,103808,104555,0,232,0
768478,1,0,0.720301,0.712185,0.237206,0.261368,1,0,,0,0,0,0,0,0,0,0,103808,104555,0,232,0
768578,1,0,0.50421,0.67059,0.280544,0.267355,1,0,,0,0,0,0,0,0,0,0,103808,104555,0,232,0
768678,1,0,0.352947,0.607062,0.313196,0.285368,1,0,,0,0,0,0,0,0,0,0,103808,104555,0,232,0
768778,1,0,0.247063,0.535062,0.335383,0.276187,1,0,,0,0,0,0,0,0,0,0,103808,104555,0,232,0
768878,1,0,0.172944,0.462638,0.348108,0.282274,1,0,,0,0,0,0,0,0,0,0,103808,104555,0,232,0
768978,1,0,0.121061,0.394323,0.35273,0.275237,1,0,,0,0,0,0,0,0,0,0,103808,104555,0,232,0
769078,1,0,0.0847427,0.332407,0.350697,0.341525,1,0,,0,0,0,0,0,0,0,0,103808,104555,0,232,0
769178,1,0,0.0593199,0.277789,0.343407,0.293839,1,0,,0,0,0,0,0,0,0,0,103808,104555,0,232,0
769278,1,0,0.0415239,0.230536,0.33212,0.273938,1,0,,0,0,0,0,0,0,0,0,103808,104555,0,232,0
769378,1,0,0.0290667,0.190242,0.317932,0.290386,1,0,,0,0,0,0,0,0,0,0,103808,104555,0,232,0
769478,1,0,0.0203467,0.156263,0.301765,0.26695,1,0,,0,0,0,0,0,0,0,0,103808,104555,0,232,0
769578,1,0,0.0142427,0.127859,0.284374,0.267188,1,0,,0,0,0,0,0,0,0,0,103808,104555,0,232,0
769678,1,0,0.00996989,0.104281,0.266365,0.314012,1,0,,0,0,0,0,0,0,0,0,103808,104555,0,232,0
769778,1,0,0.00697892,0.0848208,0.248211,0.270276,1,0,,0,0,0,0,0,0,0,0,103808,104555,0,232,0
769878,1,0,0.00488524,0.0688337,0.230273,0.285875,1,0,,0,0,0,0,0,0,0,0,103808,104555,0,232,0
769978,1,0,0.00341967,0.0557509,0.212821,0.281604,1,0,,0,0,0,0,0,0,0,0,103808,104555,0,232,0
770078,1,0,0.00239377,0.0450795,0.196047,0.277041,1,0,,0,0,0,0,0,0,0,0,103808,104555,0,232,0
770178,1,0,0.00167564,0.0363987,0.180082,0.244377,1,0,,0,0,0,0,0,0,0,0,103808,104555,0,232,0
770278,1,0,0.00117295,0.0293536,0.165009,0.287468,1,0,,0,0,0,0,0,0,0,0,103808,104555,0,232,0
770378,1,0,0.000821063,0.0236471,0.150873,0.263893,1,0,,0,0,0,0,0,0,0,0,103808,104555,0,232,0
770478,1,0,0.000574744,0.0190326,0.137689,0.269705,1,0,,0,0,0,0,0,0,0,0,103808,104555,0,232,0
770578,1,0,0.000402321,0.0153065,0.125451,0.28114,1,0,,0,0,0,0,0,0,0,0,103808,104555,0,232,0
770678,1,0,0.000281625,0.0123016,0.114136,0.300065,1,0,,0,0,0,0,0,0,0,0,103808,104555,0,232,0
770778,1,0,0.000197137,0.00988068,0.10371,0.312277,1,0,,0,0,0,0,0,0,0,0,103808,104555,0,232,0
770878,1,0,0.000137996,0.00793214,0.0941323,0.264863,1,0,,0,0,0,0,0,0,0,0,103808,104555,0,232,0
770978,1,0,9.65972e-005,0.00636503,0.0853556,0.289825,1,0,,0,0,0,0,0,0,0,0,103808,104555,0,232,0
771078,1,0,6.76181e-005,0.00510555,0.0773306,0.276202,1,0,,0,0,0,0,0,0,0,0,103808,104555,0,232,0
771178,1,0,4.73326e-005,0.00409391,0.0700069,0.265015,1,0,,0,0,0,0,0,0,0,0,103808,104555,0,232,0
771278,1,0,3.31328e-005,0.00328175,0.0633344,0.267728,1,0,,0,0,0,0,0,0,0,0,103808,104555,0,232,0
771378,1,0,2.3193e-005,0.00263004,0.057264,0.276077,1,0,,0,0,0,0,0,0,0,0,103808,104555,0,232,0
771478,1,0,1.62351e-005,0.00210728,0.0517483,0.275402,1,0,,0,0,0,0,0,0,0,0,103808,104555,0,232,0
771578,1,0,1.13646e-005,0.0016881,0.0467423,0.307065,1,0,,0,0,0,0,0,0,0,0,103808,104555,0,232,0
771678,1,0,7.9552e-006,0.00135207,0.0422033,0.263504,1,0,,0,0,0,0,0,0,0,0,103808,104555,0,232,0
771778,1,0,5.56864e-006,0.00108277,0.0380912,0.269065,1,0,,0,0,0,0,0,0,0,0,103808,104555,0,232,0
771878,1,0,3.89805e-006,0.000866994,0.0343688,0.256202,1,0,,0,0,0,0,0,0,0,0,103808,104555,0,232,0
771978,1,0,2.72863e-006,0.000694141,0.0310013,0.328965,1,0,,0,0,0,0,0,0,0,0,103808,104555,0,232,0
772078,1,0,1.91004e-006,0.000555695,0.0279568,0.319642,1,0,,0,0,0,0,0,0,0,0,103808,104555,0,232,0
772178,1,8,2.4,0.480445,0.0732056,0.272219,1,0,,0,0,0,0,0,0,0,0,103808,104555,0,232,0
772278,1,0,1.68,0.720356,0.137921,0.252593,1,0,,0,0,0,0,0,0,0,0,103808,104555,0,232,0
772378,1,0,1.176,0.811485,0.205277,0.293173,1,0,,0,0,0,0,0,0,0,0,103808,104555,0,232,0
772478,1,0,0.8232,0.813828,0.266132,0.25861,1,0,,0,0,0,0,0,0,0,0,103808,104555,0,232,0
772578,1,0,0.57624,0.766311,0.31615,0.279384,1,0,,0,0,0,0,0,0,0,0,103808,104555,0,232,0
772678,1,0,0.403368,0.693722,0.353907,0.269696,1,0,,0,0,0,0,0,0,0,0,103808,104555,0,232,0
772778,1,0,0.282358,0.611449,0.379661,0.280421,1,0,,0,0,0,0,0,0,0,0,103808,104555,0,232,0
772878,1,0,0.19765,0.52869,0.394564,0.279544,1,0,,0,0,0,0,0,0,0,0,103808,104555,0,232,0
772978,1,0,0.138355,0.450623,0.40017,0.322881,1,0,,0,0,0,0,0,0,0,0,103808,104555,0,232,0
773078,1,0,0.0968487,0.379868,0.39814,0.287793,1,0,,0,0,0,0,0,0,0,0,103808,104555,0,232,0
773178,1,0,0.0677941,0.317453,0.390071,0.277243,1,0,,0,0,0,0,0,0,0,0,103808,104555,0,232,0
773278,1,0,0.0474559,0.263454,0.377409,0.296543,1,0,,0,0,0,0,0,0,0,0,103808,104555,0,232,0
773378,1,0,0.0332191,0.217407,0.361409,0.28922,1,0,,0,0,0,0,0,0,0,0,103808,104555,0,232,0
773478,1,0,0.0232534,0.178576,0.343126,0.303757,1,0,,0,0,0,0,0,0,0,0,103808,104555,0,232,0
773578,1,0,0.0162774,0.146116,0.323425,0.297081,1,0,,0,0,0,0,0,0,0,0,103808,104555,0,232,0
773678,1,0,0.0113942,0.119172,0.303,0.299157,1,0,,0,0,0,0,0,0,0,0,103808,104555,0,232,0
773778,1,0,0.00797591,0.0969327,0.282393,0.315755,1,0,,0,0,0,0,0,0,0,0,103808,104555,0,232,0
773878,1,0,0.00558313,0.0786628,0.26202,0.309817,1,0,,0,0,0,0,0,0,0,0,103808,104555,0,232,0
773978,1,0,0.00390819,0.0637119,0.242189,0.27908,1,0,,0,0,0,0,0,0,0,0,103808,104555,0,232,0
774078,1,0,0.00273574,0.0515167,0.223122,0.267043,1,0,,0,0,0,0,0,0,0,0,103808,104555,0,232,0
774178,1,0,0.00191501,0.0415963,0.204969,0.297161,1,0,,0,0,0,0,0,0,0,0,103808,104555,0,232,0
774278,1,0,0.00134051,0.0335452,0.187827,0.282147,1,0,,0,0,0,0,0,0,0,0,103808,104555,0,232,0
774378,1,0,0.000938357,0.0270238,0.171747,0.274521,1,0,,0,0,0,0,0,0,0,0,103808,104555,0,232,0
774478,1,0,0.00065685,0.0217504,0.156747,0.259672,1,0,,0,0,0,0,0,0,0,0,103808,104555,0,232,0
774578,1,0,0.000459795,0.0174923,0.142821,0.274235,1,0,,0,0,0,0,0,0,0,0,103808,104555,0,232,0
774678,1,0,0.000321856,0.0140582,0.129945,0.264135,1,0,,0,0,0,0,0,0,0,0,103808,104555,0,232,0
774778,1,0,0.0002253,0.0112916,0.11808,0.279224,1,0,,0,0,0,0,0,0,0,0,103808,104555,0,232,0
774878,1,0,0.00015771,0.00906484,0.107178,0.294024,1,0,,0,0,0,0,0,0,0,0,103808,104555,0,232,0
774978,1,0,0.000110397,0.00727395,0.0971878,0.265027,1,0,,0,0,0,0,0,0,0,0,103808,104555,0,232,0
775078,1,0,7.72777e-005,0.00583462,0.0880525,0.304538,1,0,,0,0,0,0,0,0,0,0,103808,104555,0,232,0
775178,1,0,5.40944e-005,0.00467851,0.0797151,0.266037,1,0,,0,0,0,0,0,0,0,0,103808,104555,0,232,0
775278,1,0,3.78661e-005,0.00375038,0.0721186,0.280761,1,0,,0,0,0,0,0,0,0,0,103808,104555,0,232,0
775378,1,0,2.65063e-005,0.00300561,0.0652073,0.28743,1,0,,0,0,0,0,0,0,0,0,103808,104555,0,232,0
775478,1,0,1.85544e-005,0.0024082,0.0589274,0.28397,1,0,,0,0,0,0,0,0,0,0,103808,104555,0,232,0
775578,1,0,1.29881e-005,0.00192916,0.0532276,0.291709,1,0,,0,0,0,0,0,0,0,0,103808,104555,0,232,0
775678,1,0,9.09165e-006,0.00154514,0.0480594,0.281495,1,0,,0,0,0,0,0,0,0,0,103808,104555,0,232,0
775778,1,0,6.36415e-006,0.00123739,0.0433772,0.259182,1,0,,0,0,0,0,0,0,0,0,103808,104555,0,232,0
775878,1,0,4.45491e-006,0.000990801,0.0391385,0.271733,1,0,,0,0,0,0,0,0,0,0,103808,104555,0,232,0
775978,1,0,3.11844e-006,0.000793264,0.035304,0.255309,1,0,,0,0,0,0,0,0,0,0,103808,104555,0,232,0
776078,1,8,2.4,0.480635,0.0798371,0.273201,1,0,,0,0,0,0,0,0,0,0,103808,104555,0,232,0
776178,1,0,1.68,0.720508,0.143904,0.299965,1,0,,0,0,0,0,0,0,0,0,103808,104555,0,232,0
776278,1,0,1.176,0.811607,0.210674,0.304692,1,0,,0,0,0,0,0,0,0,0,103808,104555,0,232,0
776378,1,0,0.823201,0.813926,0.271,0.309091,1,0,,0,0,0,0,0,0,0,0,103808,104555,0,232,0
776478,1,0,0.576241,0.766389,0.320538,0.264367,1,0,,0,0,0,0,0,0,0,0,103808,104555,0,232,0
776578,1,0,0.403368,0.693785,0.357863,0.278305,1,0,,0,0,0,0,0,0,0,0,103808,104555,0,232,0
776678,1,0,0.282358,0.611499,0.383227,0.277806,1,0,,0,0,0,0,0,0,0,0,103808,104555,0,232,0
776778,1,0,0.197651,0.528729,0.397777,0.28308,1,0,,0,0,0,0,0,0,0,0,103808,104555,0,232,0
776878,1,0,0.138355,0.450655,0.403065,0.315406,1,0,,0,0,0,0,0,0,0,0,103808,104555,0,232,0
776978,1,0,0.0968487,0.379894,0.400748,0.277394,1,0,,0,0,0,0,0,0,0,0,103808,104555,0,232,0
777078,1,0,0.0677941,0.317474,0.39242,0.300682,1,0,,0,0,0,0,0,0,0,0,103808,104555,0,232,0
777178,1,0,0.0474559,0.26347,0.379525,0.275805,1,0,,0,0,0,0,0,0,0,0,103808,104555,0,232,0
777278,1,0,0.0332191,0.21742,0.363315,0.260118,1,0,,0,0,0,0,0,0,0,0,103808,104555,0,232,0
777378,1,0,0.0232534,0.178587,0.344842,0.257068,1,0,,0,0,0,0,0,0,0,0,103808,104555,0,232,0
777478,1,0,0.0162774,0.146125,0.32497,0.264818,1,0,,0,0,0,0,0,0,0,0,103808,104555,0,232,0
777578,1,0,0.0113942,0.119179,0.304391,0.276844,1,0,,0,0,0,0,0,0,0,0,103808,104555,0,232,0
777678,1,0,0.00797591,0.0969381,0.283646,0.307519,1,0,,0,0,0,0,0,0,0,0,103808,104555,0,232,0
777778,1,0,0.00558314,0.0786671,0.263148,0.255793,1,0,,0,0,0,0,0,0,0,0,103808,104555,0,232,0
777878,1,0,0.0039082,0.0637153,0.243205,0.280355,1,0,,0,0,0,0,0,0,0,0,103808,104555,0,232,0
777978,1,0,0.00273574,0.0515194,0.224036,0.30488,1,0,,0,0,0,0,0,0,0,0,103808,104555,0,232,0
778078,1,0,0.00191502,0.0415985,0.205792,0.319067,1,0,,0,0,0,0,0,0,0,0,103808,104555,0,232,0
778178,1,0,0.00134051,0.0335469,0.188568,0.27289,1,0,,0,0,0,0,0,0,0,0,103808,104555,0,232,0
778278,1,0,0.000938358,0.0270252,0.172413,0.260741,1,0,,0,0,0,0,0,0,0,0,103808,104555,0,232,0
778378,1,0,0.00065685,0.0217515,0.157347,0.29889,1,0,,0,0,0,0,0,0,0,0,103808,104555,0,232,0
778478,1,0,0.000459795,0.0174932,0.143362,0.266576,1,0,,0,0,0,0,0,0,0,0,103808,104555,0,232,0
778578,1,0,0.000321857,0.0140589,0.130432,0.285415,1,0,,0,0,0,0,0,0,0,0,103808,104555,0,232,0
778678,1,0,0.0002253,0.0112922,0.118518,0.287505,1,0,,0,0,0,0,0,0,0,0,103808,104555,0,232,0
778778,1,0,0.00015771,0.0090653,0.107572,0.265505,1,0,,0,0,0,0,0,0,0,0,103808,104555,0,232,0
778878,1,0,0.000110397,0.00727432,0.0975426,0.266892,1,0,,0,0,0,0,0,0,0,0,103808,104555,0,232,0
778978,1,0,7.72778e-005,0.00583491,0.0883718,0.292207,1,0,,0,0,0,0,0,0,0,0,103808,104555,0,232,0
779078,1,0,5.40944e-005,0.00467875,0.0800025,0.300896,1,0,,0,0,0,0,0,0,0,0,103808,104555,0,232,0
779178,1,0,3.78661e-005,0.00375057,0.0723773,0.302272,1,0,,0,0,0,0,0,0,0,0,103808,104555,0,232,0
779278,1,0,2.65063e-005,0.00300576,0.0654401,0.256558,1,0,,0,0,0,0,0,0,0,0,103808,104555,0,232,0
779378,1,0,1.85544e-005,0.00240832,0.059137,0.300433,1,0,,0,0,0,0,0,0,0,0,103808,104555,0,232,0
779478,1,0,1.29881e-005,0.00192925,0.0534162,0.27567,1,0,,0,0,0,0,0,0,0,0,103808,104555,0,232,0
779578,1,0,9.09165e-006,0.00154522,0.0482291,0.263342,1,0,,0,0,0,0,0,0,0,0,103808,104555,0,232,0
779678,1,0,6.36416e-006,0.00123745,0.0435299,0.304504,1,0,,0,0,0,0,0,0,0,0,103808,104555,0,232,0
779778,1,0,4.45491e-006,0.00099085,0.039276,0.287542,1,0,,0,0,0,0,0,0,0,0,103808,104555,0,232,0
779878,1,0,3.11844e-006,0.000793304,0.0354277,0.268965,1,0,,0,0,0,0,0,0,0,0,103808,104555,0,232,0
779978,1,0,2.18291e-006,0.00063508,0.0319485,0.299601,1,0,,0,0,0,0,0,0,0,0,103808,104555,0,232,0
780078,1,8,2.4,0.480508,0.0768045,0.234413,1,0,,0,0,0,0,0,0,0,0,103808,104555,0,232,0
780178,1,0,1.68,0.720407,0.141165,0.297764,1,0,,0,0,0,0,0,0,0,0,103808,104555,0,232,0
780278,1,0,1.176,0.811526,0.208201,0.290565,1,0,,0,0,0,0,0,0,0,0,103808,104555,0,232,0
780378,1,0,0.8232,0.813861,0.268767,0.267651,1,0,,0,0,0,0,0,0,0,0,103808,104555,0,232,0
780478,1,0,0.57624,0.766337,0.318524,0.311026,1,0,,0,0,0,0,0,0,0,0,103808,104555,0,232,0
780578,1,0,0.403368,0.693743,0.356046,0.291624,1,0,,0,0,0,0,0,0,0,0,103808,104555,0,232,0
780678,1,0,0.282358,0.611466,0.381588,0.23045,1,0,,0,0,0,0,0,0,0,0,103808,104555,0,232,0
780778,1,0,0.19765,0.528703,0.396299,0.293014,1,0,,0,0,0,0,0,0,0,0,103808,104555,0,232,0
780878,1,0,0.138355,0.450633,0.401733,0.283566,1,0,,0,0,0,0,0,0,0,0,103808,104555,0,232,0
780978,1,0,0.0968487,0.379876,0.399547,0.266103,1,0,,0,0,0,0,0,0,0,0,103808,104555,0,232,0
781078,1,0,0.0677941,0.31746,0.391338,0.293391,1,0,,0,0,0,0,0,0,0,0,103808,104555,0,232,0
781178,1,0,0.0474559,0.263459,0.37855,0.317602,1,0,,0,0,0,0,0,0,0,0,103808,104555,0,232,0
781278,1,0,0.0332191,0.217411,0.362436,0.277152,1,0,,0,0,0,0,0,0,0,0,103808,104555,0,232,0
781378,1,0,0.0232534,0.17858,0.344051,0.279197,1,0,,0,0,0,0,0,0,0,0,103808,104555,0,232,0
781478,1,0,0.0162774,0.146119,0.324258,0.287874,1,0,,0,0,0,0,0,0,0,0,103808,104555,0,232,0
781578,1,0,0.0113942,0.119174,0.303749,0.253561,1,0,,0,0,0,0,0,0,0,0,103808,104555,0,232,0
781678,1,0,0.00797591,0.0969345,0.283068,0.279486,1,0,,0,0,0,0,0,0,0,0,103808,104555,0,232,0
781778,1,0,0.00558313,0.0786642,0.262627,0.290148,1,0,,0,0,0,0,0,0,0,0,103808,104555,0,232,0
781878,1,0,0.00390819,0.063713,0.242736,0.268111,1,0,,0,0,0,0,0,0,0,0,103808,104555,0,232,0
781978,1,0,0.00273574,0.0515176,0.223614,0.28071,1,0,,0,0,0,0,0,0,0,0,103808,104555,0,232,0
782078,1,0,0.00191501,0.0415971,0.205412,0.286599,1,0,,0,0,0,0,0,0,0,0,103808,104555,0,232,0
782178,1,0,0.00134051,0.0335457,0.188226,0.268575,1,0,,0,0,0,0,0,0,0,0,103808,104555,0,232,0
782278,1,0,0.000938357,0.0270243,0.172106,0.270465,1,0,,0,0,0,0,0,0,0,0,103808,104555,0,232,0
782378,1,0,0.00065685,0.0217508,0.15707,0.266641,1,0,,0,0,0,0,0,0,0,0,103808,104555,0,232,0
782478,1,0,0.000459795,0.0174926,0.143112,0.25609,1,0,,0,0,0,0,0,0,0,0,103808,104555,0,232,0
782578,1,0,0.000321856,0.0140584,0.130207,0.286165,1,0,,0,0,0,0,0,0,0,0,103808,104555,0,232,0
782678,1,0,0.0002253,0.0112918,0.118315,0.314428,1,0,,0,0,0,0,0,0,0,0,103808,104555,0,232,0
782778,1,0,0.00015771,0.00906499,0.10739,0.285163,1,0,,0,0,0,0,0,0,0,0,103808,104555,0,232,0
782878,1,0,0.000110397,0.00727407,0.0973787,0.273999,1,0,,0,0,0,0,0,0,0,0,103808,104555,0,232,0
782978,1,0,7.72777e-005,0.00583471,0.0882243,0.273246,1,0,,0,0,0,0,0,0,0,0,103808,104555,0,232,0
783078,1,0,5.40944e-005,0.00467859,0.0798698,0.299695,1,0,,0,0,0,0,0,0,0,0,103808,104555,0,232,0
783178,1,0,3.78661e-005,0.00375045,0.0722578,0.264253,1,0,,0,0,0,0,0,0,0,0,103808,104555,0,232,0
783278,1,0,2.65063e-005,0.00300566,0.0653326,0.270128,1,0,,0,0,0,0,0,0,0,0,103808,104555,0,232,0
783378,1,0,1.85544e-005,0.00240824,0.0590402,0.300016,1,0,,0,0,0,0,0,0,0,0,103808,104555,0,232,0
783478,1,0,1.29881e-005,0.00192919,0.0533291,0.287378,1,0,,0,0,0,0,0,0,0,0,103808,104555,0,232,0
783578,1,0,9.09165e-006,0.00154517,0.0481507,0.305865,1,0,,0,0,0,0,0,0,0,0,103808,104555,0,232,0
783678,1,0,6.36415e-006,0.00123741,0.0434594,0.280828,1,0,,0,0,0,0,0,0,0,0,103808,104555,0,232,0
783778,1,0,4.45491e-006,0.000990817,0.0392125,0.296115,1,0,,0,0,0,0,0,0,0,0,103808,104555,0,232,0
783878,1,0,3.11844e-006,0.000793277,0.0353706,0.287167,1,0,,0,0,0,0,0,0,0,0,103808,104555,0,232,0
783978,1,7,2.1,0.420635,0.073897,0.279788,1,0,,0,0,0,0,0,0,0,0,103808,104555,0,232,0
784078,1,0,1.47,0.630508,0.129558,0.306628,1,0,,0,0,0,0,0,0,0,0,103808,104555,0,232,0
784178,1,0,1.029,0.710207,0.187623,0.274964,1,0,,0,0,0,0,0,0,0,0,103808,104555,0,232,0
784278,1,0,0.720301,0.712226,0.240083,0.300652,1,0,,0,0,0,0,0,0,0,0,103808,104555,0,232,0
784378,1,0,0.504211,0.670623,0.283137,0.27449,1,0,,0,0,0,0,0,0,0,0,103808,104555,0,232,0
784478,1,0,0.352947,0.607088,0.315532,0.2955,1,0,,0,0,0,0,0,0,0,0,103808,104555,0,232,0
784578,1,0,0.247063,0.535083,0.337487,0.283725,1,0,,0,0,0,0,0,0,0,0,103808,104555,0,232,0
784678,1,0,0.172944,0.462655,0.350004,0.279723,1,0,,0,0,0,0,0,0,0,0,103808,104555,0,232,0
784778,1,0,0.121061,0.394336,0.354437,0.271862,1,0,,0,0,0,0,0,0,0,0,103808,104555,0,232,0
784878,1,0,0.0847427,0.332418,0.352235,0.262951,1,0,,0,0,0,0,0,0,0,0,103808,104555,0,232,0
784978,1,0,0.0593199,0.277798,0.344792,0.296785,1,0,,0,0,0,0,0,0,0,0,103808,104555,0,232,0
785078,1,0,0.0415239,0.230543,0.333367,0.306435,1,0,,0,0,0,0,0,0,0,0,103808,104555,0,232,0
785178,1,0,0.0290667,0.190248,0.319055,0.267322,1,0,,0,0,0,0,0,0,0,0,103808,104555,0,232,0
785278,1,0,0.0203467,0.156268,0.302776,0.269449,1,0,,0,0,0,0,0,0,0,0,103808,104555,0,232,0
785378,1,0,0.0142427,0.127863,0.285285,0.279675,1,0,,0,0,0,0,0,0,0,0,103808,104555,0,232,0
785478,1,0,0.00996989,0.104284,0.267185,0.296262,1,0,,0,0,0,0,0,0,0,0,103808,104555,0,232,0
785578,1,0,0.00697892,0.0848231,0.248949,0.270175,1,0,,0,0,0,0,0,0,0,0,103808,104555,0,232,0
785678,1,0,0.00488525,0.0688355,0.230937,0.290038,1,0,,0,0,0,0,0,0,0,0,103808,104555,0,232,0
785778,1,0,0.00341967,0.0557523,0.213419,0.298686,1,0,,0,0,0,0,0,0,0,0,103808,104555,0,232,0
785878,1,0,0.00239377,0.0450806,0.196585,0.275311,1,0,,0,0,0,0,0,0,0,0,103808,104555,0,232,0
785978,1,0,0.00167564,0.0363996,0.180566,0.313011,1,0,,0,0,0,0,0,0,0,0,103808,104555,0,232,0
786078,1,0,0.00117295,0.0293543,0.165445,0.242273,1,0,,0,0,0,0,0,0,0,0,103808,104555,0,232,0
786178,1,0,0.000821063,0.0236476,0.151265,0.275558,1,0,,0,0,0,0,0,0,0,0,103808,104555,0,232,0
786278,1,0,0.000574744,0.0190331,0.138042,0.273272,1,0,,0,0,0,0,0,0,0,0,103808,104555,0,232,0
786378,1,0,0.000402321,0.0153069,0.125769,0.359771,1,0,,0,0,0,0,0,0,0,0,103808,104555,0,232,0
786478,1,0,0.000281625,0.0123019,0.114422,0.292721,1,0,,0,0,0,0,0,0,0,0,103808,104555,0,232,0
786578,1,0,0.000197137,0.00988092,0.103968,0.270895,1,0,,0,0,0,0,0,0,0,0,103808,104555,0,232,0
786678,1,0,0.000137996,0.00793233,0.0943643,0.276768,1,0,,0,0,0,0,0,0,0,0,103808,104555,0,232,0
786778,1,0,9.65973e-005,0.00636518,0.0855644,0.277869,1,0,,0,0,0,0,0,0,0,0,103808,104555,0,232,0
786878,1,0,6.76181e-005,0.00510567,0.0775185,0.246743,1,0,,0,0,0,0,0,0,0,0,103808,104555,0,232,0
786978,1,0,4.73327e-005,0.004094,0.0701761,0.273204,1,0,,0,0,0,0,0,0,0,0,103808,104555,0,232,0
787078,1,0,3.31329e-005,0.00328183,0.0634866,0.295491,1,0,,0,0,0,0,0,0,0,0,103808,104555,0,232,0
787178,1,0,2.3193e-005,0.0026301,0.057401,0.280902,1,0,,0,0,0,0,0,0,0,0,103808,104555,0,232,0
787278,1,0,1.62351e-005,0.00210733,0.0518716,0.273401,1,0,,0,0,0,0,0,0,0,0,103808,104555,0,232,0
787378,1,0,1.13646e-005,0.00168814,0.0468533,0.285377,1,0,,0,0,0,0,0,0,0,0,103808,104555,0,232,0
787478,1,0,7.9552e-006,0.0013521,0.0423031,0.295263,1,0,,0,0,0,0,0,0,0,0,103808,104555,0,232,0
787578,1,0,5.56864e-006,0.00108279,0.0381811,0.26015,1,0,,0,0,0,0,0,0,0,0,103808,104555,0,232,0
787678,1,0,3.89805e-006,0.000867015,0.0344497,0.279974,1,0,,0,0,0,0,0,0,0,0,103808,104555,0,232,0
787778,1,0,2.72863e-006,0.000694157,0.0310741,0.288525,1,0,,0,0,0,0,0,0,0,0,103808,104555,0,232,0
787878,1,7,2.1,0.420556,0.0700223,0.299286,1,0,,0,0,0,0,0,0,0,0,103808,104555,0,232,0
787978,1,0,1.47,0.630445,0.126065,0.279125,1,0,,0,0,0,0,0,0,0,0,103808,104555,0,232,0
788078,1,0,1.029,0.710156,0.184474,0.275412,1,0,,0,0,0,0,0,0,0,0,103808,104555,0,232,0
788178,1,0,0.720301,0.712185,0.237245,0.318386,1,0,,0,0,0,0,0,0,0,0,103808,104555,0,232,0
788278,1,0,0.50421,0.67059,0.280579,0.307199,1,0,,0,0,0,0,0,0,0,0,103808,104555,0,232,0
788378,1,0,0.352947,0.607062,0.313228,0.28055,1,0,,0,0,0,0,0,0,0,0,103808,104555,0,232,0
788478,1,0,0.247063,0.535062,0.335411,0.280449,1,0,,0,0,0,0,0,0,0,0,103808,104555,0,232,0
788578,1,0,0.172944,0.462638,0.348134,0.312514,1,0,,0,0,0,0,0,0,0,0,103808,104555,0,232,0
788678,1,0,0.121061,0.394323,0.352753,0.275939,1,0,,0,0,0,0,0,0,0,0,103808,104555,0,232,0
788778,1,0,0.0847427,0.332407,0.350718,0.278889,1,0,,0,0,0,0,0,0,0,0,103808,104555,0,232,0
788878,1,0,0.0593199,0.277789,0.343425,0.286454,1,0,,0,0,0,0,0,0,0,0,103808,104555,0,232,0
788978,1,0,0.0415239,0.230536,0.332136,0.295654,1,0,,0,0,0,0,0,0,0,0,103808,104555,0,232,0
789078,1,0,0.0290667,0.190242,0.317947,0.305678,1,0,,0,0,0,0,0,0,0,0,103808,104555,0,232,0
789178,1,0,0.0203467,0.156263,0.301779,0.274041,1,0,,0,0,0,0,0,0,0,0,103808,104555,0,232,0
789278,1,0,0.0142427,0.127859,0.284387,0.285691,1,0,,0,0,0,0,0,0,0,0,103808,104555,0,232,0
789378,1,0,0.00996989,0.104281,0.266376,0.333805,1,0,,0,0,0,0,0,0,0,0,103808,104555,0,232,0
789478,1,0,0.00697892,0.0848208,0.248221,0.276692,1,0,,0,0,0,0,0,0,0,0,103808,104555,0,232,0
789578,1,0,0.00488524,0.0688337,0.230282,0.265666,1,0,,0,0,0,0,0,0,0,0,103808,104555,0,232,0
789678,1,0,0.00341967,0.0557509,0.212829,0.295128,1,0,,0,0,0,0,0,0,0,0,103808,104555,0,232,0
789778,1,0,0.00239377,0.0450795,0.196054,0.249738,1,0,,0,0,0,0,0,0,0,0,103808,104555,0,232,0
789878,1,0,0.00167564,0.0363987,0.180088,0.262125,1,0,,0,0,0,0,0,0,0,0,103808,104555,0,232,0
789978,1,0,0.00117295,0.0293536,0.165015,0.296788,1,0,,0,0,0,0,0,0,0,0,103808,104555,0,232,0
790078,1,0,0.000821063,0.0236471,0.150878,0.311327,1,0,,0,0,0,0,0,0,0,0,103808,104555,0,232,0
790178,1,0,0.000574744,0.0190326,0.137694,0.273164,1,0,,0,0,0,0,0,0,0,0,103808,104555,0,232,0
790278,1,0,0.000402321,0.0153065,0.125455,0.291414,1,0,,0,0,0,0,0,0,0,0,103808,104555,0,232,0
790378,1,0,0.000281625,0.0123016,0.114139,0.266957,1,0,,0,0,0,0,0,0,0,0,103808,104555,0,232,0
790478,1,0,0.000197137,0.00988068,0.103714,0.28067,1,0,,0,0,0,0,0,0,0,0,103808,104555,0,232,0
790578,1,0,0.000137996,0.00793214,0.0941354,0.277669,1,0,,0,0,0,0,0,0,0,0,103808,104555,0,232,0
790678,1,0,9.65972e-005,0.00636503,0.0853584,0.297281,1,0,,0,0,0,0,0,0,0,0,103808,104555,0,232,0
790778,1,0,6.76181e-005,0.00510555,0.0773331,0.288956,1,0,,0,0,0,0,0,0,0,0,103808,104555,0,232,0
790878,1,0,4.73326e-005,0.00409391,0.0700092,0.293393,1,0,,0,0,0,0,0,0,0,0,103808,104555,0,232,0
790978,1,0,3.31328e-005,0.00328175,0.0633364,0.265981,1,0,,0,0,0,0,0,0,0,0,103808,104555,0,232,0
791078,1,0,2.3193e-005,0.00263004,0.0572658,0.254858,1,0,,0,0,0,0,0,0,0,0,103808,104555,0,232,0
791178,1,0,1.62351e-005,0.00210728,0.05175,0.279458,1,0,,0,0,0,0,0,0,0,0,103808,104555,0,232,0
791278,1,0,1.13646e-005,0.0016881,0.0467438,0.286143,1,0,,0,0,0,0,0,0,0,0,103808,104555,0,232,0
791378,1,0,7.9552e-006,0.00135207,0.0422046,0.278957,1,0,,0,0,0,0,0,0,0,0,103808,104555,0,232,0
791478,1,0,5.56864e-006,0.00108277,0.0380924,0.250206,1,0,,0,0,0,0,0,0,0,0,103808,104555,0,232,0
791578,1,0,3.89805e-006,0.000866994,0.0343699,0.280318,1,0,,0,0,0,0,0,0,0,0,103808,104555,0,232,0
791678,1,0,2.72863e-006,0.000694141,0.0310023,0.265941,1,0,,0,0,0,0,0,0,0,0,103808,104555,0,232,0
791778,1,0,1.91004e-006,0.000555695,0.0279576,0.269217,1,0,,0,0,0,0,0,0,0,0,103808,104555,0,232,0
791878,1,8,2.4,0.480445,0.0732064,0.315498,1,0,,0,0,0,0,0,0,0,0,103808,104555,0,232,0
791978,1,0,1.68,0.720356,0.137921,0.297748,1,0,,0,0,0,0,0,0,0,0,103808,104555,0,232,0
792078,1,0,1.176,0.811485,0.205278,0.247637,1,0,,0,0,0,0,0,0,0,0,103808,104555,0,232,0
792178,1,0,0.8232,0.813828,0.266133,0.268082,1,0,,0,0,0,0,0,0,0,0,103808,104555,0,232,0
792278,1,0,0.57624,0.766311,0.316151,0.304794,1,0,,0,0,0,0,0,0,0,0,103808,104555,0,232,0
792378,1,0,0.403368,0.693722,0.353908,0.269731,1,0,,0,0,0,0,0,0,0,0,103808,104555,0,232,0
792478,1,0,0.282358,0.611449,0.379662,0.275621,1,0,,0,0,0,0,0,0,0,0,103808,104555,0,232,0
792578,1,0,0.19765,0.52869,0.394565,0.272509,1,0,,0,0,0,0,0,0,0,0,103808,104555,0,232,0
792678,1,0,0.138355,0.450623,0.40017,0.280195,1,0,,0,0,0,0,0,0,0,0,103808,104555,0,232,0
792778,1,0,0.0968487,0.379868,0.39814,0.265746,1,0,,0,0,0,0,0,0,0,0,103808,104555,0,232,0
792878,1,0,0.0677941,0.317453,0.390071,0.288609,1,0,,0,0,0,0,0,0,0,0,103808,104555,0,232,0
792978,1,0,0.0474559,0.263454,0.37741,0.274847,1,0,,0,0,0,0,0,0,0,0,103808,104555,0,232,0
793078,1,0,0.0332191,0.217407,0.361409,0.265259,1,0,,0,0,0,0,0,0,0,0,103808,104555,0,232,0
793178,1,0,0.0232534,0.178576,0.343126,0.267772,1,0,,0,0,0,0,0,0,0,0,103808,104555,0,232,0
793278,1,0,0.0162774,0.146116,0.323425,0.275834,1,0,,0,0,0,0,0,0,0,0,103808,104555,0,232,0
793378,1,0,0.0113942,0.119172,0.303,0.266797,1,0,,0,0,0,0,0,0,0,0,103808,104555,0,232,0
793478,1,0,0.00797591,0.0969327,0.282393,0.25966,1,0,,0,0,0,0,0,0,0,0,103808,104555,0,232,0
793578,1,0,0.00558313,0.0786628,0.26202,0.27236,1,0,,0,0,0,0,0,0,0,0,103808,104555,0,232,0
793678,1,0,0.00390819,0.0637119,0.242189,0.276423,1,0,,0,0,0,0,0,0,0,0,103808,104555,0,232,0
793778,1,0,0.00273574,0.0515167,0.223122,0.270949,1,0,,0,0,0,0,0,0,0,0,103808,104555,0,232,0
793878,1,0,0.00191501,0.0415963,0.204969,0.276036,1,0,,0,0,0,0,0,0,0,0,103808,104555,0,232,0
793978,1,0,0.00134051,0.0335452,0.187827,0.279763,1,0,,0,0,0,0,0,0,0,0,103808,104555,0,232,0
794078,1,0,0.000938357,0.0270238,0.171747,0.272474,1,0,,0,0,0,0,0,0,0,0,103808,104555,0,232,0
794178,1,0,0.00065685,0.0217504,0.156747,0.276111,1,0,,0,0,0,0,0,0,0,0,103808,104555,0,232,0
794278,1,0,0.000459795,0.0174923,0.142822,0.269611,1,0,,0,0,0,0,0,0,0,0,103808,104555,0,232,0
794378,1,0,0.000321856,0.0140582,0.129945,0.264761,1,0,,0,0,0,0,0,0,0,0,103808,104555,0,232,0
794478,1,0,0.0002253,0.0112916,0.11808,0.284835,1,0,,0,0,0,0,0,0,0,0,103808,104555,0,232,0
794578,1,0,0.00015771,0.00906484,0.107178,0.272334,1,0,,0,0,0,0,0,0,0,0,103808,104555,0,232,0
794678,1,0,0.000110397,0.00727395,0.0971879,0.28306,1,0,,0,0,0,0,0,0,0,0,103808,104555,0,232,0
794778,1,0,7.72777e-005,0.00583462,0.0880526,0.304473,1,0,,0,0,0,0,0,0,0,0,103808,104555,0,232,0
794878,1,0,5.40944e-005,0.00467851,0.0797151,0.266711,1,0,,0,0,0,0,0,0,0,0,103808,104555,0,232,0
794978,1,0,3.78661e-005,0.00375038,0.0721187,0.281012,1,0,,0,0,0,0,0,0,0,0,103808,104555,0,232,0
795078,1,0,2.65063e-005,0.00300561,0.0652074,0.289198,1,0,,0,0,0,0,0,0,0,0,103808,104555,0,232,0
795178,1,0,1.85544e-005,0.0024082,0.0589274,0.269521,1,0,,0,0,0,0,0,0,0,0,103808,104555,0,232,0
795278,1,0,1.29881e-005,0.00192916,0.0532276,0.279845,1,0,,0,0,0,0,0,0,0,0,103808,104555,0,232,0
795378,1,0,9.09165e-006,0.00154514,0.0480594,0.281335,1,0,,0,0,0,0,0,0,0,0,103808,104555,0,232,0
795478,1,0,6.36415e-006,0.00123739,0.0433772,0.312071,1,0,,0,0,0,0,0,0,0,0,103808,104555,0,232,0
795578,1,0,4.45491e-006,0.000990801,0.0391385,0.310486,1,0,,0,0,0,0,0,0,0,0,103808,104555,0,232,0
795678,1,0,3.11844e-006,0.000793264,0.035304,0.315636,1,0,,0,0,0,0,0,0,0,0,103808,104555,0,232,0
795778,1,8,2.4,0.480635,0.0798371,0.292764,1,0,,0,0,0,0,0,0,0,0,103808,104555,0,232,0
795878,1,0,1.68,0.720508,0.143904,0.278816,1,0,,0,0,0,0,0,0,0,0,103808,104555,0,232,0
795978,1,0,1.176,0.811607,0.210674,0.271115,1,0,,0,0,0,0,0,0,0,0,103808,104555,0,232,0
796078,1,0,0.823201,0.813926,0.271,0.290138,1,0,,0,0,0,0,0,0,0,0,103808,104555,0,232,0
796178,1,0,0.576241,0.766389,0.320539,0.285062,1,0,,0,0,0,0,0,0,0,0,103808,104555,0,232,0
796278,1,0,0.403368,0.693785,0.357863,0.265149,1,0,,0,0,0,0,0,0,0,0,103808,104555,0,232,0
796378,1,0,0.282358,0.611499,0.383227,0.293149,1,0,,0,0,0,0,0,0,0,0,103808,104555,0,232,0
796478,1,0,0.197651,0.528729,0.397777,0.286375,1,0,,0,0,0,0,0,0,0,0,103808,104555,0,232,0
796578,1,0,0.138355,0.450655,0.403065,0.276199,1,0,,0,0,0,0,0,0,0,0,103808,104555,0,232,0
796678,1,0,0.0968487,0.379894,0.400748,0.314235,1,0,,0,0,0,0,0,0,0,0,103808,104555,0,232,0
796778,1,0,0.0677941,0.317474,0.39242,0.273358,1,0,,0,0,0,0,0,0,0,0,103808,104555,0,232,0
796878,1,0,0.0474559,0.26347,0.379525,0.348509,1,0,,0,0,0,0,0,0,0,0,103808,104555,0,232,0
796978,1,0,0.0332191,0.21742,0.363315,0.294847,1,0,,0,0,0,0,0,0,0,0,103808,104555,0,232,0
797078,1,0,0.0232534,0.178587,0.344842,0.276973,1,0,,0,0,0,0,0,0,0,0,103808,104555,0,232,0
797178,1,0,0.0162774,0.146125,0.32497,0.282161,1,0,,0,0,0,0,0,0,0,0,103808,104555,0,232,0
797278,1,0,0.0113942,0.119179,0.304391,0.296636,1,0,,0,0,0,0,0,0,0,0,103808,104555,0,232,0
797378,1,0,0.00797591,0.0969381,0.283646,0.265075,1,0,,0,0,0,0,0,0,0,0,103808,104555,0,232,0
797478,1,0,0.00558314,0.0786671,0.263148,0.266713,1,0,,0,0,0,0,0,0,0,0,103808,104555,0,232,0
797578,1,0,0.0039082,0.0637153,0.243205,0.353278,1,0,,0,0,0,0,0,0,0,0,103808,104555,0,232,0
797678,1,0,0.00273574,0.0515194,0.224036,0.296427,1,0,,0,0,0,0,0,0,0,0,103808,104555,0,232,0
797778,1,0,0.00191502,0.0415985,0.205792,0.255978,1,0,,0,0,0,0,0,0,0,0,103808,104555,0,232,0
797878,1,0,0.00134051,0.0335469,0.188568,0.257641,1,0,,0,0,0,0,0,0,0,0,103808,104555,0,232,0
797978,1,0,0.000938358,0.0270252,0.172413,0.301591,1,0,,0,0,0,0,0,0,0,0,103808,104555,0,232,0
798078,1,0,0.00065685,0.0217515,0.157347,0.273016,1,0,,0,0,0,0,0,0,0,0,103808,104555,0,232,0
798178,1,0,0.000459795,0.0174932,0.143362,0.253968,1,0,,0,0,0,0,0,0,0,0,103808,104555,0,232,0
798278,1,0,0.000321857,0.0140589,0.130432,0.348043,1,0,,0,0,0,0,0,0,0,0,103808,104555,0,232,0
798378,1,0,0.0002253,0.0112922,0.118518,0.277292,1,0,,0,0,0,0,0,0,0,0,103808,104555,0,232,0
798478,1,0,0.00015771,0.0090653,0.107572,0.279519,1,0,,0,0,0,0,0,0,0,0,103808,104555,0,232,0
798578,1,0,0.000110397,0.00727432,0.0975426,0.286081,1,0,,0,0,0,0,0,0,0,0,103808,104555,0,232,0
798678,1,0,7.72778e-005,0.00583491,0.0883718,0.286693,1,0,,0,0,0,0,0,0,0,0,103808,104555,0,232,0
798778,1,0,5.40944e-005,0.00467875,0.0800025,0.26464,1,0,,0,0,0,0,0,0,0,0,103808,104555,0,232,0
798878,1,0,3.78661e-005,0.00375057,0.0723773,0.270653,1,0,,0,0,0,0,0,0,0,0,103808,104555,0,232,0
798978,1,0,2.65063e-005,0.00300576,0.0654401,0.269665,1,0,,0,0,0,0,0,0,0,0,103808,104555,0,232,0
799078,1,0,1.85544e-005,0.00240832,0.059137,0.306191,1,0,,0,0,0,0,0,0,0,0,103808,104555,0,232,0
799178,1,0,1.29881e-005,0.00192925,0.0534162,0.286303,1,0,,0,0,0,0,0,0,0,0,103808,104555,0,232,0
799278,1,0,9.09165e-006,0.00154522,0.0482291,0.296005,1,0,,0,0,0,0,0,0,0,0,103808,104555,0,232,0
799378,1,0,6.36416e-006,0.00123745,0.0435299,0.318467,1,0,,0,0,0,0,0,0,0,0,103808,104555,0,232,0
799478,1,0,4.45491e-006,0.00099085,0.039276,0.27103,1,0,,0,0,0,0,0,0,0,0,103808,104555,0,232,0
799578,1,0,3.11844e-006,0.000793304,0.0354277,0.266005,1,0,,0,0,0,0,0,0,0,0,103808,104555,0,232,0
799678,1,0,2.18291e-006,0.00063508,0.0319485,0.295944,1,0,,0,0,0,0,0,0,0,0,103808,104555,0,232,0
799778,1,7,2.1,0.420508,0.0708045,0.293006,1,0,,0,0,0,0,0,0,0,0,103808,104555,0,232,0
799878,1,0,1.47,0.630407,0.126765,0.281907,1,0,,0,0,0,0,0,0,0,0,103808,104555,0,232,0
799978,1,0,1.029,0.710126,0.185101,0.271632,1,0,,0,0,0,0,0,0,0,0,103808,104555,0,232,0
800078,1,0,0.7203,0.712161,0.237807,0.284284,1,0,,0,0,0,0,0,0,0,0,103808,104555,0,232,0
800178,1,0,0.50421,0.670571,0.281083,0.275735,1,0,,0,0,0,0,0,0,0,0,103808,104555,0,232,0
800278,1,0,0.352947,0.607046,0.313679,0.283824,1,0,,0,0,0,0,0,0,0,0,103808,104555,0,232,0
800378,1,0,0.247063,0.535049,0.335816,0.323411,1,0,,0,0,0,0,0,0,0,0,103808,104555,0,232,0
800478,1,0,0.172944,0.462628,0.348498,0.277974,1,0,,0,0,0,0,0,0,0,0,103808,104555,0,232,0
800578,1,0,0.121061,0.394315,0.353079,0.266808,1,0,,0,0,0,0,0,0,0,0,103808,104555,0,232,0
800678,1,0,0.0847426,0.3324,0.351011,0.274159,1,0,,0,0,0,0,0,0,0,0,103808,104555,0,232,0
800778,1,0,0.0593198,0.277784,0.343689,0.299098,1,0,,0,0,0,0,0,0,0,0,103808,104555,0,232,0
800878,1,0,0.0415239,0.230532,0.332373,0.29535,1,0,,0,0,0,0,0,0,0,0,103808,104555,0,232,0
800978,1,0,0.0290667,0.190239,0.31816,0.298074,1,0,,0,0,0,0,0,0,0,0,103808,104555,0,232,0
801078,1,0,0.0203467,0.156261,0.30197,0.263672,1,0,,0,0,0,0,0,0,0,0,103808,104555,0,232,0
801178,1,0,0.0142427,0.127857,0.284559,0.250406,1,0,,0,0,0,0,0,0,0,0,103808,104555,0,232,0
801278,1,0,0.00996988,0.10428,0.266531,0.260682,1,0,,0,0,0,0,0,0,0,0,103808,104555,0,232,0
801378,1,0,0.00697892,0.0848195,0.248359,0.29487,1,0,,0,0,0,0,0,0,0,0,103808,104555,0,232,0
801478,1,0,0.00488524,0.0688326,0.230407,0.310682,1,0,,0,0,0,0,0,0,0,0,103808,104555,0,232,0
801578,1,0,0.00341967,0.05575,0.212941,0.292022,1,0,,0,0,0,0,0,0,0,0,103808,104555,0,232,0
801678,1,0,0.00239377,0.0450788,0.196155,0.293786,1,0,,0,0,0,0,0,0,0,0,103808,104555,0,232,0
801778,1,0,0.00167564,0.0363982,0.180179,0.286724,1,0,,0,0,0,0,0,0,0,0,103808,104555,0,232,0
801878,1,0,0.00117295,0.0293531,0.165097,0.28421,1,0,,0,0,0,0,0,0,0,0,103808,104555,0,232,0
801978,1,0,0.000821063,0.0236467,0.150952,0.292321,1,0,,0,0,0,0,0,0,0,0,103808,104555,0,232,0
802078,1,0,0.000574744,0.0190323,0.13776,0.28697,1,0,,0,0,0,0,0,0,0,0,103808,104555,0,232,0
802178,1,0,0.000402321,0.0153063,0.125514,0.282744,1,0,,0,0,0,0,0,0,0,0,103808,104555,0,232,0
802278,1,0,0.000281625,0.0123014,0.114193,0.281181,1,0,,0,0,0,0,0,0,0,0,103808,104555,0,232,0
802378,1,0,0.000197137,0.00988053,0.103762,0.294724,1,0,,0,0,0,0,0,0,0,0,103808,104555,0,232,0
802478,1,0,0.000137996,0.00793202,0.0941788,0.257498,1,0,,0,0,0,0,0,0,0,0,103808,104555,0,232,0
802578,1,0,9.65972e-005,0.00636494,0.0853974,0.266686,1,0,,0,0,0,0,0,0,0,0,103808,104555,0,232,0
802678,1,0,6.7618e-005,0.00510547,0.0773682,0.271937,1,0,,0,0,0,0,0,0,0,0,103808,104555,0,232,0
802778,1,0,4.73326e-005,0.00409385,0.0700408,0.261824,1,0,,0,0,0,0,0,0,0,0,103808,104555,0,232,0
802878,1,0,3.31328e-005,0.0032817,0.0633649,0.284726,1,0,,0,0,0,0,0,0,0,0,103808,104555,0,232,0
802978,1,0,2.3193e-005,0.00263,0.0572914,0.274519,1,0,,0,0,0,0,0,0,0,0,103808,104555,0,232,0
803078,1,0,1.62351e-005,0.00210725,0.051773,0.27357,1,0,,0,0,0,0,0,0,0,0,103808,104555,0,232,0
803178,1,0,1.13646e-005,0.00168807,0.0467645,0.311369,1,0,,0,0,0,0,0,0,0,0,103808,104555,0,232,0
803278,1,0,7.95519e-006,0.00135205,0.0422232,0.251744,1,0,,0,0,0,0,0,0,0,0,103808,104555,0,232,0
803378,1,0,5.56864e-006,0.00108275,0.0381092,0.27212,1,0,,0,0,0,0,0,0,0,0,103808,104555,0,232,0
803478,1,0,3.89805e-006,0.000866982,0.034385,0.289708,1,0,,0,0,0,0,0,0,0,0,103808,104555,0,232,0
803578,1,0,2.72863e-006,0.000694131,0.0310159,0.311258,1,0,,0,0,0,0,0,0,0,0,103808,104555,0,232,0
803678,1,8,2.4,0.480556,0.0759699,0.277792,1,0,,0,0,0,0,0,0,0,0,103808,104555,0,232,0
803778,1,0,1.68,0.720445,0.140417,0.281292,1,0,,0,0,0,0,0,0,0,0,103808,104555,0,232,0
803878,1,0,1.176,0.811556,0.207531,0.287503,1,0,,0,0,0,0,0,0,0,0,103808,104555,0,232,0
803978,1,0,0.823201,0.813885,0.268167,0.32318,1,0,,0,0,0,0,0,0,0,0,103808,104555,0,232,0
804078,1,0,0.57624,0.766356,0.317986,0.286894,1,0,,0,0,0,0,0,0,0,0,103808,104555,0,232,0
804178,1,0,0.403368,0.693759,0.355563,0.300395,1,0,,0,0,0,0,0,0,0,0,103808,104555,0,232,0
804278,1,0,0.282358,0.611478,0.381154,0.280408,1,0,,0,0,0,0,0,0,0,0,103808,104555,0,232,0
804378,1,0,0.19765,0.528713,0.39591,0.282933,1,0,,0,0,0,0,0,0,0,0,103808,104555,0,232,0
804478,1,0,0.138355,0.450641,0.401383,0.296121,1,0,,0,0,0,0,0,0,0,0,103808,104555,0,232,0
804578,1,0,0.0968487,0.379883,0.399233,0.289732,1,0,,0,0,0,0,0,0,0,0,103808,104555,0,232,0
804678,1,0,0.0677941,0.317465,0.391056,0.287322,1,0,,0,0,0,0,0,0,0,0,103808,104555,0,232,0
804778,1,0,0.0474559,0.263463,0.378297,0.278934,1,0,,0,0,0,0,0,0,0,0,103808,104555,0,232,0
804878,1,0,0.0332191,0.217414,0.362209,0.284572,1,0,,0,0,0,0,0,0,0,0,103808,104555,0,232,0
804978,1,0,0.0232534,0.178582,0.343846,0.288124,1,0,,0,0,0,0,0,0,0,0,103808,104555,0,232,0
805078,1,0,0.0162774,0.146121,0.324074,0.270449,1,0,,0,0,0,0,0,0,0,0,103808,104555,0,232,0
805178,1,0,0.0113942,0.119176,0.303584,0.288612,1,0,,0,0,0,0,0,0,0,0,103808,104555,0,232,0
805278,1,0,0.00797591,0.0969359,0.282919,0.318974,1,0,,0,0,0,0,0,0,0,0,103808,104555,0,232,0
805378,1,0,0.00558313,0.0786653,0.262494,0.271074,1,0,,0,0,0,0,0,0,0,0,103808,104555,0,232,0
805478,1,0,0.00390819,0.0637139,0.242616,0.307437,1,0,,0,0,0,0,0,0,0,0,103808,104555,0,232,0
805578,1,0,0.00273574,0.0515183,0.223506,0.259187,1,0,,0,0,0,0,0,0,0,0,103808,104555,0,232,0
805678,1,0,0.00191502,0.0415976,0.205315,0.283778,1,0,,0,0,0,0,0,0,0,0,103808,104555,0,232,0
805778,1,0,0.00134051,0.0335462,0.188138,0.274751,1,0,,0,0,0,0,0,0,0,0,103808,104555,0,232,0
805878,1,0,0.000938357,0.0270246,0.172027,0.279938,1,0,,0,0,0,0,0,0,0,0,103808,104555,0,232,0
805978,1,0,0.00065685,0.0217511,0.156999,0.253451,1,0,,0,0,0,0,0,0,0,0,103808,104555,0,232,0
806078,1,0,0.000459795,0.0174928,0.143049,0.277326,1,0,,0,0,0,0,0,0,0,0,103808,104555,0,232,0
806178,1,0,0.000321857,0.0140586,0.13015,0.293626,1,0,,0,0,0,0,0,0,0,0,103808,104555,0,232,0
806278,1,0,0.0002253,0.011292,0.118264,0.282089,1,0,,0,0,0,0,0,0,0,0,103808,104555,0,232,0
806378,1,0,0.00015771,0.00906511,0.107344,0.266002,1,0,,0,0,0,0,0,0,0,0,103808,104555,0,232,0
806478,1,0,0.000110397,0.00727417,0.097337,0.264577,1,0,,0,0,0,0,0,0,0,0,103808,104555,0,232,0
806578,1,0,7.72778e-005,0.00583479,0.0881868,0.29031,1,0,,0,0,0,0,0,0,0,0,103808,104555,0,232,0
806678,1,0,5.40944e-005,0.00467865,0.079836,0.306598,1,0,,0,0,0,0,0,0,0,0,103808,104555,0,232,0
806778,1,0,3.78661e-005,0.00375049,0.0722274,0.273309,1,0,,0,0,0,0,0,0,0,0,103808,104555,0,232,0
806878,1,0,2.65063e-005,0.0030057,0.0653052,0.277423,1,0,,0,0,0,0,0,0,0,0,103808,104555,0,232,0
806978,1,0,1.85544e-005,0.00240827,0.0590155,0.270686,1,0,,0,0,0,0,0,0,0,0,103808,104555,0,232,0
807078,1,0,1.29881e-005,0.00192921,0.0533069,0.284259,1,0,,0,0,0,0,0,0,0,0,103808,104555,0,232,0
807178,1,0,9.09165e-006,0.00154519,0.0481307,0.289571,1,0,,0,0,0,0,0,0,0,0,103808,104555,0,232,0
807278,1,0,6.36416e-006,0.00123742,0.0434414,0.280197,1,0,,0,0,0,0,0,0,0,0,103808,104555,0,232,0
807378,1,0,4.45491e-006,0.00099083,0.0391963,0.301533,1,0,,0,0,0,0,0,0,0,0,103808,104555,0,232,0
807478,1,0,3.11844e-006,0.000793288,0.035356,0.283097,1,0,,0,0,0,0,0,0,0,0,103808,104555,0,232,0
807578,1,0,2.18291e-006,0.000635067,0.0318839,0.285247,1,0,,0,0,0,0,0,0,0,0,103808,104555,0,232,0
807678,1,8,2.4,0.480508,0.0767464,0.29827,1,0,,0,0,0,0,0,0,0,0,103808,104555,0,232,0
807778,1,0,1.68,0.720407,0.141112,0.264457,1,0,,0,0,0,0,0,0,0,0,103808,104555,0,232,0
807878,1,0,1.176,0.811526,0.208154,0.262821,1,0,,0,0,0,0,0,0,0,0,103808,104555,0,232,0
807978,1,0,0.8232,0.813861,0.268724,0.344521,1,0,,0,0,0,0,0,0,0,0,103808,104555,0,232,0
808078,1,0,0.57624,0.766337,0.318486,0.275358,1,0,,0,0,0,0,0,0,0,0,103808,104555,0,232,0
808178,1,0,0.403368,0.693743,0.356011,0.29967,1,0,,0,0,0,0,0,0,0,0,103808,104555,0,232,0
808278,1,0,0.282358,0.611466,0.381557,0.331707,1,0,,0,0,0,0,0,0,0,0,103808,104555,0,232,0
808378,1,1,0.49765,0.588703,0.402271,0.287706,1,0,,0,0,0,0,0,0,0,0,103808,104555,0,232,0
808478,1,0,0.348355,0.540633,0.416108,0.288469,1,0,,0,0,0,0,0,0,0,0,103808,104555,0,232,0
808578,1,0,0.243849,0.481276,0.422624,0.275118,1,0,,0,0,0,0,0,0,0,0,103808,104555,0,232,0
808678,1,0,0.170694,0.41916,0.422278,0.281905,1,0,,0,0,0,0,0,0,0,0,103808,104555,0,232,0
808778,1,0,0.119486,0.359225,0.415973,0.285566,1,0,,0,0,0,0,0,0,0,0,103808,104555,0,232,0
808878,1,0,0.0836401,0.304108,0.404786,0.265505,1,0,,0,0,0,0,0,0,0,0,103808,104555,0,232,0
808978,1,0,0.0585481,0.254996,0.389807,0.296781,1,0,,0,0,0,0,0,0,0,0,103808,104555,0,232,0
809078,1,0,0.0409836,0.212194,0.372046,0.268717,1,0,,0,0,0,0,0,0,0,0,103808,104555,0,232,0
809178,1,0,0.0286886,0.175493,0.35239,0.282954,1,0,,0,0,0,0,0,0,0,0,103808,104555,0,232,0
809278,1,0,0.020082,0.14441,0.331592,0.277166,1,0,,0,0,0,0,0,0,0,0,103808,104555,0,232,0
809378,1,0,0.0140574,0.11834,0.310267,0.295078,1,0,,0,0,0,0,0,0,0,0,103808,104555,0,232,0
809478,1,0,0.00984017,0.0966399,0.288904,0.258163,1,0,,0,0,0,0,0,0,0,0,103808,104555,0,232,0
809578,1,0,0.00688812,0.0786896,0.267883,0.273388,1,0,,0,0,0,0,0,0,0,0,103808,104555,0,232,0
809678,1,0,0.00482168,0.063916,0.247486,0.279125,1,0,,0,0,0,0,0,0,0,0,103808,104555,0,232,0
809778,1,0,0.00337518,0.0518078,0.227918,0.264701,1,0,,0,0,0,0,0,0,0,0,103808,104555,0,232,0
809878,1,0,0.00236263,0.0419188,0.209318,0.359025,1,0,,0,0,0,0,0,0,0,0,103808,104555,0,232,0
809978,1,0,0.00165384,0.0338658,0.191773,0.274314,1,0,,0,0,0,0,0,0,0,0,103808,104555,0,232,0
810078,1,0,0.00115769,0.0273242,0.175328,0.299139,1,0,,0,0,0,0,0,0,0,0,103808,104555,0,232,0
810178,1,0,0.00081038,0.0220214,0.159998,0.286026,1,0,,0,0,0,0,0,0,0,0,103808,104555,0,232,0
810278,1,0,0.000567266,0.0177306,0.145771,0.293777,1,0,,0,0,0,0,0,0,0,0,103808,104555,0,232,0
810378,1,0,0.000397086,0.0142639,0.13262,0.285053,1,0,,0,0,0,0,0,0,0,0,103808,104555,0,232,0
810478,1,0,0.00027796,0.0114667,0.120505,0.254691,1,0,,0,0,0,0,0,0,0,0,103808,104555,0,232,0
810578,1,0,0.000194572,0.00921228,0.109376,0.311903,1,0,,0,0,0,0,0,0,0,0,103808,104555,0,232,0
810678,1,0,0.000136201,0.00739706,0.0991777,0.279466,1,0,,0,0,0,0,0,0,0,0,103808,104555,0,232,0
810778,1,0,9.53404e-005,0.00593672,0.0898536,0.304903,1,0,,0,0,0,0,0,0,0,0,103808,104555,0,232,0
810878,1,0,6.67383e-005,0.00476272,0.0813445,0.275215,1,0,,0,0,0,0,0,0,0,0,103808,104555,0,232,0
810978,1,0,4.67168e-005,0.00381952,0.073592,0.275154,1,0,,0,0,0,0,0,0,0,0,103808,104555,0,232,0
811078,1,0,3.27018e-005,0.00306216,0.066539,0.290892,1,0,,0,0,0,0,0,0,0,0,103808,104555,0,232,0
811178,1,0,2.28912e-005,0.0024543,0.0601306,0.267406,1,0,,0,0,0,0,0,0,0,0,103808,104555,0,232,0
811278,1,0,1.60239e-005,0.00196665,0.0543142,0.268393,1,0,,0,0,0,0,0,0,0,0,103808,104555,0,232,0
811378,1,0,1.12167e-005,0.00157556,0.0490403,0.277584,1,0,,0,0,0,0,0,0,0,0,103808,104555,0,232,0
811478,1,0,7.85169e-006,0.00126202,0.0442625,0.286245,1,0,,0,0,0,0,0,0,0,0,103808,104555,0,232,0
811578,1,8,2.40001,0.481011,0.0879373,0.267454,1,0,,0,0,0,0,0,0,0,0,103808,104555,0,232,0
811678,1,0,1.68,0.720809,0.151224,0.288906,1,0,,0,0,0,0,0,0,0,0,103808,104555,0,232,0
811778,1,0,1.176,0.811848,0.217287,0.318944,1,0,,0,0,0,0,0,0,0,0,103808,104555,0,232,0
811878,1,0,0.823202,0.814119,0.27697,0.287831,1,0,,0,0,0,0,0,0,0,0,103808,104555,0,232,0
811978,1,0,0.576241,0.766543,0.325927,0.287795,1,0,,0,0,0,0,0,0,0,0,103808,104555,0,232,0
812078,1,0,0.403369,0.693908,0.362725,0.301157,1,0,,0,0,0,0,0,0,0,0,103808,104555,0,232,0
812178,1,0,0.282358,0.611598,0.387613,0.272207,1,0,,0,0,0,0,0,0,0,0,103808,104555,0,232,0
812278,1,0,0.197651,0.528809,0.401732,0.277796,1,0,,0,0,0,0,0,0,0,0,103808,104555,0,232,0
812378,1,0,0.138356,0.450718,0.406631,0.301431,1,0,,0,0,0,0,0,0,0,0,103808,104555,0,232,0
812478,1,0,0.0968489,0.379944,0.403962,0.314442,1,0,,0,0,0,0,0,0,0,0,103808,104555,0,232,0
812578,1,0,0.0677942,0.317514,0.395317,0.294292,1,0,,0,0,0,0,0,0,0,0,103808,104555,0,232,0
812678,1,0,0.0474559,0.263503,0.382136,0.280827,1,0,,0,0,0,0,0,0,0,0,103808,104555,0,232,0
812778,1,0,0.0332192,0.217446,0.365667,0.270903,1,0,,0,0,0,0,0,0,0,0,103808,104555,0,232,0
812878,1,0,0.0232534,0.178607,0.346961,0.288178,1,0,,0,0,0,0,0,0,0,0,103808,104555,0,232,0
812978,1,0,0.0162774,0.146141,0.326879,0.274128,1,0,,0,0,0,0,0,0,0,0,103808,104555,0,232,0
813078,1,0,0.0113942,0.119192,0.30611,0.271789,1,0,,0,0,0,0,0,0,0,0,103808,104555,0,232,0
813178,1,0,0.00797592,0.0969488,0.285194,0.304479,1,0,,0,0,0,0,0,0,0,0,103808,104555,0,232,0
813278,1,0,0.00558314,0.0786757,0.264542,0.293466,1,0,,0,0,0,0,0,0,0,0,103808,104555,0,232,0
813378,1,0,0.0039082,0.0637222,0.24446,0.246318,1,0,,0,0,0,0,0,0,0,0,103808,104555,0,232,0
813478,1,0,0.00273574,0.0515249,0.225167,0.278642,1,0,,0,0,0,0,0,0,0,0,103808,104555,0,232,0
813578,1,0,0.00191502,0.0416029,0.20681,0.300842,1,0,,0,0,0,0,0,0,0,0,103808,104555,0,232,0
813678,1,0,0.00134051,0.0335504,0.189484,0.274804,1,0,,0,0,0,0,0,0,0,0,103808,104555,0,232,0
813778,1,0,0.000938359,0.027028,0.173239,0.329883,1,0,,0,0,0,0,0,0,0,0,103808,104555,0,232,0
813878,1,0,0.000656851,0.0217538,0.15809,0.279059,1,0,,0,0,0,0,0,0,0,0,103808,104555,0,232,0
813978,1,0,0.000459796,0.017495,0.144031,0.286549,1,0,,0,0,0,0,0,0,0,0,103808,104555,0,232,0
814078,1,0,0.000321857,0.0140604,0.131034,0.25715,1,0,,0,0,0,0,0,0,0,0,103808,104555,0,232,0
814178,1,0,0.0002253,0.0112933,0.11906,0.261212,1,0,,0,0,0,0,0,0,0,0,103808,104555,0,232,0
814278,1,0,0.00015771,0.00906622,0.10806,0.2602,1,0,,0,0,0,0,0,0,0,0,103808,104555,0,232,0
814378,1,0,0.000110397,0.00727506,0.0979817,0.293289,1,0,,0,0,0,0,0,0,0,0,103808,104555,0,232,0
814478,1,0,7.72779e-005,0.0058355,0.0887671,0.286652,1,0,,0,0,0,0,0,0,0,0,103808,104555,0,232,0
814578,1,0,5.40945e-005,0.00467922,0.0803583,0.280114,1,0,,0,0,0,0,0,0,0,0,103808,104555,0,232,0
814678,1,0,3.78662e-005,0.00375095,0.0726976,0.279502,1,0,,0,0,0,0,0,0,0,0,103808,104555,0,232,0
814778,1,0,2.65063e-005,0.00300606,0.0657284,0.316252,1,0,,0,0,0,0,0,0,0,0,103808,104555,0,232,0
814878,1,0,1.85544e-005,0.00240856,0.0593964,0.311302,1,0,,0,0,0,0,0,0,0,0,103808,104555,0,232,0
814978,1,0,1.29881e-005,0.00192945,0.0536497,0.3021,1,0,,0,0,0,0,0,0,0,0,103808,104555,0,232,0
815078,1,0,9.09166e-006,0.00154537,0.0484393,0.288188,1,0,,0,0,0,0,0,0,0,0,103808,104555,0,232,0
815178,1,0,6.36416e-006,0.00123757,0.0437191,0.271164,1,0,,0,0,0,0,0,0,0,0,103808,104555,0,232,0
815278,1,0,4.45492e-006,0.000990949,0.0394463,0.283053,1,0,,0,0,0,0,0,0,0,0,103808,104555,0,232,0
815378,1,0,3.11844e-006,0.000793383,0.035581,0.294404,1,0,,0,0,0,0,0,0,0,0,103808,104555,0,232,0
815478,1,0,2.18291e-006,0.000635143,0.0320864,0.268041,1,0,,0,0,0,0,0,0,0,0,103808,104555,0,232,0
815578,1,8,2.4,0.480508,0.0769286,0.277148,1,0,,0,0,0,0,0,0,0,0,103808,104555,0,232,0
815678,1,0,1.68,0.720407,0.141276,0.263022,1,0,,0,0,0,0,0,0,0,0,103808,104555,0,232,0
815778,1,0,1.176,0.811526,0.208301,0.262374,1,0,,0,0,0,0,0,0,0,0,103808,104555,0,232,0
815878,1,0,0.8232,0.813861,0.268857,0.26075,1,0,,0,0,0,0,0,0,0,0,103808,104555,0,232,0
815978,1,0,0.57624,0.766337,0.318605,0.2836,1,0,,0,0,0,0,0,0,0,0,103808,104555,0,232,0
816078,1,0,0.403368,0.693743,0.356119,0.256675,1,0,,0,0,0,0,0,0,0,0,103808,104555,0,232,0
816178,1,0,0.282358,0.611466,0.381654,0.307338,1,0,,0,0,0,0,0,0,0,0,103808,104555,0,232,0
816278,1,0,0.19765,0.528703,0.396359,0.259312,1,0,,0,0,0,0,0,0,0,0,103808,104555,0,232,0
816378,1,0,0.138355,0.450633,0.401786,0.260049,1,0,,0,0,0,0,0,0,0,0,103808,104555,0,232,0
816478,1,0,0.0968487,0.379876,0.399595,0.301248,1,0,,0,0,0,0,0,0,0,0,103808,104555,0,232,0
816578,1,0,0.0677941,0.31746,0.391382,0.263559,1,0,,0,0,0,0,0,0,0,0,103808,104555,0,232,0
816678,1,0,0.0474559,0.263459,0.378589,0.291286,1,0,,0,0,0,0,0,0,0,0,103808,104555,0,232,0
816778,1,0,0.0332191,0.217411,0.362472,0.320745,1,0,,0,0,0,0,0,0,0,0,103808,104555,0,232,0
816878,1,0,0.0232534,0.17858,0.344082,0.308807,1,0,,0,0,0,0,0,0,0,0,103808,104555,0,232,0
816978,1,0,0.0162774,0.146119,0.324286,0.267845,1,0,,0,0,0,0,0,0,0,0,103808,104555,0,232,0
817078,1,0,0.0113942,0.119174,0.303775,0.27102,1,0,,0,0,0,0,0,0,0,0,103808,104555,0,232,0
817178,1,0,0.00797591,0.0969345,0.283091,0.267483,1,0,,0,0,0,0,0,0,0,0,103808,104555,0,232,0
817278,1,0,0.00558313,0.0786642,0.262648,0.301533,1,0,,0,0,0,0,0,0,0,0,103808,104555,0,232,0
817378,1,0,0.00390819,0.063713,0.242755,0.266144,1,0,,0,0,0,0,0,0,0,0,103808,104555,0,232,0
817478,1,0,0.00273574,0.0515176,0.223631,0.31423,1,0,,0,0,0,0,0,0,0,0,103808,104555,0,232,0
817578,1,0,0.00191501,0.0415971,0.205427,0.271131,1,0,,0,0,0,0,0,0,0,0,103808,104555,0,232,0
817678,1,0,0.00134051,0.0335457,0.188239,0.277943,1,0,,0,0,0,0,0,0,0,0,103808,104555,0,232,0
817778,1,0,0.000938357,0.0270243,0.172118,0.290366,1,0,,0,0,0,0,0,0,0,0,103808,104555,0,232,0
817878,1,0,0.00065685,0.0217508,0.157081,0.28614,1,0,,0,0,0,0,0,0,0,0,103808,104555,0,232,0
817978,1,0,0.000459795,0.0174926,0.143122,0.300926,1,0,,0,0,0,0,0,0,0,0,103808,104555,0,232,0
818078,1,0,0.000321856,0.0140584,0.130216,0.293475,1,0,,0,0,0,0,0,0,0,0,103808,104555,0,232,0
818178,1,0,0.0002253,0.0112918,0.118323,0.264163,1,0,,0,0,0,0,0,0,0,0,103808,104555,0,232,0
818278,1,0,0.00015771,0.00906499,0.107398,0.268286,1,0,,0,0,0,0,0,0,0,0,103808,104555,0,232,0
818378,1,0,0.000110397,0.00727407,0.0973853,0.256285,1,0,,0,0,0,0,0,0,0,0,103808,104555,0,232,0
818478,1,0,7.72777e-005,0.00583471,0.0882302,0.319983,1,0,,0,0,0,0,0,0,0,0,103808,104555,0,232,0
818578,1,0,5.40944e-005,0.00467859,0.079875,0.281746,1,0,,0,0,0,0,0,0,0,0,103808,104555,0,232,0
818678,1,0,3.78661e-005,0.00375045,0.0722626,0.274398,1,0,,0,0,0,0,0,0,0,0,103808,104555,0,232,0
818778,1,0,2.65063e-005,0.00300566,0.0653369,0.316036,1,0,,0,0,0,0,0,0,0,0,103808,104555,0,232,0
818878,1,0,1.85544e-005,0.00240824,0.059044,0.277834,1,0,,0,0,0,0,0,0,0,0,103808,104555,0,232,0
818978,1,0,1.29881e-005,0.00192919,0.0533325,0.312296,1,0,,0,0,0,0,0,0,0,0,103808,104555,0,232,0
819078,1,0,9.09165e-006,0.00154517,0.0481538,0.288381,1,0,,0,0,0,0,0,0,0,0,103808,104555,0,232,0
819178,1,0,6.36415e-006,0.00123741,0.0434622,0.281292,1,0,,0,0,0,0,0,0,0,0,103808,104555,0,232,0
819278,1,0,4.45491e-006,0.000990817,0.039215,0.29098,1,0,,0,0,0,0,0,0,0,0,103808,104555,0,232,0
819378,1,0,3.11844e-006,0.000793277,0.0353728,0.283515,1,0,,0,0,0,0,0,0,0,0,103808,104555,0,232,0
819478,1,8,2.4,0.480635,0.0798991,0.293176,1,0,,0,0,0,0,0,0,0,0,103808,104555,0,232,0
819578,1,0,1.68,0.720508,0.14396,0.30969,1,0,,0,0,0,0,0,0,0,0,103808,104555,0,232,0
819678,1,0,1.176,0.811607,0.210725,0.265003,1,0,,0,0,0,0,0,0,0,0,103808,104555,0,232,0
819778,1,0,0.823201,0.813926,0.271045,0.287401,1,0,,0,0,0,0,0,0,0,0,103808,104555,0,232,0
819878,1,0,0.576241,0.766389,0.320579,0.266938,1,0,,0,0,0,0,0,0,0,0,103808,104555,0,232,0
819978,1,0,0.403368,0.693785,0.3579,0.323827,1,0,,0,0,0,0,0,0,0,0,103808,104555,0,232,0
820078,1,0,0.282358,0.611499,0.38326,0.281902,1,0,,0,0,0,0,0,0,0,0,103808,104555,0,232,0
820178,1,0,0.197651,0.528729,0.397807,0.275267,1,0,,0,0,0,0,0,0,0,0,103808,104555,0,232,0
820278,1,0,0.138355,0.450655,0.403091,0.283318,1,0,,0,0,0,0,0,0,0,0,103808,104555,0,232,0
820378,1,0,0.0968487,0.379894,0.400772,0.311445,1,0,,0,0,0,0,0,0,0,0,103808,104555,0,232,0
820478,1,0,0.0677941,0.317474,0.392442,0.298283,1,0,,0,0,0,0,0,0,0,0,103808,104555,0,232,0
820578,1,0,0.0474559,0.26347,0.379545,0.26617,1,0,,0,0,0,0,0,0,0,0,103808,104555,0,232,0
820678,1,0,0.0332191,0.21742,0.363332,0.28892,1,0,,0,0,0,0,0,0,0,0,103808,104555,0,232,0
820778,1,0,0.0232534,0.178587,0.344858,0.27527,1,0,,0,0,0,0,0,0,0,0,103808,104555,0,232,0
820878,1,0,0.0162774,0.146125,0.324984,0.30197,1,0,,0,0,0,0,0,0,0,0,103808,104555,0,232,0
820978,1,0,0.0113942,0.119179,0.304404,0.287316,1,0,,0,0,0,0,0,0,0,0,103808,104555,0,232,0
821078,1,0,0.00797591,0.0969381,0.283657,0.295718,1,0,,0,0,0,0,0,0,0,0,103808,104555,0,232,0
821178,1,0,0.00558314,0.0786671,0.263158,0.267682,1,0,,0,0,0,0,0,0,0,0,103808,104555,0,232,0
821278,1,0,0.0039082,0.0637153,0.243214,0.278883,1,0,,0,0,0,0,0,0,0,0,103808,104555,0,232,0
821378,1,0,0.00273574,0.0515194,0.224044,0.297259,1,0,,0,0,0,0,0,0,0,0,103808,104555,0,232,0
821478,1,0,0.00191502,0.0415985,0.2058,0.278875,1,0,,0,0,0,0,0,0,0,0,103808,104555,0,232,0
821578,1,0,0.00134051,0.0335469,0.188574,0.260862,1,0,,0,0,0,0,0,0,0,0,103808,104555,0,232,0
821678,1,0,0.000938358,0.0270252,0.17242,0.280338,1,0,,0,0,0,0,0,0,0,0,103808,104555,0,232,0
821778,1,0,0.00065685,0.0217515,0.157353,0.314786,1,0,,0,0,0,0,0,0,0,0,103808,104555,0,232,0
821878,1,0,0.000459795,0.0174932,0.143367,0.297386,1,0,,0,0,0,0,0,0,0,0,103808,104555,0,232,0
821978,1,0,0.000321857,0.0140589,0.130436,0.299774,1,0,,0,0,0,0,0,0,0,0,103808,104555,0,232,0
822078,1,0,0.0002253,0.0112922,0.118522,0.288886,1,0,,0,0,0,0,0,0,0,0,103808,104555,0,232,0
822178,1,0,0.00015771,0.0090653,0.107576,0.280588,1,0,,0,0,0,0,0,0,0,0,103808,104555,0,232,0
822278,1,0,0.000110397,0.00727432,0.0975458,0.290638,1,0,,0,0,0,0,0,0,0,0,103808,104555,0,232,0
822378,1,0,7.72778e-005,0.00583491,0.0883747,0.268888,1,0,,0,0,0,0,0,0,0,0,103808,104555,0,232,0
822478,1,0,5.40944e-005,0.00467875,0.0800051,0.283925,1,0,,0,0,0,0,0,0,0,0,103808,104555,0,232,0
822578,1,0,3.78661e-005,0.00375057,0.0723796,0.295461,1,0,,0,0,0,0,0,0,0,0,103808,104555,0,232,0
822678,1,0,2.65063e-005,0.00300576,0.0654423,0.255661,1,0,,0,0,0,0,0,0,0,0,103808,104555,0,232,0
822778,1,0,1.85544e-005,0.00240832,0.0591389,0.283991,1,0,,0,0,0,0,0,0,0,0,103808,104555,0,232,0
822878,1,0,1.29881e-005,0.00192925,0.0534179,0.307289,1,0,,0,0,0,0,0,0,0,0,103808,104555,0,232,0
822978,1,0,9.09165e-006,0.00154522,0.0482306,0.287078,1,0,,0,0,0,0,0,0,0,0,103808,104555,0,232,0
823078,1,0,6.36416e-006,0.00123745,0.0435313,0.343867,1,0,,0,0,0,0,0,0,0,0,103808,104555,0,232,0
823178,1,0,4.45491e-006,0.00099085,0.0392773,0.320205,1,0,,0,0,0,0,0,0,0,0,103808,104555,0,232,0
823278,1,0,3.11844e-006,0.000793304,0.0354289,0.262729,1,0,,0,0,0,0,0,0,0,0,103808,104555,0,232,0
823378,1,0,2.18291e-006,0.00063508,0.0319495,0.290017,1,0,,0,0,0,0,0,0,0,0,103808,104555,0,232,0
823478,1,7,2.1,0.420508,0.0708054,0.265162,1,0,,0,0,0,0,0,0,0,0,103808,104555,0,232,0
823578,1,0,1.47,0.630407,0.126766,0.271074,1,0,,0,0,0,0,0,0,0,0,103808,104555,0,232,0
823678,1,0,1.029,0.710126,0.185102,0.269762,1,0,,0,0,0,0,0,0,0,0,103808,104555,0,232,0
823778,1,0,0.7203,0.712161,0.237807,0.318174,1,0,,0,0,0,0,0,0,0,0,103808,104555,0,232,0
823878,1,0,0.50421,0.670571,0.281084,0.31025,1,0,,0,0,0,0,0,0,0,0,103808,104555,0,232,0
823978,1,0,0.352947,0.607046,0.31368,0.312875,1,0,,0,0,0,0,0,0,0,0,103808,104555,0,232,0
824078,1,0,0.247063,0.535049,0.335817,0.280275,1,0,,0,0,0,0,0,0,0,0,103808,104555,0,232,0
824178,1,0,0.172944,0.462628,0.348498,0.309964,1,0,,0,0,0,0,0,0,0,0,103808,104555,0,232,0
824278,1,0,0.121061,0.394315,0.35308,0.314013,1,0,,0,0,0,0,0,0,0,0,103808,104555,0,232,0
824378,1,0,0.0847426,0.3324,0.351012,0.279029,1,0,,0,0,0,0,0,0,0,0,103808,104555,0,232,0
824478,1,0,0.0593198,0.277784,0.343689,0.288392,1,0,,0,0,0,0,0,0,0,0,103808,104555,0,232,0
824578,1,0,0.0415239,0.230532,0.332373,0.311193,1,0,,0,0,0,0,0,0,0,0,103808,104555,0,232,0
824678,1,0,0.0290667,0.190239,0.31816,0.292555,1,0,,0,0,0,0,0,0,0,0,103808,104555,0,232,0
824778,1,0,0.0203467,0.156261,0.30197,0.271429,1,0,,0,0,0,0,0,0,0,0,103808,104555,0,232,0
824878,1,0,0.0142427,0.127857,0.284559,0.312116,1,0,,0,0,0,0,0,0,0,0,103808,104555,0,232,0
824978,1,0,0.00996988,0.10428,0.266531,0.317192,1,0,,0,0,0,0,0,0,0,0,103808,104555,0,232,0
825078,1,0,0.00697892,0.0848195,0.24836,0.280728,1,0,,0,0,0,0,0,0,0,0,103808,104555,0,232,0
825178,1,0,0.00488524,0.0688326,0.230407,0.285352,1,0,,0,0,0,0,0,0,0,0,103808,104555,0,232,0
825278,1,0,0.00341967,0.05575,0.212941,0.302162,1,0,,0,0,0,0,0,0,0,0,103808,104555,0,232,0
825378,1,0,0.00239377,0.0450788,0.196155,0.292025,1,0,,0,0,0,0,0,0,0,0,103808,104555,0,232,0
825478,1,0,0.00167564,0.0363982,0.180179,0.268398,1,0,,0,0,0,0,0,0,0,0,103808,104555,0,232,0
825578,1,0,0.00117295,0.0293531,0.165097,0.300736,1,0,,0,0,0,0,0,0,0,0,103808,104555,0,232,0
825678,1,0,0.000821063,0.0236467,0.150952,0.276625,1,0,,0,0,0,0,0,0,0,0,103808,104555,0,232,0
825778,1,0,0.000574744,0.0190323,0.13776,0.289827,1,0,,0,0,0,0,0,0,0,0,103808,104555,0,232,0
825878,1,0,0.000402321,0.0153063,0.125514,0.294616,1,0,,0,0,0,0,0,0,0,0,103808,104555,0,232,0
825978,1,0,0.000281625,0.0123014,0.114193,0.269479,1,0,,0,0,0,0,0,0,0,0,103808,104555,0,232,0
826078,1,0,0.000197137,0.00988053,0.103762,0.291141,1,0,,0,0,0,0,0,0,0,0,103808,104555,0,232,0
826178,1,0,0.000137996,0.00793202,0.0941789,0.278029,1,0,,0,0,0,0,0,0,0,0,103808,104555,0,232,0
826278,1,0,9.65972e-005,0.00636494,0.0853975,0.297206,1,0,,0,0,0,0,0,0,0,0,103808,104555,0,232,0
826378,1,0,6.7618e-005,0.00510547,0.0773683,0.276538,1,0,,0,0,0,0,0,0,0,0,103808,104555,0,232,0
826478,1,0,4.73326e-005,0.00409385,0.0700408,0.27921,1,0,,0,0,0,0,0,0,0,0,103808,104555,0,232,0
826578,1,0,3.31328e-005,0.0032817,0.0633649,0.283235,1,0,,0,0,0,0,0,0,0,0,103808,104555,0,232,0
826678,1,0,2.3193e-005,0.00263,0.0572914,0.302859,1,0,,0,0,0,0,0,0,0,0,103808,104555,0,232,0
826778,1,0,1.62351e-005,0.00210725,0.051773,0.274923,1,0,,0,0,0,0,0,0,0,0,103808,104555,0,232,0
826878,1,0,1.13646e-005,0.00168807,0.0467645,0.267059,1,0,,0,0,0,0,0,0,0,0,103808,104555,0,232,0
826978,1,0,7.95519e-006,0.00135205,0.0422233,0.293136,1,0,,0,0,0,0,0,0,0,0,103808,104555,0,232,0
827078,1,0,5.56864e-006,0.00108275,0.0381092,0.273585,1,0,,0,0,0,0,0,0,0,0,103808,104555,0,232,0
827178,1,0,3.89805e-006,0.000866982,0.034385,0.312573,1,0,,0,0,0,0,0,0,0,0,103808,104555,0,232,0
827278,1,0,2.72863e-006,0.000694131,0.0310159,0.304123,1,0,,0,0,0,0,0,0,0,0,103808,104555,0,232,0
827378,1,8,2.4,0.480556,0.0759699,0.286521,1,0,,0,0,0,0,0,0,0,0,103808,104555,0,232,0
827478,1,0,1.68,0.720445,0.140417,0.277432,1,0,,0,0,0,0,0,0,0,0,103808,104555,0,232,0
827578,1,0,1.176,0.811556,0.207531,0.282032,1,0,,0,0,0,0,0,0,0,0,103808,104555,0,232,0
827678,1,0,0.823201,0.813885,0.268167,0.295746,1,0,,0,0,0,0,0,0,0,0,103808,104555,0,232,0
827778,1,0,0.57624,0.766356,0.317986,0.318409,1,0,,0,0,0,0,0,0,0,0,103808,104555,0,232,0
827878,1,0,0.403368,0.693759,0.355563,0.315882,1,0,,0,0,0,0,0,0,0,0,103808,104555,0,232,0
827978,1,0,0.282358,0.611478,0.381154,0.282906,1,0,,0,0,0,0,0,0,0,0,103808,104555,0,232,0
828078,1,0,0.19765,0.528713,0.39591,0.335455,1,0,,0,0,0,0,0,0,0,0,103808,104555,0,232,0
828178,1,0,0.138355,0.450641,0.401383,0.280666,1,0,,0,0,0,0,0,0,0,0,103808,104555,0,232,0
828278,1,0,0.0968487,0.379883,0.399233,0.283692,1,0,,0,0,0,0,0,0,0,0,103808,104555,0,232,0
828378,1,0,0.0677941,0.317465,0.391056,0.294167,1,0,,0,0,0,0,0,0,0,0,103808,104555,0,232,0
828478,1,0,0.0474559,0.263463,0.378297,0.313442,1,0,,0,0,0,0,0,0,0,0,103808,104555,0,232,0
828578,1,0,0.0332191,0.217414,0.362209,0.269593,1,0,,0,0,0,0,0,0,0,0,103808,104555,0,232,0
828678,1,0,0.0232534,0.178582,0.343846,0.27748,1,0,,0,0,0,0,0,0,0,0,103808,104555,0,232,0
828778,1,0,0.0162774,0.146121,0.324074,0.277204,1,0,,0,0,0,0,0,0,0,0,103808,104555,0,232,0
828878,1,0,0.0113942,0.119176,0.303584,0.296293,1,0,,0,0,0,0,0,0,0,0,103808,104555,0,232,0
828978,1,0,0.00797591,0.0969359,0.282919,0.297619,1,0,,0,0,0,0,0,0,0,0,103808,104555,0,232,0
829078,1,0,0.00558313,0.0786653,0.262494,0.26518,1,0,,0,0,0,0,0,0,0,0,103808,104555,0,232,0
829178,1,0,0.00390819,0.0637139,0.242616,0.290579,1,0,,0,0,0,0,0,0,0,0,103808,104555,0,232,0
829278,1,0,0.00273574,0.0515183,0.223506,0.315028,1,0,,0,0,0,0,0,0,0,0,103808,104555,0,232,0
829378,1,0,0.00191502,0.0415976,0.205315,0.291182,1,0,,0,0,0,0,0,0,0,0,103808,104555,0,232,0
829478,1,0,0.00134051,0.0335462,0.188138,0.28798,1,0,,0,0,0,0,0,0,0,0,103808,104555,0,232,0
829578,1,0,0.000938357,0.0270246,0.172027,0.284694,1,0,,0,0,0,0,0,0,0,0,103808,104555,0,232,0
829678,1,0,0.00065685,0.0217511,0.156999,0.29583,1,0,,0,0,0,0,0,0,0,0,103808,104555,0,232,0
829778,1,0,0.000459795,0.0174928,0.143049,0.274392,1,0,,0,0,0,0,0,0,0,0,103808,104555,0,232,0
829878,1,0,0.000321857,0.0140586,0.13015,0.266377,1,0,,0,0,0,0,0,0,0,0,103808,104555,0,232,0
829978,1,0,0.0002253,0.011292,0.118264,0.295908,1,0,,0,0,0,0,0,0,0,0,103808,104555,0,232,0
830078,1,0,0.00015771,0.00906511,0.107344,0.292832,1,0,,0,0,0,0,0,0,0,0,103808,104555,0,232,0
830178,1,0,0.000110397,0.00727417,0.097337,0.322858,1,0,,0,0,0,0,0,0,0,0,103808,104555,0,232,0
830278,1,0,7.72778e-005,0.00583479,0.0881868,0.275334,1,0,,0,0,0,0,0,0,0,0,103808,104555,0,232,0
830378,1,0,5.40944e-005,0.00467865,0.079836,0.279935,1,0,,0,0,0,0,0,0,0,0,103808,104555,0,232,0
830478,1,0,3.78661e-005,0.00375049,0.0722274,0.267925,1,0,,0,0,0,0,0,0,0,0,103808,104555,0,232,0
830578,1,0,2.65063e-005,0.0030057,0.0653052,0.295562,1,0,,0,0,0,0,0,0,0,0,103808,104555,0,232,0
830678,1,0,1.85544e-005,0.00240827,0.0590155,0.31361,1,0,,0,0,0,0,0,0,0,0,103808,104555,0,232,0
830778,1,0,1.29881e-005,0.00192921,0.0533069,0.307022,1,0,,0,0,0,0,0,0,0,0,103808,104555,0,232,0
830878,1,0,9.09165e-006,0.00154519,0.0481307,0.28866,1,0,,0,0,0,0,0,0,0,0,103808,104555,0,232,0
830978,1,0,6.36416e-006,0.00123742,0.0434414,0.321759,1,0,,0,0,0,0,0,0,0,0,103808,104555,0,232,0
831078,1,0,4.45491e-006,0.00099083,0.0391963,0.256546,1,0,,0,0,0,0,0,0,0,0,103808,104555,0,232,0
831178,1,0,3.11844e-006,0.000793288,0.035356,0.280622,1,0,,0,0,0,0,0,0,0,0,103808,104555,0,232,0
831278,1,8,2.4,0.480635,0.0798839,0.286388,1,0,,0,0,0,0,0,0,0,0,103808,104555,0,232,0
831378,1,0,1.68,0.720508,0.143946,0.264088,1,0,,0,0,0,0,0,0,0,0,103808,104555,0,232,0
831478,1,0,1.176,0.811607,0.210712,0.287125,1,0,,0,0,0,0,0,0,0,0,103808,104555,0,232,0
831578,1,0,0.823201,0.813926,0.271034,0.288699,1,0,,0,0,0,0,0,0,0,0,103808,104555,0,232,0
831678,1,0,0.576241,0.766389,0.320569,0.271323,1,0,,0,0,0,0,0,0,0,0,103808,104555,0,232,0
831778,1,0,0.403368,0.693785,0.357891,0.278452,1,0,,0,0,0,0,0,0,0,0,103808,104555,0,232,0
831878,1,0,0.282358,0.611499,0.383252,0.315876,1,0,,0,0,0,0,0,0,0,0,103808,104555,0,232,0
831978,1,0,0.197651,0.52873,0.397799,0.257488,1,0,,0,0,0,0,0,0,0,0,103808,104555,0,232,0
832078,1,0,0.138355,0.450655,0.403085,0.285087,1,0,,0,0,0,0,0,0,0,0,103808,104555,0,232,0
832178,1,0,0.0968487,0.379894,0.400766,0.254688,1,0,,0,0,0,0,0,0,0,0,103808,104555,0,232,0
832278,1,0,0.0677941,0.317474,0.392437,0.299313,1,0,,0,0,0,0,0,0,0,0,103808,104555,0,232,0
832378,1,0,0.0474559,0.26347,0.37954,0.288089,1,0,,0,0,0,0,0,0,0,0,103808,104555,0,232,0
832478,1,0,0.0332191,0.21742,0.363328,0.289189,1,0,,0,0,0,0,0,0,0,0,103808,104555,0,232,0
832578,1,0,0.0232534,0.178587,0.344854,0.275202,1,0,,0,0,0,0,0,0,0,0,103808,104555,0,232,0
832678,1,0,0.0162774,0.146125,0.324981,0.276513,1,0,,0,0,0,0,0,0,0,0,103808,104555,0,232,0
832778,1,0,0.0113942,0.119179,0.304401,0.298026,1,0,,0,0,0,0,0,0,0,0,103808,104555,0,232,0
832878,1,0,0.00797591,0.0969381,0.283654,0.30895,1,0,,0,0,0,0,0,0,0,0,103808,104555,0,232,0
832978,1,0,0.00558314,0.0786671,0.263156,0.293111,1,0,,0,0,0,0,0,0,0,0,103808,104555,0,232,0
833078,1,0,0.0039082,0.0637153,0.243212,0.272485,1,0,,0,0,0,0,0,0,0,0,103808,104555,0,232,0
833178,1,0,0.00273574,0.0515194,0.224042,0.303823,1,0,,0,0,0,0,0,0,0,0,103808,104555,0,232,0
833278,1,0,0.00191502,0.0415985,0.205798,0.300212,1,0,,0,0,0,0,0,0,0,0,103808,104555,0,232,0
833378,1,0,0.00134051,0.0335469,0.188573,0.301239,1,0,,0,0,0,0,0,0,0,0,103808,104555,0,232,0
833478,1,0,0.000938358,0.0270252,0.172418,0.274624,1,0,,0,0,0,0,0,0,0,0,103808,104555,0,232,0
833578,1,0,0.00065685,0.0217515,0.157351,0.329823,1,0,,0,0,0,0,0,0,0,0,103808,104555,0,232,0
833678,1,0,0.000459795,0.0174932,0.143366,0.293451,1,0,,0,0,0,0,0,0,0,0,103808,104555,0,232,0
833778,1,0,0.000321857,0.0140589,0.130435,0.292587,1,0,,0,0,0,0,0,0,0,0,103808,104555,0,232,0
833878,1,0,0.0002253,0.0112922,0.118521,0.295013,1,0,,0,0,0,0,0,0,0,0,103808,104555,0,232,0
833978,1,0,0.00015771,0.0090653,0.107575,0.294087,1,0,,0,0,0,0,0,0,0,0,103808,104555,0,232,0
834078,1,0,0.000110397,0.00727432,0.097545,0.271573,1,0,,0,0,0,0,0,0,0,0,103808,104555,0,232,0
834178,1,0,7.72778e-005,0.00583491,0.088374,0.30626,1,0,,0,0,0,0,0,0,0,0,103808,104555,0,232,0
834278,1,0,5.40944e-005,0.00467875,0.0800045,0.284158,1,0,,0,0,0,0,0,0,0,0,103808,104555,0,232,0
834378,1,0,3.78661e-005,0.00375057,0.0723791,0.275097,1,0,,0,0,0,0,0,0,0,0,103808,104555,0,232,0
834478,1,0,2.65063e-005,0.00300576,0.0654418,0.290597,1,0,,0,0,0,0,0,0,0,0,103808,104555,0,232,0
834578,1,0,1.85544e-005,0.00240832,0.0591384,0.297422,1,0,,0,0,0,0,0,0,0,0,103808,104555,0,232,0
834678,1,0,1.29881e-005,0.00192925,0.0534175,0.288134,1,0,,0,0,0,0,0,0,0,0,103808,104555,0,232,0
834778,1,0,9.09165e-006,0.00154522,0.0482303,0.295082,1,0,,0,0,0,0,0,0,0,0,103808,104555,0,232,0
834878,1,0,6.36416e-006,0.00123745,0.043531,0.302658,1,0,,0,0,0,0,0,0,0,0,103808,104555,0,232,0
834978,1,0,4.45491e-006,0.00099085,0.039277,0.298759,1,0,,0,0,0,0,0,0,0,0,103808,104555,0,232,0
835078,1,0,3.11844e-006,0.000793304,0.0354286,0.264521,1,0,,0,0,0,0,0,0,0,0,103808,104555,0,232,0
835178,1,0,2.18291e-006,0.00063508,0.0319493,0.302981,1,0,,0,0,0,0,0,0,0,0,103808,104555,0,232,0
835278,1,8,2.4,0.480508,0.0768052,0.249829,1,0,,0,0,0,0,0,0,0,0,103808,104555,0,232,0
835378,1,0,1.68,0.720407,0.141165,0.285744,1,0,,0,0,0,0,0,0,0,0,103808,104555,0,232,0
835478,1,0,1.176,0.811526,0.208201,0.257933,1,0,,0,0,0,0,0,0,0,0,103808,104555,0,232,0
835578,1,0,0.8232,0.813861,0.268767,0.266146,1,0,,0,0,0,0,0,0,0,0,103808,104555,0,232,0
835678,1,0,0.57624,0.766337,0.318524,0.274057,1,0,,0,0,0,0,0,0,0,0,103808,104555,0,232,0
835778,1,0,0.403368,0.693743,0.356046,0.271832,1,0,,0,0,0,0,0,0,0,0,103808,104555,0,232,0
835878,1,0,0.282358,0.611466,0.381588,0.331031,1,0,,0,0,0,0,0,0,0,0,103808,104555,0,232,0
835978,1,0,0.19765,0.528703,0.3963,0.301055,1,0,,0,0,0,0,0,0,0,0,103808,104555,0,232,0
836078,1,0,0.138355,0.450633,0.401733,0.312617,1,0,,0,0,0,0,0,0,0,0,103808,104555,0,232,0
836178,1,0,0.0968487,0.379876,0.399547,0.28389,1,0,,0,0,0,0,0,0,0,0,103808,104555,0,232,0
836278,1,0,0.0677941,0.31746,0.391339,0.295614,1,0,,0,0,0,0,0,0,0,0,103808,104555,0,232,0
836378,1,0,0.0474559,0.263459,0.378551,0.284202,1,0,,0,0,0,0,0,0,0,0,103808,104555,0,232,0
836478,1,0,0.0332191,0.217411,0.362437,0.281413,1,0,,0,0,0,0,0,0,0,0,103808,104555,0,232,0
836578,1,0,0.0232534,0.17858,0.344051,0.263339,1,0,,0,0,0,0,0,0,0,0,103808,104555,0,232,0
836678,1,0,0.0162774,0.146119,0.324258,0.281601,1,0,,0,0,0,0,0,0,0,0,103808,104555,0,232,0
836778,1,0,0.0113942,0.119174,0.303749,0.271514,1,0,,0,0,0,0,0,0,0,0,103808,104555,0,232,0
836878,1,0,0.00797591,0.0969345,0.283068,0.262263,1,0,,0,0,0,0,0,0,0,0,103808,104555,0,232,0
836978,1,0,0.00558313,0.0786642,0.262627,0.2854,1,0,,0,0,0,0,0,0,0,0,103808,104555,0,232,0
837078,1,0,0.00390819,0.063713,0.242736,0.28665,1,0,,0,0,0,0,0,0,0,0,103808,104555,0,232,0
837178,1,0,0.00273574,0.0515176,0.223614,0.287938,1,0,,0,0,0,0,0,0,0,0,103808,104555,0,232,0
837278,1,0,0.00191501,0.0415971,0.205412,0.289585,1,0,,0,0,0,0,0,0,0,0,103808,104555,0,232,0
837378,1,0,0.00134051,0.0335457,0.188226,0.259899,1,0,,0,0,0,0,0,0,0,0,103808,104555,0,232,0
837478,1,0,0.000938357,0.0270243,0.172106,0.268086,1,0,,0,0,0,0,0,0,0,0,103808,104555,0,232,0
837578,1,0,0.00065685,0.0217508,0.15707,0.296374,1,0,,0,0,0,0,0,0,0,0,103808,104555,0,232,0
837678,1,0,0.000459795,0.0174926,0.143112,0.324925,1,0,,0,0,0,0,0,0,0,0,103808,104555,0,232,0
837778,1,0,0.000321856,0.0140584,0.130207,0.2958,1,0,,0,0,0,0,0,0,0,0,103808,104555,0,232,0
837878,1,0,0.0002253,0.0112918,0.118315,0.27645,1,0,,0,0,0,0,0,0,0,0,103808,104555,0,232,0
837978,1,0,0.00015771,0.00906499,0.10739,0.260423,1,0,,0,0,0,0,0,0,0,0,103808,104555,0,232,0
838078,1,0,0.000110397,0.00727407,0.0973788,0.315385,1,0,,0,0,0,0,0,0,0,0,103808,104555,0,232,0
838178,1,0,7.72777e-005,0.00583471,0.0882244,0.301445,1,0,,0,0,0,0,0,0,0,0,103808,104555,0,232,0
838278,1,0,5.40944e-005,0.00467859,0.0798698,0.289981,1,0,,0,0,0,0,0,0,0,0,103808,104555,0,232,0
838378,1,0,3.78661e-005,0.00375045,0.0722579,0.27422,1,0,,0,0,0,0,0,0,0,0,103808,104555,0,232,0
838478,1,0,2.65063e-005,0.00300566,0.0653326,0.250194,1,0,,0,0,0,0,0,0,0,0,103808,104555,0,232,0
838578,1,0,1.85544e-005,0.00240824,0.0590402,0.263381,1,0,,0,0,0,0,0,0,0,0,103808,104555,0,232,0
838678,1,0,1.29881e-005,0.00192919,0.0533291,0.255967,1,0,,0,0,0,0,0,0,0,0,103808,104555,0,232,0
838778,1,0,9.09165e-006,0.00154517,0.0481507,0.263104,1,0,,0,0,0,0,0,0,0,0,103808,104555,0,232,0
838878,1,0,6.36415e-006,0.00123741,0.0434594,0.274879,1,0,,0,0,0,0,0,0,0,0,103808,104555,0,232,0
838978,1,0,4.45491e-006,0.000990817,0.0392125,0.279719,1,0,,0,0,0,0,0,0,0,0,103808,104555,0,232,0
839078,1,0,3.11844e-006,0.000793277,0.0353706,0.272106,1,0,,0,0,0,0,0,0,0,0,103808,104555,0,232,0
839178,1,8,2.4,0.480635,0.079897,0.29564,1,0,,0,0,0,0,0,0,0,0,103808,104555,0,232,0
839278,1,0,1.68,0.720508,0.143958,0.275243,1,0,,0,0,0,0,0,0,0,0,103808,104555,0,232,0
839378,1,0,1.176,0.811607,0.210723,0.300219,1,0,,0,0,0,0,0,0,0,0,103808,104555,0,232,0
839478,1,0,0.823201,0.813926,0.271043,0.294155,1,0,,0,0,0,0,0,0,0,0,103808,104555,0,232,0
839578,1,0,0.576241,0.766389,0.320578,0.291343,1,0,,0,0,0,0,0,0,0,0,103808,104555,0,232,0
839678,1,0,0.403368,0.693785,0.357898,0.302106,1,0,,0,0,0,0,0,0,0,0,103808,104555,0,232,0
839778,1,0,0.282358,0.611499,0.383259,0.291406,1,0,,0,0,0,0,0,0,0,0,103808,104555,0,232,0
839878,1,0,0.197651,0.528729,0.397806,0.271968,1,0,,0,0,0,0,0,0,0,0,103808,104555,0,232,0
839978,1,0,0.138355,0.450655,0.403091,0.272268,1,0,,0,0,0,0,0,0,0,0,103808,104555,0,232,0
840078,1,0,0.0968487,0.379894,0.400771,0.285568,1,0,,0,0,0,0,0,0,0,0,103808,104555,0,232,0
840178,1,0,0.0677941,0.317474,0.392441,0.258007,1,0,,0,0,0,0,0,0,0,0,103808,104555,0,232,0
840278,1,0,0.0474559,0.26347,0.379544,0.25113,1,0,,0,0,0,0,0,0,0,0,103808,104555,0,232,0
840378,1,0,0.0332191,0.21742,0.363332,0.28313,1,0,,0,0,0,0,0,0,0,0,103808,104555,0,232,0
840478,1,0,0.0232534,0.178587,0.344857,0.266204,1,0,,0,0,0,0,0,0,0,0,103808,104555,0,232,0
840578,1,0,0.0162774,0.146125,0.324984,0.282816,1,0,,0,0,0,0,0,0,0,0,103808,104555,0,232,0
840678,1,0,0.0113942,0.119179,0.304403,0.266966,1,0,,0,0,0,0,0,0,0,0,103808,104555,0,232,0
840778,1,0,0.00797591,0.0969381,0.283657,0.30939,1,0,,0,0,0,0,0,0,0,0,103808,104555,0,232,0
840878,1,0,0.00558314,0.0786671,0.263158,0.30204,1,0,,0,0,0,0,0,0,0,0,103808,104555,0,232,0
840978,1,0,0.0039082,0.0637153,0.243214,0.27754,1,0,,0,0,0,0,0,0,0,0,103808,104555,0,232,0
841078,1,0,0.00273574,0.0515194,0.224044,0.285877,1,0,,0,0,0,0,0,0,0,0,103808,104555,0,232,0
841178,1,0,0.00191502,0.0415985,0.2058,0.287567,1,0,,0,0,0,0,0,0,0,0,103808,104555,0,232,0
841278,1,0,0.00134051,0.0335469,0.188574,0.279705,1,0,,0,0,0,0,0,0,0,0,103808,104555,0,232,0
841378,1,0,0.000938358,0.0270252,0.172419,0.272519,1,0,,0,0,0,0,0,0,0,0,103808,104555,0,232,0
841478,1,0,0.00065685,0.0217515,0.157353,0.26362,1,0,,0,0,0,0,0,0,0,0,103808,104555,0,232,0
841578,1,0,0.000459795,0.0174932,0.143367,0.278984,1,0,,0,0,0,0,0,0,0,0,103808,104555,0,232,0
841678,1,0,0.000321857,0.0140589,0.130436,0.296822,1,0,,0,0,0,0,0,0,0,0,103808,104555,0,232,0
841778,1,0,0.0002253,0.0112922,0.118521,0.244382,1,0,,0,0,0,0,0,0,0,0,103808,104555,0,232,0
841878,1,0,0.00015771,0.0090653,0.107576,0.275832,1,0,,0,0,0,0,0,0,0,0,103808,104555,0,232,0
841978,1,0,0.000110397,0.00727432,0.0975457,0.27418,1,0,,0,0,0,0,0,0,0,0,103808,104555,0,232,0
842078,1,0,7.72778e-005,0.00583491,0.0883746,0.264854,1,0,,0,0,0,0,0,0,0,0,103808,104555,0,232,0
842178,1,0,5.40944e-005,0.00467875,0.080005,0.282165,1,0,,0,0,0,0,0,0,0,0,103808,104555,0,232,0
842278,1,0,3.78661e-005,0.00375057,0.0723796,0.262189,1,0,,0,0,0,0,0,0,0,0,103808,104555,0,232,0
842378,1,0,2.65063e-005,0.00300576,0.0654422,0.282525,1,0,,0,0,0,0,0,0,0,0,103808,104555,0,232,0
842478,1,0,1.85544e-005,0.00240832,0.0591388,0.281663,1,0,,0,0,0,0,0,0,0,0,103808,104555,0,232,0
842578,1,0,1.29881e-005,0.00192925,0.0534179,0.272921,1,0,,0,0,0,0,0,0,0,0,103808,104555,0,232,0
842678,1,0,9.09165e-006,0.00154522,0.0482306,0.307107,1,0,,0,0,0,0,0,0,0,0,103808,104555,0,232,0
842778,1,0,6.36416e-006,0.00123745,0.0435313,0.276056,1,0,,0,0,0,0,0,0,0,0,103808,104555,0,232,0
842878,1,0,4.45491e-006,0.00099085,0.0392772,0.264906,1,0,,0,0,0,0,0,0,0,0,103808,104555,0,232,0
842978,1,0,3.11844e-006,0.000793304,0.0354288,0.299741,1,0,,0,0,0,0,0,0,0,0,103808,104555,0,232,0
843078,1,0,2.18291e-006,0.00063508,0.0319495,0.27742,1,0,,0,0,0,0,0,0,0,0,103808,104555,0,232,0
843178,1,8,2.4,0.480508,0.0768054,0.283166,1,0,,0,0,0,0,0,0,0,0,103808,104555,0,232,0
843278,1,0,1.68,0.720407,0.141166,0.28619,1,0,,0,0,0,0,0,0,0,0,103808,104555,0,232,0
843378,1,0,1.176,0.811526,0.208202,0.276741,1,0,,0,0,0,0,0,0,0,0,103808,104555,0,232,0
843478,1,0,0.8232,0.813861,0.268767,0.282268,1,0,,0,0,0,0,0,0,0,0,103808,104555,0,232,0
843578,1,0,0.57624,0.766337,0.318524,0.296642,1,0,,0,0,0,0,0,0,0,0,103808,104555,0,232,0
843678,1,0,0.403368,0.693743,0.356046,0.30528,1,0,,0,0,0,0,0,0,0,0,103808,104555,0,232,0
843778,1,0,0.282358,0.611466,0.381588,0.279466,1,0,,0,0,0,0,0,0,0,0,103808,104555,0,232,0
843878,1,0,0.19765,0.528703,0.3963,0.265239,1,0,,0,0,0,0,0,0,0,0,103808,104555,0,232,0
843978,1,0,0.138355,0.450633,0.401733,0.296588,1,0,,0,0,0,0,0,0,0,0,103808,104555,0,232,0
844078,1,0,0.0968487,0.379876,0.399547,0.309227,1,0,,0,0,0,0,0,0,0,0,103808,104555,0,232,0
844178,1,0,0.0677941,0.31746,0.391339,0.302375,1,0,,0,0,0,0,0,0,0,0,103808,104555,0,232,0
844278,1,0,0.0474559,0.263459,0.378551,0.291214,1,0,,0,0,0,0,0,0,0,0,103808,104555,0,232,0
844378,1,0,0.0332191,0.217411,0.362437,0.28568,1,0,,0,0,0,0,0,0,0,0,103808,104555,0,232,0
844478,1,0,0.0232534,0.17858,0.344051,0.27658,1,0,,0,0,0,0,0,0,0,0,103808,104555,0,232,0
844578,1,0,0.0162774,0.146119,0.324258,0.268705,1,0,,0,0,0,0,0,0,0,0,103808,104555,0,232,0
844678,1,0,0.0113942,0.119174,0.303749,0.286853,1,0,,0,0,0,0,0,0,0,0,103808,104555,0,232,0
844778,1,0,0.00797591,0.0969345,0.283068,0.282816,1,0,,0,0,0,0,0,0,0,0,103808,104555,0,232,0
844878,1,0,0.00558313,0.0786642,0.262627,0.279554,1,0,,0,0,0,0,0,0,0,0,103808,104555,0,232,0
844978,1,0,0.00390819,0.063713,0.242736,0.290004,1,0,,0,0,0,0,0,0,0,0,103808,104555,0,232,0
845078,1,0,0.00273574,0.0515176,0.223614,0.265843,1,0,,0,0,0,0,0,0,0,0,103808,104555,0,232,0
845178,1,0,0.00191501,0.0415971,0.205412,0.276991,1,0,,0,0,0,0,0,0,0,0,103808,104555,0,232,0
845278,1,0,0.00134051,0.0335457,0.188226,0.290039,1,0,,0,0,0,0,0,0,0,0,103808,104555,0,232,0
845378,1,0,0.000938357,0.0270243,0.172106,0.280388,1,0,,0,0,0,0,0,0,0,0,103808,104555,0,232,0
845478,1,0,0.00065685,0.0217508,0.15707,0.271439,1,0,,0,0,0,0,0,0,0,0,103808,104555,0,232,0
845578,1,0,0.000459795,0.0174926,0.143112,0.263864,1,0,,0,0,0,0,0,0,0,0,103808,104555,0,232,0
845678,1,0,0.000321856,0.0140584,0.130207,0.300014,1,0,,0,0,0,0,0,0,0,0,103808,104555,0,232,0
845778,1,0,0.0002253,0.0112918,0.118315,0.264775,1,0,,0,0,0,0,0,0,0,0,103808,104555,0,232,0
845878,1,0,0.00015771,0.00906499,0.10739,0.31131,1,0,,0,0,0,0,0,0,0,0,103808,104555,0,232,0
845978,1,0,0.000110397,0.00727407,0.0973788,0.277072,1,0,,0,0,0,0,0,0,0,0,103808,104555,0,232,0
846078,1,0,7.72777e-005,0.00583471,0.0882244,0.279846,1,0,,0,0,0,0,0,0,0,0,103808,104555,0,232,0
846178,1,0,5.40944e-005,0.00467859,0.0798698,0.301481,1,0,,0,0,0,0,0,0,0,0,103808,104555,0,232,0
846278,1,0,3.78661e-005,0.00375045,0.0722579,0.263418,1,0,,0,0,0,0,0,0,0,0,103808,104555,0,232,0
846378,1,0,2.65063e-005,0.00300566,0.0653326,0.257767,1,0,,0,0,0,0,0,0,0,0,103808,104555,0,232,0
846478,1,0,1.85544e-005,0.00240824,0.0590402,0.279167,1,0,,0,0,0,0,0,0,0,0,103808,104555,0,232,0
846578,1,0,1.29881e-005,0.00192919,0.0533291,0.279941,1,0,,0,0,0,0,0,0,0,0,103808,104555,0,232,0
846678,1,0,9.09165e-006,0.00154517,0.0481507,0.276742,1,0,,0,0,0,0,0,0,0,0,103808,104555,0,232,0
846778,1,0,6.36415e-006,0.00123741,0.0434594,0.254802,1,0,,0,0,0,0,0,0,0,0,103808,104555,0,232,0
846878,1,0,4.45491e-006,0.000990817,0.0392125,0.29889,1,0,,0,0,0,0,0,0,0,0,103808,104555,0,232,0
846978,1,0,3.11844e-006,0.000793277,0.0353706,0.289342,1,0,,0,0,0,0,0,0,0,0,103808,104555,0,232,0
847078,1,8,2.4,0.480635,0.079897,0.277504,1,0,,0,0,0,0,0,0,0,0,103808,104555,0,232,0
847178,1,0,1.68,0.720508,0.143958,0.294118,1,0,,0,0,0,0,0,0,0,0,103808,104555,0,232,0
847278,1,0,1.176,0.811607,0.210723,0.286767,1,0,,0,0,0,0,0,0,0,0,103808,104555,0,232,0
847378,1,0,0.823201,0.813926,0.271043,0.270879,1,0,,0,0,0,0,0,0,0,0,103808,104555,0,232,0
847478,1,0,0.576241,0.766389,0.320578,0.263592,1,0,,0,0,0,0,0,0,0,0,103808,104555,0,232,0
847578,1,0,0.403368,0.693785,0.357898,0.297803,1,0,,0,0,0,0,0,0,0,0,103808,104555,0,232,0
847678,1,0,0.282358,0.611499,0.383259,0.296353,1,0,,0,0,0,0,0,0,0,0,103808,104555,0,232,0
847778,1,0,0.197651,0.528729,0.397806,0.318866,1,0,,0,0,0,0,0,0,0,0,103808,104555,0,232,0
847878,1,0,0.138355,0.450655,0.403091,0.264325,1,0,,0,0,0,0,0,0,0,0,103808,104555,0,232,0
847978,1,0,0.0968487,0.379894,0.400771,0.284929,1,0,,0,0,0,0,0,0,0,0,103808,104555,0,232,0
848078,1,0,0.0677941,0.317474,0.392441,0.279128,1,0,,0,0,0,0,0,0,0,0,103808,104555,0,232,0
848178,1,0,0.0474559,0.26347,0.379544,0.259716,1,0,,0,0,0,0,0,0,0,0,103808,104555,0,232,0
848278,1,0,0.0332191,0.21742,0.363332,0.275753,1,0,,0,0,0,0,0,0,0,0,103808,104555,0,232,0
848378,1,0,0.0232534,0.178587,0.344857,0.291677,1,0,,0,0,0,0,0,0,0,0,103808,104555,0,232,0
848478,1,0,0.0162774,0.146125,0.324984,0.229465,1,0,,0,0,0,0,0,0,0,0,103808,104555,0,232,0
848578,1,0,0.0113942,0.119179,0.304403,0.265265,1,0,,0,0,0,0,0,0,0,0,103808,104555,0,232,0
848678,1,0,0.00797591,0.0969381,0.283657,0.269574,1,0,,0,0,0,0,0,0,0,0,103808,104555,0,232,0
848778,1,0,0.00558314,0.0786671,0.263158,0.308438,1,0,,0,0,0,0,0,0,0,0,103808,104555,0,232,0
848878,1,0,0.0039082,0.0637153,0.243214,0.281876,1,0,,0,0,0,0,0,0,0,0,103808,104555,0,232,0
848978,1,0,0.00273574,0.0515194,0.224044,0.286163,1,0,,0,0,0,0,0,0,0,0,103808,104555,0,232,0
849078,1,0,0.00191502,0.0415985,0.2058,0.285228,1,0,,0,0,0,0,0,0,0,0,103808,104555,0,232,0
849178,1,0,0.00134051,0.0335469,0.188574,0.268502,1,0,,0,0,0,0,0,0,0,0,103808,104555,0,232,0
849278,1,0,0.000938358,0.0270252,0.172419,0.263065,1,0,,0,0,0,0,0,0,0,0,103808,104555,0,232,0
849378,1,0,0.00065685,0.0217515,0.157353,0.287865,1,0,,0,0,0,0,0,0,0,0,103808,104555,0,232,0
849478,1,0,0.000459795,0.0174932,0.143367,0.272451,1,0,,0,0,0,0,0,0,0,0,103808,104555,0,232,0
849578,1,0,0.000321857,0.0140589,0.130436,0.220288,1,0,,0,0,0,0,0,0,0,0,103808,104555,0,232,0
849678,1,0,0.0002253,0.0112922,0.118521,0.272275,1,0,,0,0,0,0,0,0,0,0,103808,104555,0,232,0
849778,1,0,0.00015771,0.0090653,0.107576,0.285541,1,0,,0,0,0,0,0,0,0,0,103808,104555,0,232,0
849878,1,0,0.000110397,0.00727432,0.0975457,0.260439,1,0,,0,0,0,0,0,0,0,0,103808,104555,0,232,0
849978,1,0,7.72778e-005,0.00583491,0.0883746,0.283626,1,0,,0,0,0,0,0,0,0,0,103808,104555,0,232,0
850078,1,0,5.40944e-005,0.00467875,0.080005,0.277352,1,0,,0,0,0,0,0,0,0,0,103808,104555,0,232,0
850178,1,0,3.78661e-005,0.00375057,0.0723796,0.285201,1,0,,0,0,0,0,0,0,0,0,103808,104555,0,232,0
850278,1,0,2.65063e-005,0.00300576,0.0654422,0.266628,1,0,,0,0,0,0,0,0,0,0,103808,104555,0,232,0
850378,1,0,1.85544e-005,0.00240832,0.0591388,0.284304,1,0,,0,0,0,0,0,0,0,0,103808,104555,0,232,0
850478,1,0,1.29881e-005,0.00192925,0.0534179,0.276131,1,0,,0,0,0,0,0,0,0,0,103808,104555,0,232,0
850578,1,0,9.09165e-006,0.00154522,0.0482306,0.265044,1,0,,0,0,0,0,0,0,0,0,103808,104555,0,232,0
850678,1,0,6.36416e-006,0.00123745,0.0435313,0.267009,1,0,,0,0,0,0,0,0,0,0,103808,104555,0,232,0
850778,1,0,4.45491e-006,0.00099085,0.0392772,0.256509,1,0,,0,0,0,0,0,0,0,0,103808,104555,0,232,0
850878,1,0,3.11844e-006,0.000793304,0.0354288,0.301384,1,0,,0,0,0,0,0,0,0,0,103808,104555,0,232,0
850978,1,0,2.18291e-006,0.00063508,0.0319495,0.275884,1,0,,0,0,0,0,0,0,0,0,103808,104555,0,232,0
851078,1,8,2.4,0.480508,0.0768054,0.262721,1,0,,0,0,0,0,0,0,0,0,103808,104555,0,232,0
851178,1,0,1.68,0.720407,0.141166,0.273421,1,0,,0,0,0,0,0,0,0,0,103808,104555,0,232,0
851278,1,0,1.176,0.811526,0.208202,0.292333,1,0,,0,0,0,0,0,0,0,0,103808,104555,0,232,0
851378,1,0,0.8232,0.813861,0.268767,0.293682,1,0,,0,0,0,0,0,0,0,0,103808,104555,0,232,0
851478,1,0,0.57624,0.766337,0.318524,0.304041,1,0,,0,0,0,0,0,0,0,0,103808,104555,0,232,0
851578,1,0,0.403368,0.693743,0.356046,0.311937,1,0,,0,0,0,0,0,0,0,0,103808,104555,0,232,0
851678,1,0,0.282358,0.611466,0.381588,0.262987,1,0,,0,0,0,0,0,0,0,0,103808,104555,0,232,0
851778,1,0,0.19765,0.528703,0.3963,0.296901,1,0,,0,0,0,0,0,0,0,0,103808,104555,0,232,0
851878,1,0,0.138355,0.450633,0.401733,0.275288,1,0,,0,0,0,0,0,0,0,0,103808,104555,0,232,0
851978,1,0,0.0968487,0.379876,0.399547,0.282864,1,0,,0,0,0,0,0,0,0,0,103808,104555,0,232,0
852078,1,0,0.0677941,0.31746,0.391339,0.306065,1,0,,0,0,0,0,0,0,0,0,103808,104555,0,232,0
852178,1,0,0.0474559,0.263459,0.378551,0.273076,1,0,,0,0,0,0,0,0,0,0,103808,104555,0,232,0
852278,1,0,0.0332191,0.217411,0.362437,0.255941,1,0,,0,0,0,0,0,0,0,0,103808,104555,0,232,0
852378,1,0,0.0232534,0.17858,0.344051,0.275891,1,0,,0,0,0,0,0,0,0,0,103808,104555,0,232,0
852478,1,0,0.0162774,0.146119,0.324258,0.28935,1,0,,0,0,0,0,0,0,0,0,103808,104555,0,232,0
852578,1,0,0.0113942,0.119174,0.303749,0.287312,1,0,,0,0,0,0,0,0,0,0,103808,104555,0,232,0
852678,1,0,0.00797591,0.0969345,0.283068,0.286025,1,0,,0,0,0,0,0,0,0,0,103808,104555,0,232,0
852778,1,0,0.00558313,0.0786642,0.262627,0.281911,1,0,,0,0,0,0,0,0,0,0,103808,104555,0,232,0
852878,1,0,0.00390819,0.063713,0.242736,0.318325,1,0,,0,0,0,0,0,0,0,0,103808,104555,0,232,0
852978,1,0,0.00273574,0.0515176,0.223614,0.275025,1,0,,0,0,0,0,0,0,0,0,103808,104555,0,232,0
853078,1,0,0.00191501,0.0415971,0.205412,0.285547,1,0,,0,0,0,0,0,0,0,0,103808,104555,0,232,0
853178,1,0,0.00134051,0.0335457,0.188226,0.29966,1,0,,0,0,0,0,0,0,0,0,103808,104555,0,232,0
853278,1,0,0.000938357,0.0270243,0.172106,0.28161,1,0,,0,0,0,0,0,0,0,0,103808,104555,0,232,0
853378,1,0,0.00065685,0.0217508,0.15707,0.290632,1,0,,0,0,0,0,0,0,0,0,103808,104555,0,232,0
853478,1,0,0.000459795,0.0174926,0.143112,0.268919,1,0,,0,0,0,0,0,0,0,0,103808,104555,0,232,0
853578,1,0,0.000321856,0.0140584,0.130207,0.274644,1,0,,0,0,0,0,0,0,0,0,103808,104555,0,232,0
853678,1,0,0.0002253,0.0112918,0.118315,0.273658,1,0,,0,0,0,0,0,0,0,0,103808,104555,0,232,0
853778,1,0,0.00015771,0.00906499,0.10739,0.276159,1,0,,0,0,0,0,0,0,0,0,103808,104555,0,232,0
853878,1,0,0.000110397,0.00727407,0.0973788,0.251773,1,0,,0,0,0,0,0,0,0,0,103808,104555,0,232,0
853978,1,0,7.72777e-005,0.00583471,0.0882244,0.289423,1,0,,0,0,0,0,0,0,0,0,103808,104555,0,232,0
854078,1,0,5.40944e-005,0.00467859,0.0798698,0.300487,1,0,,0,0,0,0,0,0,0,0,103808,104555,0,232,0
854178,1,0,3.78661e-005,0.00375045,0.0722579,0.291226,1,0,,0,0,0,0,0,0,0,0,103808,104555,0,232,0
854278,1,0,2.65063e-005,0.00300566,0.0653326,0.28979,1,0,,0,0,0,0,0,0,0,0,103808,104555,0,232,0
854378,1,0,1.85544e-005,0.00240824,0.0590402,0.297128,1,0,,0,0,0,0,0,0,0,0,103808,104555,0,232,0
854478,1,0,1.29881e-005,0.00192919,0.0533291,0.297015,1,0,,0,0,0,0,0,0,0,0,103808,104555,0,232,0
854578,1,0,9.09165e-006,0.00154517,0.0481507,0.273464,1,0,,0,0,0,0,0,0,0,0,103808,104555,0,232,0
854678,1,0,6.36415e-006,0.00123741,0.0434594,0.280502,1,0,,0,0,0,0,0,0,0,0,103808,104555,0,232,0
854778,1,0,4.45491e-006,0.000990817,0.0392125,0.292151,1,0,,0,0,0,0,0,0,0,0,103808,104555,0,232,0
854878,1,0,3.11844e-006,0.000793277,0.0353706,0.286091,1,0,,0,0,0,0,0,0,0,0,103808,104555,0,232,0
854978,1,8,2.4,0.480635,0.079897,0.287469,1,0,,0,0,0,0,0,0,0,0,103808,104555,0,232,0
855078,1,0,1.68,0.720508,0.143958,0.301481,1,0,,0,0,0,0,0,0,0,0,103808,104555,0,232,0
855178,1,0,1.176,0.811607,0.210723,0.329709,1,0,,0,0,0,0,0,0,0,0,103808,104555,0,232,0
855278,1,0,0.823201,0.813926,0.271043,0.312471,1,0,,0,0,0,0,0,0,0,0,103808,104555,0,232,0
855378,1,0,0.576241,0.766389,0.320578,0.335145,1,0,,0,0,0,0,0,0,0,0,103808,104555,0,232,0
855478,1,0,0.403368,0.693785,0.357898,0.294683,1,0,,0,0,0,0,0,0,0,0,103808,104555,0,232,0
855578,1,0,0.282358,0.611499,0.383259,0.302485,1,0,,0,0,0,0,0,0,0,0,103808,104555,0,232,0
855678,1,0,0.197651,0.528729,0.397806,0.271922,1,0,,0,0,0,0,0,0,0,0,103808,104555,0,232,0
855778,1,0,0.138355,0.450655,0.403091,0.25601,1,0,,0,0,0,0,0,0,0,0,103808,104555,0,232,0
855878,1,0,0.0968487,0.379894,0.400771,0.292258,1,0,,0,0,0,0,0,0,0,0,103808,104555,0,232,0
855978,1,0,0.0677941,0.317474,0.392441,0.286895,1,0,,0,0,0,0,0,0,0,0,103808,104555,0,232,0
856078,1,0,0.0474559,0.26347,0.379544,0.282821,1,0,,0,0,0,0,0,0,0,0,103808,104555,0,232,0
856178,1,0,0.0332191,0.21742,0.363332,0.281644,1,0,,0,0,0,0,0,0,0,0,103808,104555,0,232,0
856278,1,0,0.0232534,0.178587,0.344857,0.257156,1,0,,0,0,0,0,0,0,0,0,103808,104555,0,232,0
856378,1,0,0.0162774,0.146125,0.324984,0.275453,1,0,,0,0,0,0,0,0,0,0,103808,104555,0,232,0
856478,1,0,0.0113942,0.119179,0.304403,0.340165,1,0,,0,0,0,0,0,0,0,0,103808,104555,0,232,0
856578,1,0,0.00797591,0.0969381,0.283657,0.280065,1,0,,0,0,0,0,0,0,0,0,103808,104555,0,232,0
856678,1,0,0.00558314,0.0786671,0.263158,0.321438,1,0,,0,0,0,0,0,0,0,0,103808,104555,0,232,0
856778,1,0,0.0039082,0.0637153,0.243214,0.247326,1,0,,0,0,0,0,0,0,0,0,103808,104555,0,232,0
856878,1,0,0.00273574,0.0515194,0.224044,0.268315,1,0,,0,0,0,0,0,0,0,0,103808,104555,0,232,0
856978,1,0,0.00191502,0.0415985,0.2058,0.298746,1,0,,0,0,0,0,0,0,0,0,103808,104555,0,232,0
857078,1,0,0.00134051,0.0335469,0.188574,0.32112,1,0,,0,0,0,0,0,0,0,0,103808,104555,0,232,0
857178,1,0,0.000938358,0.0270252,0.172419,0.280756,1,0,,0,0,0,0,0,0,0,0,103808,104555,0,232,0
857278,1,0,0.00065685,0.0217515,0.157353,0.279381,1,0,,0,0,0,0,0,0,0,0,103808,104555,0,232,0
857378,1,0,0.000459795,0.0174932,0.143367,0.312646,1,0,,0,0,0,0,0,0,0,0,103808,104555,0,232,0
857478,1,0,0.000321857,0.0140589,0.130436,0.328519,1,0,,0,0,0,0,0,0,0,0,103808,104555,0,232,0
857578,1,0,0.0002253,0.0112922,0.118521,0.262208,1,0,,0,0,0,0,0,0,0,0,103808,104555,0,232,0
857678,1,0,0.00015771,0.0090653,0.107576,0.321194,1,0,,0,0,0,0,0,0,0,0,103808,104555,0,232,0
857778,1,0,0.000110397,0.00727432,0.0975457,0.275632,1,0,,0,0,0,0,0,0,0,0,103808,104555,0,232,0
857878,1,0,7.72778e-005,0.00583491,0.0883746,0.295307,1,0,,0,0,0,0,0,0,0,0,103808,104555,0,232,0
857978,1,0,5.40944e-005,0.00467875,0.080005,0.29398,1,0,,0,0,0,0,0,0,0,0,103808,104555,0,232,0
858078,1,0,3.78661e-005,0.00375057,0.0723796,0.283154,1,0,,0,0,0,0,0,0,0,0,103808,104555,0,232,0
858178,1,0,2.65063e-005,0.00300576,0.0654422,0.289739,1,0,,0,0,0,0,0,0,0,0,103808,104555,0,232,0
858278,1,0,1.85544e-005,0.00240832,0.0591388,0.301465,1,0,,0,0,0,0,0,0,0,0,103808,104555,0,232,0
858378,1,0,1.29881e-005,0.00192925,0.0534179,0.279039,1,0,,0,0,0,0,0,0,0,0,103808,104555,0,232,0
858478,1,0,9.09165e-006,0.00154522,0.0482306,0.287589,1,0,,0,0,0,0,0,0,0,0,103808,104555,0,232,0
858578,1,0,6.36416e-006,0.00123745,0.0435313,0.295964,1,0,,0,0,0,0,0,0,0,0,103808,104555,0,232,0
858678,1,0,4.45491e-006,0.00099085,0.0392772,0.293411,1,0,,0,0,0,0,0,0,0,0,103808,104555,0,232,0
858778,1,0,3.11844e-006,0.000793304,0.0354288,0.274154,1,0,,0,0,0,0,0,0,0,0,103808,104555,0,232,0
858878,1,0,2.18291e-006,0.00063508,0.0319495,0.270517,1,0,,0,0,0,0,0,0,0,0,103808,104555,0,232,0
858978,1,8,2.4,0.480508,0.0768054,0.274341,1,0,,0,0,0,0,0,0,0,0,103808,104555,0,232,0
859078,1,0,1.68,0.720407,0.141166,0.266526,1,0,,0,0,0,0,0,0,0,0,103808,104555,0,232,0
859178,1,0,1.176,0.811526,0.208202,0.282565,1,0,,0,0,0,0,0,0,0,0,103808,104555,0,232,0
859278,1,0,0.8232,0.813861,0.268767,0.28459,1,0,,0,0,0,0,0,0,0,0,103808,104555,0,232,0
859378,1,0,0.57624,0.766337,0.318524,0.278576,1,0,,0,0,0,0,0,0,0,0,103808,104555,0,232,0
859478,1,0,0.403368,0.693743,0.356046,0.264451,1,0,,0,0,0,0,0,0,0,0,103808,104555,0,232,0
859578,1,0,0.282358,0.611466,0.381588,0.291227,1,0,,0,0,0,0,0,0,0,0,103808,104555,0,232,0
859678,1,0,0.19765,0.528703,0.3963,0.300925,1,0,,0,0,0,0,0,0,0,0,103808,104555,0,232,0
859778,1,0,0.138355,0.450633,0.401733,0.295188,1,0,,0,0,0,0,0,0,0,0,103808,104555,0,232,0
859878,1,0,0.0968487,0.379876,0.399547,0.285625,1,0,,0,0,0,0,0,0,0,0,103808,104555,0,232,0
859978,1,0,0.0677941,0.31746,0.391339,0.278223,1,0,,0,0,0,0,0,0,0,0,103808,104555,0,232,0
860078,1,1,0.347456,0.323459,0.384551,0.284899,1,0,,0,0,0,0,0,0,0,0,103808,104555,0,232,0
860178,1,0,0.243219,0.307411,0.376837,0.265312,1,0,,0,0,0,0,0,0,0,0,103808,104555,0,232,0
860278,1,0,0.170253,0.27998,0.367151,0.263524,1,0,,0,0,0,0,0,0,0,0,103808,104555,0,232,0
860378,1,0,0.119177,0.247819,0.355218,0.277734,1,0,,0,0,0,0,0,0,0,0,103808,104555,0,232,0
860478,1,0,0.0834242,0.21494,0.34119,0.267411,1,0,,0,0,0,0,0,0,0,0,103808,104555,0,232,0
860578,1,1,0.358397,0.243631,0.331434,0.266869,1,0,,0,0,0,0,0,0,0,0,103808,104555,0,232,0
860678,1,0,0.250878,0.245081,0.322799,0.275594,1,0,,0,0,0,0,0,0,0,0,103808,104555,0,232,0
860778,1,0,0.175614,0.231188,0.313638,0.293381,1,0,,0,0,0,0,0,0,0,0,103808,104555,0,232,0
860878,1,0,0.12293,0.209536,0.303228,0.267632,1,0,,0,0,0,0,0,0,0,0,103808,104555,0,232,0
860978,1,0,0.0860511,0.184839,0.291389,0.262945,1,0,,0,0,0,0,0,0,0,0,103808,104555,0,232,0
861078,1,0,0.0602358,0.159918,0.278242,0.321872,1,0,,0,0,0,0,0,0,0,0,103808,104555,0,232,0
861178,1,0,0.042165,0.136368,0.264054,0.288334,1,0,,0,0,0,0,0,0,0,0,103808,104555,0,232,0
861278,1,0,0.0295155,0.114997,0.249149,0.303859,1,0,,0,0,0,0,0,0,0,0,103808,104555,0,232,0
861378,1,0,0.0206609,0.09613,0.233847,0.315635,1,0,,0,0,0,0,0,0,0,0,103808,104555,0,232,0
861478,1,0,0.0144626,0.0797965,0.218442,0.306298,1,0,,0,0,0,0,0,0,0,0,103808,104555,0,232,0
861578,1,1,0.310124,0.125862,0.209184,0.288362,1,0,,0,0,0,0,0,0,0,0,103808,104555,0,232,0
861678,1,0,0.217087,0.144107,0.202676,0.298398,1,0,,0,0,0,0,0,0,0,0,103808,104555,0,232,0
861778,1,0,0.151961,0.145678,0.196976,0.290738,1,0,,0,0,0,0,0,0,0,0,103808,104555,0,232,0
861878,1,0,0.106372,0.137817,0.19106,0.295614,1,0,,0,0,0,0,0,0,0,0,103808,104555,0,232,0
861978,1,0,0.0744607,0.125145,0.184469,0.306015,1,0,,0,0,0,0,0,0,0,0,103808,104555,0,232,0
862078,1,1,0.352123,0.170541,0.183076,0.322604,1,0,,0,0,0,0,0,0,0,0,103808,104555,0,232,0
862178,1,0,0.246486,0.18573,0.183341,0.289506,1,0,,0,0,0,0,0,0,0,0,103808,104555,0,232,0
862278,1,0,0.17254,0.183092,0.183316,0.298518,1,0,,0,0,0,0,0,0,0,0,103808,104555,0,232,0
862378,1,1,0.420778,0.230629,0.188048,0.304083,1,0,,0,0,0,0,0,0,0,0,103808,104555,0,232,0
862478,1,0,0.294545,0.243412,0.193584,0.275534,1,0,,0,0,0,0,0,0,0,0,103808,104555,0,232,0
862578,1,0,0.206181,0.235966,0.197822,0.252582,1,0,,0,0,0,0,0,0,0,0,103808,104555,0,232,0
862678,1,0,0.144327,0.217638,0.199804,0.29102,1,0,,0,0,0,0,0,0,0,0,103808,104555,0,232,0
862778,1,0,0.101029,0.194316,0.199255,0.286757,1,0,,0,0,0,0,0,0,0,0,103808,104555,0,232,0
862878,1,8,2.47072,0.649597,0.244289,0.28294,1,0,,0,0,0,0,0,0,0,0,103808,104555,0,232,0
862978,1,0,1.7295,0.865579,0.306418,0.301429,1,0,,0,0,0,0,0,0,0,0,103808,104555,0,232,0
863078,1,0,1.21065,0.934593,0.369236,0.252242,1,0,,0,0,0,0,0,0,0,0,103808,104555,0,232,0
863178,1,0,0.847457,0.917166,0.424029,0.286216,1,0,,0,0,0,0,0,0,0,0,103808,104555,0,232,0
863278,1,0,0.59322,0.852377,0.466864,0.24988,1,0,,0,0,0,0,0,0,0,0,103808,104555,0,232,0
863378,1,0,0.415254,0.764952,0.496672,0.273379,1,0,,0,0,0,0,0,0,0,0,103808,104555,0,232,0
863478,1,0,0.290678,0.670097,0.514015,0.267541,1,0,,0,0,0,0,0,0,0,0,103808,104555,0,232,0
863578,1,0,0.203474,0.576773,0.520291,0.285903,1,0,,0,0,0,0,0,0,0,0,103808,104555,0,232,0
863678,1,0,0.142432,0.489905,0.517252,0.25643,1,0,,0,0,0,0,0,0,0,0,103808,104555,0,232,0
863778,1,0,0.0997025,0.411864,0.506713,0.276481,1,0,,0,0,0,0,0,0,0,0,103808,104555,0,232,0
863878,1,0,0.0697917,0.34345,0.490387,0.279343,1,0,,0,0,0,0,0,0,0,0,103808,104555,0,232,0
863978,1,0,0.0488542,0.284531,0.469801,0.274768,1,0,,0,0,0,0,0,0,0,0,103808,104555,0,232,0
864078,1,0,0.0341979,0.234464,0.446268,0.278354,1,0,,0,0,0,0,0,0,0,0,103808,104555,0,232,0
864178,1,0,0.0239386,0.192359,0.420877,0.281785,1,0,,0,0,0,0,0,0,0,0,103808,104555,0,232,0
864278,1,0,0.016757,0.157239,0.394513,0.262045,1,0,,0,0,0,0,0,0,0,0,103808,104555,0,232,0
864378,1,0,0.0117299,0.128137,0.367875,0.265145,1,0,,0,0,0,0,0,0,0,0,103808,104555,0,232,0
864478,1,0,0.00821093,0.104152,0.341503,0.290185,1,0,,0,0,0,0,0,0,0,0,103808,104555,0,232,0
864578,1,0,0.00574765,0.0844709,0.3158,0.259271,1,0,,0,0,0,0,0,0,0,0,103808,104555,0,232,0
864678,1,0,0.00402335,0.0683814,0.291058,0.261108,1,0,,0,0,0,0,0,0,0,0,103808,104555,0,232,0
864778,1,0,0.00281635,0.0552684,0.267479,0.264622,1,0,,0,0,0,0,0,0,0,0,103808,104555,0,232,0
864878,1,0,0.00197144,0.044609,0.245192,0.28186,1,0,,0,0,0,0,0,0,0,0,103808,104555,0,232,0
864978,1,0,0.00138001,0.0359632,0.224269,0.304772,1,0,,0,0,0,0,0,0,0,0,103808,104555,0,232,0
865078,1,0,0.000966007,0.0289638,0.204739,0.28276,1,0,,0,0,0,0,0,0,0,0,103808,104555,0,232,0
865178,1,0,0.000676205,0.0233062,0.186595,0.27701,1,0,,0,0,0,0,0,0,0,0,103808,104555,0,232,0
865278,1,0,0.000473343,0.0187397,0.16981,0.27816,1,0,,0,0,0,0,0,0,0,0,103808,104555,0,232,0
865378,1,0,0.00033134,0.015058,0.154335,0.279078,1,0,,0,0,0,0,0,0,0,0,103808,104555,0,232,0
865478,1,0,0.000231938,0.0120928,0.14011,0.279726,1,0,,0,0,0,0,0,0,0,0,103808,104555,0,232,0
865578,1,0,0.000162357,0.0097067,0.12707,0.308514,1,0,,0,0,0,0,0,0,0,0,103808,104555,0,232,0
865678,1,0,0.00011365,0.00778809,0.115142,0.309913,1,0,,0,0,0,0,0,0,0,0,103808,104555,0,232,0
865778,1,0,7.95548e-005,0.00624638,0.104252,0.256451,1,0,,0,0,0,0,0,0,0,0,103808,104555,0,232,0
865878,1,0,5.56884e-005,0.00500825,0.0943279,0.282139,1,0,,0,0,0,0,0,0,0,0,103808,104555,0,232,0
865978,1,0,3.89819e-005,0.00401439,0.0852965,0.287807,1,0,,0,0,0,0,0,0,0,0,103808,104555,0,232,0
866078,1,0,2.72873e-005,0.00321697,0.0770885,0.269895,1,0,,0,0,0,0,0,0,0,0,103808,104555,0,232,0
866178,1,0,1.91011e-005,0.0025774,0.0696374,0.274194,1,0,,0,0,0,0,0,0,0,0,103808,104555,0,232,0
866278,1,0,1.33708e-005,0.00206459,0.0628801,0.28132,1,0,,0,0,0,0,0,0,0,0,103808,104555,0,232,0
866378,1,0,9.35955e-006,0.00165355,0.0567575,0.288181,1,0,,0,0,0,0,0,0,0,0,103808,104555,0,232,0
866478,1,0,6.55168e-006,0.00132415,0.0512142,0.284732,1,0,,0,0,0,0,0,0,0,0,103808,104555,0,232,0
866578,1,0,4.58618e-006,0.00106023,0.0461988,0.287306,1,0,,0,0,0,0,0,0,0,0,103808,104555,0,232,0
866678,1,0,3.21032e-006,0.00084883,0.0416638,0.315182,1,0,,0,0,0,0,0,0,0,0,103808,104555,0,232,0
866778,1,9,2.7,0.54068,0.0915653,0.261757,1,0,,0,0,0,0,0,0,0,0,103808,104555,0,232,0
866878,1,0,1.89,0.810544,0.163463,0.28901,1,0,,0,0,0,0,0,0,0,0,103808,104555,0,232,0
866978,1,0,1.323,0.913035,0.23842,0.263435,1,0,,0,0,0,0,0,0,0,0,103808,104555,0,232,0
867078,1,0,0.926101,0.915648,0.306143,0.255212,1,0,,0,0,0,0,0,0,0,0,103808,104555,0,232,0
867178,1,0,0.64827,0.862173,0.361746,0.28925,1,0,,0,0,0,0,0,0,0,0,103808,104555,0,232,0
867278,1,0,0.453789,0.780496,0.403621,0.284648,1,0,,0,0,0,0,0,0,0,0,103808,104555,0,232,0
867378,1,0,0.317653,0.687927,0.432052,0.291071,1,0,,0,0,0,0,0,0,0,0,103808,104555,0,232,0
867478,1,0,0.222357,0.594813,0.448328,0.27406,1,0,,0,0,0,0,0,0,0,0,103808,104555,0,232,0
867578,1,0,0.15565,0.506981,0.454193,0.26301,1,0,,0,0,0,0,0,0,0,0,103808,104555,0,232,0
867678,1,0,0.108955,0.427375,0.451511,0.272836,1,0,,0,0,0,0,0,0,0,0,103808,104555,0,232,0
867778,1,0,0.0762684,0.357154,0.442076,0.26955,1,0,,0,0,0,0,0,0,0,0,103808,104555,0,232,0
867878,1,0,0.0533879,0.296401,0.427508,0.304463,1,0,,0,0,0,0,0,0,0,0,103808,104555,0,232,0
867978,1,0,0.0373715,0.244595,0.409217,0.291813,1,0,,0,0,0,0,0,0,0,0,103808,104555,0,232,0
868078,1,0,0.0261601,0.200908,0.388386,0.258875,1,0,,0,0,0,0,0,0,0,0,103808,104555,0,232,0
868178,1,0,0.018312,0.164389,0.365986,0.2755,1,0,,0,0,0,0,0,0,0,0,103808,104555,0,232,0
868278,1,0,0.0128184,0.134075,0.342795,0.270299,1,0,,0,0,0,0,0,0,0,0,103808,104555,0,232,0
868378,1,0,0.0089729,0.109054,0.319421,0.274059,1,0,,0,0,0,0,0,0,0,0,103808,104555,0,232,0
868478,1,0,0.00628103,0.0884997,0.296329,0.278958,1,0,,0,0,0,0,0,0,0,0,103808,104555,0,232,0
868578,1,0,0.00439672,0.0716791,0.273864,0.271958,1,0,,0,0,0,0,0,0,0,0,103808,104555,0,232,0
868678,1,0,0.0030777,0.0579588,0.252273,0.292919,1,0,,0,0,0,0,0,0,0,0,103808,104555,0,232,0
868778,1,0,0.00215439,0.0467979,0.231726,0.276829,1,0,,0,0,0,0,0,0,0,0,103808,104555,0,232,0
868878,1,0,0.00150807,0.03774,0.212327,0.280018,1,0,,0,0,0,0,0,0,0,0,103808,104555,0,232,0
868978,1,0,0.00105565,0.0304031,0.194135,0.265007,1,0,,0,0,0,0,0,0,0,0,103808,104555,0,232,0
869078,1,0,0.000738956,0.0244703,0.177168,0.239482,1,0,,0,0,0,0,0,0,0,0,103808,104555,0,232,0
869178,1,0,0.00051727,0.0196797,0.16142,0.297169,1,0,,0,0,0,0,0,0,0,0,103808,104555,0,232,0
869278,1,0,0.000362089,0.0158162,0.146859,0.321095,1,0,,0,0,0,0,0,0,0,0,103808,104555,0,232,0
869378,1,0,0.000253462,0.0127036,0.133444,0.303095,1,0,,0,0,0,0,0,0,0,0,103808,104555,0,232,0
869478,1,0,0.000177423,0.0101984,0.121119,0.272008,1,0,,0,0,0,0,0,0,0,0,103808,104555,0,232,0
869578,1,0,0.000124196,0.00818354,0.109826,0.276276,1,0,,0,0,0,0,0,0,0,0,103808,104555,0,232,0
869678,1,0,8.69375e-005,0.00656422,0.0994994,0.278589,1,0,,0,0,0,0,0,0,0,0,103808,104555,0,232,0
869778,1,0,6.08562e-005,0.00526355,0.0900758,0.279576,1,0,,0,0,0,0,0,0,0,0,103808,104555,0,232,0
869878,1,0,4.25994e-005,0.00421936,0.0814902,0.318213,1,0,,0,0,0,0,0,0,0,0,103808,104555,0,232,0
869978,1,0,2.98196e-005,0.00338145,0.0736793,0.306376,1,0,,0,0,0,0,0,0,0,0,103808,104555,0,232,0
870078,1,0,2.08737e-005,0.00270933,0.0665823,0.255703,1,0,,0,0,0,0,0,0,0,0,103808,104555,0,232,0
870178,1,0,1.46116e-005,0.00217039,0.0601411,0.302791,1,0,,0,0,0,0,0,0,0,0,103808,104555,0,232,0
870278,1,0,1.02281e-005,0.00173836,0.0543008,0.285265,1,0,,0,0,0,0,0,0,0,0,103808,104555,0,232,0
870378,1,0,7.15968e-006,0.00139212,0.04901,0.287238,1,0,,0,0,0,0,0,0,0,0,103808,104555,0,232,0
870478,1,0,5.01177e-006,0.0011147,0.0442204,0.26625,1,0,,0,0,0,0,0,0,0,0,103808,104555,0,232,0
870578,1,0,3.50824e-006,0.000892459,0.0398876,0.275499,1,0,,0,0,0,0,0,0,0,0,103808,104555,0,232,0
870678,1,0,2.45577e-006,0.000714458,0.0359703,0.257751,1,0,,0,0,0,0,0,0,0,0,103808,104555,0,232,0
870778,1,8,2.4,0.480572,0.0804305,0.296436,1,0,,0,0,0,0,0,0,0,0,103808,104555,0,232,0
870878,1,0,1.68,0.720458,0.144433,0.27651,1,0,,0,0,0,0,0,0,0,0,103808,104555,0,232,0
870978,1,0,1.176,0.811566,0.211147,0.28716,1,0,,0,0,0,0,0,0,0,0,103808,104555,0,232,0
871078,1,0,0.823201,0.813893,0.271421,0.30311,1,0,,0,0,0,0,0,0,0,0,103808,104555,0,232,0
871178,1,0,0.57624,0.766363,0.320915,0.271323,1,0,,0,0,0,0,0,0,0,0,103808,104555,0,232,0
871278,1,0,0.403368,0.693764,0.3582,0.284611,1,0,,0,0,0,0,0,0,0,0,103808,104555,0,232,0
871378,1,0,0.282358,0.611483,0.383528,0.273612,1,0,,0,0,0,0,0,0,0,0,103808,104555,0,232,0
871478,1,0,0.19765,0.528716,0.398047,0.29529,1,0,,0,0,0,0,0,0,0,0,103808,104555,0,232,0
871578,1,0,0.138355,0.450644,0.403307,0.280251,1,0,,0,0,0,0,0,0,0,0,103808,104555,0,232,0
871678,1,0,0.0968487,0.379885,0.400965,0.298463,1,0,,0,0,0,0,0,0,0,0,103808,104555,0,232,0
871778,1,0,0.0677941,0.317467,0.392615,0.298836,1,0,,0,0,0,0,0,0,0,0,103808,104555,0,232,0
871878,1,0,0.0474559,0.263465,0.3797,0.270748,1,0,,0,0,0,0,0,0,0,0,103808,104555,0,232,0
871978,1,0,0.0332191,0.217416,0.363471,0.269173,1,0,,0,0,0,0,0,0,0,0,103808,104555,0,232,0
872078,1,0,0.0232534,0.178583,0.344983,0.28771,1,0,,0,0,0,0,0,0,0,0,103808,104555,0,232,0
872178,1,0,0.0162774,0.146122,0.325096,0.292759,1,0,,0,0,0,0,0,0,0,0,103808,104555,0,232,0
872278,1,0,0.0113942,0.119176,0.304504,0.319871,1,0,,0,0,0,0,0,0,0,0,103808,104555,0,232,0
872378,1,0,0.00797591,0.0969363,0.283748,0.325695,1,0,,0,0,0,0,0,0,0,0,103808,104555,0,232,0
872478,1,0,0.00558313,0.0786657,0.263239,0.243007,1,0,,0,0,0,0,0,0,0,0,103808,104555,0,232,0
872578,1,0,0.00390819,0.0637142,0.243287,0.261996,1,0,,0,0,0,0,0,0,0,0,103808,104555,0,232,0
872678,1,0,0.00273574,0.0515185,0.22411,0.248707,1,0,,0,0,0,0,0,0,0,0,103808,104555,0,232,0
872778,1,0,0.00191502,0.0415978,0.205859,0.280105,1,0,,0,0,0,0,0,0,0,0,103808,104555,0,232,0
872878,1,0,0.00134051,0.0335463,0.188628,0.274618,1,0,,0,0,0,0,0,0,0,0,103808,104555,0,232,0
872978,1,0,0.000938357,0.0270247,0.172467,0.293982,1,0,,0,0,0,0,0,0,0,0,103808,104555,0,232,0
873078,1,0,0.00065685,0.0217512,0.157396,0.28468,1,0,,0,0,0,0,0,0,0,0,103808,104555,0,232,0
873178,1,0,0.000459795,0.0174929,0.143405,0.294951,1,0,,0,0,0,0,0,0,0,0,103808,104555,0,232,0
873278,1,0,0.000321857,0.0140587,0.130471,0.279413,1,0,,0,0,0,0,0,0,0,0,103808,104555,0,232,0
873378,1,0,0.0002253,0.011292,0.118553,0.272052,1,0,,0,0,0,0,0,0,0,0,103808,104555,0,232,0
873478,1,0,0.00015771,0.00906515,0.107604,0.318553,1,0,,0,0,0,0,0,0,0,0,103808,104555,0,232,0
873578,1,0,0.000110397,0.0072742,0.0975711,0.285039,1,0,,0,0,0,0,0,0,0,0,103808,104555,0,232,0
873678,1,0,7.72778e-005,0.00583482,0.0883974,0.31609,1,0,,0,0,0,0,0,0,0,0,103808,104555,0,232,0
873778,1,0,5.40944e-005,0.00467867,0.0800256,0.282902,1,0,,0,0,0,0,0,0,0,0,103808,104555,0,232,0
873878,1,0,3.78661e-005,0.00375051,0.0723981,0.27644,1,0,,0,0,0,0,0,0,0,0,103808,104555,0,232,0
873978,1,0,2.65063e-005,0.00300571,0.0654588,0.291539,1,0,,0,0,0,0,0,0,0,0,103808,104555,0,232,0
874078,1,0,1.85544e-005,0.00240828,0.0591538,0.294125,1,0,,0,0,0,0,0,0,0,0,103808,104555,0,232,0
874178,1,0,1.29881e-005,0.00192922,0.0534313,0.292988,1,0,,0,0,0,0,0,0,0,0,103808,104555,0,232,0
874278,1,0,9.09165e-006,0.00154519,0.0482427,0.297437,1,0,,0,0,0,0,0,0,0,0,103808,104555,0,232,0
874378,1,0,6.36416e-006,0.00123743,0.0435422,0.307853,1,0,,0,0,0,0,0,0,0,0,103808,104555,0,232,0
874478,1,0,4.45491e-006,0.000990834,0.039287,0.263752,1,0,,0,0,0,0,0,0,0,0,103808,104555,0,232,0
874578,1,0,3.11844e-006,0.000793291,0.0354377,0.288938,1,0,,0,0,0,0,0,0,0,0,103808,104555,0,232,0
874678,1,8,2.4,0.480635,0.0799574,0.331582,1,0,,0,0,0,0,0,0,0,0,103808,104555,0,232,0
874778,1,0,1.68,0.720508,0.144013,0.296483,1,0,,0,0,0,0,0,0,0,0,103808,104555,0,232,0
874878,1,0,1.176,0.811607,0.210772,0.274849,1,0,,0,0,0,0,0,0,0,0,103808,104555,0,232,0
874978,1,0,0.823201,0.813926,0.271087,0.279901,1,0,,0,0,0,0,0,0,0,0,103808,104555,0,232,0
875078,1,0,0.576241,0.766389,0.320617,0.270876,1,0,,0,0,0,0,0,0,0,0,103808,104555,0,232,0
875178,1,0,0.403368,0.693785,0.357934,0.277202,1,0,,0,0,0,0,0,0,0,0,103808,104555,0,232,0
875278,1,0,0.282358,0.611499,0.383291,0.293214,1,0,,0,0,0,0,0,0,0,0,103808,104555,0,232,0
875378,1,0,0.197651,0.52873,0.397835,0.298877,1,0,,0,0,0,0,0,0,0,0,103808,104555,0,232,0
875478,1,0,0.138355,0.450655,0.403117,0.309962,1,0,,0,0,0,0,0,0,0,0,103808,104555,0,232,0
875578,1,0,0.0968487,0.379894,0.400794,0.272988,1,0,,0,0,0,0,0,0,0,0,103808,104555,0,232,0
875678,1,0,0.0677941,0.317474,0.392462,0.291052,1,0,,0,0,0,0,0,0,0,0,103808,104555,0,232,0
875778,1,0,0.0474559,0.26347,0.379563,0.276314,1,0,,0,0,0,0,0,0,0,0,103808,104555,0,232,0
875878,1,0,0.0332191,0.21742,0.363349,0.274402,1,0,,0,0,0,0,0,0,0,0,103808,104555,0,232,0
875978,1,0,0.0232534,0.178587,0.344872,0.301453,1,0,,0,0,0,0,0,0,0,0,103808,104555,0,232,0
876078,1,0,0.0162774,0.146125,0.324998,0.256326,1,0,,0,0,0,0,0,0,0,0,103808,104555,0,232,0
876178,1,0,0.0113942,0.119179,0.304416,0.276276,1,0,,0,0,0,0,0,0,0,0,103808,104555,0,232,0
876278,1,0,0.00797591,0.0969381,0.283668,0.262116,1,0,,0,0,0,0,0,0,0,0,103808,104555,0,232,0
876378,1,0,0.00558314,0.0786671,0.263168,0.245328,1,0,,0,0,0,0,0,0,0,0,103808,104555,0,232,0
876478,1,0,0.0039082,0.0637153,0.243223,0.314968,1,0,,0,0,0,0,0,0,0,0,103808,104555,0,232,0
876578,1,0,0.00273574,0.0515194,0.224052,0.270144,1,0,,0,0,0,0,0,0,0,0,103808,104555,0,232,0
876678,1,0,0.00191502,0.0415985,0.205807,0.284281,1,0,,0,0,0,0,0,0,0,0,103808,104555,0,232,0
876778,1,0,0.00134051,0.0335469,0.188581,0.288971,1,0,,0,0,0,0,0,0,0,0,103808,104555,0,232,0
876878,1,0,0.000938358,0.0270252,0.172425,0.282744,1,0,,0,0,0,0,0,0,0,0,103808,104555,0,232,0
876978,1,0,0.00065685,0.0217515,0.157358,0.264518,1,0,,0,0,0,0,0,0,0,0,103808,104555,0,232,0
877078,1,0,0.000459795,0.0174932,0.143371,0.280257,1,0,,0,0,0,0,0,0,0,0,103808,104555,0,232,0
877178,1,0,0.000321857,0.0140589,0.13044,0.28548,1,0,,0,0,0,0,0,0,0,0,103808,104555,0,232,0
877278,1,0,0.0002253,0.0112922,0.118525,0.298692,1,0,,0,0,0,0,0,0,0,0,103808,104555,0,232,0
877378,1,0,0.00015771,0.0090653,0.107579,0.27738,1,0,,0,0,0,0,0,0,0,0,103808,104555,0,232,0
877478,1,0,0.000110397,0.00727432,0.0975489,0.322342,1,0,,0,0,0,0,0,0,0,0,103808,104555,0,232,0
877578,1,0,7.72778e-005,0.00583491,0.0883775,0.262217,1,0,,0,0,0,0,0,0,0,0,103808,104555,0,232,0
877678,1,0,5.40944e-005,0.00467875,0.0800076,0.294928,1,0,,0,0,0,0,0,0,0,0,103808,104555,0,232,0
877778,1,0,3.78661e-005,0.00375057,0.0723819,0.262115,1,0,,0,0,0,0,0,0,0,0,103808,104555,0,232,0
877878,1,0,2.65063e-005,0.00300576,0.0654443,0.27284,1,0,,0,0,0,0,0,0,0,0,103808,104555,0,232,0
877978,1,0,1.85544e-005,0.00240832,0.0591407,0.293514,1,0,,0,0,0,0,0,0,0,0,103808,104555,0,232,0
878078,1,0,1.29881e-005,0.00192925,0.0534195,0.308676,1,0,,0,0,0,0,0,0,0,0,103808,104555,0,232,0
878178,1,0,9.09165e-006,0.00154522,0.0482321,0.275601,1,0,,0,0,0,0,0,0,0,0,103808,104555,0,232,0
878278,1,0,6.36416e-006,0.00123745,0.0435326,0.263149,1,0,,0,0,0,0,0,0,0,0,103808,104555,0,232,0
878378,1,0,4.45491e-006,0.00099085,0.0392785,0.329825,1,0,,0,0,0,0,0,0,0,0,103808,104555,0,232,0
878478,1,0,3.11844e-006,0.000793304,0.0354299,0.295939,1,0,,0,0,0,0,0,0,0,0,103808,104555,0,232,0
878578,1,0,2.18291e-006,0.00063508,0.0319505,0.261907,1,0,,0,0,0,0,0,0,0,0,103808,104555,0,232,0
878678,1,9,2.7,0.540508,0.0828063,0.317266,1,0,,0,0,0,0,0,0,0,0,103808,104555,0,232,0
878778,1,0,1.89,0.810407,0.155566,0.246615,1,0,,0,0,0,0,0,0,0,0,103808,104555,0,232,0
878878,1,0,1.323,0.912926,0.231302,0.289589,1,0,,0,0,0,0,0,0,0,0,103808,104555,0,232,0
878978,1,0,0.9261,0.915561,0.299728,0.278052,1,0,,0,0,0,0,0,0,0,0,103808,104555,0,232,0
879078,1,0,0.64827,0.862103,0.355966,0.252916,1,0,,0,0,0,0,0,0,0,0,103808,104555,0,232,0
879178,1,0,0.453789,0.78044,0.398413,0.283016,1,0,,0,0,0,0,0,0,0,0,103808,104555,0,232,0
879278,1,0,0.317652,0.687882,0.42736,0.265741,1,0,,0,0,0,0,0,0,0,0,103808,104555,0,232,0
879378,1,0,0.222357,0.594777,0.444102,0.277118,1,0,,0,0,0,0,0,0,0,0,103808,104555,0,232,0
879478,1,0,0.15565,0.506952,0.450387,0.309619,1,0,,0,0,0,0,0,0,0,0,103808,104555,0,232,0
879578,1,0,0.108955,0.427352,0.448083,0.293632,1,0,,0,0,0,0,0,0,0,0,103808,104555,0,232,0
879678,1,0,0.0762683,0.357136,0.438989,0.323082,1,0,,0,0,0,0,0,0,0,0,103808,104555,0,232,0
879778,1,0,0.0533878,0.296386,0.424728,0.27983,1,0,,0,0,0,0,0,0,0,0,103808,104555,0,232,0
879878,1,0,0.0373715,0.244583,0.406714,0.289729,1,0,,0,0,0,0,0,0,0,0,103808,104555,0,232,0
879978,1,0,0.02616,0.200899,0.386132,0.283979,1,0,,0,0,0,0,0,0,0,0,103808,104555,0,232,0
880078,1,0,0.018312,0.164381,0.363957,0.26579,1,0,,0,0,0,0,0,0,0,0,103808,104555,0,232,0
880178,1,0,0.0128184,0.134069,0.340968,0.296089,1,0,,0,0,0,0,0,0,0,0,103808,104555,0,232,0
880278,1,0,0.00897289,0.10905,0.317776,0.266476,1,0,,0,0,0,0,0,0,0,0,103808,104555,0,232,0
880378,1,0,0.00628103,0.0884958,0.294848,0.287409,1,0,,0,0,0,0,0,0,0,0,103808,104555,0,232,0
880478,1,0,0.00439672,0.071676,0.272531,0.271883,1,0,,0,0,0,0,0,0,0,0,103808,104555,0,232,0
880578,1,0,0.0030777,0.0579563,0.251074,0.290808,1,0,,0,0,0,0,0,0,0,0,103808,104555,0,232,0
880678,1,0,0.00215439,0.046796,0.230646,0.330196,1,0,,0,0,0,0,0,0,0,0,103808,104555,0,232,0
880778,1,0,0.00150807,0.0377384,0.211355,0.294571,1,0,,0,0,0,0,0,0,0,0,103808,104555,0,232,0
880878,1,0,0.00105565,0.0304018,0.19326,0.260546,1,0,,0,0,0,0,0,0,0,0,103808,104555,0,232,0
880978,1,0,0.000738956,0.0244693,0.176381,0.286895,1,0,,0,0,0,0,0,0,0,0,103808,104555,0,232,0
881078,1,0,0.000517269,0.0196789,0.16071,0.277745,1,0,,0,0,0,0,0,0,0,0,103808,104555,0,232,0
881178,1,0,0.000362089,0.0158155,0.146221,0.292309,1,0,,0,0,0,0,0,0,0,0,103808,104555,0,232,0
881278,1,0,0.000253462,0.0127031,0.132869,0.293257,1,0,,0,0,0,0,0,0,0,0,103808,104555,0,232,0
881378,1,0,0.000177423,0.010198,0.120602,0.26347,1,0,,0,0,0,0,0,0,0,0,103808,104555,0,232,0
881478,1,0,0.000124196,0.00818321,0.10936,0.264869,1,0,,0,0,0,0,0,0,0,0,103808,104555,0,232,0
881578,1,0,8.69374e-005,0.00656396,0.0990806,0.272981,1,0,,0,0,0,0,0,0,0,0,103808,104555,0,232,0
881678,1,0,6.08562e-005,0.00526334,0.0896988,0.298919,1,0,,0,0,0,0,0,0,0,0,103808,104555,0,232,0
881778,1,0,4.25993e-005,0.00421919,0.0811509,0.260806,1,0,,0,0,0,0,0,0,0,0,103808,104555,0,232,0
881878,1,0,2.98195e-005,0.00338132,0.0733739,0.286041,1,0,,0,0,0,0,0,0,0,0,103808,104555,0,232,0
881978,1,0,2.08737e-005,0.00270923,0.0663074,0.295017,1,0,,0,0,0,0,0,0,0,0,103808,104555,0,232,0
882078,1,0,1.46116e-005,0.0021703,0.0598937,0.290942,1,0,,0,0,0,0,0,0,0,0,103808,104555,0,232,0
882178,1,0,1.02281e-005,0.00173829,0.0540782,0.290309,1,0,,0,0,0,0,0,0,0,0,103808,104555,0,232,0
882278,1,0,7.15967e-006,0.00139206,0.0488096,0.262308,1,0,,0,0,0,0,0,0,0,0,103808,104555,0,232,0
882378,1,0,5.01177e-006,0.00111465,0.0440401,0.268084,1,0,,0,0,0,0,0,0,0,0,103808,104555,0,232,0
882478,1,0,3.50824e-006,0.000892424,0.0397253,0.278658,1,0,,0,0,0,0,0,0,0,0,103808,104555,0,232,0
882578,1,9,2.7,0.540714,0.0898242,0.278025,1,0,,0,0,0,0,0,0,0,0,103808,104555,0,232,0
882678,1,0,1.89,0.810572,0.161899,0.270451,1,0,,0,0,0,0,0,0,0,0,103808,104555,0,232,0
882778,1,0,1.323,0.913058,0.237015,0.287453,1,0,,0,0,0,0,0,0,0,0,103808,104555,0,232,0
882878,1,0,0.926101,0.915666,0.30488,0.27834,1,0,,0,0,0,0,0,0,0,0,103808,104555,0,232,0
882978,1,0,0.648271,0.862187,0.360611,0.285814,1,0,,0,0,0,0,0,0,0,0,103808,104555,0,232,0
883078,1,0,0.453789,0.780508,0.4026,0.292714,1,0,,0,0,0,0,0,0,0,0,103808,104555,0,232,0
883178,1,0,0.317653,0.687937,0.431134,0.264789,1,0,,0,0,0,0,0,0,0,0,103808,104555,0,232,0
883278,1,0,0.222357,0.594821,0.447503,0.287302,1,0,,0,0,0,0,0,0,0,0,103808,104555,0,232,0
883378,1,0,0.15565,0.506987,0.453451,0.275904,1,0,,0,0,0,0,0,0,0,0,103808,104555,0,232,0
883478,1,0,0.108955,0.42738,0.450844,0.29659,1,0,,0,0,0,0,0,0,0,0,103808,104555,0,232,0
883578,1,0,0.0762684,0.357158,0.441475,0.32334,1,0,,0,0,0,0,0,0,0,0,103808,104555,0,232,0
883678,1,0,0.0533879,0.296404,0.426968,0.266479,1,0,,0,0,0,0,0,0,0,0,103808,104555,0,232,0
883778,1,0,0.0373715,0.244597,0.408731,0.264329,1,0,,0,0,0,0,0,0,0,0,103808,104555,0,232,0
883878,1,0,0.0261601,0.20091,0.387949,0.26959,1,0,,0,0,0,0,0,0,0,0,103808,104555,0,232,0
883978,1,0,0.018312,0.16439,0.365593,0.258917,1,0,,0,0,0,0,0,0,0,0,103808,104555,0,232,0
884078,1,0,0.0128184,0.134076,0.342441,0.321628,1,0,,0,0,0,0,0,0,0,0,103808,104555,0,232,0
884178,1,0,0.0089729,0.109055,0.319103,0.306929,1,0,,0,0,0,0,0,0,0,0,103808,104555,0,232,0
884278,1,0,0.00628103,0.0885005,0.296043,0.254416,1,0,,0,0,0,0,0,0,0,0,103808,104555,0,232,0
884378,1,0,0.00439672,0.0716797,0.273606,0.26469,1,0,,0,0,0,0,0,0,0,0,103808,104555,0,232,0
884478,1,0,0.0030777,0.0579593,0.252042,0.272575,1,0,,0,0,0,0,0,0,0,0,103808,104555,0,232,0
884578,1,0,0.00215439,0.0467983,0.231517,0.283151,1,0,,0,0,0,0,0,0,0,0,103808,104555,0,232,0
884678,1,0,0.00150807,0.0377403,0.21214,0.274014,1,0,,0,0,0,0,0,0,0,0,103808,104555,0,232,0
884778,1,0,0.00105565,0.0304034,0.193966,0.29635,1,0,,0,0,0,0,0,0,0,0,103808,104555,0,232,0
884878,1,0,0.000738956,0.0244705,0.177016,0.284364,1,0,,0,0,0,0,0,0,0,0,103808,104555,0,232,0
884978,1,0,0.00051727,0.0196798,0.161283,0.254251,1,0,,0,0,0,0,0,0,0,0,103808,104555,0,232,0
885078,1,0,0.000362089,0.0158163,0.146736,0.351649,1,0,,0,0,0,0,0,0,0,0,103808,104555,0,232,0
885178,1,0,0.000253462,0.0127037,0.133333,0.288907,1,0,,0,0,0,0,0,0,0,0,103808,104555,0,232,0
885278,1,0,0.000177423,0.0101985,0.121019,0.245594,1,0,,0,0,0,0,0,0,0,0,103808,104555,0,232,0
885378,1,0,0.000124196,0.00818361,0.109736,0.274394,1,0,,0,0,0,0,0,0,0,0,103808,104555,0,232,0
885478,1,0,8.69375e-005,0.00656428,0.0994186,0.301981,1,0,,0,0,0,0,0,0,0,0,103808,104555,0,232,0
885578,1,0,6.08562e-005,0.00526359,0.0900031,0.287318,1,0,,0,0,0,0,0,0,0,0,103808,104555,0,232,0
885678,1,0,4.25994e-005,0.00421939,0.0814248,0.302106,1,0,,0,0,0,0,0,0,0,0,103808,104555,0,232,0
885778,1,0,2.98196e-005,0.00338148,0.0736204,0.26992,1,0,,0,0,0,0,0,0,0,0,103808,104555,0,232,0
885878,1,0,2.08737e-005,0.00270936,0.0665293,0.309782,1,0,,0,0,0,0,0,0,0,0,103808,104555,0,232,0
885978,1,0,1.46116e-005,0.00217041,0.0600934,0.290119,1,0,,0,0,0,0,0,0,0,0,103808,104555,0,232,0
886078,1,0,1.02281e-005,0.00173837,0.0542579,0.262869,1,0,,0,0,0,0,0,0,0,0,103808,104555,0,232,0
886178,1,0,7.15968e-006,0.00139213,0.0489713,0.273407,1,0,,0,0,0,0,0,0,0,0,103808,104555,0,232,0
886278,1,0,5.01177e-006,0.00111471,0.0441857,0.274333,1,0,,0,0,0,0,0,0,0,0,103808,104555,0,232,0
886378,1,0,3.50824e-006,0.000892467,0.0398564,0.307719,1,0,,0,0,0,0,0,0,0,0,103808,104555,0,232,0
886478,1,0,2.45577e-006,0.000714465,0.0359422,0.270181,1,0,,0,0,0,0,0,0,0,0,103808,104555,0,232,0
886578,1,8,2.4,0.480572,0.0804051,0.283734,1,0,,0,0,0,0,0,0,0,0,103808,104555,0,232,0
886678,1,0,1.68,0.720458,0.14441,0.272346,1,0,,0,0,0,0,0,0,0,0,103808,104555,0,232,0
886778,1,0,1.176,0.811566,0.211126,0.284245,1,0,,0,0,0,0,0,0,0,0,103808,104555,0,232,0
886878,1,0,0.823201,0.813893,0.271403,0.272857,1,0,,0,0,0,0,0,0,0,0,103808,104555,0,232,0
886978,1,0,0.57624,0.766363,0.320899,0.285053,1,0,,0,0,0,0,0,0,0,0,103808,104555,0,232,0
887078,1,0,0.403368,0.693764,0.358185,0.292489,1,0,,0,0,0,0,0,0,0,0,103808,104555,0,232,0
887178,1,0,0.282358,0.611483,0.383515,0.314941,1,0,,0,0,0,0,0,0,0,0,103808,104555,0,232,0
887278,1,0,0.19765,0.528716,0.398035,0.275777,1,0,,0,0,0,0,0,0,0,0,103808,104555,0,232,0
887378,1,0,0.138355,0.450644,0.403296,0.302675,1,0,,0,0,0,0,0,0,0,0,103808,104555,0,232,0
887478,1,0,0.0968487,0.379885,0.400955,0.290439,1,0,,0,0,0,0,0,0,0,0,103808,104555,0,232,0
887578,1,0,0.0677941,0.317467,0.392606,0.301726,1,0,,0,0,0,0,0,0,0,0,103808,104555,0,232,0
887678,1,0,0.0474559,0.263465,0.379692,0.290212,1,0,,0,0,0,0,0,0,0,0,103808,104555,0,232,0
887778,1,0,0.0332191,0.217416,0.363464,0.312275,1,0,,0,0,0,0,0,0,0,0,103808,104555,0,232,0
887878,1,0,0.0232534,0.178583,0.344976,0.261349,1,0,,0,0,0,0,0,0,0,0,103808,104555,0,232,0
887978,1,0,0.0162774,0.146122,0.325091,0.274562,1,0,,0,0,0,0,0,0,0,0,103808,104555,0,232,0
888078,1,0,0.0113942,0.119176,0.304499,0.288424,1,0,,0,0,0,0,0,0,0,0,103808,104555,0,232,0
888178,1,0,0.00797591,0.0969363,0.283743,0.290125,1,0,,0,0,0,0,0,0,0,0,103808,104555,0,232,0
888278,1,0,0.00558313,0.0786657,0.263235,0.266163,1,0,,0,0,0,0,0,0,0,0,103808,104555,0,232,0
888378,1,0,0.00390819,0.0637142,0.243283,0.270749,1,0,,0,0,0,0,0,0,0,0,103808,104555,0,232,0
888478,1,0,0.00273574,0.0515185,0.224107,0.292263,1,0,,0,0,0,0,0,0,0,0,103808,104555,0,232,0
888578,1,0,0.00191502,0.0415978,0.205856,0.311915,1,0,,0,0,0,0,0,0,0,0,103808,104555,0,232,0
888678,1,0,0.00134051,0.0335463,0.188625,0.343991,1,0,,0,0,0,0,0,0,0,0,103808,104555,0,232,0
888778,1,0,0.000938357,0.0270247,0.172465,0.319858,1,0,,0,0,0,0,0,0,0,0,103808,104555,0,232,0
888878,1,0,0.00065685,0.0217512,0.157393,0.280771,1,0,,0,0,0,0,0,0,0,0,103808,104555,0,232,0
888978,1,0,0.000459795,0.0174929,0.143403,0.315884,1,0,,0,0,0,0,0,0,0,0,103808,104555,0,232,0
889078,1,0,0.000321857,0.0140587,0.130469,0.27111,1,0,,0,0,0,0,0,0,0,0,103808,104555,0,232,0
889178,1,0,0.0002253,0.011292,0.118551,0.279299,1,0,,0,0,0,0,0,0,0,0,103808,104555,0,232,0
889278,1,0,0.00015771,0.00906515,0.107603,0.29906,1,0,,0,0,0,0,0,0,0,0,103808,104555,0,232,0
889378,1,0,0.000110397,0.0072742,0.0975697,0.284579,1,0,,0,0,0,0,0,0,0,0,103808,104555,0,232,0
889478,1,0,7.72778e-005,0.00583482,0.0883963,0.317466,1,0,,0,0,0,0,0,0,0,0,103808,104555,0,232,0
889578,1,0,5.40944e-005,0.00467867,0.0800245,0.30928,1,0,,0,0,0,0,0,0,0,0,103808,104555,0,232,0
889678,1,0,3.78661e-005,0.00375051,0.0723971,0.286154,1,0,,0,0,0,0,0,0,0,0,103808,104555,0,232,0
889778,1,0,2.65063e-005,0.00300571,0.0654579,0.279164,1,0,,0,0,0,0,0,0,0,0,103808,104555,0,232,0
889878,1,0,1.85544e-005,0.00240828,0.059153,0.304827,1,0,,0,0,0,0,0,0,0,0,103808,104555,0,232,0
889978,1,0,1.29881e-005,0.00192922,0.0534306,0.294864,1,0,,0,0,0,0,0,0,0,0,103808,104555,0,232,0
890078,1,0,9.09165e-006,0.00154519,0.0482421,0.286227,1,0,,0,0,0,0,0,0,0,0,103808,104555,0,232,0
890178,1,0,6.36416e-006,0.00123743,0.0435416,0.284576,1,0,,0,0,0,0,0,0,0,0,103808,104555,0,232,0
890278,1,0,4.45491e-006,0.000990834,0.0392865,0.288687,1,0,,0,0,0,0,0,0,0,0,103808,104555,0,232,0
890378,1,0,3.11844e-006,0.000793291,0.0354372,0.27395,1,0,,0,0,0,0,0,0,0,0,103808,104555,0,232,0
890478,1,9,2.7,0.540635,0.085957,0.246041,1,0,,0,0,0,0,0,0,0,0,103808,104555,0,232,0
890578,1,0,1.89,0.810508,0.158412,0.277104,1,0,,0,0,0,0,0,0,0,0,103808,104555,0,232,0
890678,1,0,1.323,0.913007,0.233872,0.275964,1,0,,0,0,0,0,0,0,0,0,103808,104555,0,232,0
890778,1,0,0.926101,0.915626,0.302047,0.282189,1,0,,0,0,0,0,0,0,0,0,103808,104555,0,232,0
890878,1,0,0.64827,0.862155,0.358058,0.287413,1,0,,0,0,0,0,0,0,0,0,103808,104555,0,232,0
890978,1,0,0.453789,0.780482,0.4003,0.257702,1,0,,0,0,0,0,0,0,0,0,103808,104555,0,232,0
891078,1,0,0.317653,0.687916,0.429062,0.294301,1,0,,0,0,0,0,0,0,0,0,103808,104555,0,232,0
891178,1,0,0.222357,0.594804,0.445636,0.288497,1,0,,0,0,0,0,0,0,0,0,103808,104555,0,232,0
891278,1,0,0.15565,0.506973,0.45177,0.283059,1,0,,0,0,0,0,0,0,0,0,103808,104555,0,232,0
891378,1,0,0.108955,0.42737,0.44933,0.269884,1,0,,0,0,0,0,0,0,0,0,103808,104555,0,232,0
891478,1,0,0.0762684,0.357149,0.440112,0.289335,1,0,,0,0,0,0,0,0,0,0,103808,104555,0,232,0
891578,1,0,0.0533879,0.296397,0.42574,0.293423,1,0,,0,0,0,0,0,0,0,0,103808,104555,0,232,0
891678,1,0,0.0373715,0.244592,0.407625,0.298833,1,0,,0,0,0,0,0,0,0,0,103808,104555,0,232,0
891778,1,0,0.0261601,0.200906,0.386953,0.280206,1,0,,0,0,0,0,0,0,0,0,103808,104555,0,232,0
891878,1,0,0.018312,0.164387,0.364697,0.299382,1,0,,0,0,0,0,0,0,0,0,103808,104555,0,232,0
891978,1,0,0.0128184,0.134073,0.341634,0.266432,1,0,,0,0,0,0,0,0,0,0,103808,104555,0,232,0
892078,1,0,0.0089729,0.109053,0.318376,0.291395,1,0,,0,0,0,0,0,0,0,0,103808,104555,0,232,0
892178,1,0,0.00628103,0.0884987,0.295388,0.272559,1,0,,0,0,0,0,0,0,0,0,103808,104555,0,232,0
892278,1,0,0.00439672,0.0716783,0.273017,0.294147,1,0,,0,0,0,0,0,0,0,0,103808,104555,0,232,0
892378,1,0,0.0030777,0.0579582,0.251511,0.270332,1,0,,0,0,0,0,0,0,0,0,103808,104555,0,232,0
892478,1,0,0.00215439,0.0467974,0.23104,0.27346,1,0,,0,0,0,0,0,0,0,0,103808,104555,0,232,0
892578,1,0,0.00150807,0.0377396,0.21171,0.29102,1,0,,0,0,0,0,0,0,0,0,103808,104555,0,232,0
892678,1,0,0.00105565,0.0304028,0.193579,0.266094,1,0,,0,0,0,0,0,0,0,0,103808,104555,0,232,0
892778,1,0,0.000738956,0.02447,0.176668,0.280692,1,0,,0,0,0,0,0,0,0,0,103808,104555,0,232,0
892878,1,0,0.00051727,0.0196795,0.160969,0.286043,1,0,,0,0,0,0,0,0,0,0,103808,104555,0,232,0
892978,1,0,0.000362089,0.015816,0.146454,0.248044,1,0,,0,0,0,0,0,0,0,0,103808,104555,0,232,0
893078,1,0,0.000253462,0.0127035,0.133079,0.310382,1,0,,0,0,0,0,0,0,0,0,103808,104555,0,232,0
893178,1,0,0.000177423,0.0101983,0.120791,0.282731,1,0,,0,0,0,0,0,0,0,0,103808,104555,0,232,0
893278,1,0,0.000124196,0.00818346,0.10953,0.304905,1,0,,0,0,0,0,0,0,0,0,103808,104555,0,232,0
893378,1,0,8.69375e-005,0.00656415,0.0992336,0.270704,1,0,,0,0,0,0,0,0,0,0,103808,104555,0,232,0
893478,1,0,6.08562e-005,0.00526349,0.0898366,0.252306,1,0,,0,0,0,0,0,0,0,0,103808,104555,0,232,0
893578,1,0,4.25994e-005,0.00421932,0.0812749,0.275892,1,0,,0,0,0,0,0,0,0,0,103808,104555,0,232,0
893678,1,0,2.98196e-005,0.00338142,0.0734855,0.267892,1,0,,0,0,0,0,0,0,0,0,103808,104555,0,232,0
893778,1,0,2.08737e-005,0.00270931,0.0664079,0.280694,1,0,,0,0,0,0,0,0,0,0,103808,104555,0,232,0
893878,1,0,1.46116e-005,0.00217037,0.0599841,0.268259,1,0,,0,0,0,0,0,0,0,0,103808,104555,0,232,0
893978,1,0,1.02281e-005,0.00173834,0.0541596,0.290432,1,0,,0,0,0,0,0,0,0,0,103808,104555,0,232,0
894078,1,0,7.15968e-006,0.0013921,0.0488828,0.287394,1,0,,0,0,0,0,0,0,0,0,103808,104555,0,232,0
894178,1,0,5.01177e-006,0.00111469,0.044106,0.270383,1,0,,0,0,0,0,0,0,0,0,103808,104555,0,232,0
894278,1,0,3.50824e-006,0.00089245,0.0397846,0.31167,1,0,,0,0,0,0,0,0,0,0,103808,104555,0,232,0
894378,1,0,2.45577e-006,0.000714451,0.0358776,0.302306,1,0,,0,0,0,0,0,0,0,0,103808,104555,0,232,0
894478,1,8,2.4,0.480572,0.080347,0.310985,1,0,,0,0,0,0,0,0,0,0,103808,104555,0,232,0
894578,1,0,1.68,0.720458,0.144358,0.312273,1,0,,0,0,0,0,0,0,0,0,103808,104555,0,232,0
894678,1,0,1.176,0.811566,0.211079,0.285162,1,0,,0,0,0,0,0,0,0,0,103808,104555,0,232,0
894778,1,0,0.823201,0.813893,0.27136,0.26575,1,0,,0,0,0,0,0,0,0,0,103808,104555,0,232,0
894878,1,0,0.57624,0.766363,0.320861,0.284538,1,0,,0,0,0,0,0,0,0,0,103808,104555,0,232,0
894978,1,0,0.403368,0.693764,0.358151,0.321489,1,0,,0,0,0,0,0,0,0,0,103808,104555,0,232,0
895078,1,0,0.282358,0.611483,0.383484,0.290615,1,0,,0,0,0,0,0,0,0,0,103808,104555,0,232,0
895178,1,0,0.19765,0.528716,0.398007,0.271926,1,0,,0,0,0,0,0,0,0,0,103808,104555,0,232,0
895278,1,0,0.138355,0.450644,0.403271,0.270412,1,0,,0,0,0,0,0,0,0,0,103808,104555,0,232,0
895378,1,0,0.0968487,0.379885,0.400932,0.332174,1,0,,0,0,0,0,0,0,0,0,103808,104555,0,232,0
895478,1,0,0.0677941,0.317467,0.392586,0.272747,1,0,,0,0,0,0,0,0,0,0,103808,104555,0,232,0
895578,1,0,0.0474559,0.263465,0.379674,0.281496,1,0,,0,0,0,0,0,0,0,0,103808,104555,0,232,0
895678,1,0,0.0332191,0.217416,0.363448,0.279083,1,0,,0,0,0,0,0,0,0,0,103808,104555,0,232,0
895778,1,0,0.0232534,0.178583,0.344961,0.288597,1,0,,0,0,0,0,0,0,0,0,103808,104555,0,232,0
895878,1,0,0.0162774,0.146122,0.325077,0.272048,1,0,,0,0,0,0,0,0,0,0,103808,104555,0,232,0
895978,1,0,0.0113942,0.119176,0.304487,0.297849,1,0,,0,0,0,0,0,0,0,0,103808,104555,0,232,0
896078,1,0,0.00797591,0.0969363,0.283732,0.272236,1,0,,0,0,0,0,0,0,0,0,103808,104555,0,232,0
896178,1,0,0.00558313,0.0786657,0.263226,0.322275,1,0,,0,0,0,0,0,0,0,0,103808,104555,0,232,0
896278,1,0,0.00390819,0.0637142,0.243274,0.30725,1,0,,0,0,0,0,0,0,0,0,103808,104555,0,232,0
896378,1,0,0.00273574,0.0515185,0.224099,0.285299,1,0,,0,0,0,0,0,0,0,0,103808,104555,0,232,0
896478,1,0,0.00191502,0.0415978,0.205849,0.271452,1,0,,0,0,0,0,0,0,0,0,103808,104555,0,232,0
896578,1,0,0.00134051,0.0335463,0.188618,0.300403,1,0,,0,0,0,0,0,0,0,0,103808,104555,0,232,0
896678,1,0,0.000938357,0.0270247,0.172459,0.306365,1,0,,0,0,0,0,0,0,0,0,103808,104555,0,232,0
896778,1,0,0.00065685,0.0217512,0.157388,0.278518,1,0,,0,0,0,0,0,0,0,0,103808,104555,0,232,0
896878,1,0,0.000459795,0.0174929,0.143399,0.287243,1,0,,0,0,0,0,0,0,0,0,103808,104555,0,232,0
896978,1,0,0.000321857,0.0140587,0.130465,0.295995,1,0,,0,0,0,0,0,0,0,0,103808,104555,0,232,0
897078,1,0,0.0002253,0.011292,0.118547,0.288706,1,0,,0,0,0,0,0,0,0,0,103808,104555,0,232,0
897178,1,0,0.00015771,0.00906515,0.107599,0.297195,1,0,,0,0,0,0,0,0,0,0,103808,104555,0,232,0
897278,1,0,0.000110397,0.0072742,0.0975667,0.290281,1,0,,0,0,0,0,0,0,0,0,103808,104555,0,232,0
897378,1,0,7.72778e-005,0.00583482,0.0883935,0.26168,1,0,,0,0,0,0,0,0,0,0,103808,104555,0,232,0
897478,1,0,5.40944e-005,0.00467867,0.080022,0.286094,1,0,,0,0,0,0,0,0,0,0,103808,104555,0,232,0
897578,1,0,3.78661e-005,0.00375051,0.0723949,0.295793,1,0,,0,0,0,0,0,0,0,0,103808,104555,0,232,0
897678,1,0,2.65063e-005,0.00300571,0.065456,0.285106,1,0,,0,0,0,0,0,0,0,0,103808,104555,0,232,0
897778,1,0,1.85544e-005,0.00240828,0.0591512,0.3028,1,0,,0,0,0,0,0,0,0,0,103808,104555,0,232,0
897878,1,0,1.29881e-005,0.00192922,0.053429,0.289963,1,0,,0,0,0,0,0,0,0,0,103808,104555,0,232,0
897978,1,0,9.09165e-006,0.00154519,0.0482406,0.294762,1,0,,0,0,0,0,0,0,0,0,103808,104555,0,232,0
898078,1,0,6.36416e-006,0.00123743,0.0435403,0.285336,1,0,,0,0,0,0,0,0,0,0,103808,104555,0,232,0
898178,1,0,4.45491e-006,0.000990834,0.0392853,0.273985,1,0,,0,0,0,0,0,0,0,0,103808,104555,0,232,0
898278,1,0,3.11844e-006,0.000793291,0.0354361,0.277372,1,0,,0,0,0,0,0,0,0,0,103808,104555,0,232,0
898378,1,9,2.7,0.540635,0.085956,0.252327,1,0,,0,0,0,0,0,0,0,0,103808,104555,0,232,0
898478,1,0,1.89,0.810508,0.158411,0.279364,1,0,,0,0,0,0,0,0,0,0,103808,104555,0,232,0
898578,1,0,1.323,0.913007,0.233871,0.273165,1,0,,0,0,0,0,0,0,0,0,103808,104555,0,232,0
898678,1,0,0.926101,0.915626,0.302046,0.279152,1,0,,0,0,0,0,0,0,0,0,103808,104555,0,232,0
898778,1,0,0.64827,0.862155,0.358057,0.290089,1,0,,0,0,0,0,0,0,0,0,103808,104555,0,232,0
898878,1,0,0.453789,0.780482,0.4003,0.275077,1,0,,0,0,0,0,0,0,0,0,103808,104555,0,232,0
898978,1,0,0.317653,0.687916,0.429061,0.308138,1,0,,0,0,0,0,0,0,0,0,103808,104555,0,232,0
899078,1,0,0.222357,0.594804,0.445635,0.288888,1,0,,0,0,0,0,0,0,0,0,103808,104555,0,232,0
899178,1,0,0.15565,0.506973,0.451769,0.262352,1,0,,0,0,0,0,0,0,0,0,103808,104555,0,232,0
899278,1,0,0.108955,0.42737,0.449329,0.296638,1,0,,0,0,0,0,0,0,0,0,103808,104555,0,232,0
899378,1,0,0.0762684,0.357149,0.440111,0.314099,1,0,,0,0,0,0,0,0,0,0,103808,104555,0,232,0
899478,1,0,0.0533879,0.296397,0.42574,0.272274,1,0,,0,0,0,0,0,0,0,0,103808,104555,0,232,0
899578,1,0,0.0373715,0.244592,0.407625,0.264569,1,0,,0,0,0,0,0,0,0,0,103808,104555,0,232,0
899678,1,0,0.0261601,0.200906,0.386953,0.288704,1,0,,0,0,0,0,0,0,0,0,103808,104555,0,232,0
899778,1,0,0.018312,0.164387,0.364696,0.282741,1,0,,0,0,0,0,0,0,0,0,103808,104555,0,232,0
899878,1,0,0.0128184,0.134073,0.341634,0.298316,1,0,,0,0,0,0,0,0,0,0,103808,104555,0,232,0
899978,1,0,0.0089729,0.109053,0.318376,0.270716,1,0,,0,0,0,0,0,0,0,0,103808,104555,0,232,0
900078,1,0,0.00628103,0.0884987,0.295388,0.304966,1,0,,0,0,0,0,0,0,0,0,103808,104555,0,232,0
900178,1,0,0.00439672,0.0716783,0.273017,0.283009,1,0,,0,0,0,0,0,0,0,0,103808,104555,0,232,0
900278,1,0,0.0030777,0.0579582,0.251511,0.300198,1,0,,0,0,0,0,0,0,0,0,103808,104555,0,232,0
900378,1,0,0.00215439,0.0467974,0.23104,0.321134,1,0,,0,0,0,0,0,0,0,0,103808,104555,0,232,0
900478,1,0,0.00150807,0.0377396,0.21171,0.243421,1,0,,0,0,0,0,0,0,0,0,103808,104555,0,232,0
900578,1,0,0.00105565,0.0304028,0.193579,0.285347,1,0,,0,0,0,0,0,0,0,0,103808,104555,0,232,0
900678,1,0,0.000738956,0.02447,0.176668,0.285609,1,0,,0,0,0,0,0,0,0,0,103808,104555,0,232,0
900778,1,0,0.00051727,0.0196795,0.160969,0.300646,1,0,,0,0,0,0,0,0,0,0,103808,104555,0,232,0
900878,1,0,0.000362089,0.015816,0.146454,0.284597,1,0,,0,0,0,0,0,0,0,0,103808,104555,0,232,0
900978,1,0,0.000253462,0.0127035,0.133079,0.284583,1,0,,0,0,0,0,0,0,0,0,103808,104555,0,232,0
901078,1,0,0.000177423,0.0101983,0.120791,0.263221,1,0,,0,0,0,0,0,0,0,0,103808,104555,0,232,0
901178,1,0,0.000124196,0.00818346,0.10953,0.275245,1,0,,0,0,0,0,0,0,0,0,103808,104555,0,232,0
901278,1,0,8.69375e-005,0.00656415,0.0992335,0.27788,1,0,,0,0,0,0,0,0,0,0,103808,104555,0,232,0
901378,1,0,6.08562e-005,0.00526349,0.0898365,0.293367,1,0,,0,0,0,0,0,0,0,0,103808,104555,0,232,0
901478,1,0,4.25994e-005,0.00421932,0.0812748,0.285517,1,0,,0,0,0,0,0,0,0,0,103808,104555,0,232,0
901578,1,0,2.98196e-005,0.00338142,0.0734855,0.280365,1,0,,0,0,0,0,0,0,0,0,103808,104555,0,232,0
901678,1,0,2.08737e-005,0.00270931,0.0664079,0.267102,1,0,,0,0,0,0,0,0,0,0,103808,104555,0,232,0
901778,1,0,1.46116e-005,0.00217037,0.0599841,0.271561,1,0,,0,0,0,0,0,0,0,0,103808,104555,0,232,0
901878,1,0,1.02281e-005,0.00173834,0.0541595,0.27416,1,0,,0,0,0,0,0,0,0,0,103808,104555,0,232,0
901978,1,0,7.15968e-006,0.0013921,0.0488828,0.27221,1,0,,0,0,0,0,0,0,0,0,103808,104555,0,232,0
902078,1,0,5.01177e-006,0.00111469,0.044106,0.297709,1,0,,0,0,0,0,0,0,0,0,103808,104555,0,232,0
902178,1,0,3.50824e-006,0.00089245,0.0397846,0.245309,1,0,,0,0,0,0,0,0,0,0,103808,104555,0,232,0
902278,1,0,2.45577e-006,0.000714451,0.0358776,0.276248,1,0,,0,0,0,0,0,0,0,0,103808,104555,0,232,0
902378,1,8,2.4,0.480572,0.080347,0.272183,1,0,,0,0,0,0,0,0,0,0,103808,104555,0,232,0
902478,1,0,1.68,0.720458,0.144358,0.28047,1,0,,0,0,0,0,0,0,0,0,103808,104555,0,232,0
902578,1,0,1.176,0.811566,0.211079,0.278457,1,0,,0,0,0,0,0,0,0,0,103808,104555,0,232,0
902678,1,0,0.823201,0.813893,0.27136,0.290808,1,0,,0,0,0,0,0,0,0,0,103808,104555,0,232,0
902778,1,0,0.57624,0.766363,0.320861,0.300584,1,0,,0,0,0,0,0,0,0,0,103808,104555,0,232,0
902878,1,0,0.403368,0.693764,0.358151,0.271372,1,0,,0,0,0,0,0,0,0,0,103808,104555,0,232,0
902978,1,0,0.282358,0.611483,0.383484,0.310609,1,0,,0,0,0,0,0,0,0,0,103808,104555,0,232,0
903078,1,0,0.19765,0.528716,0.398007,0.267769,1,0,,0,0,0,0,0,0,0,0,103808,104555,0,232,0
903178,1,0,0.138355,0.450644,0.403271,0.310507,1,0,,0,0,0,0,0,0,0,0,103808,104555,0,232,0
903278,1,0,0.0968487,0.379885,0.400932,0.274233,1,0,,0,0,0,0,0,0,0,0,103808,104555,0,232,0
903378,1,0,0.0677941,0.317467,0.392586,0.275396,1,0,,0,0,0,0,0,0,0,0,103808,104555,0,232,0
903478,1,0,0.0474559,0.263465,0.379674,0.27141,1,0,,0,0,0,0,0,0,0,0,103808,104555,0,232,0
903578,1,0,0.0332191,0.217416,0.363448,0.255486,1,0,,0,0,0,0,0,0,0,0,103808,104555,0,232,0
903678,1,0,0.0232534,0.178583,0.344961,0.259314,1,0,,0,0,0,0,0,0,0,0,103808,104555,0,232,0
903778,1,0,0.0162774,0.146122,0.325077,0.274534,1,0,,0,0,0,0,0,0,0,0,103808,104555,0,232,0
903878,1,0,0.0113942,0.119176,0.304487,0.328861,1,0,,0,0,0,0,0,0,0,0,103808,104555,0,232,0
903978,1,0,0.00797591,0.0969363,0.283732,0.311423,1,0,,0,0,0,0,0,0,0,0,103808,104555,0,232,0
904078,1,0,0.00558313,0.0786657,0.263226,0.272611,1,0,,0,0,0,0,0,0,0,0,103808,104555,0,232,0
904178,1,0,0.00390819,0.0637142,0.243274,0.287487,1,0,,0,0,0,0,0,0,0,0,103808,104555,0,232,0
904278,1,0,0.00273574,0.0515185,0.224099,0.269512,1,0,,0,0,0,0,0,0,0,0,103808,104555,0,232,0
904378,1,0,0.00191502,0.0415978,0.205849,0.280085,1,0,,0,0,0,0,0,0,0,0,103808,104555,0,232,0
904478,1,0,0.00134051,0.0335463,0.188618,0.304549,1,0,,0,0,0,0,0,0,0,0,103808,104555,0,232,0
904578,1,0,0.000938357,0.0270247,0.172459,0.255998,1,0,,0,0,0,0,0,0,0,0,103808,104555,0,232,0
904678,1,0,0.00065685,0.0217512,0.157388,0.286859,1,0,,0,0,0,0,0,0,0,0,103808,104555,0,232,0
904778,1,0,0.000459795,0.0174929,0.143399,0.293834,1,0,,0,0,0,0,0,0,0,0,103808,104555,0,232,0
904878,1,0,0.000321857,0.0140587,0.130465,0.289323,1,0,,0,0,0,0,0,0,0,0,103808,104555,0,232,0
904978,1,0,0.0002253,0.011292,0.118547,0.298175,1,0,,0,0,0,0,0,0,0,0,103808,104555,0,232,0
905078,1,0,0.00015771,0.00906515,0.107599,0.288275,1,0,,0,0,0,0,0,0,0,0,103808,104555,0,232,0
905178,1,0,0.000110397,0.0072742,0.0975667,0.280464,1,0,,0,0,0,0,0,0,0,0,103808,104555,0,232,0
905278,1,0,7.72778e-005,0.00583482,0.0883935,0.278563,1,0,,0,0,0,0,0,0,0,0,103808,104555,0,232,0
905378,1,0,5.40944e-005,0.00467867,0.080022,0.281965,1,0,,0,0,0,0,0,0,0,0,103808,104555,0,232,0
905478,1,0,3.78661e-005,0.00375051,0.0723949,0.269338,1,0,,0,0,0,0,0,0,0,0,103808,104555,0,232,0
905578,1,0,2.65063e-005,0.00300571,0.065456,0.287519,1,0,,0,0,0,0,0,0,0,0,103808,104555,0,232,0
905678,1,0,1.85544e-005,0.00240828,0.0591512,0.251844,1,0,,0,0,0,0,0,0,0,0,103808,104555,0,232,0
905778,1,0,1.29881e-005,0.00192922,0.053429,0.255519,1,0,,0,0,0,0,0,0,0,0,103808,104555,0,232,0
905878,1,0,9.09165e-006,0.00154519,0.0482406,0.303407,1,0,,0,0,0,0,0,0,0,0,103808,104555,0,232,0
905978,1,0,6.36416e-006,0.00123743,0.0435403,0.299542,1,0,,0,0,0,0,0,0,0,0,103808,104555,0,232,0
906078,1,0,4.45491e-006,0.000990834,0.0392853,0.284119,1,0,,0,0,0,0,0,0,0,0,103808,104555,0,232,0
906178,1,0,3.11844e-006,0.000793291,0.0354361,0.275382,1,0,,0,0,0,0,0,0,0,0,103808,104555,0,232,0
906278,1,9,2.7,0.540635,0.085956,0.270008,1,0,,0,0,0,0,0,0,0,0,103808,104555,0,232,0
906378,1,0,1.89,0.810508,0.158411,0.279021,1,0,,0,0,0,0,0,0,0,0,103808,104555,0,232,0
906478,1,0,1.323,0.913007,0.233871,0.303396,1,0,,0,0,0,0,0,0,0,0,103808,104555,0,232,0
906578,1,0,0.926101,0.915626,0.302046,0.277559,1,0,,0,0,0,0,0,0,0,0,103808,104555,0,232,0
906678,1,0,0.64827,0.862155,0.358057,0.274932,1,0,,0,0,0,0,0,0,0,0,103808,104555,0,232,0
906778,1,0,0.453789,0.780482,0.4003,0.273768,1,0,,0,0,0,0,0,0,0,0,103808,104555,0,232,0
906878,1,0,0.317653,0.687916,0.429061,0.247293,1,0,,0,0,0,0,0,0,0,0,103808,104555,0,232,0
906978,1,0,0.222357,0.594804,0.445635,0.287457,1,0,,0,0,0,0,0,0,0,0,103808,104555,0,232,0
907078,1,0,0.15565,0.506973,0.451769,0.269095,1,0,,0,0,0,0,0,0,0,0,103808,104555,0,232,0
907178,1,0,0.108955,0.42737,0.449329,0.30162,1,0,,0,0,0,0,0,0,0,0,103808,104555,0,232,0
907278,1,0,0.0762684,0.357149,0.440111,0.291045,1,0,,0,0,0,0,0,0,0,0,103808,104555,0,232,0
907378,1,0,0.0533879,0.296397,0.42574,0.268373,1,0,,0,0,0,0,0,0,0,0,103808,104555,0,232,0
907478,1,0,0.0373715,0.244592,0.407625,0.289123,1,0,,0,0,0,0,0,0,0,0,103808,104555,0,232,0
907578,1,0,0.0261601,0.200906,0.386953,0.263275,1,0,,0,0,0,0,0,0,0,0,103808,104555,0,232,0
907678,1,0,0.018312,0.164387,0.364696,0.276824,1,0,,0,0,0,0,0,0,0,0,103808,104555,0,232,0
907778,1,0,0.0128184,0.134073,0.341634,0.335075,1,0,,0,0,0,0,0,0,0,0,103808,104555,0,232,0
907878,1,0,0.0089729,0.109053,0.318376,0.27185,1,0,,0,0,0,0,0,0,0,0,103808,104555,0,232,0
907978,1,0,0.00628103,0.0884987,0.295388,0.282076,1,0,,0,0,0,0,0,0,0,0,103808,104555,0,232,0
908078,1,0,0.00439672,0.0716783,0.273017,0.282349,1,0,,0,0,0,0,0,0,0,0,103808,104555,0,232,0
908178,1,0,0.0030777,0.0579582,0.251511,0.277411,1,0,,0,0,0,0,0,0,0,0,103808,104555,0,232,0
908278,1,0,0.00215439,0.0467974,0.23104,0.315097,1,0,,0,0,0,0,0,0,0,0,103808,104555,0,232,0
908378,1,0,0.00150807,0.0377396,0.21171,0.26216,1,0,,0,0,0,0,0,0,0,0,103808,104555,0,232,0
908478,1,0,0.00105565,0.0304028,0.193579,0.258473,1,0,,0,0,0,0,0,0,0,0,103808,104555,0,232,0
908578,1,0,0.000738956,0.02447,0.176668,0.265727,1,0,,0,0,0,0,0,0,0,0,103808,104555,0,232,0
908678,1,0,0.00051727,0.0196795,0.160969,0.267029,1,0,,0,0,0,0,0,0,0,0,103808,104555,0,232,0
908778,1,0,0.000362089,0.015816,0.146454,0.30008,1,0,,0,0,0,0,0,0,0,0,103808,104555,0,232,0
908878,1,0,0.000253462,0.0127035,0.133079,0.320206,1,0,,0,0,0,0,0,0,0,0,103808,104555,0,232,0
908978,1,0,0.000177423,0.0101983,0.120791,0.278945,1,0,,0,0,0,0,0,0,0,0,103808,104555,0,232,0
909078,1,0,0.000124196,0.00818346,0.10953,0.28422,1,0,,0,0,0,0,0,0,0,0,103808,104555,0,232,0
909178,1,0,8.69375e-005,0.00656415,0.0992335,0.265816,1,0,,0,0,0,0,0,0,0,0,103808,104555,0,232,0
909278,1,0,6.08562e-005,0.00526349,0.0898365,0.293866,1,0,,0,0,0,0,0,0,0,0,103808,104555,0,232,0
909378,1,0,4.25994e-005,0.00421932,0.0812748,0.284677,1,0,,0,0,0,0,0,0,0,0,103808,104555,0,232,0
909478,1,0,2.98196e-005,0.00338142,0.0734855,0.29534,1,0,,0,0,0,0,0,0,0,0,103808,104555,0,232,0
909578,1,0,2.08737e-005,0.00270931,0.0664079,0.248526,1,0,,0,0,0,0,0,0,0,0,103808,104555,0,232,0
909678,1,0,1.46116e-005,0.00217037,0.0599841,0.25934,1,0,,0,0,0,0,0,0,0,0,103808,104555,0,232,0
909778,1,0,1.02281e-005,0.00173834,0.0541595,0.298914,1,0,,0,0,0,0,0,0,0,0,103808,104555,0,232,0
909878,1,0,7.15968e-006,0.0013921,0.0488828,0.268843,1,0,,0,0,0,0,0,0,0,0,103808,104555,0,232,0
909978,1,0,5.01177e-006,0.00111469,0.044106,0.330968,1,0,,0,0,0,0,0,0,0,0,103808,104555,0,232,0
910078,1,0,3.50824e-006,0.00089245,0.0397846,0.27853,1,0,,0,0,0,0,0,0,0,0,103808,104555,0,232,0
910178,1,9,2.7,0.540714,0.0898776,0.293579,1,0,,0,0,0,0,0,0,0,0,103808,104555,0,232,0
910278,1,0,1.89,0.810572,0.161947,0.280439,1,0,,0,0,0,0,0,0,0,0,103808,104555,0,232,0
910378,1,0,1.323,0.913058,0.237058,0.262766,1,0,,0,0,0,0,0,0,0,0,103808,104555,0,232,0
910478,1,0,0.926101,0.915666,0.304919,0.27969,1,0,,0,0,0,0,0,0,0,0,103808,104555,0,232,0
910578,1,0,0.648271,0.862187,0.360646,0.262528,1,0,,0,0,0,0,0,0,0,0,103808,104555,0,232,0
910678,1,0,0.453789,0.780508,0.402632,0.248604,1,0,,0,0,0,0,0,0,0,0,103808,104555,0,232,0
910778,1,0,0.317653,0.687937,0.431162,0.275478,1,0,,0,0,0,0,0,0,0,0,103808,104555,0,232,0
910878,1,0,0.222357,0.594821,0.447528,0.276364,1,0,,0,0,0,0,0,0,0,0,103808,104555,0,232,0
910978,1,0,0.15565,0.506987,0.453474,0.264414,1,0,,0,0,0,0,0,0,0,0,103808,104555,0,232,0
911078,1,0,0.108955,0.42738,0.450865,0.280725,1,0,,0,0,0,0,0,0,0,0,103808,104555,0,232,0
911178,1,0,0.0762684,0.357158,0.441494,0.259853,1,0,,0,0,0,0,0,0,0,0,103808,104555,0,232,0
911278,1,0,0.0533879,0.296404,0.426985,0.301115,1,0,,0,0,0,0,0,0,0,0,103808,104555,0,232,0
911378,1,0,0.0373715,0.244597,0.408746,0.301189,1,0,,0,0,0,0,0,0,0,0,103808,104555,0,232,0
911478,1,0,0.0261601,0.20091,0.387963,0.291965,1,0,,0,0,0,0,0,0,0,0,103808,104555,0,232,0
911578,1,0,0.018312,0.16439,0.365605,0.290953,1,0,,0,0,0,0,0,0,0,0,103808,104555,0,232,0
911678,1,0,0.0128184,0.134076,0.342452,0.299428,1,0,,0,0,0,0,0,0,0,0,103808,104555,0,232,0
911778,1,0,0.0089729,0.109055,0.319113,0.289965,1,0,,0,0,0,0,0,0,0,0,103808,104555,0,232,0
911878,1,0,0.00628103,0.0885005,0.296051,0.26694,1,0,,0,0,0,0,0,0,0,0,103808,104555,0,232,0
911978,1,0,0.00439672,0.0716797,0.273614,0.301367,1,0,,0,0,0,0,0,0,0,0,103808,104555,0,232,0
912078,1,0,0.0030777,0.0579593,0.252049,0.269403,1,0,,0,0,0,0,0,0,0,0,103808,104555,0,232,0
912178,1,0,0.00215439,0.0467983,0.231524,0.282378,1,0,,0,0,0,0,0,0,0,0,103808,104555,0,232,0
912278,1,0,0.00150807,0.0377403,0.212145,0.281402,1,0,,0,0,0,0,0,0,0,0,103808,104555,0,232,0
912378,1,0,0.00105565,0.0304034,0.193971,0.306703,1,0,,0,0,0,0,0,0,0,0,103808,104555,0,232,0
912478,1,0,0.000738956,0.0244705,0.177021,0.270827,1,0,,0,0,0,0,0,0,0,0,103808,104555,0,232,0
912578,1,0,0.00051727,0.0196798,0.161287,0.274065,1,0,,0,0,0,0,0,0,0,0,103808,104555,0,232,0
912678,1,0,0.000362089,0.0158163,0.14674,0.276116,1,0,,0,0,0,0,0,0,0,0,103808,104555,0,232,0
912778,1,0,0.000253462,0.0127037,0.133336,0.295668,1,0,,0,0,0,0,0,0,0,0,103808,104555,0,232,0
912878,1,0,0.000177423,0.0101985,0.121022,0.25828,1,0,,0,0,0,0,0,0,0,0,103808,104555,0,232,0
912978,1,0,0.000124196,0.00818361,0.109739,0.293479,1,0,,0,0,0,0,0,0,0,0,103808,104555,0,232,0
913078,1,0,8.69375e-005,0.00656428,0.0994211,0.276293,1,0,,0,0,0,0,0,0,0,0,103808,104555,0,232,0
913178,1,0,6.08562e-005,0.00526359,0.0900054,0.26572,1,0,,0,0,0,0,0,0,0,0,103808,104555,0,232,0
913278,1,0,4.25994e-005,0.00421939,0.0814268,0.307471,1,0,,0,0,0,0,0,0,0,0,103808,104555,0,232,0
913378,1,0,2.98196e-005,0.00338148,0.0736223,0.314983,1,0,,0,0,0,0,0,0,0,0,103808,104555,0,232,0
913478,1,0,2.08737e-005,0.00270936,0.066531,0.301121,1,0,,0,0,0,0,0,0,0,0,103808,104555,0,232,0
913578,1,0,1.46116e-005,0.00217041,0.0600949,0.264108,1,0,,0,0,0,0,0,0,0,0,103808,104555,0,232,0
913678,1,0,1.02281e-005,0.00173837,0.0542593,0.281493,1,0,,0,0,0,0,0,0,0,0,103808,104555,0,232,0
913778,1,0,7.15968e-006,0.00139213,0.0489725,0.306794,1,0,,0,0,0,0,0,0,0,0,103808,104555,0,232,0
913878,1,0,5.01177e-006,0.00111471,0.0441868,0.307346,1,0,,0,0,0,0,0,0,0,0,103808,104555,0,232,0
913978,1,0,3.50824e-006,0.000892467,0.0398573,0.293583,1,0,,0,0,0,0,0,0,0,0,103808,104555,0,232,0
914078,1,0,2.45577e-006,0.000714465,0.035943,0.262332,1,0,,0,0,0,0,0,0,0,0,103808,104555,0,232,0
914178,1,8,2.4,0.480572,0.0804059,0.257299,1,0,,0,0,0,0,0,0,0,0,103808,104555,0,232,0
914278,1,0,1.68,0.720458,0.144411,0.280823,1,0,,0,0,0,0,0,0,0,0,103808,104555,0,232,0
914378,1,0,1.176,0.811566,0.211127,0.281836,1,0,,0,0,0,0,0,0,0,0,103808,104555,0,232,0
914478,1,0,0.823201,0.813893,0.271403,0.311487,1,0,,0,0,0,0,0,0,0,0,103808,104555,0,232,0
914578,1,0,0.57624,0.766363,0.320899,0.302124,1,0,,0,0,0,0,0,0,0,0,103808,104555,0,232,0
914678,1,0,0.403368,0.693764,0.358186,0.286624,1,0,,0,0,0,0,0,0,0,0,103808,104555,0,232,0
914778,1,0,0.282358,0.611483,0.383515,0.291648,1,0,,0,0,0,0,0,0,0,0,103808,104555,0,232,0
914878,1,0,0.19765,0.528716,0.398035,0.307574,1,0,,0,0,0,0,0,0,0,0,103808,104555,0,232,0
914978,1,0,0.138355,0.450644,0.403296,0.330549,1,0,,0,0,0,0,0,0,0,0,103808,104555,0,232,0
915078,1,0,0.0968487,0.379885,0.400955,0.289725,1,0,,0,0,0,0,0,0,0,0,103808,104555,0,232,0
915178,1,0,0.0677941,0.317467,0.392606,0.326249,1,0,,0,0,0,0,0,0,0,0,103808,104555,0,232,0
915278,1,0,0.0474559,0.263465,0.379692,0.284263,1,0,,0,0,0,0,0,0,0,0,103808,104555,0,232,0
915378,1,0,0.0332191,0.217416,0.363464,0.276565,1,0,,0,0,0,0,0,0,0,0,103808,104555,0,232,0
915478,1,0,0.0232534,0.178583,0.344976,0.275251,1,0,,0,0,0,0,0,0,0,0,103808,104555,0,232,0
915578,1,0,0.0162774,0.146122,0.325091,0.315563,1,0,,0,0,0,0,0,0,0,0,103808,104555,0,232,0
915678,1,0,0.0113942,0.119176,0.304499,0.31734,1,0,,0,0,0,0,0,0,0,0,103808,104555,0,232,0
915778,1,0,0.00797591,0.0969363,0.283743,0.267353,1,0,,0,0,0,0,0,0,0,0,103808,104555,0,232,0
915878,1,0,0.00558313,0.0786657,0.263235,0.263727,1,0,,0,0,0,0,0,0,0,0,103808,104555,0,232,0
915978,1,0,0.00390819,0.0637142,0.243283,0.291415,1,0,,0,0,0,0,0,0,0,0,103808,104555,0,232,0
916078,1,0,0.00273574,0.0515185,0.224107,0.264727,1,0,,0,0,0,0,0,0,0,0,103808,104555,0,232,0
916178,1,0,0.00191502,0.0415978,0.205856,0.297903,1,0,,0,0,0,0,0,0,0,0,103808,104555,0,232,0
916278,1,0,0.00134051,0.0335463,0.188625,0.275014,1,0,,0,0,0,0,0,0,0,0,103808,104555,0,232,0
916378,1,0,0.000938357,0.0270247,0.172465,0.273386,1,0,,0,0,0,0,0,0,0,0,103808,104555,0,232,0
916478,1,0,0.00065685,0.0217512,0.157394,0.284836,1,0,,0,0,0,0,0,0,0,0,103808,104555,0,232,0
916578,1,0,0.000459795,0.0174929,0.143403,0.317998,1,0,,0,0,0,0,0,0,0,0,103808,104555,0,232,0
916678,1,0,0.000321857,0.0140587,0.130469,0.311647,1,0,,0,0,0,0,0,0,0,0,103808,104555,0,232,0
916778,1,0,0.0002253,0.011292,0.118551,0.256975,1,0,,0,0,0,0,0,0,0,0,103808,104555,0,232,0
916878,1,0,0.00015771,0.00906515,0.107603,0.324498,1,0,,0,0,0,0,0,0,0,0,103808,104555,0,232,0
916978,1,0,0.000110397,0.0072742,0.0975698,0.296248,1,0,,0,0,0,0,0,0,0,0,103808,104555,0,232,0
917078,1,0,7.72778e-005,0.00583482,0.0883963,0.2967,1,0,,0,0,0,0,0,0,0,0,103808,104555,0,232,0
917178,1,0,5.40944e-005,0.00467867,0.0800245,0.2556,1,0,,0,0,0,0,0,0,0,0,103808,104555,0,232,0
917278,1,0,3.78661e-005,0.00375051,0.0723971,0.2733,1,0,,0,0,0,0,0,0,0,0,103808,104555,0,232,0
917378,1,0,2.65063e-005,0.00300571,0.065458,0.268139,1,0,,0,0,0,0,0,0,0,0,103808,104555,0,232,0
917478,1,0,1.85544e-005,0.00240828,0.059153,0.279865,1,0,,0,0,0,0,0,0,0,0,103808,104555,0,232,0
917578,1,0,1.29881e-005,0.00192922,0.0534306,0.265371,1,0,,0,0,0,0,0,0,0,0,103808,104555,0,232,0
917678,1,0,9.09165e-006,0.00154519,0.0482421,0.304408,1,0,,0,0,0,0,0,0,0,0,103808,104555,0,232,0
917778,1,0,6.36416e-006,0.00123743,0.0435416,0.292621,1,0,,0,0,0,0,0,0,0,0,103808,104555,0,232,0
917878,1,0,4.45491e-006,0.000990834,0.0392865,0.293444,1,0,,0,0,0,0,0,0,0,0,103808,104555,0,232,0
917978,1,0,3.11844e-006,0.000793291,0.0354372,0.261682,1,0,,0,0,0,0,0,0,0,0,103808,104555,0,232,0
918078,1,9,2.7,0.540635,0.085957,0.283246,1,0,,0,0,0,0,0,0,0,0,103808,104555,0,232,0
918178,1,0,1.89,0.810508,0.158412,0.299949,1,0,,0,0,0,0,0,0,0,0,103808,104555,0,232,0
918278,1,0,1.323,0.913007,0.233872,0.276823,1,0,,0,0,0,0,0,0,0,0,103808,104555,0,232,0
918378,1,0,0.926101,0.915626,0.302047,0.274499,1,0,,0,0,0,0,0,0,0,0,103808,104555,0,232,0
918478,1,0,0.64827,0.862155,0.358058,0.296249,1,0,,0,0,0,0,0,0,0,0,103808,104555,0,232,0
918578,1,0,0.453789,0.780482,0.4003,0.261588,1,0,,0,0,0,0,0,0,0,0,103808,104555,0,232,0
918678,1,0,0.317653,0.687916,0.429062,0.259825,1,0,,0,0,0,0,0,0,0,0,103808,104555,0,232,0
918778,1,0,0.222357,0.594804,0.445636,0.315626,1,0,,0,0,0,0,0,0,0,0,103808,104555,0,232,0
918878,1,0,0.15565,0.506973,0.45177,0.274201,1,0,,0,0,0,0,0,0,0,0,103808,104555,0,232,0
918978,1,0,0.108955,0.42737,0.44933,0.289688,1,0,,0,0,0,0,0,0,0,0,103808,104555,0,232,0
919078,1,0,0.0762684,0.357149,0.440112,0.257975,1,0,,0,0,0,0,0,0,0,0,103808,104555,0,232,0
919178,1,0,0.0533879,0.296397,0.42574,0.2855,1,0,,0,0,0,0,0,0,0,0,103808,104555,0,232,0
919278,1,0,0.0373715,0.244592,0.407625,0.263926,1,0,,0,0,0,0,0,0,0,0,103808,104555,0,232,0
919378,1,0,0.0261601,0.200906,0.386953,0.289877,1,0,,0,0,0,0,0,0,0,0,103808,104555,0,232,0
919478,1,0,0.018312,0.164387,0.364697,0.264416,1,0,,0,0,0,0,0,0,0,0,103808,104555,0,232,0
919578,1,0,0.0128184,0.134073,0.341634,0.281317,1,0,,0,0,0,0,0,0,0,0,103808,104555,0,232,0
919678,1,0,0.0089729,0.109053,0.318376,0.256953,1,0,,0,0,0,0,0,0,0,0,103808,104555,0,232,0
919778,1,0,0.00628103,0.0884987,0.295388,0.297329,1,0,,0,0,0,0,0,0,0,0,103808,104555,0,232,0
919878,1,0,0.00439672,0.0716783,0.273017,0.310317,1,0,,0,0,0,0,0,0,0,0,103808,104555,0,232,0
919978,1,0,0.0030777,0.0579582,0.251511,0.279618,1,0,,0,0,0,0,0,0,0,0,103808,104555,0,232,0
920078,1,0,0.00215439,0.0467974,0.23104,0.320192,1,0,,0,0,0,0,0,0,0,0,103808,104555,0,232,0
920178,1,0,0.00150807,0.0377396,0.21171,0.277454,1,0,,0,0,0,0,0,0,0,0,103808,104555,0,232,0
920278,1,0,0.00105565,0.0304028,0.193579,0.335691,1,0,,0,0,0,0,0,0,0,0,103808,104555,0,232,0
920378,1,0,0.000738956,0.02447,0.176668,0.280378,1,0,,0,0,0,0,0,0,0,0,103808,104555,0,232,0
920478,1,0,0.00051727,0.0196795,0.160969,0.298403,1,0,,0,0,0,0,0,0,0,0,103808,104555,0,232,0
920578,1,0,0.000362089,0.015816,0.146454,0.292302,1,0,,0,0,0,0,0,0,0,0,103808,104555,0,232,0
920678,1,0,0.000253462,0.0127035,0.133079,0.277303,1,0,,0,0,0,0,0,0,0,0,103808,104555,0,232,0
920778,1,0,0.000177423,0.0101983,0.120791,0.272518,1,0,,0,0,0,0,0,0,0,0,103808,104555,0,232,0
920878,1,0,0.000124196,0.00818346,0.10953,0.27493,1,0,,0,0,0,0,0,0,0,0,103808,104555,0,232,0
920978,1,5,1.50009,0.306564,0.129234,0.31572,1,0,,0,0,0,0,0,0,0,0,103808,104555,0,232,0
921078,1,0.497512,1.19931,0.485114,0.164822,0.289386,1,0,,0,0,0,0,0,0,0,0,103808,104555,0,232,0
921178,1,0,0.83952,0.555995,0.203939,0.287228,1,0,,0,0,0,0,0,0,0,0,103808,104555,0,232,0
921278,1,0,0.587664,0.562329,0.239778,0.280065,1,0,,0,0,0,0,0,0,0,0,103808,104555,0,232,0
921378,1,0,0.411365,0.532136,0.269014,0.284726,1,0,,0,0,0,0,0,0,0,0,103808,104555,0,232,0
921478,1,0,0.287955,0.4833,0.290442,0.258075,1,0,,0,0,0,0,0,0,0,0,103808,104555,0,232,0
921578,1,0,0.201569,0.426954,0.304094,0.285812,1,0,,0,0,0,0,0,0,0,0,103808,104555,0,232,0
921678,1,0,0.141098,0.369783,0.310663,0.281202,1,0,,0,0,0,0,0,0,0,0,103808,104555,0,232,0
921778,1,2,0.698769,0.43558,0.323154,0.273357,1,0,,0,0,0,0,0,0,0,0,103808,104555,0,232,0
921878,1,0,0.489138,0.446292,0.335468,0.282144,1,0,,0,0,0,0,0,0,0,0,103808,104555,0,232,0
921978,1,0,0.342397,0.425513,0.344472,0.272146,1,0,,0,0,0,0,0,0,0,0,103808,104555,0,232,0
922078,1,8,2.63968,0.868346,0.39686,0.286201,1,0,,0,0,0,0,0,0,0,0,103808,104555,0,232,0
922178,1,0,1.84777,1.06423,0.463597,0.280878,1,0,,0,0,0,0,0,0,0,0,103808,104555,0,232,0
922278,1,0,1.29344,1.11007,0.528245,0.262653,1,0,,0,0,0,0,0,0,0,0,103808,104555,0,232,0
922378,1,0,0.905409,1.06914,0.582334,0.283703,1,0,,0,0,0,0,0,0,0,0,103808,104555,0,232,0
922478,1,0,0.633787,0.98207,0.622308,0.269216,1,0,,0,0,0,0,0,0,0,0,103808,104555,0,232,0
922578,1,0,0.443651,0.874386,0.647516,0.256804,1,0,,0,0,0,0,0,0,0,0,103808,104555,0,232,0
922678,1,0,0.310555,0.76162,0.658926,0.312143,1,0,,0,0,0,0,0,0,0,0,103808,104555,0,232,0
922778,1,0,0.217389,0.652774,0.658311,0.286879,1,0,,0,0,0,0,0,0,0,0,103808,104555,0,232,0
922878,1,0,0.152172,0.552653,0.647745,0.297329,1,0,,0,0,0,0,0,0,0,0,103808,104555,0,232,0
922978,1,0,0.106521,0.463427,0.629313,0.284013,1,0,,0,0,0,0,0,0,0,0,103808,104555,0,232,0
923078,1,0,0.0745644,0.385654,0.604947,0.3102,1,0,,0,0,0,0,0,0,0,0,103808,104555,0,232,0
923178,1,0,0.052195,0.318963,0.576349,0.284574,1,0,,0,0,0,0,0,0,0,0,103808,104555,0,232,0
923278,1,0,0.0365365,0.262477,0.544962,0.281563,1,0,,0,0,0,0,0,0,0,0,103808,104555,0,232,0
923378,1,0,0.0255756,0.215097,0.511975,0.283598,1,0,,0,0,0,0,0,0,0,0,103808,104555,0,232,0
923478,1,0,0.0179029,0.175658,0.478343,0.339761,1,0,,0,0,0,0,0,0,0,0,103808,104555,0,232,0
923578,1,0,0.012532,0.143033,0.444812,0.26131,1,0,,0,0,0,0,0,0,0,0,103808,104555,0,232,0
923678,1,0,0.00877242,0.116181,0.411949,0.258413,1,0,,0,0,0,0,0,0,0,0,103808,104555,0,232,0
923778,1,0,0.00614069,0.0941728,0.380172,0.3275,1,0,,0,0,0,0,0,0,0,0,103808,104555,0,232,0
923878,1,0,0.00429849,0.076198,0.349774,0.269138,1,0,,0,0,0,0,0,0,0,0,103808,104555,0,232,0
923978,1,0,0.00300894,0.0615602,0.320953,0.322563,1,0,,0,0,0,0,0,0,0,0,103808,104555,0,232,0
924078,1,0,0.00210626,0.0496694,0.293824,0.273713,1,0,,0,0,0,0,0,0,0,0,103808,104555,0,232,0
924178,1,0,0.00147438,0.0400304,0.268445,0.253613,1,0,,0,0,0,0,0,0,0,0,103808,104555,0,232,0
924278,1,0,0.00103207,0.0322307,0.244824,0.29405,1,0,,0,0,0,0,0,0,0,0,103808,104555,0,232,0
924378,1,0,0.000722447,0.0259291,0.222934,0.263253,1,0,,0,0,0,0,0,0,0,0,103808,104555,0,232,0
924478,1,0,0.000505713,0.0208444,0.202725,0.291741,1,0,,0,0,0,0,0,0,0,0,103808,104555,0,232,0
924578,1,0,0.000353999,0.0167463,0.184127,0.298753,1,0,,0,0,0,0,0,0,0,0,103808,104555,0,232,0
924678,1,0,0.000247799,0.0134466,0.167059,0.28229,1,0,,0,0,0,0,0,0,0,0,103808,104555,0,232,0
924778,1,0,0.000173459,0.010792,0.151432,0.262264,1,0,,0,0,0,0,0,0,0,0,103808,104555,0,232,0
924878,1,0,0.000121422,0.00865787,0.137155,0.329053,1,0,,0,0,0,0,0,0,0,0,103808,104555,0,232,0
924978,1,0,8.49951e-005,0.00694329,0.124134,0.28554,1,0,,0,0,0,0,0,0,0,0,103808,104555,0,232,0
925078,1,0,5.94966e-005,0.00556654,0.112277,0.280916,1,0,,0,0,0,0,0,0,0,0,103808,104555,0,232,0
925178,1,0,4.16476e-005,0.00446156,0.101496,0.260678,1,0,,0,0,0,0,0,0,0,0,103808,104555,0,232,0
925278,1,0,2.91533e-005,0.00357508,0.0917035,0.273592,1,0,,0,0,0,0,0,0,0,0,103808,104555,0,232,0
925378,1,0,2.04073e-005,0.00286414,0.0828196,0.277247,1,0,,0,0,0,0,0,0,0,0,103808,104555,0,232,0
925478,1,0,1.42851e-005,0.00229417,0.074767,0.286008,1,0,,0,0,0,0,0,0,0,0,103808,104555,0,232,0
925578,1,0,9.99959e-006,0.00183734,0.0674741,0.272571,1,0,,0,0,0,0,0,0,0,0,103808,104555,0,232,0
925678,1,0,6.99971e-006,0.00147127,0.0608738,0.288507,1,0,,0,0,0,0,0,0,0,0,103808,104555,0,232,0
925778,1,0,4.8998e-006,0.001178,0.0549042,0.296008,1,0,,0,0,0,0,0,0,0,0,103808,104555,0,232,0
925878,1,0,3.42986e-006,0.000943083,0.0495081,0.325832,1,0,,0,0,0,0,0,0,0,0,103808,104555,0,232,0
925978,1,9,2.7,0.540755,0.0986328,0.273003,1,0,,0,0,0,0,0,0,0,0,103808,104555,0,232,0
926078,1,0,1.89,0.810604,0.16983,0.296251,1,0,,0,0,0,0,0,0,0,0,103808,104555,0,232,0
926178,1,0,1.323,0.913084,0.244155,0.258453,1,0,,0,0,0,0,0,0,0,0,103808,104555,0,232,0
926278,1,0,0.926101,0.915687,0.311308,0.269013,1,0,,0,0,0,0,0,0,0,0,103808,104555,0,232,0
926378,1,0,0.648271,0.862204,0.366398,0.279662,1,0,,0,0,0,0,0,0,0,0,103808,104555,0,232,0
926478,1,0,0.453789,0.780521,0.40781,0.298299,1,0,,0,0,0,0,0,0,0,0,103808,104555,0,232,0
926578,1,0,0.317653,0.687947,0.435824,0.273786,1,0,,0,0,0,0,0,0,0,0,103808,104555,0,232,0
926678,1,0,0.222357,0.594829,0.451724,0.30365,1,0,,0,0,0,0,0,0,0,0,103808,104555,0,232,0
926778,1,0,0.15565,0.506993,0.457251,0.304886,1,0,,0,0,0,0,0,0,0,0,103808,104555,0,232,0
926878,1,0,0.108955,0.427386,0.454265,0.277186,1,0,,0,0,0,0,0,0,0,0,103808,104555,0,232,0
926978,1,0,0.0762684,0.357162,0.444555,0.319312,1,0,,0,0,0,0,0,0,0,0,103808,104555,0,232,0
927078,1,0,0.0533879,0.296407,0.42974,0.274449,1,0,,0,0,0,0,0,0,0,0,103808,104555,0,232,0
927178,1,0,0.0373715,0.2446,0.411226,0.310123,1,0,,0,0,0,0,0,0,0,0,103808,104555,0,232,0
927278,1,0,0.0261601,0.200912,0.390194,0.29106,1,0,,0,0,0,0,0,0,0,0,103808,104555,0,232,0
927378,1,0,0.018312,0.164392,0.367614,0.290136,1,0,,0,0,0,0,0,0,0,0,103808,104555,0,232,0
927478,1,0,0.0128184,0.134077,0.34426,0.299662,1,0,,0,0,0,0,0,0,0,0,103808,104555,0,232,0
927578,1,0,0.0089729,0.109056,0.32074,0.2772,1,0,,0,0,0,0,0,0,0,0,103808,104555,0,232,0
927678,1,0,0.00628103,0.0885014,0.297516,0.283965,1,0,,0,0,0,0,0,0,0,0,103808,104555,0,232,0
927778,1,0,0.00439672,0.0716805,0.274933,0.292876,1,0,,0,0,0,0,0,0,0,0,103808,104555,0,232,0
927878,1,0,0.0030777,0.0579599,0.253235,0.271651,1,0,,0,0,0,0,0,0,0,0,103808,104555,0,232,0
927978,1,0,0.00215439,0.0467988,0.232592,0.274577,1,0,,0,0,0,0,0,0,0,0,103808,104555,0,232,0
928078,1,0,0.00150807,0.0377407,0.213107,0.266715,1,0,,0,0,0,0,0,0,0,0,103808,104555,0,232,0
928178,1,0,0.00105565,0.0304037,0.194836,0.281852,1,0,,0,0,0,0,0,0,0,0,103808,104555,0,232,0
928278,1,0,0.000738956,0.0244707,0.1778,0.255591,1,0,,0,0,0,0,0,0,0,0,103808,104555,0,232,0
928378,1,0,0.00051727,0.01968,0.161988,0.294866,1,0,,0,0,0,0,0,0,0,0,103808,104555,0,232,0
928478,1,0,0.000362089,0.0158164,0.147371,0.276304,1,0,,0,0,0,0,0,0,0,0,103808,104555,0,232,0
928578,1,0,0.000253462,0.0127038,0.133904,0.267655,1,0,,0,0,0,0,0,0,0,0,103808,104555,0,232,0
928678,1,0,0.000177423,0.0101986,0.121533,0.295093,1,0,,0,0,0,0,0,0,0,0,103808,104555,0,232,0
928778,1,0,0.000124196,0.00818369,0.110198,0.258243,1,0,,0,0,0,0,0,0,0,0,103808,104555,0,232,0
928878,1,0,8.69375e-005,0.00656434,0.099835,0.266694,1,0,,0,0,0,0,0,0,0,0,103808,104555,0,232,0
928978,1,0,6.08562e-005,0.00526364,0.0903779,0.280688,1,0,,0,0,0,0,0,0,0,0,103808,104555,0,232,0
929078,1,0,4.25994e-005,0.00421943,0.081762,0.27685,1,0,,0,0,0,0,0,0,0,0,103808,104555,0,232,0
929178,1,0,2.98196e-005,0.00338151,0.073924,0.288838,1,0,,0,0,0,0,0,0,0,0,103808,104555,0,232,0
929278,1,0,2.08737e-005,0.00270938,0.0668025,0.27729,1,0,,0,0,0,0,0,0,0,0,103808,104555,0,232,0
929378,1,0,1.46116e-005,0.00217043,0.0603393,0.262702,1,0,,0,0,0,0,0,0,0,0,103808,104555,0,232,0
929478,1,0,1.02281e-005,0.00173839,0.0544792,0.262088,1,0,,0,0,0,0,0,0,0,0,103808,104555,0,232,0
929578,1,0,7.15968e-006,0.00139214,0.0491705,0.271901,1,0,,0,0,0,0,0,0,0,0,103808,104555,0,232,0
929678,1,0,5.01177e-006,0.00111472,0.0443649,0.2844,1,0,,0,0,0,0,0,0,0,0,103808,104555,0,232,0
929778,1,0,3.50824e-006,0.000892475,0.0400177,0.316475,1,0,,0,0,0,0,0,0,0,0,103808,104555,0,232,0
929878,1,0,2.45577e-006,0.000714471,0.0360874,0.289275,1,0,,0,0,0,0,0,0,0,0,103808,104555,0,232,0
929978,1,8,2.4,0.480572,0.0805358,0.308565,1,0,,0,0,0,0,0,0,0,0,103808,104555,0,232,0
930078,1,0,1.68,0.720458,0.144528,0.283266,1,0,,0,0,0,0,0,0,0,0,103808,104555,0,232,0
930178,1,0,1.176,0.811566,0.211232,0.300603,1,0,,0,0,0,0,0,0,0,0,103808,104555,0,232,0
930278,1,0,0.823201,0.813893,0.271498,0.267116,1,0,,0,0,0,0,0,0,0,0,103808,104555,0,232,0
930378,1,0,0.57624,0.766363,0.320984,0.274791,1,0,,0,0,0,0,0,0,0,0,103808,104555,0,232,0
930478,1,0,0.403368,0.693764,0.358262,0.346803,1,0,,0,0,0,0,0,0,0,0,103808,104555,0,232,0
930578,1,0,0.282358,0.611483,0.383584,0.303367,1,0,,0,0,0,0,0,0,0,0,103808,104555,0,232,0
930678,1,0,0.19765,0.528716,0.398098,0.302092,1,0,,0,0,0,0,0,0,0,0,103808,104555,0,232,0
930778,1,0,0.138355,0.450644,0.403352,0.260915,1,0,,0,0,0,0,0,0,0,0,103808,104555,0,232,0
930878,1,0,0.0968487,0.379885,0.401005,0.252777,1,0,,0,0,0,0,0,0,0,0,103808,104555,0,232,0
930978,1,0,0.0677941,0.317467,0.392652,0.290401,1,0,,0,0,0,0,0,0,0,0,103808,104555,0,232,0
931078,1,0,0.0474559,0.263465,0.379733,0.305562,1,0,,0,0,0,0,0,0,0,0,103808,104555,0,232,0
931178,1,0,0.0332191,0.217416,0.363501,0.256348,1,0,,0,0,0,0,0,0,0,0,103808,104555,0,232,0
931278,1,0,0.0232534,0.178583,0.345009,0.274148,1,0,,0,0,0,0,0,0,0,0,103808,104555,0,232,0
931378,1,0,0.0162774,0.146122,0.325121,0.291787,1,0,,0,0,0,0,0,0,0,0,103808,104555,0,232,0
931478,1,0,0.0113942,0.119176,0.304526,0.294775,1,0,,0,0,0,0,0,0,0,0,103808,104555,0,232,0
931578,1,0,0.00797591,0.0969363,0.283767,0.274213,1,0,,0,0,0,0,0,0,0,0,103808,104555,0,232,0
931678,1,0,0.00558313,0.0786657,0.263257,0.285713,1,0,,0,0,0,0,0,0,0,0,103808,104555,0,232,0
931778,1,0,0.00390819,0.0637142,0.243303,0.302976,1,0,,0,0,0,0,0,0,0,0,103808,104555,0,232,0
931878,1,0,0.00273574,0.0515185,0.224124,0.279977,1,0,,0,0,0,0,0,0,0,0,103808,104555,0,232,0
931978,1,0,0.00191502,0.0415978,0.205872,0.258941,1,0,,0,0,0,0,0,0,0,0,103808,104555,0,232,0
932078,1,0,0.00134051,0.0335463,0.188639,0.282891,1,0,,0,0,0,0,0,0,0,0,103808,104555,0,232,0
932178,1,0,0.000938357,0.0270247,0.172478,0.270054,1,0,,0,0,0,0,0,0,0,0,103808,104555,0,232,0
932278,1,0,0.00065685,0.0217512,0.157405,0.289767,1,0,,0,0,0,0,0,0,0,0,103808,104555,0,232,0
932378,1,0,0.000459795,0.0174929,0.143414,0.314231,1,0,,0,0,0,0,0,0,0,0,103808,104555,0,232,0
932478,1,0,0.000321857,0.0140587,0.130478,0.274271,1,0,,0,0,0,0,0,0,0,0,103808,104555,0,232,0
932578,1,0,0.0002253,0.011292,0.11856,0.313066,1,0,,0,0,0,0,0,0,0,0,103808,104555,0,232,0
932678,1,0,0.00015771,0.00906515,0.10761,0.285479,1,0,,0,0,0,0,0,0,0,0,103808,104555,0,232,0
932778,1,0,0.000110397,0.0072742,0.0975766,0.251243,1,0,,0,0,0,0,0,0,0,0,103808,104555,0,232,0
932878,1,0,7.72778e-005,0.00583482,0.0884024,0.279257,1,0,,0,0,0,0,0,0,0,0,103808,104555,0,232,0
932978,1,0,5.40944e-005,0.00467867,0.0800301,0.274657,1,0,,0,0,0,0,0,0,0,0,103808,104555,0,232,0
933078,1,0,3.78661e-005,0.00375051,0.0724021,0.271259,1,0,,0,0,0,0,0,0,0,0,103808,104555,0,232,0
933178,1,0,2.65063e-005,0.00300571,0.0654625,0.260748,1,0,,0,0,0,0,0,0,0,0,103808,104555,0,232,0
933278,1,0,1.85544e-005,0.00240828,0.059157,0.280398,1,0,,0,0,0,0,0,0,0,0,103808,104555,0,232,0
933378,1,0,1.29881e-005,0.00192922,0.0534343,0.268836,1,0,,0,0,0,0,0,0,0,0,103808,104555,0,232,0
933478,1,0,9.09165e-006,0.00154519,0.0482453,0.308246,1,0,,0,0,0,0,0,0,0,0,103808,104555,0,232,0
933578,1,0,6.36416e-006,0.00123743,0.0435446,0.271922,1,0,,0,0,0,0,0,0,0,0,103808,104555,0,232,0
933678,1,0,4.45491e-006,0.000990834,0.0392892,0.267946,1,0,,0,0,0,0,0,0,0,0,103808,104555,0,232,0
933778,1,0,3.11844e-006,0.000793291,0.0354396,0.33741,1,0,,0,0,0,0,0,0,0,0,103808,104555,0,232,0
933878,1,9,2.7,0.540635,0.0859591,0.332869,1,0,,0,0,0,0,0,0,0,0,103808,104555,0,232,0
933978,1,0,1.89,0.810508,0.158414,0.287704,1,0,,0,0,0,0,0,0,0,0,103808,104555,0,232,0
934078,1,0,1.323,0.913007,0.233873,0.272728,1,0,,0,0,0,0,0,0,0,0,103808,104555,0,232,0
934178,1,0,0.926101,0.915626,0.302049,0.293642,1,0,,0,0,0,0,0,0,0,0,103808,104555,0,232,0
934278,1,0,0.64827,0.862155,0.358059,0.310854,1,0,,0,0,0,0,0,0,0,0,103808,104555,0,232,0
934378,1,0,0.453789,0.780482,0.400301,0.317335,1,0,,0,0,0,0,0,0,0,0,103808,104555,0,232,0
934478,1,0,0.317653,0.687916,0.429063,0.317521,1,0,,0,0,0,0,0,0,0,0,103808,104555,0,232,0
934578,1,0,0.222357,0.594804,0.445637,0.274222,1,0,,0,0,0,0,0,0,0,0,103808,104555,0,232,0
934678,1,0,0.15565,0.506973,0.451771,0.288696,1,0,,0,0,0,0,0,0,0,0,103808,104555,0,232,0
934778,1,0,0.108955,0.42737,0.44933,0.264333,1,0,,0,0,0,0,0,0,0,0,103808,104555,0,232,0
934878,1,0,0.0762684,0.357149,0.440112,0.276971,1,0,,0,0,0,0,0,0,0,0,103808,104555,0,232,0
934978,1,0,0.0533879,0.296397,0.425741,0.28062,1,0,,0,0,0,0,0,0,0,0,103808,104555,0,232,0
935078,1,0,0.0373715,0.244592,0.407626,0.276008,1,0,,0,0,0,0,0,0,0,0,103808,104555,0,232,0
935178,1,0,0.0261601,0.200906,0.386954,0.28072,1,0,,0,0,0,0,0,0,0,0,103808,104555,0,232,0
935278,1,0,0.018312,0.164387,0.364697,0.286532,1,0,,0,0,0,0,0,0,0,0,103808,104555,0,232,0
935378,1,0,0.0128184,0.134073,0.341635,0.276182,1,0,,0,0,0,0,0,0,0,0,103808,104555,0,232,0
935478,1,0,0.0089729,0.109053,0.318377,0.264519,1,0,,0,0,0,0,0,0,0,0,103808,104555,0,232,0
935578,1,0,0.00628103,0.0884987,0.295389,0.27549,1,0,,0,0,0,0,0,0,0,0,103808,104555,0,232,0
935678,1,0,0.00439672,0.0716783,0.273018,0.274491,1,0,,0,0,0,0,0,0,0,0,103808,104555,0,232,0
935778,1,0,0.0030777,0.0579582,0.251512,0.279579,1,0,,0,0,0,0,0,0,0,0,103808,104555,0,232,0
935878,1,0,0.00215439,0.0467974,0.23104,0.30828,1,0,,0,0,0,0,0,0,0,0,103808,104555,0,232,0
935978,1,0,0.00150807,0.0377396,0.21171,0.287416,1,0,,0,0,0,0,0,0,0,0,103808,104555,0,232,0
936078,1,0,0.00105565,0.0304028,0.193579,0.27299,1,0,,0,0,0,0,0,0,0,0,103808,104555,0,232,0
936178,1,0,0.000738956,0.02447,0.176669,0.278652,1,0,,0,0,0,0,0,0,0,0,103808,104555,0,232,0
936278,1,0,0.00051727,0.0196795,0.16097,0.278351,1,0,,0,0,0,0,0,0,0,0,103808,104555,0,232,0
936378,1,0,0.000362089,0.015816,0.146454,0.266913,1,0,,0,0,0,0,0,0,0,0,103808,104555,0,232,0
936478,1,0,0.000253462,0.0127035,0.133079,0.287576,1,0,,0,0,0,0,0,0,0,0,103808,104555,0,232,0
936578,1,0,0.000177423,0.0101983,0.120791,0.296339,1,0,,0,0,0,0,0,0,0,0,103808,104555,0,232,0
936678,1,0,0.000124196,0.00818346,0.10953,0.271015,1,0,,0,0,0,0,0,0,0,0,103808,104555,0,232,0
936778,1,0,8.69375e-005,0.00656415,0.0992337,0.254964,1,0,,0,0,0,0,0,0,0,0,103808,104555,0,232,0
936878,1,0,6.08562e-005,0.00526349,0.0898367,0.298164,1,0,,0,0,0,0,0,0,0,0,103808,104555,0,232,0
936978,1,0,4.25994e-005,0.00421932,0.0812749,0.272725,1,0,,0,0,0,0,0,0,0,0,103808,104555,0,232,0
937078,1,0,2.98196e-005,0.00338142,0.0734856,0.28551,1,0,,0,0,0,0,0,0,0,0,103808,104555,0,232,0
937178,1,0,2.08737e-005,0.00270931,0.066408,0.2869,1,0,,0,0,0,0,0,0,0,0,103808,104555,0,232,0
937278,1,0,1.46116e-005,0.00217037,0.0599842,0.280461,1,0,,0,0,0,0,0,0,0,0,103808,104555,0,232,0
937378,1,0,1.02281e-005,0.00173834,0.0541596,0.349122,1,0,,0,0,0,0,0,0,0,0,103808,104555,0,232,0
937478,1,0,7.15968e-006,0.0013921,0.0488829,0.27346,1,0,,0,0,0,0,0,0,0,0,103808,104555,0,232,0
937578,1,0,5.01177e-006,0.00111469,0.044106,0.303834,1,0,,0,0,0,0,0,0,0,0,103808,104555,0,232,0
937678,1,0,3.50824e-006,0.00089245,0.0397847,0.251721,1,0,,0,0,0,0,0,0,0,0,103808,104555,0,232,0
937778,1,0,2.45577e-006,0.000714451,0.0358777,0.277047,1,0,,0,0,0,0,0,0,0,0,103808,104555,0,232,0
937878,1,9,2.7,0.540572,0.0863471,0.314497,1,0,,0,0,0,0,0,0,0,0,103808,104555,0,232,0
937978,1,0,1.89,0.810458,0.158758,0.276735,1,0,,0,0,0,0,0,0,0,0,103808,104555,0,232,0
938078,1,0,1.323,0.912966,0.234179,0.267782,1,0,,0,0,0,0,0,0,0,0,103808,104555,0,232,0
938178,1,0,0.926101,0.915593,0.30232,0.24902,1,0,,0,0,0,0,0,0,0,0,103808,104555,0,232,0
938278,1,0,0.64827,0.862129,0.358301,0.308483,1,0,,0,0,0,0,0,0,0,0,103808,104555,0,232,0
938378,1,0,0.453789,0.780461,0.400517,0.270646,1,0,,0,0,0,0,0,0,0,0,103808,104555,0,232,0
938478,1,0,0.317652,0.687899,0.429255,0.283494,1,0,,0,0,0,0,0,0,0,0,103808,104555,0,232,0
938578,1,0,0.222357,0.594791,0.445809,0.269045,1,0,,0,0,0,0,0,0,0,0,103808,104555,0,232,0
938678,1,0,0.15565,0.506962,0.451924,0.260384,1,0,,0,0,0,0,0,0,0,0,103808,104555,0,232,0
938778,1,0,0.108955,0.427361,0.449468,0.294569,1,0,,0,0,0,0,0,0,0,0,103808,104555,0,232,0
938878,1,0,0.0762684,0.357142,0.440235,0.276833,1,0,,0,0,0,0,0,0,0,0,103808,104555,0,232,0
938978,1,0,0.0533878,0.296392,0.425851,0.294518,1,0,,0,0,0,0,0,0,0,0,103808,104555,0,232,0
939078,1,0,0.0373715,0.244588,0.407725,0.283705,1,0,,0,0,0,0,0,0,0,0,103808,104555,0,232,0
939178,1,0,0.02616,0.200902,0.387042,0.277607,1,0,,0,0,0,0,0,0,0,0,103808,104555,0,232,0
939278,1,0,0.018312,0.164384,0.364776,0.294795,1,0,,0,0,0,0,0,0,0,0,103808,104555,0,232,0
939378,1,0,0.0128184,0.134071,0.341706,0.268857,1,0,,0,0,0,0,0,0,0,0,103808,104555,0,232,0
939478,1,0,0.0089729,0.109051,0.31844,0.300832,1,0,,0,0,0,0,0,0,0,0,103808,104555,0,232,0
939578,1,0,0.00628103,0.0884973,0.295446,0.269331,1,0,,0,0,0,0,0,0,0,0,103808,104555,0,232,0
939678,1,0,0.00439672,0.0716771,0.273069,0.267094,1,0,,0,0,0,0,0,0,0,0,103808,104555,0,232,0
939778,1,0,0.0030777,0.0579573,0.251558,0.282811,1,0,,0,0,0,0,0,0,0,0,103808,104555,0,232,0
939878,1,0,0.00215439,0.0467967,0.231082,0.281799,1,0,,0,0,0,0,0,0,0,0,103808,104555,0,232,0
939978,1,0,0.00150807,0.037739,0.211748,0.293,1,0,,0,0,0,0,0,0,0,0,103808,104555,0,232,0
940078,1,0,0.00105565,0.0304023,0.193613,0.312662,1,0,,0,0,0,0,0,0,0,0,103808,104555,0,232,0
940178,1,0,0.000738956,0.0244696,0.176699,0.2814,1,0,,0,0,0,0,0,0,0,0,103808,104555,0,232,0
940278,1,0,0.000517269,0.0196792,0.160997,0.281399,1,0,,0,0,0,0,0,0,0,0,103808,104555,0,232,0
940378,1,0,0.000362089,0.0158157,0.146479,0.294062,1,0,,0,0,0,0,0,0,0,0,103808,104555,0,232,0
940478,1,0,0.000253462,0.0127033,0.133101,0.284086,1,0,,0,0,0,0,0,0,0,0,103808,104555,0,232,0
940578,1,0,0.000177423,0.0101981,0.120811,0.292761,1,0,,0,0,0,0,0,0,0,0,103808,104555,0,232,0
940678,1,0,0.000124196,0.00818333,0.109548,0.297886,1,0,,0,0,0,0,0,0,0,0,103808,104555,0,232,0
940778,1,0,8.69375e-005,0.00656405,0.0992496,0.352861,1,0,,0,0,0,0,0,0,0,0,103808,104555,0,232,0
940878,1,0,6.08562e-005,0.00526341,0.089851,0.299875,1,0,,0,0,0,0,0,0,0,0,103808,104555,0,232,0
940978,1,0,4.25994e-005,0.00421925,0.0812878,0.316599,1,0,,0,0,0,0,0,0,0,0,103808,104555,0,232,0
941078,1,0,2.98196e-005,0.00338136,0.0734972,0.298437,1,0,,0,0,0,0,0,0,0,0,103808,104555,0,232,0
941178,1,0,2.08737e-005,0.00270927,0.0664184,0.269764,1,0,,0,0,0,0,0,0,0,0,103808,104555,0,232,0
941278,1,0,1.46116e-005,0.00217034,0.0599936,0.305888,1,0,,0,0,0,0,0,0,0,0,103808,104555,0,232,0
941378,1,0,1.02281e-005,0.00173831,0.054168,0.306714,1,0,,0,0,0,0,0,0,0,0,103808,104555,0,232,0
941478,1,0,7.15968e-006,0.00139208,0.0488904,0.300214,1,0,,0,0,0,0,0,0,0,0,103808,104555,0,232,0
941578,1,0,5.01177e-006,0.00111467,0.0441129,0.282712,1,0,,0,0,0,0,0,0,0,0,103808,104555,0,232,0
941678,1,0,3.50824e-006,0.000892437,0.0397908,0.270749,1,0,,0,0,0,0,0,0,0,0,103808,104555,0,232,0
941778,1,9,2.7,0.540714,0.0898832,0.317217,1,0,,0,0,0,0,0,0,0,0,103808,104555,0,232,0
941878,1,0,1.89,0.810572,0.161952,0.274016,1,0,,0,0,0,0,0,0,0,0,103808,104555,0,232,0
941978,1,0,1.323,0.913058,0.237063,0.267466,1,0,,0,0,0,0,0,0,0,0,103808,104555,0,232,0
942078,1,0,0.926101,0.915666,0.304923,0.26928,1,0,,0,0,0,0,0,0,0,0,103808,104555,0,232,0
942178,1,0,0.648271,0.862187,0.360649,0.277679,1,0,,0,0,0,0,0,0,0,0,103808,104555,0,232,0
942278,1,0,0.453789,0.780508,0.402635,0.273219,1,0,,0,0,0,0,0,0,0,0,103808,104555,0,232,0
942378,1,0,0.317653,0.687937,0.431165,0.286181,1,0,,0,0,0,0,0,0,0,0,103808,104555,0,232,0
942478,1,0,0.222357,0.594821,0.447531,0.29673,1,0,,0,0,0,0,0,0,0,0,103808,104555,0,232,0
942578,1,0,0.15565,0.506987,0.453476,0.316679,1,0,,0,0,0,0,0,0,0,0,103808,104555,0,232,0
942678,1,0,0.108955,0.42738,0.450867,0.265355,1,0,,0,0,0,0,0,0,0,0,103808,104555,0,232,0
942778,1,0,0.0762684,0.357158,0.441496,0.301171,1,0,,0,0,0,0,0,0,0,0,103808,104555,0,232,0
942878,1,0,0.0533879,0.296404,0.426987,0.27842,1,0,,0,0,0,0,0,0,0,0,103808,104555,0,232,0
942978,1,0,0.0373715,0.244597,0.408748,0.285032,1,0,,0,0,0,0,0,0,0,0,103808,104555,0,232,0
943078,1,0,0.0261601,0.20091,0.387964,0.292945,1,0,,0,0,0,0,0,0,0,0,103808,104555,0,232,0
943178,1,0,0.018312,0.16439,0.365607,0.28687,1,0,,0,0,0,0,0,0,0,0,103808,104555,0,232,0
943278,1,0,0.0128184,0.134076,0.342454,0.26737,1,0,,0,0,0,0,0,0,0,0,103808,104555,0,232,0
943378,1,0,0.0089729,0.109055,0.319114,0.246705,1,0,,0,0,0,0,0,0,0,0,103808,104555,0,232,0
943478,1,0,0.00628103,0.0885005,0.296052,0.278955,1,0,,0,0,0,0,0,0,0,0,103808,104555,0,232,0
943578,1,0,0.00439672,0.0716797,0.273615,0.292654,1,0,,0,0,0,0,0,0,0,0,103808,104555,0,232,0
943678,1,0,0.0030777,0.0579593,0.25205,0.27313,1,0,,0,0,0,0,0,0,0,0,103808,104555,0,232,0
943778,1,0,0.00215439,0.0467983,0.231524,0.298481,1,0,,0,0,0,0,0,0,0,0,103808,104555,0,232,0
943878,1,0,0.00150807,0.0377403,0.212146,0.280768,1,0,,0,0,0,0,0,0,0,0,103808,104555,0,232,0
943978,1,0,0.00105565,0.0304034,0.193972,0.326055,1,0,,0,0,0,0,0,0,0,0,103808,104555,0,232,0
944078,1,0,0.000738956,0.0244705,0.177022,0.270468,1,0,,0,0,0,0,0,0,0,0,103808,104555,0,232,0
944178,1,0,0.00051727,0.0196798,0.161287,0.283669,1,0,,0,0,0,0,0,0,0,0,103808,104555,0,232,0
944278,1,0,0.000362089,0.0158163,0.14674,0.310103,1,0,,0,0,0,0,0,0,0,0,103808,104555,0,232,0
944378,1,0,0.000253462,0.0127037,0.133337,0.267951,1,0,,0,0,0,0,0,0,0,0,103808,104555,0,232,0
944478,1,0,0.000177423,0.0101985,0.121023,0.275901,1,0,,0,0,0,0,0,0,0,0,103808,104555,0,232,0
944578,1,0,0.000124196,0.00818361,0.109739,0.278888,1,0,,0,0,0,0,0,0,0,0,103808,104555,0,232,0
944678,1,0,8.69375e-005,0.00656428,0.0994214,0.272751,1,0,,0,0,0,0,0,0,0,0,103808,104555,0,232,0
944778,1,0,6.08562e-005,0.00526359,0.0900056,0.236425,1,0,,0,0,0,0,0,0,0,0,103808,104555,0,232,0
944878,1,0,4.25994e-005,0.00421939,0.081427,0.311614,1,0,,0,0,0,0,0,0,0,0,103808,104555,0,232,0
944978,1,0,2.98196e-005,0.00338148,0.0736225,0.301865,1,0,,0,0,0,0,0,0,0,0,103808,104555,0,232,0
945078,1,0,2.08737e-005,0.00270936,0.0665311,0.276978,1,0,,0,0,0,0,0,0,0,0,103808,104555,0,232,0
945178,1,0,1.46116e-005,0.00217041,0.0600951,0.301793,1,0,,0,0,0,0,0,0,0,0,103808,104555,0,232,0
945278,1,0,1.02281e-005,0.00173837,0.0542594,0.28288,1,0,,0,0,0,0,0,0,0,0,103808,104555,0,232,0
945378,1,0,7.15968e-006,0.00139213,0.0489727,0.280644,1,0,,0,0,0,0,0,0,0,0,103808,104555,0,232,0
945478,1,0,5.01177e-006,0.00111471,0.0441869,0.32187,1,0,,0,0,0,0,0,0,0,0,103808,104555,0,232,0
945578,1,0,3.50824e-006,0.000892467,0.0398574,0.304382,1,0,,0,0,0,0,0,0,0,0,103808,104555,0,232,0
945678,1,0,2.45577e-006,0.000714465,0.0359431,0.293908,1,0,,0,0,0,0,0,0,0,0,103808,104555,0,232,0
945778,1,8,2.4,0.480572,0.080406,0.300923,1,0,,0,0,0,0,0,0,0,0,103808,104555,0,232,0
945878,1,0,1.68,0.720458,0.144411,0.291023,1,0,,0,0,0,0,0,0,0,0,103808,104555,0,232,0
945978,1,0,1.176,0.811566,0.211127,0.266635,1,0,,0,0,0,0,0,0,0,0,103808,104555,0,232,0
946078,1,0,0.823201,0.813893,0.271403,0.291483,1,0,,0,0,0,0,0,0,0,0,103808,104555,0,232,0
946178,1,0,0.57624,0.766363,0.320899,0.295146,1,0,,0,0,0,0,0,0,0,0,103808,104555,0,232,0
946278,1,0,0.403368,0.693764,0.358186,0.301271,1,0,,0,0,0,0,0,0,0,0,103808,104555,0,232,0
946378,1,0,0.282358,0.611483,0.383515,0.26985,1,0,,0,0,0,0,0,0,0,0,103808,104555,0,232,0
946478,1,0,0.19765,0.528716,0.398035,0.284989,1,0,,0,0,0,0,0,0,0,0,103808,104555,0,232,0
946578,1,0,0.138355,0.450644,0.403296,0.315462,1,0,,0,0,0,0,0,0,0,0,103808,104555,0,232,0
946678,1,0,0.0968487,0.379885,0.400955,0.30446,1,0,,0,0,0,0,0,0,0,0,103808,104555,0,232,0
946778,1,0,0.0677941,0.317467,0.392606,0.309312,1,0,,0,0,0,0,0,0,0,0,103808,104555,0,232,0
946878,1,0,0.0474559,0.263465,0.379692,0.324273,1,0,,0,0,0,0,0,0,0,0,103808,104555,0,232,0
946978,1,0,0.0332191,0.217416,0.363464,0.290806,1,0,,0,0,0,0,0,0,0,0,103808,104555,0,232,0
947078,1,0,0.0232534,0.178583,0.344976,0.305394,1,0,,0,0,0,0,0,0,0,0,103808,104555,0,232,0
947178,1,0,0.0162774,0.146122,0.325091,0.24887,1,0,,0,0,0,0,0,0,0,0,103808,104555,0,232,0
947278,1,0,0.0113942,0.119176,0.304499,0.278395,1,0,,0,0,0,0,0,0,0,0,103808,104555,0,232,0
947378,1,0,0.00797591,0.0969363,0.283743,0.269644,1,0,,0,0,0,0,0,0,0,0,103808,104555,0,232,0
947478,1,0,0.00558313,0.0786657,0.263235,0.277346,1,0,,0,0,0,0,0,0,0,0,103808,104555,0,232,0
947578,1,0,0.00390819,0.0637142,0.243283,0.297384,1,0,,0,0,0,0,0,0,0,0,103808,104555,0,232,0
947678,1,0,0.00273574,0.0515185,0.224107,0.294735,1,0,,0,0,0,0,0,0,0,0,103808,104555,0,232,0
947778,1,0,0.00191502,0.0415978,0.205856,0.292548,1,0,,0,0,0,0,0,0,0,0,103808,104555,0,232,0
947878,1,1,0.301341,0.0935463,0.194625,0.284287,1,0,,0,0,0,0,0,0,0,0,103808,104555,0,232,0
947978,1,0,0.210938,0.117025,0.186865,0.300338,1,0,,0,0,0,0,0,0,0,0,103808,104555,0,232,0
948078,1,0,0.147657,0.123151,0.180493,0.254103,1,0,,0,0,0,0,0,0,0,0,103808,104555,0,232,0
948178,1,0,0.10336,0.119193,0.174363,0.290141,1,0,,0,0,0,0,0,0,0,0,103808,104555,0,232,0
948278,1,1,0.372352,0.169825,0.17391,0.262966,1,0,,0,0,0,0,0,0,0,0,103808,104555,0,232,0
948378,1,0,0.260646,0.187989,0.175317,0.319767,1,0,,0,0,0,0,0,0,0,0,103808,104555,0,232,0
948478,1,0,0.182452,0.186882,0.176474,0.252479,1,0,,0,0,0,0,0,0,0,0,103808,104555,0,232,0
948578,1,0,0.127717,0.175049,0.176331,0.283803,1,0,,0,0,0,0,0,0,0,0,103808,104555,0,232,0
948678,1,0,0.0894017,0.157919,0.17449,0.333104,1,0,,0,0,0,0,0,0,0,0,103808,104555,0,232,0
948778,1,0,0.0625812,0.138852,0.170926,0.32168,1,0,,0,0,0,0,0,0,0,0,103808,104555,0,232,0
948878,1,0,0.0438068,0.119843,0.165818,0.28162,1,0,,0,0,0,0,0,0,0,0,103808,104555,0,232,0
948978,1,0,0.0306648,0.102007,0.159437,0.24848,1,0,,0,0,0,0,0,0,0,0,103808,104555,0,232,0
949078,1,0,0.0214653,0.0858988,0.152083,0.291132,1,0,,0,0,0,0,0,0,0,0,103808,104555,0,232,0
949178,1,0,0.0150257,0.0717242,0.144047,0.292008,1,0,,0,0,0,0,0,0,0,0,103808,104555,0,232,0
949278,1,0,0.010518,0.0594829,0.135591,0.310319,1,0,,0,0,0,0,0,0,0,0,103808,104555,0,232,0
949378,1,0,0.00736261,0.0490589,0.126938,0.25952,1,0,,0,0,0,0,0,0,0,0,103808,104555,0,232,0
949478,1,0,0.00515383,0.0402779,0.118272,0.298606,1,0,,0,0,0,0,0,0,0,0,103808,104555,0,232,0
949578,1,0,0.00360768,0.0329438,0.109739,0.313944,1,0,,0,0,0,0,0,0,0,0,103808,104555,0,232,0
949678,1,9,2.70253,0.56686,0.155451,0.29401,1,0,,0,0,0,0,0,0,0,0,103808,104555,0,232,0
949778,1,0,1.89177,0.831842,0.22309,0.278485,1,0,,0,0,0,0,0,0,0,0,103808,104555,0,232,0
949878,1,0,1.32424,0.930321,0.293813,0.278048,1,0,,0,0,0,0,0,0,0,0,103808,104555,0,232,0
949978,1,0,0.926966,0.92965,0.357397,0.259837,1,0,,0,0,0,0,0,0,0,0,103808,104555,0,232,0
950078,1,0,0.648876,0.873495,0.409007,0.278448,1,0,,0,0,0,0,0,0,0,0,103808,104555,0,232,0
950178,1,0,0.454213,0.789639,0.44707,0.287699,1,0,,0,0,0,0,0,0,0,0,103808,104555,0,232,0
950278,1,0,0.317949,0.695301,0.471893,0.319052,1,0,,0,0,0,0,0,0,0,0,103808,104555,0,232,0
950378,1,0,0.222565,0.600754,0.484779,0.283639,1,0,,0,0,0,0,0,0,0,0,103808,104555,0,232,0
950478,1,0,0.155795,0.511762,0.487477,0.282115,1,0,,0,0,0,0,0,0,0,0,103808,104555,0,232,0
950578,1,0,0.109057,0.431221,0.481852,0.26766,1,0,,0,0,0,0,0,0,0,0,103808,104555,0,232,0
950678,1,0,0.0763396,0.360245,0.469691,0.276411,1,0,,0,0,0,0,0,0,0,0,103808,104555,0,232,0
950778,1,0,0.0534377,0.298883,0.45261,0.301449,1,0,,0,0,0,0,0,0,0,0,103808,104555,0,232,0
950878,1,0,0.0374064,0.246588,0.432008,0.267137,1,0,,0,0,0,0,0,0,0,0,103808,104555,0,232,0
950978,1,0,0.0261845,0.202507,0.409058,0.274037,1,0,,0,0,0,0,0,0,0,0,103808,104555,0,232,0
951078,1,0,0.0183291,0.165672,0.384719,0.287186,1,0,,0,0,0,0,0,0,0,0,103808,104555,0,232,0
951178,1,0,0.0128304,0.135103,0.359758,0.291262,1,0,,0,0,0,0,0,0,0,0,103808,104555,0,232,0
951278,1,0,0.00898128,0.109879,0.33477,0.296973,1,0,,0,0,0,0,0,0,0,0,103808,104555,0,232,0
951378,1,0,0.0062869,0.0891606,0.310209,0.27941,1,0,,0,0,0,0,0,0,0,0,103808,104555,0,232,0
951478,1,0,0.00440083,0.0722086,0.286409,0.290635,1,0,,0,0,0,0,0,0,0,0,103808,104555,0,232,0
951578,1,0,0.00308058,0.058383,0.263606,0.308385,1,0,,0,0,0,0,0,0,0,0,103808,104555,0,232,0
951678,1,0,0.00215641,0.0471377,0.241959,0.271835,1,0,,0,0,0,0,0,0,0,0,103808,104555,0,232,0
951778,1,0,0.00150948,0.038012,0.221565,0.287832,1,0,,0,0,0,0,0,0,0,0,103808,104555,0,232,0
951878,1,0,0.00105664,0.030621,0.20247,0.272219,1,0,,0,0,0,0,0,0,0,0,103808,104555,0,232,0
951978,1,0,0.000739647,0.0246447,0.184688,0.300195,1,0,,0,0,0,0,0,0,0,0,103808,104555,0,232,0
952078,1,0,0.000517753,0.0198193,0.168201,0.256532,1,0,,0,0,0,0,0,0,0,0,103808,104555,0,232,0
952178,1,0,0.000362427,0.0159279,0.152974,0.265595,1,0,,0,0,0,0,0,0,0,0,103808,104555,0,232,0
952278,1,0,0.000253699,0.0127931,0.138956,0.347484,1,0,,0,0,0,0,0,0,0,0,103808,104555,0,232,0
952378,1,0,0.000177589,0.01027,0.126087,0.286221,1,0,,0,0,0,0,0,0,0,0,103808,104555,0,232,0
952478,1,0,0.000124312,0.00824085,0.114302,0.305458,1,0,,0,0,0,0,0,0,0,0,103808,104555,0,232,0
952578,1,0,8.70187e-005,0.00661009,0.103533,0.274133,1,0,,0,0,0,0,0,0,0,0,103808,104555,0,232,0
952678,1,0,6.09131e-005,0.00530025,0.0937098,0.278659,1,0,,0,0,0,0,0,0,0,0,103808,104555,0,232,0
952778,1,0,4.26392e-005,0.00424873,0.0847637,0.259846,1,0,,0,0,0,0,0,0,0,0,103808,104555,0,232,0
952878,1,0,2.98474e-005,0.00340495,0.0766278,0.285522,1,0,,0,0,0,0,0,0,0,0,103808,104555,0,232,0
952978,1,0,2.08932e-005,0.00272814,0.0692379,0.280484,1,0,,0,0,0,0,0,0,0,0,103808,104555,0,232,0
953078,1,0,1.46252e-005,0.00218544,0.0625326,0.269086,1,0,,0,0,0,0,0,0,0,0,103808,104555,0,232,0
953178,1,0,1.02377e-005,0.0017504,0.0564544,0.263287,1,0,,0,0,0,0,0,0,0,0,103808,104555,0,232,0
953278,1,0,7.16637e-006,0.00140175,0.0509491,0.292799,1,0,,0,0,0,0,0,0,0,0,103808,104555,0,232,0
953378,1,0,5.01646e-006,0.0011224,0.0459665,0.304561,1,0,,0,0,0,0,0,0,0,0,103808,104555,0,232,0
953478,1,0,3.51152e-006,0.000898626,0.0414597,0.299859,1,0,,0,0,0,0,0,0,0,0,103808,104555,0,232,0
953578,1,0,2.45806e-006,0.000719392,0.0373856,0.289886,1,0,,0,0,0,0,0,0,0,0,103808,104555,0,232,0
953678,1,9,2.7,0.540576,0.0877047,0.276894,1,0,,0,0,0,0,0,0,0,0,103808,104555,0,232,0
953778,1,0,1.89,0.810461,0.15998,0.298332,1,0,,0,0,0,0,0,0,0,0,103808,104555,0,232,0
953878,1,0,1.323,0.912969,0.235279,0.277382,1,0,,0,0,0,0,0,0,0,0,103808,104555,0,232,0
953978,1,0,0.926101,0.915595,0.303311,0.275806,1,0,,0,0,0,0,0,0,0,0,103808,104555,0,232,0
954078,1,0,0.64827,0.86213,0.359193,0.246219,1,0,,0,0,0,0,0,0,0,0,103808,104555,0,232,0
954178,1,0,0.453789,0.780462,0.40132,0.270339,1,0,,0,0,0,0,0,0,0,0,103808,104555,0,232,0
954278,1,0,0.317652,0.6879,0.429978,0.268939,1,0,,0,0,0,0,0,0,0,0,103808,104555,0,232,0
954378,1,0,0.222357,0.594791,0.446459,0.284553,1,0,,0,0,0,0,0,0,0,0,103808,104555,0,232,0
954478,1,0,0.15565,0.506963,0.452509,0.266227,1,0,,0,0,0,0,0,0,0,0,103808,104555,0,232,0
954578,1,0,0.108955,0.427361,0.449995,0.265502,1,0,,0,0,0,0,0,0,0,0,103808,104555,0,232,0
954678,1,0,0.0762684,0.357143,0.440709,0.292901,1,0,,0,0,0,0,0,0,0,0,103808,104555,0,232,0
954778,1,0,0.0533878,0.296392,0.426278,0.274026,1,0,,0,0,0,0,0,0,0,0,103808,104555,0,232,0
954878,1,0,0.0373715,0.244588,0.408109,0.275525,1,0,,0,0,0,0,0,0,0,0,103808,104555,0,232,0
954978,1,0,0.02616,0.200902,0.387388,0.276012,1,0,,0,0,0,0,0,0,0,0,103808,104555,0,232,0
955078,1,0,0.018312,0.164384,0.365088,0.312074,1,0,,0,0,0,0,0,0,0,0,103808,104555,0,232,0
955178,1,0,0.0128184,0.134071,0.341986,0.288201,1,0,,0,0,0,0,0,0,0,0,103808,104555,0,232,0
955278,1,0,0.0089729,0.109051,0.318692,0.270552,1,0,,0,0,0,0,0,0,0,0,103808,104555,0,232,0
955378,1,0,0.00628103,0.0884973,0.295673,0.291022,1,0,,0,0,0,0,0,0,0,0,103808,104555,0,232,0
955478,1,0,0.00439672,0.0716772,0.273273,0.284573,1,0,,0,0,0,0,0,0,0,0,103808,104555,0,232,0
955578,1,0,0.0030777,0.0579573,0.251742,0.284784,1,0,,0,0,0,0,0,0,0,0,103808,104555,0,232,0
955678,1,0,0.00215439,0.0467967,0.231247,0.279747,1,0,,0,0,0,0,0,0,0,0,103808,104555,0,232,0
955778,1,0,0.00150807,0.037739,0.211896,0.256545,1,0,,0,0,0,0,0,0,0,0,103808,104555,0,232,0
955878,1,0,0.00105565,0.0304023,0.193747,0.262209,1,0,,0,0,0,0,0,0,0,0,103808,104555,0,232,0
955978,1,0,0.000738956,0.0244697,0.176819,0.298639,1,0,,0,0,0,0,0,0,0,0,103808,104555,0,232,0
956078,1,0,0.000517269,0.0196792,0.161105,0.305174,1,0,,0,0,0,0,0,0,0,0,103808,104555,0,232,0
956178,1,0,0.000362089,0.0158158,0.146576,0.303087,1,0,,0,0,0,0,0,0,0,0,103808,104555,0,232,0
956278,1,0,0.000253462,0.0127033,0.133189,0.263286,1,0,,0,0,0,0,0,0,0,0,103808,104555,0,232,0
956378,1,0,0.000177423,0.0101981,0.12089,0.270636,1,0,,0,0,0,0,0,0,0,0,103808,104555,0,232,0
956478,1,0,0.000124196,0.00818334,0.109619,0.259761,1,0,,0,0,0,0,0,0,0,0,103808,104555,0,232,0
956578,1,0,8.69375e-005,0.00656406,0.0993137,0.275151,1,0,,0,0,0,0,0,0,0,0,103808,104555,0,232,0
956678,1,0,6.08562e-005,0.00526342,0.0899087,0.290726,1,0,,0,0,0,0,0,0,0,0,103808,104555,0,232,0
956778,1,0,4.25994e-005,0.00421926,0.0813398,0.269514,1,0,,0,0,0,0,0,0,0,0,103808,104555,0,232,0
956878,1,0,2.98196e-005,0.00338137,0.0735439,0.321026,1,0,,0,0,0,0,0,0,0,0,103808,104555,0,232,0
956978,1,0,2.08737e-005,0.00270927,0.0664604,0.275452,1,0,,0,0,0,0,0,0,0,0,103808,104555,0,232,0
957078,1,0,1.46116e-005,0.00217034,0.0600314,0.294576,1,0,,0,0,0,0,0,0,0,0,103808,104555,0,232,0
957178,1,0,1.02281e-005,0.00173832,0.0542021,0.277163,1,0,,0,0,0,0,0,0,0,0,103808,104555,0,232,0
957278,1,0,7.15968e-006,0.00139208,0.0489211,0.258375,1,0,,0,0,0,0,0,0,0,0,103808,104555,0,232,0
957378,1,0,5.01177e-006,0.00111467,0.0441405,0.269552,1,0,,0,0,0,0,0,0,0,0,103808,104555,0,232,0
957478,1,0,3.50824e-006,0.000892438,0.0398157,0.280438,1,0,,0,0,0,0,0,0,0,0,103808,104555,0,232,0
957578,1,9,2.7,0.540714,0.0899055,0.28414,1,0,,0,0,0,0,0,0,0,0,103808,104555,0,232,0
957678,1,0,1.89,0.810572,0.161972,0.278627,1,0,,0,0,0,0,0,0,0,0,103808,104555,0,232,0
957778,1,0,1.323,0.913058,0.237081,0.259853,1,0,,0,0,0,0,0,0,0,0,103808,104555,0,232,0
957878,1,0,0.926101,0.915666,0.304939,0.28119,1,0,,0,0,0,0,0,0,0,0,103808,104555,0,232,0
957978,1,0,0.648271,0.862187,0.360664,0.276579,1,0,,0,0,0,0,0,0,0,0,103808,104555,0,232,0
958078,1,0,0.453789,0.780508,0.402648,0.261766,1,0,,0,0,0,0,0,0,0,0,103808,104555,0,232,0
958178,1,0,0.317653,0.687937,0.431177,0.27934,1,0,,0,0,0,0,0,0,0,0,103808,104555,0,232,0
958278,1,0,0.222357,0.594821,0.447542,0.287677,1,0,,0,0,0,0,0,0,0,0,103808,104555,0,232,0
958378,1,0,0.15565,0.506987,0.453486,0.293678,1,0,,0,0,0,0,0,0,0,0,103808,104555,0,232,0
958478,1,0,0.108955,0.42738,0.450876,0.328039,1,0,,0,0,0,0,0,0,0,0,103808,104555,0,232,0
958578,1,0,0.0762684,0.357158,0.441504,0.271064,1,0,,0,0,0,0,0,0,0,0,103808,104555,0,232,0
958678,1,0,0.0533879,0.296404,0.426994,0.3067,1,0,,0,0,0,0,0,0,0,0,103808,104555,0,232,0
958778,1,0,0.0373715,0.244597,0.408754,0.29855,1,0,,0,0,0,0,0,0,0,0,103808,104555,0,232,0
958878,1,0,0.0261601,0.20091,0.38797,0.254324,1,0,,0,0,0,0,0,0,0,0,103808,104555,0,232,0
958978,1,0,0.018312,0.16439,0.365612,0.277536,1,0,,0,0,0,0,0,0,0,0,103808,104555,0,232,0
959078,1,0,0.0128184,0.134076,0.342458,0.299375,1,0,,0,0,0,0,0,0,0,0,103808,104555,0,232,0
959178,1,0,0.0089729,0.109055,0.319118,0.255201,1,0,,0,0,0,0,0,0,0,0,103808,104555,0,232,0
959278,1,0,0.00628103,0.0885005,0.296056,0.268576,1,0,,0,0,0,0,0,0,0,0,103808,104555,0,232,0
959378,1,0,0.00439672,0.0716797,0.273618,0.293428,1,0,,0,0,0,0,0,0,0,0,103808,104555,0,232,0
959478,1,0,0.0030777,0.0579593,0.252053,0.277565,1,0,,0,0,0,0,0,0,0,0,103808,104555,0,232,0
959578,1,0,0.00215439,0.0467983,0.231527,0.300583,1,0,,0,0,0,0,0,0,0,0,103808,104555,0,232,0
959678,1,0,0.00150807,0.0377403,0.212148,0.254269,1,0,,0,0,0,0,0,0,0,0,103808,104555,0,232,0
959778,1,0,0.00105565,0.0304034,0.193974,0.274131,1,0,,0,0,0,0,0,0,0,0,103808,104555,0,232,0
959878,1,0,0.000738956,0.0244705,0.177024,0.276446,1,0,,0,0,0,0,0,0,0,0,103808,104555,0,232,0
959978,1,0,0.00051727,0.0196798,0.161289,0.266421,1,0,,0,0,0,0,0,0,0,0,103808,104555,0,232,0
960078,1,0,0.000362089,0.0158163,0.146742,0.279658,1,0,,0,0,0,0,0,0,0,0,103808,104555,0,232,0
960178,1,0,0.000253462,0.0127037,0.133338,0.296894,1,0,,0,0,0,0,0,0,0,0,103808,104555,0,232,0
960278,1,0,0.000177423,0.0101985,0.121024,0.271157,1,0,,0,0,0,0,0,0,0,0,103808,104555,0,232,0
960378,1,0,0.000124196,0.00818361,0.10974,0.264347,1,0,,0,0,0,0,0,0,0,0,103808,104555,0,232,0
960478,1,0,8.69375e-005,0.00656428,0.0994225,0.26896,1,0,,0,0,0,0,0,0,0,0,103808,104555,0,232,0
960578,1,0,6.08562e-005,0.00526359,0.0900066,0.279385,1,0,,0,0,0,0,0,0,0,0,103808,104555,0,232,0
960678,1,0,4.25994e-005,0.00421939,0.0814279,0.28646,1,0,,0,0,0,0,0,0,0,0,103808,104555,0,232,0
960778,1,0,2.98196e-005,0.00338148,0.0736232,0.274547,1,0,,0,0,0,0,0,0,0,0,103808,104555,0,232,0
960878,1,0,2.08737e-005,0.00270936,0.0665318,0.278834,1,0,,0,0,0,0,0,0,0,0,103808,104555,0,232,0
960978,1,0,1.46116e-005,0.00217041,0.0600957,0.285658,1,0,,0,0,0,0,0,0,0,0,103808,104555,0,232,0
961078,1,0,1.02281e-005,0.00173837,0.05426,0.273508,1,0,,0,0,0,0,0,0,0,0,103808,104555,0,232,0
961178,1,0,7.15968e-006,0.00139213,0.0489732,0.271396,1,0,,0,0,0,0,0,0,0,0,103808,104555,0,232,0
961278,1,0,5.01177e-006,0.00111471,0.0441873,0.267473,1,0,,0,0,0,0,0,0,0,0,103808,104555,0,232,0
961378,1,0,3.50824e-006,0.000892467,0.0398578,0.290809,1,0,,0,0,0,0,0,0,0,0,103808,104555,0,232,0
961478,1,8,2.4,0.480714,0.0839435,0.322357,1,0,,0,0,0,0,0,0,0,0,103808,104555,0,232,0
961578,1,0,1.68,0.720572,0.147606,0.276273,1,0,,0,0,0,0,0,0,0,0,103808,104555,0,232,0
961678,1,0,1.176,0.811658,0.214011,0.280059,1,0,,0,0,0,0,0,0,0,0,103808,104555,0,232,0
961778,1,0,0.823201,0.813966,0.274007,0.27306,1,0,,0,0,0,0,0,0,0,0,103808,104555,0,232,0
961878,1,0,0.576241,0.766421,0.323248,0.272072,1,0,,0,0,0,0,0,0,0,0,103808,104555,0,232,0
961978,1,0,0.403368,0.693811,0.360305,0.262598,1,0,,0,0,0,0,0,0,0,0,103808,104555,0,232,0
962078,1,0,0.282358,0.61152,0.385426,0.271987,1,0,,0,0,0,0,0,0,0,0,103808,104555,0,232,0
962178,1,1,0.497651,0.588746,0.405758,0.279724,1,0,,0,0,0,0,0,0,0,0,103808,104555,0,232,0
962278,1,0,0.348355,0.540668,0.419249,0.300972,1,0,,0,0,0,0,0,0,0,0,103808,104555,0,232,0
962378,1,0,0.243849,0.481304,0.425455,0.308146,1,0,,0,0,0,0,0,0,0,0,103808,104555,0,232,0
962478,1,0,0.170694,0.419182,0.424827,0.286922,1,0,,0,0,0,0,0,0,0,0,103808,104555,0,232,0
962578,1,0,0.119486,0.359243,0.418269,0.280509,1,0,,0,0,0,0,0,0,0,0,103808,104555,0,232,0
962678,1,0,0.0836401,0.304122,0.406854,0.290319,1,0,,0,0,0,0,0,0,0,0,103808,104555,0,232,0
962778,1,0,0.0585481,0.255008,0.39167,0.274055,1,0,,0,0,0,0,0,0,0,0,103808,104555,0,232,0
962878,1,0,0.0409837,0.212203,0.373723,0.279718,1,0,,0,0,0,0,0,0,0,0,103808,104555,0,232,0
962978,1,0,0.0286886,0.1755,0.353901,0.272503,1,0,,0,0,0,0,0,0,0,0,103808,104555,0,232,0
963078,1,0,0.020082,0.144416,0.332952,0.30079,1,0,,0,0,0,0,0,0,0,0,103808,104555,0,232,0
963178,1,0,0.0140574,0.118345,0.311491,0.270177,1,0,,0,0,0,0,0,0,0,0,103808,104555,0,232,0
963278,1,0,0.00984017,0.0966437,0.290007,0.29079,1,0,,0,0,0,0,0,0,0,0,103808,104555,0,232,0
963378,1,0,0.00688812,0.0786926,0.268875,0.266228,1,0,,0,0,0,0,0,0,0,0,103808,104555,0,232,0
963478,1,0,0.00482169,0.0639184,0.248379,0.283705,1,0,,0,0,0,0,0,0,0,0,103808,104555,0,232,0
963578,1,0,0.00337518,0.0518097,0.228722,0.281029,1,0,,0,0,0,0,0,0,0,0,103808,104555,0,232,0
963678,1,0,0.00236263,0.0419203,0.210042,0.281192,1,0,,0,0,0,0,0,0,0,0,103808,104555,0,232,0
963778,1,0,0.00165384,0.033867,0.192425,0.280379,1,0,,0,0,0,0,0,0,0,0,103808,104555,0,232,0
963878,1,0,0.00115769,0.0273252,0.175915,0.277604,1,0,,0,0,0,0,0,0,0,0,103808,104555,0,232,0
963978,1,0,0.000810381,0.0220222,0.160526,0.303191,1,0,,0,0,0,0,0,0,0,0,103808,104555,0,232,0
964078,1,0,0.000567266,0.0177312,0.146246,0.260829,1,0,,0,0,0,0,0,0,0,0,103808,104555,0,232,0
964178,1,0,0.000397087,0.0142644,0.133048,0.246866,1,0,,0,0,0,0,0,0,0,0,103808,104555,0,232,0
964278,1,0,0.000277961,0.0114671,0.12089,0.277455,1,0,,0,0,0,0,0,0,0,0,103808,104555,0,232,0
964378,1,0,0.000194572,0.0092126,0.109722,0.283872,1,0,,0,0,0,0,0,0,0,0,103808,104555,0,232,0
964478,1,0,0.000136201,0.00739732,0.0994896,0.276547,1,0,,0,0,0,0,0,0,0,0,103808,104555,0,232,0
964578,1,0,9.53405e-005,0.00593692,0.0901344,0.273797,1,0,,0,0,0,0,0,0,0,0,103808,104555,0,232,0
964678,1,0,6.67383e-005,0.00476289,0.0815972,0.309033,1,0,,0,0,0,0,0,0,0,0,103808,104555,0,232,0
964778,1,0,4.67168e-005,0.00381965,0.0738195,0.266532,1,0,,0,0,0,0,0,0,0,0,103808,104555,0,232,0
964878,1,0,3.27018e-005,0.00306226,0.0667437,0.284719,1,0,,0,0,0,0,0,0,0,0,103808,104555,0,232,0
964978,1,0,2.28912e-005,0.00245439,0.0603148,0.280864,1,0,,0,0,0,0,0,0,0,0,103808,104555,0,232,0
965078,1,0,1.60239e-005,0.00196672,0.05448,0.303302,1,0,,0,0,0,0,0,0,0,0,103808,104555,0,232,0
965178,1,0,1.12167e-005,0.00157562,0.0491895,0.319914,1,0,,0,0,0,0,0,0,0,0,103808,104555,0,232,0
965278,1,0,7.8517e-006,0.00126206,0.0443968,0.291666,1,0,,0,0,0,0,0,0,0,0,103808,104555,0,232,0
965378,1,0,5.49619e-006,0.00101075,0.0400582,0.30509,1,0,,0,0,0,0,0,0,0,0,103808,104555,0,232,0
965478,1,10,3,0.600809,0.0961333,0.292996,1,0,,0,0,0,0,0,0,0,0,103808,104555,0,232,0
965578,1,0,2.1,0.900648,0.176585,0.275295,1,0,,0,0,0,0,0,0,0,0,103808,104555,0,232,0
965678,1,0,1.47,1.01452,0.260378,0.303294,1,0,,0,0,0,0,0,0,0,0,103808,104555,0,232,0
965778,1,0,1.029,1.01742,0.336082,0.293008,1,0,,0,0,0,0,0,0,0,0,103808,104555,0,232,0
965878,1,0,0.720301,0.957992,0.398273,0.275183,1,0,,0,0,0,0,0,0,0,0,103808,104555,0,232,0
965978,1,0,0.504211,0.867236,0.445169,0.32481,1,0,,0,0,0,0,0,0,0,0,103808,104555,0,232,0
966078,1,0,0.352947,0.764378,0.47709,0.315813,1,0,,0,0,0,0,0,0,0,0,103808,104555,0,232,0
966178,1,0,0.247063,0.660915,0.495473,0.286511,1,0,,0,0,0,0,0,0,0,0,103808,104555,0,232,0
966278,1,0,0.172944,0.563321,0.502257,0.258586,1,0,,0,0,0,0,0,0,0,0,103808,104555,0,232,0
966378,1,0,0.121061,0.474869,0.499519,0.279911,1,0,,0,0,0,0,0,0,0,0,103808,104555,0,232,0
966478,1,0,0.0847427,0.396844,0.489251,0.314537,1,0,,0,0,0,0,0,0,0,0,103808,104555,0,232,0
966578,1,0,0.0593199,0.329339,0.47326,0.303236,1,0,,0,0,0,0,0,0,0,0,103808,104555,0,232,0
966678,1,0,0.0415239,0.271776,0.453111,0.3029,1,0,,0,0,0,0,0,0,0,0,103808,104555,0,232,0
966778,1,0,0.0290667,0.223234,0.430124,0.304509,1,0,,0,0,0,0,0,0,0,0,103808,104555,0,232,0
966878,1,0,0.0203467,0.182657,0.405377,0.290834,1,0,,0,0,0,0,0,0,0,0,103808,104555,0,232,0
966978,1,0,0.0142427,0.148974,0.379737,0.297935,1,0,,0,0,0,0,0,0,0,0,103808,104555,0,232,0
967078,1,0,0.00996989,0.121173,0.35388,0.292187,1,0,,0,0,0,0,0,0,0,0,103808,104555,0,232,0
967178,1,0,0.00697892,0.0983342,0.328326,0.307061,1,0,,0,0,0,0,0,0,0,0,103808,104555,0,232,0
967278,1,0,0.00488525,0.0796444,0.303458,0.306988,1,0,,0,0,0,0,0,0,0,0,103808,104555,0,232,0
967378,1,0,0.00341967,0.0643995,0.279552,0.2804,1,0,,0,0,0,0,0,0,0,0,103808,104555,0,232,0
967478,1,0,0.00239377,0.0519983,0.256796,0.307176,1,0,,0,0,0,0,0,0,0,0,103808,104555,0,232,0
967578,1,0,0.00167564,0.0419338,0.23531,0.296064,1,0,,0,0,0,0,0,0,0,0,103808,104555,0,232,0
967678,1,0,0.00117295,0.0337816,0.215157,0.316088,1,0,,0,0,0,0,0,0,0,0,103808,104555,0,232,0
967778,1,0,0.000821063,0.0271895,0.196361,0.273238,1,0,,0,0,0,0,0,0,0,0,103808,104555,0,232,0
967878,1,0,0.000574744,0.0218666,0.178911,0.276237,1,0,,0,0,0,0,0,0,0,0,103808,104555,0,232,0
967978,1,0,0.000402321,0.0175737,0.162777,0.274249,1,0,,0,0,0,0,0,0,0,0,103808,104555,0,232,0
968078,1,0,0.000281625,0.0141153,0.147911,0.258563,1,0,,0,0,0,0,0,0,0,0,103808,104555,0,232,0
968178,1,0,0.000197137,0.0113317,0.134253,0.267638,1,0,,0,0,0,0,0,0,0,0,103808,104555,0,232,0
968278,1,0,0.000137996,0.00909293,0.121737,0.263463,1,0,,0,0,0,0,0,0,0,0,103808,104555,0,232,0
968378,1,0,9.65973e-005,0.00729367,0.110293,0.275464,1,0,,0,0,0,0,0,0,0,0,103808,104555,0,232,0
968478,1,0,6.76181e-005,0.00584846,0.0998484,0.296253,1,0,,0,0,0,0,0,0,0,0,103808,104555,0,232,0
968578,1,0,4.73327e-005,0.00468823,0.0903324,0.286577,1,0,,0,0,0,0,0,0,0,0,103808,104555,0,232,0
968678,1,0,3.31329e-005,0.00375721,0.0816748,0.282976,1,0,,0,0,0,0,0,0,0,0,103808,104555,0,232,0
968778,1,0,2.3193e-005,0.00301041,0.0738084,0.2692,1,0,,0,0,0,0,0,0,0,0,103808,104555,0,232,0
968878,1,0,1.62351e-005,0.00241157,0.0666687,0.269488,1,0,,0,0,0,0,0,0,0,0,103808,104555,0,232,0
968978,1,0,1.13646e-005,0.00193153,0.060195,0.328015,1,0,,0,0,0,0,0,0,0,0,103808,104555,0,232,0
969078,1,0,7.9552e-006,0.00154682,0.0543302,0.284578,1,0,,0,0,0,0,0,0,0,0,103808,104555,0,232,0
969178,1,0,5.56864e-006,0.00123857,0.049021,0.293328,1,0,,0,0,0,0,0,0,0,0,103808,104555,0,232,0
969278,1,0,3.89805e-006,0.000991633,0.0442181,0.289591,1,0,,0,0,0,0,0,0,0,0,103808,104555,0,232,0
969378,1,9,2.7,0.540794,0.0938757,0.305068,1,0,,0,0,0,0,0,0,0,0,103808,104555,0,232,0
969478,1,0,1.89,0.810635,0.165552,0.267756,1,0,,0,0,0,0,0,0,0,0,103808,104555,0,232,0
969578,1,0,1.323,0.913109,0.240307,0.275156,1,0,,0,0,0,0,0,0,0,0,103808,104555,0,232,0
969678,1,0,0.926101,0.915707,0.307847,0.279405,1,0,,0,0,0,0,0,0,0,0,103808,104555,0,232,0
969778,1,0,0.648271,0.86222,0.363285,0.296578,1,0,,0,0,0,0,0,0,0,0,103808,104555,0,232,0
969878,1,0,0.453789,0.780534,0.405009,0.271577,1,0,,0,0,0,0,0,0,0,0,103808,104555,0,232,0
969978,1,0,0.317653,0.687958,0.433304,0.276762,1,0,,0,0,0,0,0,0,0,0,103808,104555,0,232,0
970078,1,0,0.222357,0.594837,0.449458,0.275199,1,0,,0,0,0,0,0,0,0,0,103808,104555,0,232,0
970178,1,0,0.15565,0.507,0.455212,0.29215,1,0,,0,0,0,0,0,0,0,0,103808,104555,0,232,0
970278,1,0,0.108955,0.427391,0.45243,0.285999,1,0,,0,0,0,0,0,0,0,0,103808,104555,0,232,0
970378,1,0,0.0762684,0.357166,0.442903,0.280215,1,0,,0,0,0,0,0,0,0,0,103808,104555,0,232,0
970478,1,0,0.0533879,0.296411,0.428254,0.273327,1,0,,0,0,0,0,0,0,0,0,103808,104555,0,232,0
970578,1,0,0.0373715,0.244603,0.409889,0.285516,1,0,,0,0,0,0,0,0,0,0,103808,104555,0,232,0
970678,1,0,0.0261601,0.200914,0.388991,0.270879,1,0,,0,0,0,0,0,0,0,0,103808,104555,0,232,0
970778,1,0,0.018312,0.164394,0.366532,0.292817,1,0,,0,0,0,0,0,0,0,0,103808,104555,0,232,0
970878,1,0,0.0128184,0.134079,0.343286,0.27819,1,0,,0,0,0,0,0,0,0,0,103808,104555,0,232,0
970978,1,0,0.0089729,0.109058,0.319864,0.258777,1,0,,0,0,0,0,0,0,0,0,103808,104555,0,232,0
971078,1,0,0.00628103,0.0885023,0.296727,0.260725,1,0,,0,0,0,0,0,0,0,0,103808,104555,0,232,0
971178,1,0,0.00439672,0.0716812,0.274223,0.2657,1,0,,0,0,0,0,0,0,0,0,103808,104555,0,232,0
971278,1,0,0.0030777,0.0579605,0.252597,0.266124,1,0,,0,0,0,0,0,0,0,0,103808,104555,0,232,0
971378,1,0,0.00215439,0.0467993,0.232017,0.269412,1,0,,0,0,0,0,0,0,0,0,103808,104555,0,232,0
971478,1,0,0.00150807,0.037741,0.212589,0.2886,1,0,,0,0,0,0,0,0,0,0,103808,104555,0,232,0
971578,1,0,0.00105565,0.0304039,0.194371,0.293987,1,0,,0,0,0,0,0,0,0,0,103808,104555,0,232,0
971678,1,0,0.000738957,0.0244709,0.177381,0.266288,1,0,,0,0,0,0,0,0,0,0,103808,104555,0,232,0
971778,1,0,0.00051727,0.0196802,0.161611,0.323038,1,0,,0,0,0,0,0,0,0,0,103808,104555,0,232,0
971878,1,0,0.000362089,0.0158166,0.147031,0.280188,1,0,,0,0,0,0,0,0,0,0,103808,104555,0,232,0
971978,1,0,0.000253462,0.012704,0.133599,0.286176,1,0,,0,0,0,0,0,0,0,0,103808,104555,0,232,0
972078,1,0,0.000177423,0.0101987,0.121259,0.291639,1,0,,0,0,0,0,0,0,0,0,103808,104555,0,232,0
972178,1,0,0.000124196,0.00818376,0.109951,0.285458,1,0,,0,0,0,0,0,0,0,0,103808,104555,0,232,0
972278,1,0,8.69375e-005,0.0065644,0.0996124,0.281896,1,0,,0,0,0,0,0,0,0,0,103808,104555,0,232,0
972378,1,0,6.08562e-005,0.00526369,0.0901775,0.279173,1,0,,0,0,0,0,0,0,0,0,103808,104555,0,232,0
972478,1,0,4.25994e-005,0.00421947,0.0815817,0.285299,1,0,,0,0,0,0,0,0,0,0,103808,104555,0,232,0
972578,1,0,2.98196e-005,0.00338154,0.0737617,0.285837,1,0,,0,0,0,0,0,0,0,0,103808,104555,0,232,0
972678,1,0,2.08737e-005,0.00270941,0.0666565,0.287237,1,0,,0,0,0,0,0,0,0,0,103808,104555,0,232,0
972778,1,0,1.46116e-005,0.00217045,0.0602079,0.275336,1,0,,0,0,0,0,0,0,0,0,103808,104555,0,232,0
972878,1,0,1.02281e-005,0.0017384,0.0543609,0.298899,1,0,,0,0,0,0,0,0,0,0,103808,104555,0,232,0
972978,1,0,7.15968e-006,0.00139216,0.049064,0.272374,1,0,,0,0,0,0,0,0,0,0,103808,104555,0,232,0
973078,1,0,5.01177e-006,0.00111473,0.0442691,0.285324,1,0,,0,0,0,0,0,0,0,0,103808,104555,0,232,0
973178,1,0,3.50824e-006,0.000892483,0.0399314,0.272638,1,0,,0,0,0,0,0,0,0,0,103808,104555,0,232,0
973278,1,0,2.45577e-006,0.000714478,0.0360097,0.268376,1,0,,0,0,0,0,0,0,0,0,103808,104555,0,232,0
973378,1,8,2.4,0.480572,0.080466,0.309666,1,0,,0,0,0,0,0,0,0,0,103808,104555,0,232,0
973478,1,0,1.68,0.720458,0.144465,0.288755,1,0,,0,0,0,0,0,0,0,0,103808,104555,0,232,0
973578,1,0,1.176,0.811566,0.211175,0.290731,1,0,,0,0,0,0,0,0,0,0,103808,104555,0,232,0
973678,1,0,0.823201,0.813893,0.271447,0.287956,1,0,,0,0,0,0,0,0,0,0,103808,104555,0,232,0
973778,1,0,0.57624,0.766363,0.320939,0.293445,1,0,,0,0,0,0,0,0,0,0,103808,104555,0,232,0
973878,1,0,0.403368,0.693764,0.358221,0.269682,1,0,,0,0,0,0,0,0,0,0,103808,104555,0,232,0
973978,1,0,0.282358,0.611483,0.383547,0.268785,1,0,,0,0,0,0,0,0,0,0,103808,104555,0,232,0
974078,1,0,0.19765,0.528716,0.398064,0.297109,1,0,,0,0,0,0,0,0,0,0,103808,104555,0,232,0
974178,1,0,0.138355,0.450644,0.403322,0.318734,1,0,,0,0,0,0,0,0,0,0,103808,104555,0,232,0
974278,1,0,0.0968487,0.379885,0.400978,0.274584,1,0,,0,0,0,0,0,0,0,0,103808,104555,0,232,0
974378,1,0,0.0677941,0.317467,0.392627,0.267396,1,0,,0,0,0,0,0,0,0,0,103808,104555,0,232,0
974478,1,0,0.0474559,0.263465,0.379711,0.288458,1,0,,0,0,0,0,0,0,0,0,103808,104555,0,232,0
974578,1,0,0.0332191,0.217416,0.363481,0.280559,1,0,,0,0,0,0,0,0,0,0,103808,104555,0,232,0
974678,1,0,0.0232534,0.178583,0.344992,0.274724,1,0,,0,0,0,0,0,0,0,0,103808,104555,0,232,0
974778,1,0,0.0162774,0.146122,0.325105,0.269961,1,0,,0,0,0,0,0,0,0,0,103808,104555,0,232,0
974878,1,0,0.0113942,0.119176,0.304512,0.280161,1,0,,0,0,0,0,0,0,0,0,103808,104555,0,232,0
974978,1,0,0.00797591,0.0969363,0.283754,0.288014,1,0,,0,0,0,0,0,0,0,0,103808,104555,0,232,0
975078,1,0,0.00558313,0.0786657,0.263245,0.253651,1,0,,0,0,0,0,0,0,0,0,103808,104555,0,232,0
975178,1,0,0.00390819,0.0637142,0.243292,0.310361,1,0,,0,0,0,0,0,0,0,0,103808,104555,0,232,0
975278,1,0,0.00273574,0.0515185,0.224115,0.275125,1,0,,0,0,0,0,0,0,0,0,103808,104555,0,232,0
975378,1,0,0.00191502,0.0415978,0.205863,0.297751,1,0,,0,0,0,0,0,0,0,0,103808,104555,0,232,0
975478,1,0,0.00134051,0.0335463,0.188631,0.268263,1,0,,0,0,0,0,0,0,0,0,103808,104555,0,232,0
975578,1,0,0.000938357,0.0270247,0.172471,0.2892,1,0,,0,0,0,0,0,0,0,0,103808,104555,0,232,0
975678,1,0,0.00065685,0.0217512,0.157399,0.263559,1,0,,0,0,0,0,0,0,0,0,103808,104555,0,232,0
975778,1,1,0.30046,0.0774929,0.149408,0.296414,1,0,,0,0,0,0,0,0,0,0,103808,104555,0,232,0
975878,1,0,0.210322,0.104059,0.144873,0.296077,1,0,,0,0,0,0,0,0,0,0,103808,104555,0,232,0
975978,1,0,0.147225,0.112692,0.141655,0.275916,1,0,,0,0,0,0,0,0,0,0,103808,104555,0,232,0
976078,1,0,0.103058,0.110765,0.138566,0.263365,1,0,,0,0,0,0,0,0,0,0,103808,104555,0,232,0
976178,1,0,0.0721404,0.10304,0.135014,0.284976,1,0,,0,0,0,0,0,0,0,0,103808,104555,0,232,0
976278,1,0,0.0504983,0.0925318,0.130765,0.263489,1,0,,0,0,0,0,0,0,0,0,103808,104555,0,232,0
976378,1,0,0.0353488,0.0810952,0.125798,0.283,1,0,,0,0,0,0,0,0,0,0,103808,104555,0,232,0
976478,1,0,0.0247442,0.069825,0.120201,0.276512,1,0,,0,0,0,0,0,0,0,0,103808,104555,0,232,0
976578,1,0,0.0173209,0.0593242,0.114113,0.283722,1,0,,0,0,0,0,0,0,0,0,103808,104555,0,232,0
976678,1,0,0.0121246,0.0498843,0.10769,0.277759,1,0,,0,0,0,0,0,0,0,0,103808,104555,0,232,0
976778,1,0,0.00848724,0.0416049,0.101082,0.305522,1,0,,0,0,0,0,0,0,0,0,103808,104555,0,232,0
976878,1,0,0.00594107,0.0344721,0.0944209,0.259171,1,0,,0,0,0,0,0,0,0,0,103808,104555,0,232,0
976978,1,0,0.00415875,0.0284094,0.0878197,0.269236,1,0,,0,0,0,0,0,0,0,0,103808,104555,0,232,0
977078,1,0,0.00291112,0.0233098,0.0813687,0.302197,1,0,,0,0,0,0,0,0,0,0,103808,104555,0,232,0
977178,1,0,0.00203779,0.0190554,0.0751374,0.297796,1,0,,0,0,0,0,0,0,0,0,103808,104555,0,232,0
977278,1,9,2.70143,0.55553,0.123177,0.271828,1,0,,0,0,0,0,0,0,0,0,103808,104555,0,232,0
977378,1,0,1.891,0.822623,0.193121,0.279691,1,0,,0,0,0,0,0,0,0,0,103808,104555,0,232,0
977478,1,0,1.3237,0.922838,0.266093,0.293941,1,0,,0,0,0,0,0,0,0,0,103808,104555,0,232,0
977578,1,0,0.926589,0.923589,0.331843,0.244934,1,0,,0,0,0,0,0,0,0,0,103808,104555,0,232,0
977678,1,0,0.648612,0.868593,0.385518,0.295362,1,0,,0,0,0,0,0,0,0,0,103808,104555,0,232,0
977778,1,0,0.454029,0.78568,0.425534,0.281086,1,0,,0,0,0,0,0,0,0,0,103808,104555,0,232,0
977878,1,0,0.31782,0.692108,0.452191,0.318597,1,0,,0,0,0,0,0,0,0,0,103808,104555,0,232,0
977978,1,0,0.222474,0.598181,0.46679,0.260884,1,0,,0,0,0,0,0,0,0,0,103808,104555,0,232,0
978078,1,0,0.155732,0.509692,0.47108,0.276959,1,0,,0,0,0,0,0,0,0,0,103808,104555,0,232,0
978178,1,0,0.109012,0.429556,0.466928,0.270869,1,0,,0,0,0,0,0,0,0,0,103808,104555,0,232,0
978278,1,0,0.0763086,0.358906,0.456126,0.319719,1,0,,0,0,0,0,0,0,0,0,103808,104555,0,232,0
978378,1,0,0.053416,0.297808,0.440294,0.291205,1,0,,0,0,0,0,0,0,0,0,103808,104555,0,232,0
978478,1,0,0.0373912,0.245725,0.420837,0.287169,1,0,,0,0,0,0,0,0,0,0,103808,104555,0,232,0
978578,1,0,0.0261739,0.201815,0.398935,0.299321,1,0,,0,0,0,0,0,0,0,0,103808,104555,0,232,0
978678,1,0,0.0183217,0.165116,0.375553,0.270844,1,0,,0,0,0,0,0,0,0,0,103808,104555,0,232,0
978778,1,0,0.0128252,0.134658,0.351463,0.255469,1,0,,0,0,0,0,0,0,0,0,103808,104555,0,232,0
978878,1,0,0.00897763,0.109522,0.327269,0.284158,1,0,,0,0,0,0,0,0,0,0,103808,104555,0,232,0
978978,1,0,0.00628434,0.0888743,0.30343,0.271192,1,0,,0,0,0,0,0,0,0,0,103808,104555,0,232,0
979078,1,0,0.00439904,0.0719793,0.280285,0.309942,1,0,,0,0,0,0,0,0,0,0,103808,104555,0,232,0
979178,1,0,0.00307933,0.0581993,0.258076,0.262528,1,0,,0,0,0,0,0,0,0,0,103808,104555,0,232,0
979278,1,0,0.00215553,0.0469905,0.236968,0.257017,1,0,,0,0,0,0,0,0,0,0,103808,104555,0,232,0
979378,1,0,0.00150887,0.0378942,0.21706,0.278647,1,0,,0,0,0,0,0,0,0,0,103808,104555,0,232,0
979478,1,0,0.00105621,0.0305266,0.198407,0.292757,1,0,,0,0,0,0,0,0,0,0,103808,104555,0,232,0
979578,1,0,0.000739346,0.0245692,0.181023,0.33672,1,0,,0,0,0,0,0,0,0,0,103808,104555,0,232,0
979678,1,0,0.000517542,0.0197588,0.164897,0.254982,1,0,,0,0,0,0,0,0,0,0,103808,104555,0,232,0
979778,1,0,0.00036228,0.0158795,0.149995,0.299384,1,0,,0,0,0,0,0,0,0,0,103808,104555,0,232,0
979878,1,0,0.000253596,0.0127543,0.136271,0.299407,1,0,,0,0,0,0,0,0,0,0,103808,104555,0,232,0
979978,1,0,0.000177517,0.010239,0.123668,0.297432,1,0,,0,0,0,0,0,0,0,0,103808,104555,0,232,0
980078,1,0,0.000124262,0.00821603,0.112123,0.288419,1,0,,0,0,0,0,0,0,0,0,103808,104555,0,232,0
980178,1,0,8.69834e-005,0.00659022,0.101569,0.289429,1,0,,0,0,0,0,0,0,0,0,103808,104555,0,232,0
980278,1,0,6.08884e-005,0.00528435,0.0919408,0.328842,1,0,,0,0,0,0,0,0,0,0,103808,104555,0,232,0
980378,1,0,4.26218e-005,0.00423601,0.0831703,0.280791,1,0,,0,0,0,0,0,0,0,0,103808,104555,0,232,0
980478,1,0,2.98353e-005,0.00339477,0.0751927,0.286202,1,0,,0,0,0,0,0,0,0,0,103808,104555,0,232,0
980578,1,0,2.08847e-005,0.00272,0.0679455,0.251551,1,0,,0,0,0,0,0,0,0,0,103808,104555,0,232,0
980678,1,0,1.46193e-005,0.00217892,0.0613688,0.364588,1,0,,0,0,0,0,0,0,0,0,103808,104555,0,232,0
980778,1,0,1.02335e-005,0.00174518,0.0554065,0.282152,1,0,,0,0,0,0,0,0,0,0,103808,104555,0,232,0
980878,1,0,7.16345e-006,0.00139758,0.0500056,0.271552,1,0,,0,0,0,0,0,0,0,0,103808,104555,0,232,0
980978,1,0,5.01442e-006,0.00111907,0.0451169,0.288128,1,0,,0,0,0,0,0,0,0,0,103808,104555,0,232,0
981078,1,0,3.51009e-006,0.000895955,0.0406948,0.257891,1,0,,0,0,0,0,0,0,0,0,103808,104555,0,232,0
981178,1,0,2.45706e-006,0.000717255,0.0366971,0.311754,1,0,,0,0,0,0,0,0,0,0,103808,104555,0,232,0
981278,1,8,2.4,0.480574,0.0810848,0.282931,1,0,,0,0,0,0,0,0,0,0,103808,104555,0,232,0
981378,1,0,1.68,0.72046,0.145022,0.259105,1,0,,0,0,0,0,0,0,0,0,103808,104555,0,232,0
981478,1,0,1.176,0.811568,0.211677,0.280604,1,0,,0,0,0,0,0,0,0,0,103808,104555,0,232,0
981578,1,0,0.823201,0.813894,0.271899,0.297665,1,0,,0,0,0,0,0,0,0,0,103808,104555,0,232,0
981678,1,0,0.57624,0.766364,0.321345,0.297316,1,0,,0,0,0,0,0,0,0,0,103808,104555,0,232,0
981778,1,0,0.403368,0.693765,0.358587,0.29059,1,0,,0,0,0,0,0,0,0,0,103808,104555,0,232,0
981878,1,0,0.282358,0.611483,0.383877,0.332664,1,0,,0,0,0,0,0,0,0,0,103808,104555,0,232,0
981978,1,0,0.19765,0.528717,0.398361,0.285389,1,0,,0,0,0,0,0,0,0,0,103808,104555,0,232,0
982078,1,0,0.138355,0.450644,0.403589,0.309852,1,0,,0,0,0,0,0,0,0,0,103808,104555,0,232,0
982178,1,0,0.0968487,0.379885,0.401219,0.328365,1,0,,0,0,0,0,0,0,0,0,103808,104555,0,232,0
982278,1,0,0.0677941,0.317467,0.392843,0.273465,1,0,,0,0,0,0,0,0,0,0,103808,104555,0,232,0
982378,1,0,0.0474559,0.263465,0.379906,0.263828,1,0,,0,0,0,0,0,0,0,0,103808,104555,0,232,0
982478,1,0,0.0332191,0.217416,0.363657,0.294413,1,0,,0,0,0,0,0,0,0,0,103808,104555,0,232,0
982578,1,0,0.0232534,0.178583,0.345149,0.267913,1,0,,0,0,0,0,0,0,0,0,103808,104555,0,232,0
982678,1,0,0.0162774,0.146122,0.325247,0.274175,1,0,,0,0,0,0,0,0,0,0,103808,104555,0,232,0
982778,1,0,0.0113942,0.119176,0.30464,0.2682,1,0,,0,0,0,0,0,0,0,0,103808,104555,0,232,0
982878,1,0,0.00797591,0.0969364,0.283869,0.266012,1,0,,0,0,0,0,0,0,0,0,103808,104555,0,232,0
982978,1,0,0.00558313,0.0786657,0.263349,0.298107,1,0,,0,0,0,0,0,0,0,0,103808,104555,0,232,0
983078,1,0,0.00390819,0.0637142,0.243385,0.272806,1,0,,0,0,0,0,0,0,0,0,103808,104555,0,232,0
983178,1,0,0.00273574,0.0515185,0.224199,0.302447,1,0,,0,0,0,0,0,0,0,0,103808,104555,0,232,0
983278,1,0,0.00191502,0.0415978,0.205939,0.310523,1,0,,0,0,0,0,0,0,0,0,103808,104555,0,232,0
983378,1,0,0.00134051,0.0335464,0.188699,0.292785,1,0,,0,0,0,0,0,0,0,0,103808,104555,0,232,0
983478,1,0,0.000938357,0.0270248,0.172532,0.26682,1,0,,0,0,0,0,0,0,0,0,103808,104555,0,232,0
983578,1,0,0.00065685,0.0217512,0.157454,0.267084,1,0,,0,0,0,0,0,0,0,0,103808,104555,0,232,0
983678,1,0,0.000459795,0.0174929,0.143458,0.29132,1,0,,0,0,0,0,0,0,0,0,103808,104555,0,232,0
983778,1,0,0.000321857,0.0140587,0.130518,0.321045,1,0,,0,0,0,0,0,0,0,0,103808,104555,0,232,0
983878,1,0,0.0002253,0.011292,0.118595,0.264871,1,0,,0,0,0,0,0,0,0,0,103808,104555,0,232,0
983978,1,0,0.00015771,0.00906516,0.107642,0.295295,1,0,,0,0,0,0,0,0,0,0,103808,104555,0,232,0
984078,1,0,0.000110397,0.0072742,0.0976054,0.267283,1,0,,0,0,0,0,0,0,0,0,103808,104555,0,232,0
984178,1,0,7.72778e-005,0.00583482,0.0884284,0.280082,1,0,,0,0,0,0,0,0,0,0,103808,104555,0,232,0
984278,1,0,5.40944e-005,0.00467867,0.0800534,0.276756,1,0,,0,0,0,0,0,0,0,0,103808,104555,0,232,0
984378,1,0,3.78661e-005,0.00375051,0.0724231,0.267379,1,0,,0,0,0,0,0,0,0,0,103808,104555,0,232,0
984478,1,0,2.65063e-005,0.00300571,0.0654814,0.240955,1,0,,0,0,0,0,0,0,0,0,103808,104555,0,232,0
984578,1,0,1.85544e-005,0.00240828,0.059174,0.294479,1,0,,0,0,0,0,0,0,0,0,103808,104555,0,232,0
984678,1,0,1.29881e-005,0.00192922,0.0534496,0.274492,1,0,,0,0,0,0,0,0,0,0,103808,104555,0,232,0
984778,1,0,9.09165e-006,0.0015452,0.0482591,0.273641,1,0,,0,0,0,0,0,0,0,0,103808,104555,0,232,0
984878,1,0,6.36416e-006,0.00123743,0.043557,0.251827,1,0,,0,0,0,0,0,0,0,0,103808,104555,0,232,0
984978,1,0,4.45491e-006,0.000990835,0.0393003,0.291828,1,0,,0,0,0,0,0,0,0,0,103808,104555,0,232,0
985078,1,0,3.11844e-006,0.000793291,0.0354496,0.283415,1,0,,0,0,0,0,0,0,0,0,103808,104555,0,232,0
985178,1,9,2.7,0.540635,0.0859682,0.284654,1,0,,0,0,0,0,0,0,0,0,103808,104555,0,232,0
985278,1,0,1.89,0.810508,0.158422,0.283491,1,0,,0,0,0,0,0,0,0,0,103808,104555,0,232,0
985378,1,0,1.323,0.913007,0.233881,0.268203,1,0,,0,0,0,0,0,0,0,0,103808,104555,0,232,0
985478,1,0,0.926101,0.915626,0.302055,0.253553,1,0,,0,0,0,0,0,0,0,0,103808,104555,0,232,0
985578,1,0,0.64827,0.862155,0.358065,0.317119,1,0,,0,0,0,0,0,0,0,0,103808,104555,0,232,0
985678,1,0,0.453789,0.780482,0.400307,0.288132,1,0,,0,0,0,0,0,0,0,0,103808,104555,0,232,0
985778,1,0,0.317653,0.687916,0.429068,0.266157,1,0,,0,0,0,0,0,0,0,0,103808,104555,0,232,0
985878,1,0,0.222357,0.594804,0.445641,0.275745,1,0,,0,0,0,0,0,0,0,0,103808,104555,0,232,0
985978,1,0,0.15565,0.506973,0.451774,0.27148,1,0,,0,0,0,0,0,0,0,0,103808,104555,0,232,0
986078,1,0,0.108955,0.42737,0.449334,0.312732,1,0,,0,0,0,0,0,0,0,0,103808,104555,0,232,0
986178,1,0,0.0762684,0.357149,0.440115,0.27982,1,0,,0,0,0,0,0,0,0,0,103808,104555,0,232,0
986278,1,0,0.0533879,0.296397,0.425744,0.27107,1,0,,0,0,0,0,0,0,0,0,103808,104555,0,232,0
986378,1,0,0.0373715,0.244592,0.407628,0.257957,1,0,,0,0,0,0,0,0,0,0,103808,104555,0,232,0
986478,1,0,0.0261601,0.200906,0.386956,0.253344,1,0,,0,0,0,0,0,0,0,0,103808,104555,0,232,0
986578,1,0,0.018312,0.164387,0.364699,0.291949,1,0,,0,0,0,0,0,0,0,0,103808,104555,0,232,0
986678,1,0,0.0128184,0.134073,0.341637,0.278988,1,0,,0,0,0,0,0,0,0,0,103808,104555,0,232,0
986778,1,0,0.0089729,0.109053,0.318378,0.290161,1,0,,0,0,0,0,0,0,0,0,103808,104555,0,232,0
986878,1,0,0.00628103,0.0884987,0.29539,0.321136,1,0,,0,0,0,0,0,0,0,0,103808,104555,0,232,0
986978,1,0,0.00439672,0.0716783,0.273019,0.297535,1,0,,0,0,0,0,0,0,0,0,103808,104555,0,232,0
987078,1,0,0.0030777,0.0579582,0.251513,0.306598,1,0,,0,0,0,0,0,0,0,0,103808,104555,0,232,0
987178,1,0,0.00215439,0.0467974,0.231041,0.298074,1,0,,0,0,0,0,0,0,0,0,103808,104555,0,232,0
987278,1,0,0.00150807,0.0377396,0.211711,0.28775,1,0,,0,0,0,0,0,0,0,0,103808,104555,0,232,0
987378,1,0,0.00105565,0.0304028,0.19358,0.278751,1,0,,0,0,0,0,0,0,0,0,103808,104555,0,232,0
987478,1,0,0.000738956,0.02447,0.176669,0.282101,1,0,,0,0,0,0,0,0,0,0,103808,104555,0,232,0
987578,1,0,0.00051727,0.0196795,0.16097,0.275912,1,0,,0,0,0,0,0,0,0,0,103808,104555,0,232,0
987678,1,0,0.000362089,0.015816,0.146455,0.271785,1,0,,0,0,0,0,0,0,0,0,103808,104555,0,232,0
987778,1,0,0.000253462,0.0127035,0.13308,0.25865,1,0,,0,0,0,0,0,0,0,0,103808,104555,0,232,0
987878,1,0,0.000177423,0.0101983,0.120792,0.28705,1,0,,0,0,0,0,0,0,0,0,103808,104555,0,232,0
987978,1,0,0.000124196,0.00818346,0.109531,0.275226,1,0,,0,0,0,0,0,0,0,0,103808,104555,0,232,0
988078,1,0,8.69375e-005,0.00656415,0.0992341,0.271488,1,0,,0,0,0,0,0,0,0,0,103808,104555,0,232,0
988178,1,0,6.08562e-005,0.00526349,0.0898371,0.294362,1,0,,0,0,0,0,0,0,0,0,103808,104555,0,232,0
988278,1,0,4.25994e-005,0.00421932,0.0812753,0.277824,1,0,,0,0,0,0,0,0,0,0,103808,104555,0,232,0
988378,1,1,0.30003,0.0633814,0.0794859,0.288099,1,0,,0,0,0,0,0,0,0,0,103808,104555,0,232,0
988478,1,0,0.210021,0.0927093,0.0808082,0.304049,1,0,,0,0,0,0,0,0,0,0,103808,104555,0,232,0
988578,1,0,0.147015,0.10357,0.0830844,0.289711,1,0,,0,0,0,0,0,0,0,0,103808,104555,0,232,0
988678,1,0,0.10291,0.103438,0.0851198,0.298474,1,0,,0,0,0,0,0,0,0,0,103808,104555,0,232,0
988778,1,0,0.0720372,0.0971581,0.0863236,0.273799,1,0,,0,0,0,0,0,0,0,0,103808,104555,0,232,0
988878,1,0,0.050426,0.0878117,0.0864725,0.254239,1,0,,0,0,0,0,0,0,0,0,103808,104555,0,232,0
988978,1,0,0.0352982,0.077309,0.0855561,0.286751,1,0,,0,0,0,0,0,0,0,0,103808,104555,0,232,0
989078,1,0,0.0247087,0.0667889,0.0836794,0.251678,1,0,,0,0,0,0,0,0,0,0,103808,104555,0,232,0
989178,1,9,2.7173,0.59689,0.135,0.278473,1,0,,0,0,0,0,0,0,0,0,103808,104555,0,232,0
989278,1,0,1.90211,0.857934,0.207294,0.290059,1,0,,0,0,0,0,0,0,0,0,103808,104555,0,232,0
989378,1,0,1.33148,0.952642,0.281829,0.27167,1,0,,0,0,0,0,0,0,0,0,103808,104555,0,232,0
989478,1,0,0.932033,0.94852,0.348498,0.255882,1,0,,0,0,0,0,0,0,0,0,103808,104555,0,232,0
989578,1,0,0.652423,0.889301,0.402578,0.27092,1,0,,0,0,0,0,0,0,0,0,103808,104555,0,232,0
989678,1,0,0.456696,0.80278,0.442598,0.287057,1,0,,0,0,0,0,0,0,0,0,103808,104555,0,232,0
989778,1,0,0.319687,0.706161,0.468955,0.271859,1,0,,0,0,0,0,0,0,0,0,103808,104555,0,232,0
989878,1,0,0.223781,0.609685,0.483028,0.272357,1,0,,0,0,0,0,0,0,0,0,103808,104555,0,232,0
989978,1,0,0.156647,0.519077,0.486633,0.266196,1,0,,0,0,0,0,0,0,0,0,103808,104555,0,232,0
990078,1,0,0.109653,0.437193,0.481689,0.297397,1,0,,0,0,0,0,0,0,0,0,103808,104555,0,232,0
990178,1,0,0.0767569,0.365105,0.47003,0.28266,1,0,,0,0,0,0,0,0,0,0,103808,104555,0,232,0
990278,1,0,0.0537298,0.30283,0.45331,0.278423,1,0,,0,0,0,0,0,0,0,0,103808,104555,0,232,0
990378,1,0,0.0376109,0.249786,0.432958,0.289385,1,0,,0,0,0,0,0,0,0,0,103808,104555,0,232,0
990478,1,0,0.0263276,0.205095,0.410171,0.28736,1,0,,0,0,0,0,0,0,0,0,103808,104555,0,232,0
990578,1,0,0.0184293,0.167762,0.38593,0.296461,1,0,,0,0,0,0,0,0,0,0,103808,104555,0,232,0
990678,1,0,0.0129005,0.136789,0.361016,0.271946,1,0,,0,0,0,0,0,0,0,0,103808,104555,0,232,0
990778,1,0,0.00903037,0.111238,0.336038,0.301546,1,0,,0,0,0,0,0,0,0,0,103808,104555,0,232,0
990878,1,0,0.00632126,0.0902543,0.31146,0.271271,1,0,,0,0,0,0,0,0,0,0,103808,104555,0,232,0
990978,1,0,0.00442488,0.0730884,0.287623,0.311308,1,0,,0,0,0,0,0,0,0,0,103808,104555,0,232,0
991078,1,0,0.00309742,0.0590902,0.26477,0.264169,1,0,,0,0,0,0,0,0,0,0,103808,104555,0,232,0
991178,1,0,0.00216819,0.0477058,0.243063,0.310456,1,0,,0,0,0,0,0,0,0,0,103808,104555,0,232,0
991278,1,0,0.00151773,0.0384682,0.222604,0.263704,1,0,,0,0,0,0,0,0,0,0,103808,104555,0,232,0
991378,1,0,0.00106241,0.030987,0.203442,0.276743,1,0,,0,0,0,0,0,0,0,0,103808,104555,0,232,0
991478,1,0,0.00074369,0.0249384,0.185592,0.254558,1,0,,0,0,0,0,0,0,0,0,103808,104555,0,232,0
991578,1,0,0.000520583,0.0200548,0.169038,0.265021,1,0,,0,0,0,0,0,0,0,0,103808,104555,0,232,0
991678,1,0,0.000364408,0.0161167,0.153746,0.280058,1,0,,0,0,0,0,0,0,0,0,103808,104555,0,232,0
991778,1,0,0.000255085,0.0129444,0.139666,0.255733,1,0,,0,0,0,0,0,0,0,0,103808,104555,0,232,0
991878,1,0,0.00017856,0.0103912,0.126738,0.259819,1,0,,0,0,0,0,0,0,0,0,103808,104555,0,232,0
991978,1,0,0.000124992,0.00833799,0.114898,0.301054,1,0,,0,0,0,0,0,0,0,0,103808,104555,0,232,0
992078,1,0,8.74943e-005,0.00668789,0.104077,0.264052,1,0,,0,0,0,0,0,0,0,0,103808,104555,0,232,0
992178,1,0,6.1246e-005,0.00536256,0.0942057,0.265464,1,0,,0,0,0,0,0,0,0,0,103808,104555,0,232,0
992278,1,0,4.28722e-005,0.00429862,0.085215,0.276851,1,0,,0,0,0,0,0,0,0,0,103808,104555,0,232,0
992378,1,0,3.00105e-005,0.0034449,0.077038,0.26409,1,0,,0,0,0,0,0,0,0,0,103808,104555,0,232,0
992478,1,0,2.10074e-005,0.00276012,0.0696102,0.27289,1,0,,0,0,0,0,0,0,0,0,103808,104555,0,232,0
992578,1,0,1.47052e-005,0.00221104,0.0628703,0.278739,1,0,,0,0,0,0,0,0,0,0,103808,104555,0,232,0
992678,1,0,1.02936e-005,0.00177089,0.0567604,0.26559,1,0,,0,0,0,0,0,0,0,0,103808,104555,0,232,0
992778,1,0,7.20553e-006,0.00141815,0.0512261,0.241466,1,0,,0,0,0,0,0,0,0,0,103808,104555,0,232,0
992878,1,0,5.04387e-006,0.00113553,0.0462171,0.282027,1,0,,0,0,0,0,0,0,0,0,103808,104555,0,232,0
992978,1,0,3.53071e-006,0.000909131,0.0416863,0.289237,1,0,,0,0,0,0,0,0,0,0,103808,104555,0,232,0
993078,1,9,2.7,0.540728,0.0915904,0.267116,1,0,,0,0,0,0,0,0,0,0,103808,104555,0,232,0
993178,1,0,1.89,0.810583,0.16349,0.262428,1,0,,0,0,0,0,0,0,0,0,103808,104555,0,232,0
993278,1,0,1.323,0.913066,0.238447,0.263504,1,0,,0,0,0,0,0,0,0,0,103808,104555,0,232,0
993378,1,0,0.926101,0.915673,0.30617,0.300379,1,0,,0,0,0,0,0,0,0,0,103808,104555,0,232,0
993478,1,0,0.648271,0.862193,0.361772,0.290592,1,0,,0,0,0,0,0,0,0,0,103808,104555,0,232,0
993578,1,0,0.453789,0.780512,0.403646,0.291493,1,0,,0,0,0,0,0,0,0,0,103808,104555,0,232,0
993678,1,0,0.317653,0.68794,0.432076,0.263968,1,0,,0,0,0,0,0,0,0,0,103808,104555,0,232,0
993778,1,0,0.222357,0.594824,0.44835,0.316679,1,0,,0,0,0,0,0,0,0,0,103808,104555,0,232,0
993878,1,0,0.15565,0.506989,0.454214,0.273931,1,0,,0,0,0,0,0,0,0,0,103808,104555,0,232,0
993978,1,0,0.108955,0.427382,0.451531,0.286842,1,0,,0,0,0,0,0,0,0,0,103808,104555,0,232,0
994078,1,0,0.0762684,0.357159,0.442094,0.283155,1,0,,0,0,0,0,0,0,0,0,103808,104555,0,232,0
994178,1,0,0.0533879,0.296405,0.427525,0.281955,1,0,,0,0,0,0,0,0,0,0,103808,104555,0,232,0
994278,1,0,0.0373715,0.244598,0.409232,0.279479,1,0,,0,0,0,0,0,0,0,0,103808,104555,0,232,0
994378,1,0,0.0261601,0.200911,0.3884,0.271804,1,0,,0,0,0,0,0,0,0,0,103808,104555,0,232,0
994478,1,0,0.018312,0.164391,0.365999,0.269742,1,0,,0,0,0,0,0,0,0,0,103808,104555,0,232,0
994578,1,0,0.0128184,0.134076,0.342807,0.263803,1,0,,0,0,0,0,0,0,0,0,103808,104555,0,232,0
994678,1,0,0.0089729,0.109056,0.319432,0.313238,1,0,,0,0,0,0,0,0,0,0,103808,104555,0,232,0
994778,1,0,0.00628103,0.0885008,0.296339,0.270838,1,0,,0,0,0,0,0,0,0,0,103808,104555,0,232,0
994878,1,0,0.00439672,0.07168,0.273873,0.285676,1,0,,0,0,0,0,0,0,0,0,103808,104555,0,232,0
994978,1,0,0.0030777,0.0579595,0.252281,0.303012,1,0,,0,0,0,0,0,0,0,0,103808,104555,0,232,0
995078,1,0,0.00215439,0.0467985,0.231733,0.249725,1,0,,0,0,0,0,0,0,0,0,103808,104555,0,232,0
995178,1,0,0.00150807,0.0377404,0.212334,0.277787,1,0,,0,0,0,0,0,0,0,0,103808,104555,0,232,0
995278,1,0,0.00105565,0.0304035,0.194141,0.293786,1,0,,0,0,0,0,0,0,0,0,103808,104555,0,232,0
995378,1,0,0.000738956,0.0244706,0.177174,0.286975,1,0,,0,0,0,0,0,0,0,0,103808,104555,0,232,0
995478,1,0,0.00051727,0.0196799,0.161424,0.273701,1,0,,0,0,0,0,0,0,0,0,103808,104555,0,232,0
995578,1,0,0.000362089,0.0158163,0.146864,0.287805,1,0,,0,0,0,0,0,0,0,0,103808,104555,0,232,0
995678,1,0,0.000253462,0.0127038,0.133448,0.317543,1,0,,0,0,0,0,0,0,0,0,103808,104555,0,232,0
995778,1,0,0.000177423,0.0101985,0.121123,0.302729,1,0,,0,0,0,0,0,0,0,0,103808,104555,0,232,0
995878,1,0,0.000124196,0.00818364,0.109829,0.283814,1,0,,0,0,0,0,0,0,0,0,103808,104555,0,232,0
995978,1,0,8.69375e-005,0.0065643,0.0995023,0.261464,1,0,,0,0,0,0,0,0,0,0,103808,104555,0,232,0
996078,1,0,6.08562e-005,0.00526361,0.0900785,0.295762,1,0,,0,0,0,0,0,0,0,0,103808,104555,0,232,0
996178,1,0,4.25994e-005,0.00421941,0.0814925,0.267714,1,0,,0,0,0,0,0,0,0,0,103808,104555,0,232,0
996278,1,0,2.98196e-005,0.00338149,0.0736814,0.277688,1,0,,0,0,0,0,0,0,0,0,103808,104555,0,232,0
996378,1,0,2.08737e-005,0.00270937,0.0665842,0.300952,1,0,,0,0,0,0,0,0,0,0,103808,104555,0,232,0
996478,1,0,1.46116e-005,0.00217042,0.0601428,0.292102,1,0,,0,0,0,0,0,0,0,0,103808,104555,0,232,0
996578,1,0,1.02281e-005,0.00173838,0.0543024,0.304478,1,0,,0,0,0,0,0,0,0,0,103808,104555,0,232,0
996678,1,0,7.15968e-006,0.00139213,0.0490114,0.265078,1,0,,0,0,0,0,0,0,0,0,103808,104555,0,232,0
996778,1,0,5.01177e-006,0.00111471,0.0442217,0.271327,1,0,,0,0,0,0,0,0,0,0,103808,104555,0,232,0
996878,1,0,3.50824e-006,0.000892469,0.0398888,0.294327,1,0,,0,0,0,0,0,0,0,0,103808,104555,0,232,0
996978,1,0,2.45577e-006,0.000714467,0.0359713,0.291239,1,0,,0,0,0,0,0,0,0,0,103808,104555,0,232,0
997078,1,9,2.7,0.540572,0.0864314,0.257515,1,0,,0,0,0,0,0,0,0,0,103808,104555,0,232,0
997178,1,0,1.89,0.810458,0.158834,0.311478,1,0,,0,0,0,0,0,0,0,0,103808,104555,0,232,0
997278,1,0,1.323,0.912966,0.234247,0.268427,1,0,,0,0,0,0,0,0,0,0,103808,104555,0,232,0
997378,1,0,0.926101,0.915593,0.302382,0.295512,1,0,,0,0,0,0,0,0,0,0,103808,104555,0,232,0
997478,1,0,0.64827,0.862129,0.358357,0.287463,1,0,,0,0,0,0,0,0,0,0,103808,104555,0,232,0
997578,1,0,0.453789,0.780461,0.400567,0.265949,1,0,,0,0,0,0,0,0,0,0,103808,104555,0,232,0
997678,1,0,0.317652,0.687899,0.4293,0.304024,1,0,,0,0,0,0,0,0,0,0,103808,104555,0,232,0
997778,1,0,0.222357,0.594791,0.445849,0.277985,1,0,,0,0,0,0,0,0,0,0,103808,104555,0,232,0
997878,1,0,0.15565,0.506962,0.451961,0.259146,1,0,,0,0,0,0,0,0,0,0,103808,104555,0,232,0
997978,1,0,0.108955,0.427361,0.449501,0.288645,1,0,,0,0,0,0,0,0,0,0,103808,104555,0,232,0
998078,1,0,0.0762684,0.357142,0.440265,0.294222,1,0,,0,0,0,0,0,0,0,0,103808,104555,0,232,0
998178,1,0,0.0533878,0.296392,0.425877,0.289361,1,0,,0,0,0,0,0,0,0,0,103808,104555,0,232,0
998278,1,0,0.0373715,0.244588,0.407748,0.271986,1,0,,0,0,0,0,0,0,0,0,103808,104555,0,232,0
998378,1,0,0.02616,0.200902,0.387064,0.265274,1,0,,0,0,0,0,0,0,0,0,103808,104555,0,232,0
998478,1,0,0.018312,0.164384,0.364796,0.275835,1,0,,0,0,0,0,0,0,0,0,103808,104555,0,232,0
998578,1,0,0.0128184,0.134071,0.341723,0.254162,1,0,,0,0,0,0,0,0,0,0,103808,104555,0,232,0
998678,1,0,0.0089729,0.109051,0.318456,0.279049,1,0,,0,0,0,0,0,0,0,0,103808,104555,0,232,0
998778,1,0,0.00628103,0.0884973,0.29546,0.284201,1,0,,0,0,0,0,0,0,0,0,103808,104555,0,232,0
998878,1,0,0.00439672,0.0716771,0.273082,0.305913,1,0,,0,0,0,0,0,0,0,0,103808,104555,0,232,0
998978,1,0,0.0030777,0.0579573,0.251569,0.271137,1,0,,0,0,0,0,0,0,0,0,103808,104555,0,232,0
999078,1,0,0.00215439,0.0467967,0.231092,0.255988,1,0,,0,0,0,0,0,0,0,0,103808,104555,0,232,0
999178,1,0,0.00150807,0.037739,0.211757,0.303087,1,0,,0,0,0,0,0,0,0,0,103808,104555,0,232,0
999278,1,0,0.00105565,0.0304023,0.193621,0.286312,1,0,,0,0,0,0,0,0,0,0,103808,104555,0,232,0
999378,1,0,0.000738956,0.0244696,0.176706,0.260951,1,0,,0,0,0,0,0,0,0,0,103808,104555,0,232,0
999478,1,0,0.000517269,0.0196792,0.161003,0.280688,1,0,,0,0,0,0,0,0,0,0,103808,104555,0,232,0
999578,1,0,0.000362089,0.0158157,0.146485,0.306201,1,0,,0,0,0,0,0,0,0,0,103808,104555,0,232,0
999678,1,0,0.000253462,0.0127033,0.133107,0.258876,1,0,,0,0,0,0,0,0,0,0,103808,104555,0,232,0
999778,1,0,0.000177423,0.0101981,0.120816,0.286425,1,0,,0,0,0,0,0,0,0,0,103808,104555,0,232,0
999878,1,0,0.000124196,0.00818333,0.109552,0.249327,1,0,,0,0,0,0,0,0,0,0,103808,104555,0,232,0
999978,1,0,8.69375e-005,0.00656405,0.0992536,0.285239,1,0,,0,0,0,0,0,0,0,0,103808,104555,0,232,0
1000078,1,0,6.08562e-005,0.00526341,0.0898546,0.300501,1,0,,0,0,0,0,0,0,0,0,103808,104555,0,232,0
1000178,1,0,4.25994e-005,0.00421925,0.0812911,0.273189,1,0,,0,0,0,0,0,0,0,0,103808,104555,0,232,0
1000278,1,0,2.98196e-005,0.00338136,0.0735001,0.294688,1,0,,0,0,0,0,0,0,0,0,103808,104555,0,232,0
1000378,1,0,2.08737e-005,0.00270927,0.066421,0.279425,1,0,,0,0,0,0,0,0,0,0,103808,104555,0,232,0
1000478,1,0,1.46116e-005,0.00217034,0.0599959,0.260389,1,0,,0,0,0,0,0,0,0,0,103808,104555,0,232,0
1000578,1,0,1.02281e-005,0.00173831,0.0541702,0.272764,1,0,,0,0,0,0,0,0,0,0,103808,104555,0,232,0
1000678,1,0,7.15968e-006,0.00139208,0.0488924,0.286703,1,0,,0,0,0,0,0,0,0,0,103808,104555,0,232,0
1000778,1,0,5.01177e-006,0.00111467,0.0441146,0.290353,1,0,,0,0,0,0,0,0,0,0,103808,104555,0,232,0
1000878,1,0,3.50824e-006,0.000892437,0.0397924,0.288303,1,0,,0,0,0,0,0,0,0,0,103808,104555,0,232,0
1000978,1,9,2.7,0.540714,0.0898846,0.331392,1,0,,0,0,0,0,0,0,0,0,103808,104555,0,232,0
1001078,1,0,1.89,0.810572,0.161953,0.262718,1,0,,0,0,0,0,0,0,0,0,103808,104555,0,232,0
1001178,1,0,1.323,0.913058,0.237064,0.288556,1,0,,0,0,0,0,0,0,0,0,103808,104555,0,232,0
1001278,1,0,0.926101,0.915666,0.304924,0.277268,1,0,,0,0,0,0,0,0,0,0,103808,104555,0,232,0
1001378,1,0,0.648271,0.862187,0.36065,0.274929,1,0,,0,0,0,0,0,0,0,0,103808,104555,0,232,0
1001478,1,0,0.453789,0.780508,0.402636,0.270154,1,0,,0,0,0,0,0,0,0,0,103808,104555,0,232,0
1001578,1,0,0.317653,0.687937,0.431166,0.288429,1,0,,0,0,0,0,0,0,0,0,103808,104555,0,232,0
1001678,1,0,0.222357,0.594821,0.447532,0.25198,1,0,,0,0,0,0,0,0,0,0,103808,104555,0,232,0
1001778,1,0,0.15565,0.506987,0.453477,0.313968,1,0,,0,0,0,0,0,0,0,0,103808,104555,0,232,0
1001878,1,0,0.108955,0.42738,0.450867,0.275518,1,0,,0,0,0,0,0,0,0,0,103808,104555,0,232,0
1001978,1,0,0.0762684,0.357158,0.441496,0.283631,1,0,,0,0,0,0,0,0,0,0,103808,104555,0,232,0
1002078,1,0,0.0533879,0.296404,0.426987,0.302267,1,0,,0,0,0,0,0,0,0,0,103808,104555,0,232,0
1002178,1,0,0.0373715,0.244597,0.408748,0.285077,1,0,,0,0,0,0,0,0,0,0,103808,104555,0,232,0
1002278,1,0,0.0261601,0.20091,0.387964,0.259278,1,0,,0,0,0,0,0,0,0,0,103808,104555,0,232,0
1002378,1,0,0.018312,0.16439,0.365607,0.273464,1,0,,0,0,0,0,0,0,0,0,103808,104555,0,232,0
1002478,1,0,0.0128184,0.134076,0.342454,0.272477,1,0,,0,0,0,0,0,0,0,0,103808,104555,0,232,0
1002578,1,0,0.0089729,0.109055,0.319114,0.26529,1,0,,0,0,0,0,0,0,0,0,103808,104555,0,232,0
1002678,1,0,0.00628103,0.0885005,0.296053,0.308639,1,0,,0,0,0,0,0,0,0,0,103808,104555,0,232,0
1002778,1,0,0.00439672,0.0716797,0.273615,0.281043,1,0,,0,0,0,0,0,0,0,0,103808,104555,0,232,0
1002878,1,0,0.0030777,0.0579593,0.25205,0.274504,1,0,,0,0,0,0,0,0,0,0,103808,104555,0,232,0
1002978,1,0,0.00215439,0.0467983,0.231525,0.277541,1,0,,0,0,0,0,0,0,0,0,103808,104555,0,232,0
1003078,1,0,0.00150807,0.0377403,0.212146,0.273691,1,0,,0,0,0,0,0,0,0,0,103808,104555,0,232,0
1003178,1,0,0.00105565,0.0304034,0.193972,0.286316,1,0,,0,0,0,0,0,0,0,0,103808,104555,0,232,0
1003278,1,0,0.000738956,0.0244705,0.177022,0.285153,1,0,,0,0,0,0,0,0,0,0,103808,104555,0,232,0
1003378,1,0,0.00051727,0.0196798,0.161288,0.26984,1,0,,0,0,0,0,0,0,0,0,103808,104555,0,232,0
1003478,1,0,0.000362089,0.0158163,0.14674,0.287616,1,0,,0,0,0,0,0,0,0,0,103808,104555,0,232,0
1003578,1,0,0.000253462,0.0127037,0.133337,0.267216,1,0,,0,0,0,0,0,0,0,0,103808,104555,0,232,0
1003678,1,0,0.000177423,0.0101985,0.121023,0.308118,1,0,,0,0,0,0,0,0,0,0,103808,104555,0,232,0
1003778,1,0,0.000124196,0.00818361,0.109739,0.277105,1,0,,0,0,0,0,0,0,0,0,103808,104555,0,232,0
1003878,1,0,8.69375e-005,0.00656428,0.0994215,0.283207,1,0,,0,0,0,0,0,0,0,0,103808,104555,0,232,0
1003978,1,0,6.08562e-005,0.00526359,0.0900057,0.322384,1,0,,0,0,0,0,0,0,0,0,103808,104555,0,232,0
1004078,1,0,4.25994e-005,0.00421939,0.0814271,0.305845,1,0,,0,0,0,0,0,0,0,0,103808,104555,0,232,0
1004178,1,0,2.98196e-005,0.00338148,0.0736225,0.273719,1,0,,0,0,0,0,0,0,0,0,103808,104555,0,232,0
1004278,1,0,2.08737e-005,0.00270936,0.0665312,0.32808,1,0,,0,0,0,0,0,0,0,0,103808,104555,0,232,0
1004378,1,0,1.46116e-005,0.00217041,0.0600951,0.267317,1,0,,0,0,0,0,0,0,0,0,103808,104555,0,232,0
1004478,1,0,1.02281e-005,0.00173837,0.0542594,0.285881,1,0,,0,0,0,0,0,0,0,0,103808,104555,0,232,0
1004578,1,0,7.15968e-006,0.00139213,0.0489727,0.278819,1,0,,0,0,0,0,0,0,0,0,103808,104555,0,232,0
1004678,1,0,5.01177e-006,0.00111471,0.0441869,0.274395,1,0,,0,0,0,0,0,0,0,0,103808,104555,0,232,0
1004778,1,0,3.50824e-006,0.000892467,0.0398575,0.255172,1,0,,0,0,0,0,0,0,0,0,103808,104555,0,232,0
1004878,1,0,2.45577e-006,0.000714465,0.0359432,0.281108,1,0,,0,0,0,0,0,0,0,0,103808,104555,0,232,0
1004978,1,9,2.7,0.540572,0.086406,0.279817,1,0,,0,0,0,0,0,0,0,0,103808,104555,0,232,0
1005078,1,0,1.89,0.810458,0.158811,0.290906,1,0,,0,0,0,0,0,0,0,0,103808,104555,0,232,0
1005178,1,0,1.323,0.912966,0.234227,0.270469,1,0,,0,0,0,0,0,0,0,0,103808,104555,0,232,0
1005278,1,0,0.926101,0.915593,0.302363,0.288169,1,0,,0,0,0,0,0,0,0,0,103808,104555,0,232,0
1005378,1,0,0.64827,0.862129,0.35834,0.292569,1,0,,0,0,0,0,0,0,0,0,103808,104555,0,232,0
1005478,1,0,0.453789,0.780461,0.400552,0.292756,1,0,,0,0,0,0,0,0,0,0,103808,104555,0,232,0
1005578,1,0,0.317652,0.687899,0.429287,0.308206,1,0,,0,0,0,0,0,0,0,0,103808,104555,0,232,0
1005678,1,0,0.222357,0.594791,0.445837,0.303219,1,0,,0,0,0,0,0,0,0,0,103808,104555,0,232,0
1005778,1,0,0.15565,0.506962,0.45195,0.271359,1,0,,0,0,0,0,0,0,0,0,103808,104555,0,232,0
1005878,1,0,0.108955,0.427361,0.449491,0.290135,1,0,,0,0,0,0,0,0,0,0,103808,104555,0,232,0
1005978,1,0,0.0762684,0.357142,0.440256,0.287472,1,0,,0,0,0,0,0,0,0,0,103808,104555,0,232,0
1006078,1,0,0.0533878,0.296392,0.425869,0.268608,1,0,,0,0,0,0,0,0,0,0,103808,104555,0,232,0
1006178,1,0,0.0373715,0.244588,0.407741,0.283221,1,0,,0,0,0,0,0,0,0,0,103808,104555,0,232,0
1006278,1,0,0.02616,0.200902,0.387057,0.275921,1,0,,0,0,0,0,0,0,0,0,103808,104555,0,232,0
1006378,1,0,0.018312,0.164384,0.36479,0.293427,1,0,,0,0,0,0,0,0,0,0,103808,104555,0,232,0
1006478,1,0,0.0128184,0.134071,0.341718,0.313576,1,0,,0,0,0,0,0,0,0,0,103808,104555,0,232,0
1006578,1,0,0.0089729,0.109051,0.318451,0.283139,1,0,,0,0,0,0,0,0,0,0,103808,104555,0,232,0
1006678,1,0,0.00628103,0.0884973,0.295456,0.289789,1,0,,0,0,0,0,0,0,0,0,103808,104555,0,232,0
1006778,1,0,0.00439672,0.0716771,0.273078,0.3005,1,0,,0,0,0,0,0,0,0,0,103808,104555,0,232,0
1006878,1,0,0.0030777,0.0579573,0.251566,0.284512,1,0,,0,0,0,0,0,0,0,0,103808,104555,0,232,0
1006978,1,0,0.00215439,0.0467967,0.231089,0.304424,1,0,,0,0,0,0,0,0,0,0,103808,104555,0,232,0
1007078,1,0,0.00150807,0.037739,0.211754,0.265449,1,0,,0,0,0,0,0,0,0,0,103808,104555,0,232,0
1007178,1,0,0.00105565,0.0304023,0.193619,0.279163,1,0,,0,0,0,0,0,0,0,0,103808,104555,0,232,0
1007278,1,0,0.000738956,0.0244696,0.176704,0.318277,1,0,,0,0,0,0,0,0,0,0,103808,104555,0,232,0
1007378,1,0,0.000517269,0.0196792,0.161001,0.280165,1,0,,0,0,0,0,0,0,0,0,103808,104555,0,232,0
1007478,1,0,0.000362089,0.0158157,0.146483,0.277927,1,0,,0,0,0,0,0,0,0,0,103808,104555,0,232,0
1007578,1,0,0.000253462,0.0127033,0.133105,0.293038,1,0,,0,0,0,0,0,0,0,0,103808,104555,0,232,0
1007678,1,0,0.000177423,0.0101981,0.120814,0.312099,1,0,,0,0,0,0,0,0,0,0,103808,104555,0,232,0
1007778,1,0,0.000124196,0.00818333,0.109551,0.303339,1,0,,0,0,0,0,0,0,0,0,103808,104555,0,232,0
1007878,1,0,8.69375e-005,0.00656405,0.0992524,0.297802,1,0,,0,0,0,0,0,0,0,0,103808,104555,0,232,0
1007978,1,0,6.08562e-005,0.00526341,0.0898535,0.289002,1,0,,0,0,0,0,0,0,0,0,103808,104555,0,232,0
1008078,1,0,4.25994e-005,0.00421925,0.0812901,0.320413,1,0,,0,0,0,0,0,0,0,0,103808,104555,0,232,0
1008178,1,0,2.98196e-005,0.00338136,0.0734992,0.300835,1,0,,0,0,0,0,0,0,0,0,103808,104555,0,232,0
1008278,1,0,2.08737e-005,0.00270927,0.0664202,0.266159,1,0,,0,0,0,0,0,0,0,0,103808,104555,0,232,0
1008378,1,0,1.46116e-005,0.00217034,0.0599952,0.269598,1,0,,0,0,0,0,0,0,0,0,103808,104555,0,232,0
1008478,1,0,1.02281e-005,0.00173831,0.0541695,0.307724,1,0,,0,0,0,0,0,0,0,0,103808,104555,0,232,0
1008578,1,0,7.15968e-006,0.00139208,0.0488918,0.256086,1,0,,0,0,0,0,0,0,0,0,103808,104555,0,232,0
1008678,1,0,5.01177e-006,0.00111467,0.0441141,0.24501,1,0,,0,0,0,0,0,0,0,0,103808,104555,0,232,0
1008778,1,0,3.50824e-006,0.000892437,0.0397919,0.279023,1,0,,0,0,0,0,0,0,0,0,103808,104555,0,232,0
1008878,1,9,2.7,0.540714,0.0898842,0.297536,1,0,,0,0,0,0,0,0,0,0,103808,104555,0,232,0
1008978,1,0,1.89,0.810572,0.161953,0.25196,1,0,,0,0,0,0,0,0,0,0,103808,104555,0,232,0
1009078,1,0,1.323,0.913058,0.237063,0.310336,1,0,,0,0,0,0,0,0,0,0,103808,104555,0,232,0
1009178,1,0,0.926101,0.915666,0.304924,0.301023,1,0,,0,0,0,0,0,0,0,0,103808,104555,0,232,0
1009278,1,0,0.648271,0.862187,0.36065,0.258046,1,0,,0,0,0,0,0,0,0,0,103808,104555,0,232,0
1009378,1,0,0.453789,0.780508,0.402636,0.272669,1,0,,0,0,0,0,0,0,0,0,103808,104555,0,232,0
1009478,1,0,0.317653,0.687937,0.431166,0.275445,1,0,,0,0,0,0,0,0,0,0,103808,104555,0,232,0
1009578,1,0,0.222357,0.594821,0.447531,0.285697,1,0,,0,0,0,0,0,0,0,0,103808,104555,0,232,0
1009678,1,0,0.15565,0.506987,0.453477,0.274485,1,0,,0,0,0,0,0,0,0,0,103808,104555,0,232,0
1009778,1,0,0.108955,0.42738,0.450867,0.30261,1,0,,0,0,0,0,0,0,0,0,103808,104555,0,232,0
1009878,1,0,0.0762684,0.357158,0.441496,0.262623,1,0,,0,0,0,0,0,0,0,0,103808,104555,0,232,0
1009978,1,0,0.0533879,0.296404,0.426987,0.27194,1,0,,0,0,0,0,0,0,0,0,103808,104555,0,232,0
1010078,1,0,0.0373715,0.244597,0.408748,0.287453,1,0,,0,0,0,0,0,0,0,0,103808,104555,0,232,0
1010178,1,0,0.0261601,0.20091,0.387964,0.26544,1,0,,0,0,0,0,0,0,0,0,103808,104555,0,232,0
1010278,1,0,0.018312,0.16439,0.365607,0.28268,1,0,,0,0,0,0,0,0,0,0,103808,104555,0,232,0
1010378,1,0,0.0128184,0.134076,0.342454,0.262668,1,0,,0,0,0,0,0,0,0,0,103808,104555,0,232,0
1010478,1,0,0.0089729,0.109055,0.319114,0.259418,1,0,,0,0,0,0,0,0,0,0,103808,104555,0,232,0
1010578,1,0,0.00628103,0.0885005,0.296053,0.352894,1,0,,0,0,0,0,0,0,0,0,103808,104555,0,232,0
1010678,1,0,0.00439672,0.0716797,0.273615,0.267644,1,0,,0,0,0,0,0,0,0,0,103808,104555,0,232,0
1010778,1,0,0.0030777,0.0579593,0.25205,0.317332,1,0,,0,0,0,0,0,0,0,0,103808,104555,0,232,0
1010878,1,0,0.00215439,0.0467983,0.231525,0.259119,1,0,,0,0,0,0,0,0,0,0,103808,104555,0,232,0
1010978,1,0,0.00150807,0.0377403,0.212146,0.303018,1,0,,0,0,0,0,0,0,0,0,103808,104555,0,232,0
1011078,1,0,0.00105565,0.0304034,0.193972,0.281756,1,0,,0,0,0,0,0,0,0,0,103808,104555,0,232,0
1011178,1,0,0.000738956,0.0244705,0.177022,0.265111,1,0,,0,0,0,0,0,0,0,0,103808,104555,0,232,0
1011278,1,0,0.00051727,0.0196798,0.161287,0.31095,1,0,,0,0,0,0,0,0,0,0,103808,104555,0,232,0
1011378,1,0,0.000362089,0.0158163,0.14674,0.266127,1,0,,0,0,0,0,0,0,0,0,103808,104555,0,232,0
1011478,1,0,0.000253462,0.0127037,0.133337,0.271525,1,0,,0,0,0,0,0,0,0,0,103808,104555,0,232,0
1011578,1,0,0.000177423,0.0101985,0.121023,0.283388,1,0,,0,0,0,0,0,0,0,0,103808,104555,0,232,0
1011678,1,0,0.000124196,0.00818361,0.109739,0.27424,1,0,,0,0,0,0,0,0,0,0,103808,104555,0,232,0
1011778,1,0,8.69375e-005,0.00656428,0.0994215,0.286131,1,0,,0,0,0,0,0,0,0,0,103808,104555,0,232,0
1011878,1,0,6.08562e-005,0.00526359,0.0900057,0.308055,1,0,,0,0,0,0,0,0,0,0,103808,104555,0,232,0
1011978,1,0,4.25994e-005,0.00421939,0.0814271,0.275592,1,0,,0,0,0,0,0,0,0,0,103808,104555,0,232,0
1012078,1,0,2.98196e-005,0.00338148,0.0736225,0.28573,1,0,,0,0,0,0,0,0,0,0,103808,104555,0,232,0
1012178,1,0,2.08737e-005,0.00270936,0.0665312,0.293067,1,0,,0,0,0,0,0,0,0,0,103808,104555,0,232,0
1012278,1,0,1.46116e-005,0.00217041,0.0600951,0.282132,1,0,,0,0,0,0,0,0,0,0,103808,104555,0,232,0
1012378,1,0,1.02281e-005,0.00173837,0.0542594,0.264284,1,0,,0,0,0,0,0,0,0,0,103808,104555,0,232,0
1012478,1,0,7.15968e-006,0.00139213,0.0489727,0.296073,1,0,,0,0,0,0,0,0,0,0,103808,104555,0,232,0
1012578,1,0,5.01177e-006,0.00111471,0.0441869,0.275423,1,0,,0,0,0,0,0,0,0,0,103808,104555,0,232,0
1012678,1,0,3.50824e-006,0.000892467,0.0398574,0.294137,1,0,,0,0,0,0,0,0,0,0,103808,104555,0,232,0
1012778,1,10,3,0.600714,0.0959431,0.299736,1,0,,0,0,0,0,0,0,0,0,103808,104555,0,232,0
1012878,1,0,2.1,0.900572,0.176406,0.28497,1,0,,0,0,0,0,0,0,0,0,103808,104555,0,232,0
1012978,1,0,1.47,1.01446,0.260211,0.297958,1,0,,0,0,0,0,0,0,0,0,103808,104555,0,232,0
1013078,1,0,1.029,1.01737,0.335927,0.268833,1,0,,0,0,0,0,0,0,0,0,103808,104555,0,232,0
1013178,1,0,0.7203,0.957953,0.398129,0.269356,1,0,,0,0,0,0,0,0,0,0,103808,104555,0,232,0
1013278,1,0,0.50421,0.867205,0.445037,0.278605,1,0,,0,0,0,0,0,0,0,0,103808,104555,0,232,0
1013378,1,0,0.352947,0.764353,0.476968,0.318695,1,0,,0,0,0,0,0,0,0,0,103808,104555,0,232,0
1013478,1,0,0.247063,0.660895,0.495361,0.274794,1,0,,0,0,0,0,0,0,0,0,103808,104555,0,232,0
1013578,1,0,0.172944,0.563305,0.502155,0.340917,1,0,,0,0,0,0,0,0,0,0,103808,104555,0,232,0
1013678,1,0,0.121061,0.474856,0.499426,0.301628,1,0,,0,0,0,0,0,0,0,0,103808,104555,0,232,0
1013778,1,0,0.0847426,0.396833,0.489166,0.25269,1,0,,0,0,0,0,0,0,0,0,103808,104555,0,232,0
1013878,1,0,0.0593198,0.329331,0.473183,0.317714,1,0,,0,0,0,0,0,0,0,0,103808,104555,0,232,0
1013978,1,0,0.0415239,0.271769,0.453041,0.287602,1,0,,0,0,0,0,0,0,0,0,103808,104555,0,232,0
1014078,1,0,0.0290667,0.223229,0.43006,0.286403,1,0,,0,0,0,0,0,0,0,0,103808,104555,0,232,0
1014178,1,0,0.0203467,0.182652,0.405319,0.275529,1,0,,0,0,0,0,0,0,0,0,103808,104555,0,232,0
1014278,1,0,0.0142427,0.14897,0.379684,0.267203,1,0,,0,0,0,0,0,0,0,0,103808,104555,0,232,0
1014378,1,0,0.00996988,0.12117,0.353833,0.300479,1,0,,0,0,0,0,0,0,0,0,103808,104555,0,232,0
1014478,1,0,0.00697892,0.0983321,0.328283,0.291218,1,0,,0,0,0,0,0,0,0,0,103808,104555,0,232,0
1014578,1,0,0.00488524,0.0796427,0.303419,0.275681,1,0,,0,0,0,0,0,0,0,0,103808,104555,0,232,0
1014678,1,0,0.00341967,0.0643981,0.279517,0.277206,1,0,,0,0,0,0,0,0,0,0,103808,104555,0,232,0
1014778,1,0,0.00239377,0.0519972,0.256765,0.311555,1,0,,0,0,0,0,0,0,0,0,103808,104555,0,232,0
1014878,1,0,0.00167564,0.0419329,0.235282,0.311005,1,0,,0,0,0,0,0,0,0,0,103808,104555,0,232,0
1014978,1,0,0.00117295,0.0337809,0.215132,0.305056,1,0,,0,0,0,0,0,0,0,0,103808,104555,0,232,0
1015078,1,0,0.000821063,0.027189,0.196337,0.313931,1,0,,0,0,0,0,0,0,0,0,103808,104555,0,232,0
1015178,1,0,0.000574744,0.0218661,0.17889,0.288631,1,0,,0,0,0,0,0,0,0,0,103808,104555,0,232,0
1015278,1,0,0.000402321,0.0175734,0.162759,0.284893,1,0,,0,0,0,0,0,0,0,0,103808,104555,0,232,0
1015378,1,0,0.000281625,0.014115,0.147894,0.265569,1,0,,0,0,0,0,0,0,0,0,103808,104555,0,232,0
1015478,1,0,0.000197137,0.0113314,0.134238,0.291843,1,0,,0,0,0,0,0,0,0,0,103808,104555,0,232,0
1015578,1,0,0.000137996,0.00909275,0.121723,0.293079,1,0,,0,0,0,0,0,0,0,0,103808,104555,0,232,0
1015678,1,0,9.65972e-005,0.00729352,0.11028,0.308594,1,0,,0,0,0,0,0,0,0,0,103808,104555,0,232,0
1015778,1,0,6.7618e-005,0.00584834,0.0998372,0.265421,1,0,,0,0,0,0,0,0,0,0,103808,104555,0,232,0
1015878,1,0,4.73326e-005,0.00468814,0.0903223,0.281922,1,0,,0,0,0,0,0,0,0,0,103808,104555,0,232,0
1015978,1,0,3.31328e-005,0.00375714,0.0816658,0.287735,1,0,,0,0,0,0,0,0,0,0,103808,104555,0,232,0
1016078,1,0,2.3193e-005,0.00301035,0.0738002,0.320298,1,0,,0,0,0,0,0,0,0,0,103808,104555,0,232,0
1016178,1,0,1.62351e-005,0.00241152,0.0666613,0.255809,1,0,,0,0,0,0,0,0,0,0,103808,104555,0,232,0
1016278,1,0,1.13646e-005,0.00193149,0.0601884,0.254359,1,0,,0,0,0,0,0,0,0,0,103808,104555,0,232,0
1016378,1,0,7.95519e-006,0.00154679,0.0543242,0.277948,1,0,,0,0,0,0,0,0,0,0,103808,104555,0,232,0
1016478,1,0,5.56864e-006,0.00123854,0.0490156,0.289336,1,0,,0,0,0,0,0,0,0,0,103808,104555,0,232,0
1016578,1,0,3.89805e-006,0.000991613,0.0442132,0.311448,1,0,,0,0,0,0,0,0,0,0,103808,104555,0,232,0
1016678,1,0,2.72863e-006,0.000793836,0.0398713,0.309036,1,0,,0,0,0,0,0,0,0,0,103808,104555,0,232,0
1016778,1,9,2.7,0.540635,0.0899477,0.2979,1,0,,0,0,0,0,0,0,0,0,103808,104555,0,232,0
1016878,1,0,1.89,0.810509,0.162004,0.291451,1,0,,0,0,0,0,0,0,0,0,103808,104555,0,232,0
1016978,1,0,1.323,0.913007,0.237104,0.265499,1,0,,0,0,0,0,0,0,0,0,103808,104555,0,232,0
1017078,1,0,0.926101,0.915626,0.304956,0.26586,1,0,,0,0,0,0,0,0,0,0,103808,104555,0,232,0
1017178,1,0,0.64827,0.862155,0.360676,0.276446,1,0,,0,0,0,0,0,0,0,0,103808,104555,0,232,0
1017278,1,0,0.453789,0.780482,0.402657,0.299621,1,0,,0,0,0,0,0,0,0,0,103808,104555,0,232,0
1017378,1,0,0.317652,0.687916,0.431183,0.29387,1,0,,0,0,0,0,0,0,0,0,103808,104555,0,232,0
1017478,1,0,0.222357,0.594804,0.447545,0.296709,1,0,,0,0,0,0,0,0,0,0,103808,104555,0,232,0
1017578,1,0,0.15565,0.506973,0.453488,0.282922,1,0,,0,0,0,0,0,0,0,0,103808,104555,0,232,0
1017678,1,0,0.108955,0.42737,0.450876,0.279347,1,0,,0,0,0,0,0,0,0,0,103808,104555,0,232,0
1017778,1,0,0.0762684,0.357149,0.441503,0.277286,1,0,,0,0,0,0,0,0,0,0,103808,104555,0,232,0
1017878,1,0,0.0533878,0.296397,0.426992,0.265387,1,0,,0,0,0,0,0,0,0,0,103808,104555,0,232,0
1017978,1,0,0.0373715,0.244592,0.408752,0.266637,1,0,,0,0,0,0,0,0,0,0,103808,104555,0,232,0
1018078,1,0,0.02616,0.200906,0.387968,0.262588,1,0,,0,0,0,0,0,0,0,0,103808,104555,0,232,0
1018178,1,0,0.018312,0.164387,0.36561,0.260438,1,0,,0,0,0,0,0,0,0,0,103808,104555,0,232,0
1018278,1,0,0.0128184,0.134073,0.342456,0.259188,1,0,,0,0,0,0,0,0,0,0,103808,104555,0,232,0
1018378,1,0,0.0089729,0.109053,0.319116,0.266386,1,0,,0,0,0,0,0,0,0,0,103808,104555,0,232,0
1018478,1,0,0.00628103,0.0884987,0.296054,0.246251,1,0,,0,0,0,0,0,0,0,0,103808,104555,0,232,0
1018578,1,0,0.00439672,0.0716783,0.273616,0.259738,1,0,,0,0,0,0,0,0,0,0,103808,104555,0,232,0
1018678,1,0,0.0030777,0.0579582,0.252051,0.297374,1,0,,0,0,0,0,0,0,0,0,103808,104555,0,232,0
1018778,1,0,0.00215439,0.0467974,0.231525,0.281736,1,0,,0,0,0,0,0,0,0,0,103808,104555,0,232,0
1018878,1,0,0.00150807,0.0377396,0.212147,0.266925,1,0,,0,0,0,0,0,0,0,0,103808,104555,0,232,0
1018978,1,0,0.00105565,0.0304028,0.193972,0.278709,1,0,,0,0,0,0,0,0,0,0,103808,104555,0,232,0
1019078,1,0,0.000738956,0.02447,0.177022,0.261372,1,0,,0,0,0,0,0,0,0,0,103808,104555,0,232,0
1019178,1,0,0.000517269,0.0196795,0.161288,0.293696,1,0,,0,0,0,0,0,0,0,0,103808,104555,0,232,0
1019278,1,0,0.000362089,0.015816,0.146741,0.253071,1,0,,0,0,0,0,0,0,0,0,103808,104555,0,232,0
1019378,1,0,0.000253462,0.0127035,0.133337,0.277757,1,0,,0,0,0,0,0,0,0,0,103808,104555,0,232,0
1019478,1,0,0.000177423,0.0101983,0.121023,0.298796,1,0,,0,0,0,0,0,0,0,0,103808,104555,0,232,0
1019578,1,0,0.000124196,0.00818346,0.109739,0.237759,1,0,,0,0,0,0,0,0,0,0,103808,104555,0,232,0
1019678,1,0,8.69375e-005,0.00656415,0.0994216,0.288486,1,0,,0,0,0,0,0,0,0,0,103808,104555,0,232,0
1019778,1,0,6.08562e-005,0.00526349,0.0900058,0.288974,1,0,,0,0,0,0,0,0,0,0,103808,104555,0,232,0
1019878,1,0,4.25994e-005,0.00421932,0.0814271,0.267247,1,0,,0,0,0,0,0,0,0,0,103808,104555,0,232,0
1019978,1,0,2.98196e-005,0.00338142,0.0736225,0.302722,1,0,,0,0,0,0,0,0,0,0,103808,104555,0,232,0
1020078,1,0,2.08737e-005,0.00270931,0.0665312,0.286271,1,0,,0,0,0,0,0,0,0,0,103808,104555,0,232,0
1020178,1,0,1.46116e-005,0.00217037,0.0600951,0.269473,1,0,,0,0,0,0,0,0,0,0,103808,104555,0,232,0
1020278,1,0,1.02281e-005,0.00173834,0.0542595,0.270862,1,0,,0,0,0,0,0,0,0,0,103808,104555,0,232,0
1020378,1,0,7.15968e-006,0.0013921,0.0489727,0.255875,1,0,,0,0,0,0,0,0,0,0,103808,104555,0,232,0
1020478,1,0,5.01177e-006,0.00111469,0.0441869,0.283365,1,0,,0,0,0,0,0,0,0,0,103808,104555,0,232,0
1020578,1,0,3.50824e-006,0.00089245,0.0398575,0.265513,1,0,,0,0,0,0,0,0,0,0,103808,104555,0,232,0
1020678,1,9,2.7,0.540714,0.0899432,0.26127,1,0,,0,0,0,0,0,0,0,0,103808,104555,0,232,0
1020778,1,0,1.89,0.810572,0.162006,0.285431,1,0,,0,0,0,0,0,0,0,0,103808,104555,0,232,0
1020878,1,0,1.323,0.913058,0.237111,0.286494,1,0,,0,0,0,0,0,0,0,0,103808,104555,0,232,0
1020978,1,0,0.926101,0.915666,0.304967,0.260245,1,0,,0,0,0,0,0,0,0,0,103808,104555,0,232,0
1021078,1,0,0.648271,0.862187,0.360689,0.287759,1,0,,0,0,0,0,0,0,0,0,103808,104555,0,232,0
1021178,1,0,0.453789,0.780508,0.402671,0.285083,1,0,,0,0,0,0,0,0,0,0,103808,104555,0,232,0
1021278,1,0,0.317653,0.687937,0.431197,0.296119,1,0,,0,0,0,0,0,0,0,0,103808,104555,0,232,0
1021378,1,0,0.222357,0.594821,0.44756,0.27862,1,0,,0,0,0,0,0,0,0,0,103808,104555,0,232,0
1021478,1,0,0.15565,0.506987,0.453502,0.306933,1,0,,0,0,0,0,0,0,0,0,103808,104555,0,232,0
1021578,1,0,0.108955,0.42738,0.45089,0.27962,1,0,,0,0,0,0,0,0,0,0,103808,104555,0,232,0
1021678,1,0,0.0762684,0.357158,0.441517,0.266697,1,0,,0,0,0,0,0,0,0,0,103808,104555,0,232,0
1021778,1,0,0.0533879,0.296404,0.427006,0.275673,1,0,,0,0,0,0,0,0,0,0,103808,104555,0,232,0
1021878,1,0,0.0373715,0.244597,0.408765,0.283873,1,0,,0,0,0,0,0,0,0,0,103808,104555,0,232,0
1021978,1,0,0.0261601,0.20091,0.387979,0.297037,1,0,,0,0,0,0,0,0,0,0,103808,104555,0,232,0
1022078,1,0,0.018312,0.16439,0.36562,0.282039,1,0,,0,0,0,0,0,0,0,0,103808,104555,0,232,0
1022178,1,0,0.0128184,0.134076,0.342466,0.291889,1,0,,0,0,0,0,0,0,0,0,103808,104555,0,232,0
1022278,1,0,0.0089729,0.109055,0.319125,0.280564,1,0,,0,0,0,0,0,0,0,0,103808,104555,0,232,0
1022378,1,0,0.00628103,0.0885005,0.296062,0.271474,1,0,,0,0,0,0,0,0,0,0,103808,104555,0,232,0
1022478,1,0,0.00439672,0.0716797,0.273624,0.26666,1,0,,0,0,0,0,0,0,0,0,103808,104555,0,232,0
1022578,1,0,0.0030777,0.0579593,0.252058,0.258835,1,0,,0,0,0,0,0,0,0,0,103808,104555,0,232,0
1022678,1,0,0.00215439,0.0467983,0.231532,0.27972,1,0,,0,0,0,0,0,0,0,0,103808,104555,0,232,0
1022778,1,0,0.00150807,0.0377403,0.212153,0.304471,1,0,,0,0,0,0,0,0,0,0,103808,104555,0,232,0
1022878,1,0,0.00105565,0.0304034,0.193978,0.25632,1,0,,0,0,0,0,0,0,0,0,103808,104555,0,232,0
1022978,1,0,0.000738956,0.0244705,0.177027,0.283617,1,0,,0,0,0,0,0,0,0,0,103808,104555,0,232,0
1023078,1,0,0.00051727,0.0196798,0.161292,0.279705,1,0,,0,0,0,0,0,0,0,0,103808,104555,0,232,0
1023178,1,0,0.000362089,0.0158163,0.146745,0.288778,1,0,,0,0,0,0,0,0,0,0,103808,104555,0,232,0
1023278,1,0,0.000253462,0.0127037,0.13334,0.298053,1,0,,0,0,0,0,0,0,0,0,103808,104555,0,232,0
1023378,1,0,0.000177423,0.0101985,0.121026,0.30529,1,0,,0,0,0,0,0,0,0,0,103808,104555,0,232,0
1023478,1,0,0.000124196,0.00818361,0.109742,0.274425,1,0,,0,0,0,0,0,0,0,0,103808,104555,0,232,0
1023578,1,0,8.69375e-005,0.00656428,0.0994242,0.263397,1,0,,0,0,0,0,0,0,0,0,103808,104555,0,232,0
1023678,1,0,6.08562e-005,0.00526359,0.0900082,0.27222,1,0,,0,0,0,0,0,0,0,0,103808,104555,0,232,0
1023778,1,0,4.25994e-005,0.00421939,0.0814293,0.297931,1,0,,0,0,0,0,0,0,0,0,103808,104555,0,232,0
1023878,1,0,2.98196e-005,0.00338148,0.0736245,0.283093,1,0,,0,0,0,0,0,0,0,0,103808,104555,0,232,0
1023978,1,0,2.08737e-005,0.00270936,0.066533,0.283541,1,0,,0,0,0,0,0,0,0,0,103808,104555,0,232,0
1024078,1,0,1.46116e-005,0.00217041,0.0600967,0.282565,1,0,,0,0,0,0,0,0,0,0,103808,104555,0,232,0
1024178,1,0,1.02281e-005,0.00173837,0.0542609,0.268352,1,0,,0,0,0,0,0,0,0,0,103808,104555,0,232,0
1024278,1,0,7.15968e-006,0.00139213,0.048974,0.266462,1,0,,0,0,0,0,0,0,0,0,103808,104555,0,232,0
1024378,1,0,5.01177e-006,0.00111471,0.0441881,0.267006,1,0,,0,0,0,0,0,0,0,0,103808,104555,0,232,0
1024478,1,0,3.50824e-006,0.000892467,0.0398585,0.270881,1,0,,0,0,0,0,0,0,0,0,103808,104555,0,232,0
1024578,1,0,2.45577e-006,0.000714465,0.0359441,0.294467,1,0,,0,0,0,0,0,0,0,0,103808,104555,0,232,0
1024678,1,10,3,0.600572,0.0924069,0.285173,1,0,,0,0,0,0,0,0,0,0,103808,104555,0,232,0
1024778,1,0,2.1,0.900458,0.173212,0.2991,1,0,,0,0,0,0,0,0,0,0,103808,104555,0,232,0
1024878,1,0,1.47,1.01437,0.257327,0.292974,1,0,,0,0,0,0,0,0,0,0,103808,104555,0,232,0
1024978,1,0,1.029,1.01729,0.333324,0.267336,1,0,,0,0,0,0,0,0,0,0,103808,104555,0,232,0
1025078,1,0,0.7203,0.957895,0.395781,0.275347,1,0,,0,0,0,0,0,0,0,0,103808,104555,0,232,0
1025178,1,0,0.50421,0.867158,0.442919,0.284197,1,0,,0,0,0,0,0,0,0,0,103808,104555,0,232,0
1025278,1,0,0.352947,0.764316,0.475058,0.313385,1,0,,0,0,0,0,0,0,0,0,103808,104555,0,232,0
1025378,1,0,0.247063,0.660865,0.493639,0.28677,1,0,,0,0,0,0,0,0,0,0,103808,104555,0,232,0
1025478,1,0,0.172944,0.563281,0.500603,0.298906,1,0,,0,0,0,0,0,0,0,0,103808,104555,0,232,0
1025578,1,0,0.121061,0.474837,0.498027,0.281191,1,0,,0,0,0,0,0,0,0,0,103808,104555,0,232,0
1025678,1,0,0.0847426,0.396818,0.487906,0.286392,1,0,,0,0,0,0,0,0,0,0,103808,104555,0,232,0
1025778,1,0,0.0593198,0.329318,0.472047,0.262905,1,0,,0,0,0,0,0,0,0,0,103808,104555,0,232,0
1025878,1,0,0.0415239,0.27176,0.452018,0.299906,1,0,,0,0,0,0,0,0,0,0,103808,104555,0,232,0
1025978,1,0,0.0290667,0.223221,0.429139,0.266068,1,0,,0,0,0,0,0,0,0,0,103808,104555,0,232,0
1026078,1,0,0.0203467,0.182646,0.404489,0.273143,1,0,,0,0,0,0,0,0,0,0,103808,104555,0,232,0
1026178,1,0,0.0142427,0.148965,0.378937,0.286873,1,0,,0,0,0,0,0,0,0,0,103808,104555,0,232,0
1026278,1,0,0.00996988,0.121166,0.35316,0.286737,1,0,,0,0,0,0,0,0,0,0,103808,104555,0,232,0
1026378,1,0,0.00697892,0.0983288,0.327677,0.268663,1,0,,0,0,0,0,0,0,0,0,103808,104555,0,232,0
1026478,1,0,0.00488524,0.0796401,0.302873,0.270326,1,0,,0,0,0,0,0,0,0,0,103808,104555,0,232,0
1026578,1,0,0.00341967,0.064396,0.279025,0.271576,1,0,,0,0,0,0,0,0,0,0,103808,104555,0,232,0
1026678,1,0,0.00239377,0.0519956,0.256322,0.289562,1,0,,0,0,0,0,0,0,0,0,103808,104555,0,232,0
1026778,1,0,0.00167564,0.0419316,0.234883,0.266235,1,0,,0,0,0,0,0,0,0,0,103808,104555,0,232,0
1026878,1,0,0.00117295,0.0337799,0.214773,0.285037,1,0,,0,0,0,0,0,0,0,0,103808,104555,0,232,0
1026978,1,0,0.000821063,0.0271881,0.196014,0.277598,1,0,,0,0,0,0,0,0,0,0,103808,104555,0,232,0
1027078,1,0,0.000574744,0.0218654,0.1786,0.258372,1,0,,0,0,0,0,0,0,0,0,103808,104555,0,232,0
1027178,1,0,0.000402321,0.0175728,0.162497,0.263209,1,0,,0,0,0,0,0,0,0,0,103808,104555,0,232,0
1027278,1,0,0.000281624,0.0141146,0.147659,0.263133,1,0,,0,0,0,0,0,0,0,0,103808,104555,0,232,0
1027378,1,0,0.000197137,0.0113311,0.134026,0.277522,1,0,,0,0,0,0,0,0,0,0,103808,104555,0,232,0
1027478,1,0,0.000137996,0.00909247,0.121533,0.288922,1,0,,0,0,0,0,0,0,0,0,103808,104555,0,232,0
1027578,1,0,9.65972e-005,0.00729329,0.110109,0.266497,1,0,,0,0,0,0,0,0,0,0,103808,104555,0,232,0
1027678,1,0,6.7618e-005,0.00584816,0.0996825,0.268609,1,0,,0,0,0,0,0,0,0,0,103808,104555,0,232,0
1027778,1,0,4.73326e-005,0.00468799,0.0901831,0.259008,1,0,,0,0,0,0,0,0,0,0,103808,104555,0,232,0
1027878,1,0,3.31328e-005,0.00375702,0.0815405,0.270882,1,0,,0,0,0,0,0,0,0,0,103808,104555,0,232,0
1027978,1,0,2.3193e-005,0.00301026,0.0736875,0.272049,1,0,,0,0,0,0,0,0,0,0,103808,104555,0,232,0
1028078,1,0,1.62351e-005,0.00241145,0.0665599,0.275338,1,0,,0,0,0,0,0,0,0,0,103808,104555,0,232,0
1028178,1,0,1.13646e-005,0.00193143,0.060097,0.295286,1,0,,0,0,0,0,0,0,0,0,103808,104555,0,232,0
1028278,1,0,7.95519e-006,0.00154674,0.054242,0.288987,1,0,,0,0,0,0,0,0,0,0,103808,104555,0,232,0
1028378,1,0,5.56864e-006,0.0012385,0.0489416,0.283197,1,0,,0,0,0,0,0,0,0,0,103808,104555,0,232,0
1028478,1,0,3.89804e-006,0.000991584,0.0441466,0.292485,1,0,,0,0,0,0,0,0,0,0,103808,104555,0,232,0
1028578,1,9,2.7,0.540794,0.0938113,0.278239,1,0,,0,0,0,0,0,0,0,0,103808,104555,0,232,0
1028678,1,0,1.89,0.810635,0.165494,0.257289,1,0,,0,0,0,0,0,0,0,0,103808,104555,0,232,0
1028778,1,0,1.323,0.913109,0.240255,0.275752,1,0,,0,0,0,0,0,0,0,0,103808,104555,0,232,0
1028878,1,0,0.926101,0.915707,0.3078,0.326227,1,0,,0,0,0,0,0,0,0,0,103808,104555,0,232,0
1028978,1,0,0.648271,0.86222,0.363242,0.277839,1,0,,0,0,0,0,0,0,0,0,103808,104555,0,232,0
1029078,1,0,0.453789,0.780534,0.404971,0.291477,1,0,,0,0,0,0,0,0,0,0,103808,104555,0,232,0
1029178,1,0,0.317653,0.687958,0.43327,0.318203,1,0,,0,0,0,0,0,0,0,0,103808,104555,0,232,0
1029278,1,0,0.222357,0.594837,0.449427,0.265441,1,0,,0,0,0,0,0,0,0,0,103808,104555,0,232,0
1029378,1,0,0.15565,0.507,0.455184,0.251916,1,0,,0,0,0,0,0,0,0,0,103808,104555,0,232,0
1029478,1,0,0.108955,0.427391,0.452405,0.275729,1,0,,0,0,0,0,0,0,0,0,103808,104555,0,232,0
1029578,1,0,0.0762684,0.357166,0.442881,0.276843,1,0,,0,0,0,0,0,0,0,0,103808,104555,0,232,0
1029678,1,0,0.0533879,0.296411,0.428234,0.31437,1,0,,0,0,0,0,0,0,0,0,103808,104555,0,232,0
1029778,1,0,0.0373715,0.244603,0.409871,0.310098,1,0,,0,0,0,0,0,0,0,0,103808,104555,0,232,0
1029878,1,0,0.0261601,0.200914,0.388975,0.276384,1,0,,0,0,0,0,0,0,0,0,103808,104555,0,232,0
1029978,1,0,0.018312,0.164394,0.366517,0.280373,1,0,,0,0,0,0,0,0,0,0,103808,104555,0,232,0
1030078,1,0,0.0128184,0.134079,0.343273,0.323259,1,0,,0,0,0,0,0,0,0,0,103808,104555,0,232,0
1030178,1,0,0.0089729,0.109058,0.319852,0.301337,1,0,,0,0,0,0,0,0,0,0,103808,104555,0,232,0
1030278,1,0,0.00628103,0.0885023,0.296717,0.308286,1,0,,0,0,0,0,0,0,0,0,103808,104555,0,232,0
1030378,1,0,0.00439672,0.0716812,0.274213,0.276896,1,0,,0,0,0,0,0,0,0,0,103808,104555,0,232,0
1030478,1,0,0.0030777,0.0579605,0.252588,0.279548,1,0,,0,0,0,0,0,0,0,0,103808,104555,0,232,0
1030578,1,0,0.00215439,0.0467993,0.232009,0.265322,1,0,,0,0,0,0,0,0,0,0,103808,104555,0,232,0
1030678,1,0,0.00150807,0.037741,0.212582,0.29641,1,0,,0,0,0,0,0,0,0,0,103808,104555,0,232,0
1030778,1,0,0.00105565,0.0304039,0.194364,0.27031,1,0,,0,0,0,0,0,0,0,0,103808,104555,0,232,0
1030878,1,0,0.000738957,0.0244709,0.177375,0.274271,1,0,,0,0,0,0,0,0,0,0,103808,104555,0,232,0
1030978,1,0,0.00051727,0.0196802,0.161606,0.278318,1,0,,0,0,0,0,0,0,0,0,103808,104555,0,232,0
1031078,1,0,0.000362089,0.0158166,0.147027,0.287568,1,0,,0,0,0,0,0,0,0,0,103808,104555,0,232,0
1031178,1,0,0.000253462,0.012704,0.133594,0.272843,1,0,,0,0,0,0,0,0,0,0,103808,104555,0,232,0
1031278,1,0,0.000177423,0.0101987,0.121255,0.295642,1,0,,0,0,0,0,0,0,0,0,103808,104555,0,232,0
1031378,1,0,0.000124196,0.00818376,0.109948,0.297105,1,0,,0,0,0,0,0,0,0,0,103808,104555,0,232,0
1031478,1,0,8.69375e-005,0.0065644,0.0996094,0.284881,1,0,,0,0,0,0,0,0,0,0,103808,104555,0,232,0
1031578,1,0,6.08562e-005,0.00526369,0.0901748,0.290069,1,0,,0,0,0,0,0,0,0,0,103808,104555,0,232,0
1031678,1,0,4.25994e-005,0.00421947,0.0815793,0.285493,1,0,,0,0,0,0,0,0,0,0,103808,104555,0,232,0
1031778,1,0,2.98196e-005,0.00338154,0.0737595,0.300517,1,0,,0,0,0,0,0,0,0,0,103808,104555,0,232,0
1031878,1,0,2.08737e-005,0.00270941,0.0666545,0.28598,1,0,,0,0,0,0,0,0,0,0,103808,104555,0,232,0
1031978,1,0,1.46116e-005,0.00217045,0.0602061,0.291932,1,0,,0,0,0,0,0,0,0,0,103808,104555,0,232,0
1032078,1,0,1.02281e-005,0.0017384,0.0543593,0.316806,1,0,,0,0,0,0,0,0,0,0,103808,104555,0,232,0
1032178,1,0,7.15968e-006,0.00139216,0.0490626,0.270155,1,0,,0,0,0,0,0,0,0,0,103808,104555,0,232,0
1032278,1,0,5.01177e-006,0.00111473,0.0442678,0.315904,1,0,,0,0,0,0,0,0,0,0,103808,104555,0,232,0
1032378,1,0,3.50824e-006,0.000892483,0.0399303,0.302715,1,0,,0,0,0,0,0,0,0,0,103808,104555,0,232,0
1032478,1,0,2.45577e-006,0.000714478,0.0360087,0.267777,1,0,,0,0,0,0,0,0,0,0,103808,104555,0,232,0
1032578,1,9,2.7,0.540572,0.086465,0.276371,1,0,,0,0,0,0,0,0,0,0,103808,104555,0,232,0
1032678,1,0,1.89,0.810458,0.158864,0.278135,1,0,,0,0,0,0,0,0,0,0,103808,104555,0,232,0
1032778,1,0,1.323,0.912966,0.234275,0.267675,1,0,,0,0,0,0,0,0,0,0,103808,104555,0,232,0
1032878,1,0,0.926101,0.915593,0.302406,0.298024,1,0,,0,0,0,0,0,0,0,0,103808,104555,0,232,0
1032978,1,0,0.64827,0.862129,0.358379,0.301486,1,0,,0,0,0,0,0,0,0,0,103808,104555,0,232,0
1033078,1,0,0.453789,0.780461,0.400587,0.266245,1,0,,0,0,0,0,0,0,0,0,103808,104555,0,232,0
1033178,1,0,0.317652,0.687899,0.429318,0.283884,1,0,,0,0,0,0,0,0,0,0,103808,104555,0,232,0
1033278,1,0,0.222357,0.594791,0.445865,0.332746,1,0,,0,0,0,0,0,0,0,0,103808,104555,0,232,0
1033378,1,0,0.15565,0.506962,0.451975,0.269597,1,0,,0,0,0,0,0,0,0,0,103808,104555,0,232,0
1033478,1,0,0.108955,0.427361,0.449514,0.25566,1,0,,0,0,0,0,0,0,0,0,103808,104555,0,232,0
1033578,1,0,0.0762684,0.357142,0.440276,0.263085,1,0,,0,0,0,0,0,0,0,0,103808,104555,0,232,0
1033678,1,0,0.0533878,0.296392,0.425888,0.340273,1,0,,0,0,0,0,0,0,0,0,103808,104555,0,232,0
1033778,1,0,0.0373715,0.244588,0.407758,0.303323,1,0,,0,0,0,0,0,0,0,0,103808,104555,0,232,0
1033878,1,0,0.02616,0.200902,0.387072,0.301298,1,0,,0,0,0,0,0,0,0,0,103808,104555,0,232,0
1033978,1,0,0.018312,0.164384,0.364803,0.273875,1,0,,0,0,0,0,0,0,0,0,103808,104555,0,232,0
1034078,1,0,0.0128184,0.134071,0.34173,0.296848,1,0,,0,0,0,0,0,0,0,0,103808,104555,0,232,0
1034178,1,0,0.0089729,0.109051,0.318462,0.297635,1,0,,0,0,0,0,0,0,0,0,103808,104555,0,232,0
1034278,1,0,0.00628103,0.0884973,0.295466,0.261461,1,0,,0,0,0,0,0,0,0,0,103808,104555,0,232,0
1034378,1,0,0.00439672,0.0716771,0.273087,0.294398,1,0,,0,0,0,0,0,0,0,0,103808,104555,0,232,0
1034478,1,0,0.0030777,0.0579573,0.251574,0.267547,1,0,,0,0,0,0,0,0,0,0,103808,104555,0,232,0
1034578,1,0,0.00215439,0.0467967,0.231096,0.270351,1,0,,0,0,0,0,0,0,0,0,103808,104555,0,232,0
1034678,1,0,0.00150807,0.037739,0.21176,0.265763,1,0,,0,0,0,0,0,0,0,0,103808,104555,0,232,0
1034778,1,0,0.00105565,0.0304023,0.193625,0.308914,1,0,,0,0,0,0,0,0,0,0,103808,104555,0,232,0
1034878,1,0,0.000738956,0.0244696,0.176709,0.281915,1,0,,0,0,0,0,0,0,0,0,103808,104555,0,232,0
1034978,1,0,0.000517269,0.0196792,0.161006,0.270414,1,0,,0,0,0,0,0,0,0,0,103808,104555,0,232,0
1035078,1,0,0.000362089,0.0158157,0.146487,0.313776,1,0,,0,0,0,0,0,0,0,0,103808,104555,0,232,0
1035178,1,0,0.000253462,0.0127033,0.133109,0.242031,1,0,,0,0,0,0,0,0,0,0,103808,104555,0,232,0
1035278,1,0,0.000177423,0.0101981,0.120818,0.271133,1,0,,0,0,0,0,0,0,0,0,103808,104555,0,232,0
1035378,1,0,0.000124196,0.00818333,0.109554,0.278881,1,0,,0,0,0,0,0,0,0,0,103808,104555,0,232,0
1035478,1,0,8.69375e-005,0.00656405,0.0992552,0.289369,1,0,,0,0,0,0,0,0,0,0,103808,104555,0,232,0
1035578,1,0,6.08562e-005,0.00526341,0.089856,0.267619,1,0,,0,0,0,0,0,0,0,0,103808,104555,0,232,0
1035678,1,0,4.25994e-005,0.00421925,0.0812923,0.290256,1,0,,0,0,0,0,0,0,0,0,103808,104555,0,232,0
1035778,1,0,2.98196e-005,0.00338136,0.0735012,0.281527,1,0,,0,0,0,0,0,0,0,0,103808,104555,0,232,0
1035878,1,0,2.08737e-005,0.00270927,0.066422,0.282641,1,0,,0,0,0,0,0,0,0,0,103808,104555,0,232,0
1035978,1,0,1.46116e-005,0.00217034,0.0599969,0.276392,1,0,,0,0,0,0,0,0,0,0,103808,104555,0,232,0
1036078,1,0,1.02281e-005,0.00173831,0.054171,0.316895,1,0,,0,0,0,0,0,0,0,0,103808,104555,0,232,0
1036178,1,0,7.15968e-006,0.00139208,0.0488931,0.292695,1,0,,0,0,0,0,0,0,0,0,103808,104555,0,232,0
1036278,1,0,5.01177e-006,0.00111467,0.0441153,0.295406,1,0,,0,0,0,0,0,0,0,0,103808,104555,0,232,0
1036378,1,0,3.50824e-006,0.000892437,0.039793,0.259084,1,0,,0,0,0,0,0,0,0,0,103808,104555,0,232,0
1036478,1,10,3,0.600714,0.0958851,0.290102,1,0,,0,0,0,0,0,0,0,0,103808,104555,0,232,0
1036578,1,0,2.1,0.900572,0.176354,0.275702,1,0,,0,0,0,0,0,0,0,0,103808,104555,0,232,0
1036678,1,0,1.47,1.01446,0.260164,0.27404,1,0,,0,0,0,0,0,0,0,0,103808,104555,0,232,0
1036778,1,0,1.029,1.01737,0.335884,0.259526,1,0,,0,0,0,0,0,0,0,0,103808,104555,0,232,0
1036878,1,0,0.7203,0.957953,0.398091,0.259974,1,0,,0,0,0,0,0,0,0,0,103808,104555,0,232,0
1036978,1,0,0.50421,0.867205,0.445003,0.254688,1,0,,0,0,0,0,0,0,0,0,103808,104555,0,232,0
1037078,1,0,0.352947,0.764353,0.476938,0.286102,1,0,,0,0,0,0,0,0,0,0,103808,104555,0,232,0
1037178,1,0,0.247063,0.660895,0.495333,0.300152,1,0,,0,0,0,0,0,0,0,0,103808,104555,0,232,0
1037278,1,0,0.172944,0.563305,0.502131,0.305892,1,0,,0,0,0,0,0,0,0,0,103808,104555,0,232,0
1037378,1,0,0.121061,0.474856,0.499403,0.263041,1,0,,0,0,0,0,0,0,0,0,103808,104555,0,232,0
1037478,1,0,0.0847426,0.396833,0.489146,0.294566,1,0,,0,0,0,0,0,0,0,0,103808,104555,0,232,0
1037578,1,0,0.0593198,0.329331,0.473165,0.261353,1,0,,0,0,0,0,0,0,0,0,103808,104555,0,232,0
1037678,1,0,0.0415239,0.271769,0.453025,0.305215,1,0,,0,0,0,0,0,0,0,0,103808,104555,0,232,0
1037778,1,0,0.0290667,0.223229,0.430045,0.282516,1,0,,0,0,0,0,0,0,0,0,103808,104555,0,232,0
1037878,1,0,0.0203467,0.182652,0.405306,0.267778,1,0,,0,0,0,0,0,0,0,0,103808,104555,0,232,0
1037978,1,0,0.0142427,0.14897,0.379673,0.256355,1,0,,0,0,0,0,0,0,0,0,103808,104555,0,232,0
1038078,1,0,0.00996988,0.12117,0.353822,0.274929,1,0,,0,0,0,0,0,0,0,0,103808,104555,0,232,0
1038178,1,0,0.00697892,0.0983321,0.328273,0.294457,1,0,,0,0,0,0,0,0,0,0,103808,104555,0,232,0
1038278,1,0,0.00488524,0.0796427,0.30341,0.308232,1,0,,0,0,0,0,0,0,0,0,103808,104555,0,232,0
1038378,1,0,0.00341967,0.0643981,0.279509,0.303844,1,0,,0,0,0,0,0,0,0,0,103808,104555,0,232,0
1038478,1,0,0.00239377,0.0519972,0.256758,0.249057,1,0,,0,0,0,0,0,0,0,0,103808,104555,0,232,0
1038578,1,0,0.00167564,0.0419329,0.235275,0.301582,1,0,,0,0,0,0,0,0,0,0,103808,104555,0,232,0
1038678,1,0,0.00117295,0.0337809,0.215126,0.270168,1,0,,0,0,0,0,0,0,0,0,103808,104555,0,232,0
1038778,1,0,0.000821063,0.027189,0.196332,0.303294,1,0,,0,0,0,0,0,0,0,0,103808,104555,0,232,0
1038878,1,0,0.000574744,0.0218661,0.178886,0.252719,1,0,,0,0,0,0,0,0,0,0,103808,104555,0,232,0
1038978,1,0,0.000402321,0.0175734,0.162754,0.279471,1,0,,0,0,0,0,0,0,0,0,103808,104555,0,232,0
1039078,1,0,0.000281625,0.014115,0.14789,0.318921,1,0,,0,0,0,0,0,0,0,0,103808,104555,0,232,0
1039178,1,0,0.000197137,0.0113314,0.134235,0.292298,1,0,,0,0,0,0,0,0,0,0,103808,104555,0,232,0
1039278,1,0,0.000137996,0.00909275,0.12172,0.278998,1,0,,0,0,0,0,0,0,0,0,103808,104555,0,232,0
1039378,1,0,9.65972e-005,0.00729352,0.110278,0.281072,1,0,,0,0,0,0,0,0,0,0,103808,104555,0,232,0
1039478,1,0,6.7618e-005,0.00584834,0.0998347,0.267223,1,0,,0,0,0,0,0,0,0,0,103808,104555,0,232,0
1039578,1,0,4.73326e-005,0.00468814,0.0903201,0.258685,1,0,,0,0,0,0,0,0,0,0,103808,104555,0,232,0
1039678,1,0,3.31328e-005,0.00375714,0.0816638,0.314122,1,0,,0,0,0,0,0,0,0,0,103808,104555,0,232,0
1039778,1,0,2.3193e-005,0.00301035,0.0737984,0.283923,1,0,,0,0,0,0,0,0,0,0,103808,104555,0,232,0
1039878,1,0,1.62351e-005,0.00241152,0.0666597,0.275886,1,0,,0,0,0,0,0,0,0,0,103808,104555,0,232,0
1039978,1,0,1.13646e-005,0.00193149,0.0601869,0.297713,1,0,,0,0,0,0,0,0,0,0,103808,104555,0,232,0
1040078,1,0,7.95519e-006,0.00154679,0.0543229,0.267626,1,0,,0,0,0,0,0,0,0,0,103808,104555,0,232,0
1040178,1,0,5.56864e-006,0.00123854,0.0490144,0.288976,1,0,,0,0,0,0,0,0,0,0,103808,104555,0,232,0
1040278,1,0,3.89805e-006,0.000991613,0.0442122,0.28764,1,0,,0,0,0,0,0,0,0,0,103808,104555,0,232,0
1040378,1,0,2.72863e-006,0.000793836,0.0398703,0.265354,1,0,,0,0,0,0,0,0,0,0,103808,104555,0,232,0
1040478,1,10,3,0.600635,0.0959468,0.327018,1,0,,0,0,0,0,0,0,0,0,103808,104555,0,232,0
1040578,1,0,2.1,0.900509,0.176403,0.31761,1,0,,0,0,0,0,0,0,0,0,103808,104555,0,232,0
1040678,1,0,1.47,1.01441,0.260203,0.273897,1,0,,0,0,0,0,0,0,0,0,103808,104555,0,232,0
1040778,1,0,1.029,1.01733,0.335916,0.283785,1,0,,0,0,0,0,0,0,0,0,103808,104555,0,232,0
1040878,1,0,0.7203,0.957921,0.398116,0.271811,1,0,,0,0,0,0,0,0,0,0,103808,104555,0,232,0
1040978,1,0,0.50421,0.867179,0.445022,0.295434,1,0,,0,0,0,0,0,0,0,0,103808,104555,0,232,0
1041078,1,0,0.352947,0.764332,0.476953,0.262283,1,0,,0,0,0,0,0,0,0,0,103808,104555,0,232,0
1041178,1,0,0.247063,0.660878,0.495346,0.276108,1,0,,0,0,0,0,0,0,0,0,103808,104555,0,232,0
1041278,1,0,0.172944,0.563292,0.50214,0.27282,1,0,,0,0,0,0,0,0,0,0,103808,104555,0,232,0
1041378,1,0,0.121061,0.474845,0.499411,0.313734,1,0,,0,0,0,0,0,0,0,0,103808,104555,0,232,0
1041478,1,0,0.0847426,0.396825,0.489152,0.264884,1,0,,0,0,0,0,0,0,0,0,103808,104555,0,232,0
1041578,1,0,0.0593198,0.329324,0.47317,0.306335,1,0,,0,0,0,0,0,0,0,0,103808,104555,0,232,0
1041678,1,0,0.0415239,0.271764,0.453029,0.272724,1,0,,0,0,0,0,0,0,0,0,103808,104555,0,232,0
1041778,1,0,0.0290667,0.223224,0.430048,0.284397,1,0,,0,0,0,0,0,0,0,0,103808,104555,0,232,0
1041878,1,0,0.0203467,0.182649,0.405308,0.256409,1,0,,0,0,0,0,0,0,0,0,103808,104555,0,232,0
1041978,1,0,0.0142427,0.148968,0.379674,0.276231,1,0,,0,0,0,0,0,0,0,0,103808,104555,0,232,0
1042078,1,0,0.00996988,0.121168,0.353824,0.263243,1,0,,0,0,0,0,0,0,0,0,103808,104555,0,232,0
1042178,1,0,0.00697892,0.0983303,0.328274,0.274367,1,0,,0,0,0,0,0,0,0,0,103808,104555,0,232,0
1042278,1,0,0.00488524,0.0796413,0.303411,0.324141,1,0,,0,0,0,0,0,0,0,0,103808,104555,0,232,0
1042378,1,0,0.00341967,0.0643969,0.27951,0.249768,1,0,,0,0,0,0,0,0,0,0,103808,104555,0,232,0
1042478,1,0,0.00239377,0.0519963,0.256758,0.292779,1,0,,0,0,0,0,0,0,0,0,103808,104555,0,232,0
1042578,1,0,0.00167564,0.0419322,0.235276,0.290228,1,0,,0,0,0,0,0,0,0,0,103808,104555,0,232,0
1042678,1,0,0.00117295,0.0337803,0.215126,0.246005,1,0,,0,0,0,0,0,0,0,0,103808,104555,0,232,0
1042778,1,0,0.000821063,0.0271885,0.196332,0.255729,1,0,,0,0,0,0,0,0,0,0,103808,104555,0,232,0
1042878,1,0,0.000574744,0.0218657,0.178886,0.262703,1,0,,0,0,0,0,0,0,0,0,103808,104555,0,232,0
1042978,1,0,0.000402321,0.0175731,0.162754,0.265691,1,0,,0,0,0,0,0,0,0,0,103808,104555,0,232,0
1043078,1,0,0.000281625,0.0141148,0.14789,0.262379,1,0,,0,0,0,0,0,0,0,0,103808,104555,0,232,0
1043178,1,0,0.000197137,0.0113312,0.134235,0.251991,1,0,,0,0,0,0,0,0,0,0,103808,104555,0,232,0
1043278,1,0,0.000137996,0.00909259,0.12172,0.292516,1,0,,0,0,0,0,0,0,0,0,103808,104555,0,232,0
1043378,1,0,9.65972e-005,0.00729339,0.110278,0.286154,1,0,,0,0,0,0,0,0,0,0,103808,104555,0,232,0
1043478,1,0,6.7618e-005,0.00584824,0.0998347,0.305679,1,0,,0,0,0,0,0,0,0,0,103808,104555,0,232,0
1043578,1,0,4.73326e-005,0.00468806,0.0903201,0.265166,1,0,,0,0,0,0,0,0,0,0,103808,104555,0,232,0
1043678,1,0,3.31328e-005,0.00375707,0.0816638,0.276103,1,0,,0,0,0,0,0,0,0,0,103808,104555,0,232,0
1043778,1,0,2.3193e-005,0.0030103,0.0737984,0.281943,1,0,,0,0,0,0,0,0,0,0,103808,104555,0,232,0
1043878,1,0,1.62351e-005,0.00241148,0.0666597,0.246506,1,0,,0,0,0,0,0,0,0,0,103808,104555,0,232,0
1043978,1,0,1.13646e-005,0.00193146,0.0601869,0.266556,1,0,,0,0,0,0,0,0,0,0,103808,104555,0,232,0
1044078,1,0,7.95519e-006,0.00154676,0.0543229,0.262629,1,0,,0,0,0,0,0,0,0,0,103808,104555,0,232,0
1044178,1,0,5.56864e-006,0.00123852,0.0490144,0.261412,1,0,,0,0,0,0,0,0,0,0,103808,104555,0,232,0
1044278,1,0,3.89805e-006,0.000991596,0.0442121,0.275697,1,0,,0,0,0,0,0,0,0,0,103808,104555,0,232,0
1044378,1,10,3,0.600794,0.0998703,0.291229,1,0,,0,0,0,0,0,0,0,0,103808,104555,0,232,0
1044478,1,0,2.1,0.900635,0.179947,0.284527,1,0,,0,0,0,0,0,0,0,0,103808,104555,0,232,0
1044578,1,0,1.47,1.01451,0.263403,0.252678,1,0,,0,0,0,0,0,0,0,0,103808,104555,0,232,0
1044678,1,0,1.029,1.01741,0.338803,0.267976,1,0,,0,0,0,0,0,0,0,0,103808,104555,0,232,0
1044778,1,0,0.720301,0.957986,0.400722,0.288001,1,0,,0,0,0,0,0,0,0,0,103808,104555,0,232,0
1044878,1,0,0.50421,0.867231,0.447373,0.297987,1,0,,0,0,0,0,0,0,0,0,103808,104555,0,232,0
1044978,1,0,0.352947,0.764374,0.479073,0.27265,1,0,,0,0,0,0,0,0,0,0,103808,104555,0,232,0
1045078,1,0,0.247063,0.660912,0.497257,0.273837,1,0,,0,0,0,0,0,0,0,0,103808,104555,0,232,0
1045178,1,0,0.172944,0.563318,0.503863,0.264453,1,0,,0,0,0,0,0,0,0,0,103808,104555,0,232,0
1045278,1,0,0.121061,0.474867,0.500963,0.257728,1,0,,0,0,0,0,0,0,0,0,103808,104555,0,232,0
1045378,1,0,0.0847426,0.396842,0.490551,0.284463,1,0,,0,0,0,0,0,0,0,0,103808,104555,0,232,0
1045478,1,0,0.0593199,0.329338,0.47443,0.265915,1,0,,0,0,0,0,0,0,0,0,103808,104555,0,232,0
1045578,1,0,0.0415239,0.271775,0.454164,0.29044,1,0,,0,0,0,0,0,0,0,0,103808,104555,0,232,0
1045678,1,0,0.0290667,0.223233,0.431071,0.271414,1,0,,0,0,0,0,0,0,0,0,103808,104555,0,232,0
1045778,1,0,0.0203467,0.182656,0.40623,0.277364,1,0,,0,0,0,0,0,0,0,0,103808,104555,0,232,0
1045878,1,0,0.0142427,0.148973,0.380504,0.2914,1,0,,0,0,0,0,0,0,0,0,103808,104555,0,232,0
1045978,1,0,0.00996989,0.121173,0.354571,0.273852,1,0,,0,0,0,0,0,0,0,0,103808,104555,0,232,0
1046078,1,0,0.00697892,0.0983339,0.328947,0.285516,1,0,,0,0,0,0,0,0,0,0,103808,104555,0,232,0
1046178,1,0,0.00488524,0.0796441,0.304017,0.279029,1,0,,0,0,0,0,0,0,0,0,103808,104555,0,232,0
1046278,1,0,0.00341967,0.0643992,0.280055,0.287802,1,0,,0,0,0,0,0,0,0,0,103808,104555,0,232,0
1046378,1,0,0.00239377,0.0519982,0.257249,0.280252,1,0,,0,0,0,0,0,0,0,0,103808,104555,0,232,0
1046478,1,0,0.00167564,0.0419337,0.235718,0.301191,1,0,,0,0,0,0,0,0,0,0,103808,104555,0,232,0
1046578,1,0,0.00117295,0.0337815,0.215524,0.308016,1,0,,0,0,0,0,0,0,0,0,103808,104555,0,232,0
1046678,1,0,0.000821063,0.0271894,0.196691,0.281066,1,0,,0,0,0,0,0,0,0,0,103808,104555,0,232,0
1046778,1,0,0.000574744,0.0218665,0.179208,0.280642,1,0,,0,0,0,0,0,0,0,0,103808,104555,0,232,0
1046878,1,0,0.000402321,0.0175737,0.163045,0.284528,1,0,,0,0,0,0,0,0,0,0,103808,104555,0,232,0
1046978,1,0,0.000281625,0.0141152,0.148152,0.298815,1,0,,0,0,0,0,0,0,0,0,103808,104555,0,232,0
1047078,1,0,0.000197137,0.0113316,0.13447,0.273726,1,0,,0,0,0,0,0,0,0,0,103808,104555,0,232,0
1047178,1,0,0.000137996,0.0090929,0.121932,0.272312,1,0,,0,0,0,0,0,0,0,0,103808,104555,0,232,0
1047278,1,0,9.65972e-005,0.00729364,0.110468,0.283627,1,0,,0,0,0,0,0,0,0,0,103808,104555,0,232,0
1047378,1,0,6.76181e-005,0.00584843,0.100006,0.285702,1,0,,0,0,0,0,0,0,0,0,103808,104555,0,232,0
1047478,1,0,4.73326e-005,0.00468821,0.0904745,0.28824,1,0,,0,0,0,0,0,0,0,0,103808,104555,0,232,0
1047578,1,0,3.31328e-005,0.0037572,0.0818027,0.28794,1,0,,0,0,0,0,0,0,0,0,103808,104555,0,232,0
1047678,1,0,2.3193e-005,0.0030104,0.0739235,0.285291,1,0,,0,0,0,0,0,0,0,0,103808,104555,0,232,0
1047778,1,0,1.62351e-005,0.00241157,0.0667723,0.294984,1,0,,0,0,0,0,0,0,0,0,103808,104555,0,232,0
1047878,1,0,1.13646e-005,0.00193152,0.0602882,0.285522,1,0,,0,0,0,0,0,0,0,0,103808,104555,0,232,0
1047978,1,0,7.9552e-006,0.00154681,0.0544141,0.254972,1,0,,0,0,0,0,0,0,0,0,103808,104555,0,232,0
1048078,1,0,5.56864e-006,0.00123856,0.0490965,0.279086,1,0,,0,0,0,0,0,0,0,0,103808,104555,0,232,0
1048178,1,0,3.89805e-006,0.00099163,0.044286,0.269861,1,0,,0,0,0,0,0,0,0,0,103808,104555,0,232,0
1048278,1,0,2.72863e-006,0.00079385,0.0399368,0.291898,1,0,,0,0,0,0,0,0,0,0,103808,104555,0,232,0
1048378,1,11,3.3,0.660636,0.102007,0.307957,1,0,,0,0,0,0,0,0,0,0,103808,104555,0,232,0
1048478,1,0,2.31,0.990509,0.190857,0.27677,1,0,,0,0,0,0,0,0,0,0,103808,104555,0,232,0
1048578,1,0,1.617,1.11581,0.283352,0.264384,1,0,,0,0,0,0,0,0,0,0,103808,104555,0,232,0
1048678,1,0,1.1319,1.11903,0.366919,0.273471,1,0,,0,0,0,0,0,0,0,0,103808,104555,0,232,0
1048778,1,0,0.79233,1.05369,0.435596,0.264771,1,0,,0,0,0,0,0,0,0,0,103808,104555,0,232,0
1048878,1,0,0.554631,0.953876,0.487424,0.28616,1,0,,0,0,0,0,0,0,0,0,103808,104555,0,232,0
1048978,1,0,0.388242,0.840749,0.522757,0.327681,1,0,,0,0,0,0,0,0,0,0,103808,104555,0,232,0
1049078,1,0,0.271769,0.726953,0.543176,0.302908,1,0,,0,0,0,0,0,0,0,0,103808,104555,0,232,0
1049178,1,0,0.190239,0.61961,0.55082,0.292257,1,0,,0,0,0,0,0,0,0,0,103808,104555,0,232,0
1049278,1,0,0.133167,0.522322,0.54797,0.33592,1,0,,0,0,0,0,0,0,0,0,103808,104555,0,232,0
1049378,1,0,0.0932169,0.436501,0.536823,0.274608,1,0,,0,0,0,0,0,0,0,0,103808,104555,0,232,0
1049478,1,0,0.0652518,0.362251,0.519366,0.28637,1,0,,0,0,0,0,0,0,0,0,103808,104555,0,232,0
1049578,1,0,0.0456763,0.298936,0.497323,0.291148,1,0,,0,0,0,0,0,0,0,0,103808,104555,0,232,0
1049678,1,0,0.0319734,0.245543,0.472145,0.267061,1,0,,0,0,0,0,0,0,0,0,103808,104555,0,232,0
1049778,1,0,0.0223814,0.200911,0.445021,0.275811,1,0,,0,0,0,0,0,0,0,0,103808,104555,0,232,0
1049878,1,0,0.015667,0.163862,0.416905,0.274935,1,0,,0,0,0,0,0,0,0,0,103808,104555,0,232,0
1049978,1,0,0.0109669,0.133283,0.388543,0.287371,1,0,,0,0,0,0,0,0,0,0,103808,104555,0,232,0
1050078,1,0,0.00767681,0.108162,0.360505,0.288383,1,0,,0,0,0,0,0,0,0,0,103808,104555,0,232,0
1050178,1,0,0.00537377,0.0876043,0.333215,0.283833,1,0,,0,0,0,0,0,0,0,0,103808,104555,0,232,0
1050278,1,0,0.00376164,0.0708357,0.306977,0.261444,1,0,,0,0,0,0,0,0,0,0,103808,104555,0,232,0
1050378,1,0,0.00263315,0.0571952,0.281999,0.280281,1,0,,0,0,0,0,0,0,0,0,103808,104555,0,232,0
1050478,1,0,0.0018432,0.0461248,0.258411,0.271844,1,0,,0,0,0,0,0,0,0,0,103808,104555,0,232,0
1050578,1,0,0.00129024,0.0371579,0.236286,0.336481,1,0,,0,0,0,0,0,0,0,0,103808,104555,0,232,0
1050678,1,0,0.000903169,0.029907,0.215648,0.281806,1,0,,0,0,0,0,0,0,0,0,103808,104555,0,232,0
1050778,1,0,0.000632218,0.024052,0.196489,0.292727,1,0,,0,0,0,0,0,0,0,0,103808,104555,0,232,0
1050878,1,0,0.000442553,0.0193301,0.178773,0.287688,1,0,,0,0,0,0,0,0,0,0,103808,104555,0,232,0
1050978,1,0,0.000309787,0.0155261,0.162448,0.262439,1,0,,0,0,0,0,0,0,0,0,103808,104555,0,232,0
1051078,1,0,0.000216851,0.0124642,0.14745,0.266351,1,0,,0,0,0,0,0,0,0,0,103808,104555,0,232,0
1051178,1,0,0.000151796,0.0100017,0.133705,0.274687,1,0,,0,0,0,0,0,0,0,0,103808,104555,0,232,0
1051278,1,0,0.000106257,0.00802264,0.121137,0.280399,1,0,,0,0,0,0,0,0,0,0,103808,104555,0,232,0
1051378,1,0,7.43798e-005,0.00643298,0.109666,0.300572,1,0,,0,0,0,0,0,0,0,0,103808,104555,0,232,0
1051478,1,0,5.20659e-005,0.0051568,0.0992153,0.283934,1,0,,0,0,0,0,0,0,0,0,103808,104555,0,232,0
1051578,1,0,3.64461e-005,0.00413273,0.089707,0.273385,1,0,,0,0,0,0,0,0,0,0,103808,104555,0,232,0
1051678,1,0,2.55123e-005,0.00331129,0.0810675,0.32322,1,0,,0,0,0,0,0,0,0,0,103808,104555,0,232,0
1051778,1,0,1.78586e-005,0.0026526,0.073226,0.283181,1,0,,0,0,0,0,0,0,0,0,103808,104555,0,232,0
1051878,1,0,1.2501e-005,0.00212458,0.0661158,0.264293,1,0,,0,0,0,0,0,0,0,0,103808,104555,0,232,0
1051978,1,0,8.75071e-006,0.00170141,0.0596744,0.284068,1,0,,0,0,0,0,0,0,0,0,103808,104555,0,232,0
1052078,1,0,6.1255e-006,0.00136236,0.0538432,0.294781,1,0,,0,0,0,0,0,0,0,0,103808,104555,0,232,0
1052178,1,0,4.28785e-006,0.00109074,0.0485679,0.30852,1,0,,0,0,0,0,0,0,0,0,103808,104555,0,232,0
1052278,1,9,2.7,0.540873,0.0977985,0.286181,1,0,,0,0,0,0,0,0,0,0,103808,104555,0,232,0
1052378,1,0,1.89,0.810699,0.169089,0.295781,1,0,,0,0,0,0,0,0,0,0,103808,104555,0,232,0
1052478,1,0,1.323,0.913159,0.243496,0.279805,1,0,,0,0,0,0,0,0,0,0,103808,104555,0,232,0
1052578,1,0,0.926101,0.915748,0.310721,0.282627,1,0,,0,0,0,0,0,0,0,0,103808,104555,0,232,0
1052678,1,0,0.648271,0.862252,0.365874,0.272913,1,0,,0,0,0,0,0,0,0,0,103808,104555,0,232,0
1052778,1,0,0.45379,0.78056,0.407343,0.277952,1,0,,0,0,0,0,0,0,0,0,103808,104555,0,232,0
1052878,1,0,0.317653,0.687978,0.435406,0.267278,1,0,,0,0,0,0,0,0,0,0,103808,104555,0,232,0
1052978,1,0,0.222357,0.594854,0.451351,0.270779,1,0,,0,0,0,0,0,0,0,0,103808,104555,0,232,0
1053078,1,0,0.15565,0.507013,0.456917,0.274928,1,0,,0,0,0,0,0,0,0,0,103808,104555,0,232,0
1053178,1,0,0.108955,0.427402,0.453966,0.277933,1,0,,0,0,0,0,0,0,0,0,103808,104555,0,232,0
1053278,1,0,0.0762684,0.357175,0.444286,0.288709,1,0,,0,0,0,0,0,0,0,0,103808,104555,0,232,0
1053378,1,0,0.0533879,0.296418,0.4295,0.289258,1,0,,0,0,0,0,0,0,0,0,103808,104555,0,232,0
1053478,1,0,0.0373715,0.244608,0.41101,0.27192,1,0,,0,0,0,0,0,0,0,0,103808,104555,0,232,0
1053578,1,0,0.0261601,0.200919,0.390001,0.268032,1,0,,0,0,0,0,0,0,0,0,103808,104555,0,232,0
1053678,1,0,0.018312,0.164397,0.367441,0.278068,1,0,,0,0,0,0,0,0,0,0,103808,104555,0,232,0
1053778,1,0,0.0128184,0.134082,0.344105,0.274155,1,0,,0,0,0,0,0,0,0,0,103808,104555,0,232,0
1053878,1,0,0.0089729,0.10906,0.3206,0.296631,1,0,,0,0,0,0,0,0,0,0,103808,104555,0,232,0
1053978,1,0,0.00628103,0.0885041,0.297391,0.279643,1,0,,0,0,0,0,0,0,0,0,103808,104555,0,232,0
1054078,1,0,0.00439672,0.0716826,0.27482,0.293379,1,0,,0,0,0,0,0,0,0,0,103808,104555,0,232,0
1054178,1,0,0.0030777,0.0579616,0.253134,0.301505,1,0,,0,0,0,0,0,0,0,0,103808,104555,0,232,0
1054278,1,0,0.00215439,0.0468002,0.232501,0.274342,1,0,,0,0,0,0,0,0,0,0,103808,104555,0,232,0
1054378,1,0,0.00150808,0.0377418,0.213025,0.28633,1,0,,0,0,0,0,0,0,0,0,103808,104555,0,232,0
1054478,1,0,0.00105565,0.0304045,0.194763,0.266667,1,0,,0,0,0,0,0,0,0,0,103808,104555,0,232,0
1054578,1,0,0.000738957,0.0244714,0.177734,0.298167,1,0,,0,0,0,0,0,0,0,0,103808,104555,0,232,0
1054678,1,0,0.00051727,0.0196806,0.161928,0.26608,1,0,,0,0,0,0,0,0,0,0,103808,104555,0,232,0
1054778,1,0,0.000362089,0.0158169,0.147317,0.26353,1,0,,0,0,0,0,0,0,0,0,103808,104555,0,232,0
1054878,1,0,0.000253462,0.0127042,0.133856,0.271956,1,0,,0,0,0,0,0,0,0,0,103808,104555,0,232,0
1054978,1,0,0.000177423,0.0101989,0.12149,0.295632,1,0,,0,0,0,0,0,0,0,0,103808,104555,0,232,0
1055078,1,0,0.000124196,0.00818392,0.11016,0.271146,1,0,,0,0,0,0,0,0,0,0,103808,104555,0,232,0
1055178,1,0,8.69375e-005,0.00656452,0.0998,0.288446,1,0,,0,0,0,0,0,0,0,0,103808,104555,0,232,0
1055278,1,0,6.08563e-005,0.00526379,0.0903464,0.260246,1,0,,0,0,0,0,0,0,0,0,103808,104555,0,232,0
1055378,1,0,4.25994e-005,0.00421955,0.0817337,0.288757,1,0,,0,0,0,0,0,0,0,0,103808,104555,0,232,0
1055478,1,0,2.98196e-005,0.00338161,0.0738985,0.287343,1,0,,0,0,0,0,0,0,0,0,103808,104555,0,232,0
1055578,1,0,2.08737e-005,0.00270946,0.0667796,0.280205,1,0,,0,0,0,0,0,0,0,0,103808,104555,0,232,0
1055678,1,0,1.46116e-005,0.00217049,0.0603187,0.272868,1,0,,0,0,0,0,0,0,0,0,103808,104555,0,232,0
1055778,1,0,1.02281e-005,0.00173844,0.0544607,0.280395,1,0,,0,0,0,0,0,0,0,0,103808,104555,0,232,0
1055878,1,0,7.15968e-006,0.00139218,0.0491538,0.284418,1,0,,0,0,0,0,0,0,0,0,103808,104555,0,232,0
1055978,1,0,5.01177e-006,0.00111475,0.0443499,0.273255,1,0,,0,0,0,0,0,0,0,0,103808,104555,0,232,0
1056078,1,0,3.50824e-006,0.0008925,0.0400042,0.255242,1,0,,0,0,0,0,0,0,0,0,103808,104555,0,232,0
1056178,1,0,2.45577e-006,0.000714491,0.0360752,0.313002,1,0,,0,0,0,0,0,0,0,0,103808,104555,0,232,0
1056278,1,10,3,0.600572,0.0925249,0.299041,1,0,,0,0,0,0,0,0,0,0,103808,104555,0,232,0
1056378,1,0,2.1,0.900458,0.173318,0.276141,1,0,,0,0,0,0,0,0,0,0,103808,104555,0,232,0
1056478,1,0,1.47,1.01437,0.257423,0.275127,1,0,,0,0,0,0,0,0,0,0,103808,104555,0,232,0
1056578,1,0,1.029,1.01729,0.33341,0.269476,1,0,,0,0,0,0,0,0,0,0,103808,104555,0,232,0
1056678,1,0,0.7203,0.957895,0.395858,0.285813,1,0,,0,0,0,0,0,0,0,0,103808,104555,0,232,0
1056778,1,0,0.50421,0.867158,0.442988,0.283669,1,0,,0,0,0,0,0,0,0,0,103808,104555,0,232,0
1056878,1,0,0.352947,0.764316,0.475121,0.322232,1,0,,0,0,0,0,0,0,0,0,103808,104555,0,232,0
1056978,1,0,0.247063,0.660865,0.493695,0.307631,1,0,,0,0,0,0,0,0,0,0,103808,104555,0,232,0
1057078,1,0,0.172944,0.563281,0.500654,0.270819,1,0,,0,0,0,0,0,0,0,0,103808,104555,0,232,0
1057178,1,0,0.121061,0.474837,0.498072,0.28147,1,0,,0,0,0,0,0,0,0,0,103808,104555,0,232,0
1057278,1,0,0.0847426,0.396818,0.487947,0.279483,1,0,,0,0,0,0,0,0,0,0,103808,104555,0,232,0
1057378,1,0,0.0593198,0.329318,0.472084,0.278808,1,0,,0,0,0,0,0,0,0,0,103808,104555,0,232,0
1057478,1,0,0.0415239,0.27176,0.452052,0.279233,1,0,,0,0,0,0,0,0,0,0,103808,104555,0,232,0
1057578,1,0,0.0290667,0.223221,0.429168,0.299946,1,0,,0,0,0,0,0,0,0,0,103808,104555,0,232,0
1057678,1,0,0.0203467,0.182646,0.404516,0.270508,1,0,,0,0,0,0,0,0,0,0,103808,104555,0,232,0
1057778,1,0,0.0142427,0.148965,0.378961,0.263494,1,0,,0,0,0,0,0,0,0,0,103808,104555,0,232,0
1057878,1,0,0.00996988,0.121166,0.353182,0.258981,1,0,,0,0,0,0,0,0,0,0,103808,104555,0,232,0
1057978,1,0,0.00697892,0.0983288,0.327696,0.285245,1,0,,0,0,0,0,0,0,0,0,103808,104555,0,232,0
1058078,1,0,0.00488524,0.0796401,0.302891,0.274018,1,0,,0,0,0,0,0,0,0,0,103808,104555,0,232,0
1058178,1,0,0.00341967,0.064396,0.279041,0.293984,1,0,,0,0,0,0,0,0,0,0,103808,104555,0,232,0
1058278,1,0,0.00239377,0.0519956,0.256337,0.303209,1,0,,0,0,0,0,0,0,0,0,103808,104555,0,232,0
1058378,1,0,0.00167564,0.0419316,0.234896,0.281134,1,0,,0,0,0,0,0,0,0,0,103808,104555,0,232,0
1058478,1,0,0.00117295,0.0337799,0.214785,0.282161,1,0,,0,0,0,0,0,0,0,0,103808,104555,0,232,0
1058578,1,0,0.000821063,0.0271881,0.196025,0.276178,1,0,,0,0,0,0,0,0,0,0,103808,104555,0,232,0
1058678,1,0,0.000574744,0.0218654,0.178609,0.263803,1,0,,0,0,0,0,0,0,0,0,103808,104555,0,232,0
1058778,1,0,0.000402321,0.0175728,0.162505,0.248504,1,0,,0,0,0,0,0,0,0,0,103808,104555,0,232,0
1058878,1,0,0.000281624,0.0141146,0.147666,0.295577,1,0,,0,0,0,0,0,0,0,0,103808,104555,0,232,0
1058978,1,0,0.000197137,0.0113311,0.134033,0.287279,1,0,,0,0,0,0,0,0,0,0,103808,104555,0,232,0
1059078,1,0,0.000137996,0.00909247,0.121539,0.269667,1,0,,0,0,0,0,0,0,0,0,103808,104555,0,232,0
1059178,1,0,9.65972e-005,0.00729329,0.110114,0.255804,1,0,,0,0,0,0,0,0,0,0,103808,104555,0,232,0
1059278,1,0,6.7618e-005,0.00584816,0.0996875,0.277779,1,0,,0,0,0,0,0,0,0,0,103808,104555,0,232,0
1059378,1,0,4.73326e-005,0.00468799,0.0901876,0.267028,1,0,,0,0,0,0,0,0,0,0,103808,104555,0,232,0
1059478,1,0,3.31328e-005,0.00375702,0.0815445,0.278242,1,0,,0,0,0,0,0,0,0,0,103808,104555,0,232,0
1059578,1,0,2.3193e-005,0.00301026,0.0736911,0.285528,1,0,,0,0,0,0,0,0,0,0,103808,104555,0,232,0
1059678,1,0,1.62351e-005,0.00241145,0.0665631,0.292905,1,0,,0,0,0,0,0,0,0,0,103808,104555,0,232,0
1059778,1,0,1.13646e-005,0.00193143,0.0601,0.27336,1,0,,0,0,0,0,0,0,0,0,103808,104555,0,232,0
1059878,1,0,7.95519e-006,0.00154674,0.0542446,0.333471,1,0,,0,0,0,0,0,0,0,0,103808,104555,0,232,0
1059978,1,0,5.56864e-006,0.0012385,0.048944,0.295894,1,0,,0,0,0,0,0,0,0,0,103808,104555,0,232,0
1060078,1,0,3.89804e-006,0.000991584,0.0441488,0.264967,1,0,,0,0,0,0,0,0,0,0,103808,104555,0,232,0
1060178,1,9,2.7,0.540794,0.0938133,0.256265,1,0,,0,0,0,0,0,0,0,0,103808,104555,0,232,0
1060278,1,0,1.89,0.810635,0.165495,0.271328,1,0,,0,0,0,0,0,0,0,0,103808,104555,0,232,0
1060378,1,0,1.323,0.913109,0.240257,0.276907,1,0,,0,0,0,0,0,0,0,0,103808,104555,0,232,0
1060478,1,0,0.926101,0.915707,0.307802,0.273819,1,0,,0,0,0,0,0,0,0,0,103808,104555,0,232,0
1060578,1,0,0.648271,0.86222,0.363244,0.288243,1,0,,0,0,0,0,0,0,0,0,103808,104555,0,232,0
1060678,1,0,0.453789,0.780534,0.404973,0.268655,1,0,,0,0,0,0,0,0,0,0,103808,104555,0,232,0
1060778,1,0,0.317653,0.687958,0.433271,0.296131,1,0,,0,0,0,0,0,0,0,0,103808,104555,0,232,0
1060878,1,0,0.222357,0.594837,0.449428,0.311143,1,0,,0,0,0,0,0,0,0,0,103808,104555,0,232,0
1060978,1,0,0.15565,0.507,0.455185,0.306818,1,0,,0,0,0,0,0,0,0,0,103808,104555,0,232,0
1061078,1,0,0.108955,0.427391,0.452406,0.288068,1,0,,0,0,0,0,0,0,0,0,103808,104555,0,232,0
1061178,1,0,0.0762684,0.357166,0.442882,0.288482,1,0,,0,0,0,0,0,0,0,0,103808,104555,0,232,0
1061278,1,0,0.0533879,0.296411,0.428234,0.270033,1,0,,0,0,0,0,0,0,0,0,103808,104555,0,232,0
1061378,1,0,0.0373715,0.244603,0.409871,0.28252,1,0,,0,0,0,0,0,0,0,0,103808,104555,0,232,0
1061478,1,0,0.0261601,0.200914,0.388976,0.282919,1,0,,0,0,0,0,0,0,0,0,103808,104555,0,232,0
1061578,1,0,0.018312,0.164394,0.366517,0.295898,1,0,,0,0,0,0,0,0,0,0,103808,104555,0,232,0
1061678,1,0,0.0128184,0.134079,0.343274,0.289899,1,0,,0,0,0,0,0,0,0,0,103808,104555,0,232,0
1061778,1,0,0.0089729,0.109058,0.319852,0.259134,1,0,,0,0,0,0,0,0,0,0,103808,104555,0,232,0
1061878,1,0,0.00628103,0.0885023,0.296717,0.315774,1,0,,0,0,0,0,0,0,0,0,103808,104555,0,232,0
1061978,1,0,0.00439672,0.0716812,0.274213,0.315511,1,0,,0,0,0,0,0,0,0,0,103808,104555,0,232,0
1062078,1,0,0.0030777,0.0579605,0.252588,0.259964,1,0,,0,0,0,0,0,0,0,0,103808,104555,0,232,0
1062178,1,0,0.00215439,0.0467993,0.232009,0.280397,1,0,,0,0,0,0,0,0,0,0,103808,104555,0,232,0
1062278,1,0,0.00150807,0.037741,0.212582,0.296358,1,0,,0,0,0,0,0,0,0,0,103808,104555,0,232,0
1062378,1,0,0.00105565,0.0304039,0.194365,0.275408,1,0,,0,0,0,0,0,0,0,0,103808,104555,0,232,0
1062478,1,0,0.000738957,0.0244709,0.177375,0.291835,1,0,,0,0,0,0,0,0,0,0,103808,104555,0,232,0
1062578,1,0,0.00051727,0.0196802,0.161606,0.269248,1,0,,0,0,0,0,0,0,0,0,103808,104555,0,232,0
1062678,1,0,0.000362089,0.0158166,0.147027,0.292885,1,0,,0,0,0,0,0,0,0,0,103808,104555,0,232,0
1062778,1,0,0.000253462,0.012704,0.133594,0.289749,1,0,,0,0,0,0,0,0,0,0,103808,104555,0,232,0
1062878,1,0,0.000177423,0.0101987,0.121255,0.280073,1,0,,0,0,0,0,0,0,0,0,103808,104555,0,232,0
1062978,1,0,0.000124196,0.00818376,0.109948,0.312211,1,0,,0,0,0,0,0,0,0,0,103808,104555,0,232,0
1063078,1,0,8.69375e-005,0.0065644,0.0996094,0.258061,1,0,,0,0,0,0,0,0,0,0,103808,104555,0,232,0
1063178,1,0,6.08562e-005,0.00526369,0.0901749,0.315949,1,0,,0,0,0,0,0,0,0,0,103808,104555,0,232,0
1063278,1,0,4.25994e-005,0.00421947,0.0815793,0.283648,1,0,,0,0,0,0,0,0,0,0,103808,104555,0,232,0
1063378,1,0,2.98196e-005,0.00338154,0.0737595,0.272463,1,0,,0,0,0,0,0,0,0,0,103808,104555,0,232,0
1063478,1,0,2.08737e-005,0.00270941,0.0666545,0.268152,1,0,,0,0,0,0,0,0,0,0,103808,104555,0,232,0
1063578,1,0,1.46116e-005,0.00217045,0.0602061,0.305638,1,0,,0,0,0,0,0,0,0,0,103808,104555,0,232,0
1063678,1,0,1.02281e-005,0.0017384,0.0543593,0.273626,1,0,,0,0,0,0,0,0,0,0,103808,104555,0,232,0
1063778,1,0,7.15968e-006,0.00139216,0.0490626,0.2694,1,0,,0,0,0,0,0,0,0,0,103808,104555,0,232,0
1063878,1,0,5.01177e-006,0.00111473,0.0442678,0.307075,1,0,,0,0,0,0,0,0,0,0,103808,104555,0,232,0
1063978,1,0,3.50824e-006,0.000892483,0.0399303,0.264467,1,0,,0,0,0,0,0,0,0,0,103808,104555,0,232,0
1064078,1,0,2.45577e-006,0.000714478,0.0360087,0.317029,1,0,,0,0,0,0,0,0,0,0,103808,104555,0,232,0
1064178,1,10,3,0.600572,0.092465,0.264459,1,0,,0,0,0,0,0,0,0,0,103808,104555,0,232,0
1064278,1,0,2.1,0.900458,0.173264,0.298007,1,0,,0,0,0,0,0,0,0,0,103808,104555,0,232,0
1064378,1,0,1.47,1.01437,0.257374,0.278508,1,0,,0,0,0,0,0,0,0,0,103808,104555,0,232,0
1064478,1,0,1.029,1.01729,0.333366,0.268321,1,0,,0,0,0,0,0,0,0,0,103808,104555,0,232,0
1064578,1,0,0.7203,0.957895,0.395819,0.285573,1,0,,0,0,0,0,0,0,0,0,103808,104555,0,232,0
1064678,1,0,0.50421,0.867158,0.442953,0.274485,1,0,,0,0,0,0,0,0,0,0,103808,104555,0,232,0
1064778,1,0,0.352947,0.764316,0.475089,0.304958,1,0,,0,0,0,0,0,0,0,0,103808,104555,0,232,0
1064878,1,0,0.247063,0.660865,0.493667,0.309906,1,0,,0,0,0,0,0,0,0,0,103808,104555,0,232,0
1064978,1,0,0.172944,0.563281,0.500628,0.326921,1,0,,0,0,0,0,0,0,0,0,103808,104555,0,232,0
1065078,1,0,0.121061,0.474837,0.498049,0.303332,1,0,,0,0,0,0,0,0,0,0,103808,104555,0,232,0
1065178,1,0,0.0847426,0.396818,0.487926,0.316491,1,0,,0,0,0,0,0,0,0,0,103808,104555,0,232,0
1065278,1,0,0.0593198,0.329318,0.472065,0.262078,1,0,,0,0,0,0,0,0,0,0,103808,104555,0,232,0
1065378,1,0,0.0415239,0.27176,0.452035,0.298516,1,0,,0,0,0,0,0,0,0,0,103808,104555,0,232,0
1065478,1,0,0.0290667,0.223221,0.429153,0.303089,1,0,,0,0,0,0,0,0,0,0,103808,104555,0,232,0
1065578,1,0,0.0203467,0.182646,0.404503,0.323801,1,0,,0,0,0,0,0,0,0,0,103808,104555,0,232,0
1065678,1,0,0.0142427,0.148965,0.378949,0.284653,1,0,,0,0,0,0,0,0,0,0,103808,104555,0,232,0
1065778,1,0,0.00996988,0.121166,0.353171,0.257765,1,0,,0,0,0,0,0,0,0,0,103808,104555,0,232,0
1065878,1,0,0.00697892,0.0983288,0.327686,0.258514,1,0,,0,0,0,0,0,0,0,0,103808,104555,0,232,0
1065978,1,0,0.00488524,0.0796401,0.302882,0.28915,1,0,,0,0,0,0,0,0,0,0,103808,104555,0,232,0
1066078,1,0,0.00341967,0.064396,0.279033,0.270351,1,0,,0,0,0,0,0,0,0,0,103808,104555,0,232,0
1066178,1,0,0.00239377,0.0519956,0.256329,0.283439,1,0,,0,0,0,0,0,0,0,0,103808,104555,0,232,0
1066278,1,0,0.00167564,0.0419316,0.23489,0.287801,1,0,,0,0,0,0,0,0,0,0,103808,104555,0,232,0
1066378,1,0,0.00117295,0.0337799,0.214779,0.268376,1,0,,0,0,0,0,0,0,0,0,103808,104555,0,232,0
1066478,1,0,0.000821063,0.0271881,0.19602,0.28495,1,0,,0,0,0,0,0,0,0,0,103808,104555,0,232,0
1066578,1,0,0.000574744,0.0218654,0.178604,0.267399,1,0,,0,0,0,0,0,0,0,0,103808,104555,0,232,0
1066678,1,0,0.000402321,0.0175728,0.162501,0.280362,1,0,,0,0,0,0,0,0,0,0,103808,104555,0,232,0
1066778,1,0,0.000281624,0.0141146,0.147662,0.274985,1,0,,0,0,0,0,0,0,0,0,103808,104555,0,232,0
1066878,1,0,0.000197137,0.0113311,0.134029,0.307372,1,0,,0,0,0,0,0,0,0,0,103808,104555,0,232,0
1066978,1,0,0.000137996,0.00909247,0.121536,0.321809,1,0,,0,0,0,0,0,0,0,0,103808,104555,0,232,0
1067078,1,0,9.65972e-005,0.00729329,0.110111,0.281182,1,0,,0,0,0,0,0,0,0,0,103808,104555,0,232,0
1067178,1,0,6.7618e-005,0.00584816,0.099685,0.276919,1,0,,0,0,0,0,0,0,0,0,103808,104555,0,232,0
1067278,1,0,4.73326e-005,0.00468799,0.0901853,0.319228,1,0,,0,0,0,0,0,0,0,0,103808,104555,0,232,0
1067378,1,0,3.31328e-005,0.00375702,0.0815425,0.293279,1,0,,0,0,0,0,0,0,0,0,103808,104555,0,232,0
1067478,1,0,2.3193e-005,0.00301026,0.0736893,0.280679,1,0,,0,0,0,0,0,0,0,0,103808,104555,0,232,0
1067578,1,0,1.62351e-005,0.00241145,0.0665615,0.268377,1,0,,0,0,0,0,0,0,0,0,103808,104555,0,232,0
1067678,1,0,1.13646e-005,0.00193143,0.0600985,0.266477,1,0,,0,0,0,0,0,0,0,0,103808,104555,0,232,0
1067778,1,0,7.95519e-006,0.00154674,0.0542433,0.285339,1,0,,0,0,0,0,0,0,0,0,103808,104555,0,232,0
1067878,1,0,5.56864e-006,0.0012385,0.0489428,0.27954,1,0,,0,0,0,0,0,0,0,0,103808,104555,0,232,0
1067978,1,0,3.89804e-006,0.000991584,0.0441477,0.29704,1,0,,0,0,0,0,0,0,0,0,103808,104555,0,232,0
1068078,1,10,3,0.600794,0.0998123,0.287796,1,0,,0,0,0,0,0,0,0,0,103808,104555,0,232,0
1068178,1,0,2.1,0.900635,0.179895,0.275109,1,0,,0,0,0,0,0,0,0,0,103808,104555,0,232,0
1068278,1,0,1.47,1.01451,0.263356,0.245708,1,0,,0,0,0,0,0,0,0,0,103808,104555,0,232,0
1068378,1,0,1.029,1.01741,0.338761,0.271383,1,0,,0,0,0,0,0,0,0,0,103808,104555,0,232,0
1068478,1,0,0.720301,0.957986,0.400684,0.279308,1,0,,0,0,0,0,0,0,0,0,103808,104555,0,232,0
1068578,1,0,0.50421,0.867231,0.447338,0.263357,1,0,,0,0,0,0,0,0,0,0,103808,104555,0,232,0
1068678,1,0,0.352947,0.764374,0.479042,0.278722,1,0,,0,0,0,0,0,0,0,0,103808,104555,0,232,0
1068778,1,0,0.247063,0.660912,0.497229,0.295586,1,0,,0,0,0,0,0,0,0,0,103808,104555,0,232,0
1068878,1,0,0.172944,0.563318,0.503838,0.275587,1,0,,0,0,0,0,0,0,0,0,103808,104555,0,232,0
1068978,1,0,0.121061,0.474867,0.500941,0.256775,1,0,,0,0,0,0,0,0,0,0,103808,104555,0,232,0
1069078,1,0,0.0847426,0.396842,0.490531,0.251238,1,0,,0,0,0,0,0,0,0,0,103808,104555,0,232,0
1069178,1,0,0.0593199,0.329338,0.474411,0.266214,1,0,,0,0,0,0,0,0,0,0,103808,104555,0,232,0
1069278,1,0,0.0415239,0.271775,0.454148,0.275576,1,0,,0,0,0,0,0,0,0,0,103808,104555,0,232,0
1069378,1,0,0.0290667,0.223233,0.431056,0.29063,1,0,,0,0,0,0,0,0,0,0,103808,104555,0,232,0
1069478,1,0,0.0203467,0.182656,0.406216,0.280517,1,0,,0,0,0,0,0,0,0,0,103808,104555,0,232,0
1069578,1,0,0.0142427,0.148973,0.380492,0.274094,1,0,,0,0,0,0,0,0,0,0,103808,104555,0,232,0
1069678,1,0,0.00996989,0.121173,0.35456,0.28282,1,0,,0,0,0,0,0,0,0,0,103808,104555,0,232,0
1069778,1,0,0.00697892,0.0983339,0.328937,0.291645,1,0,,0,0,0,0,0,0,0,0,103808,104555,0,232,0
1069878,1,0,0.00488524,0.0796441,0.304008,0.267519,1,0,,0,0,0,0,0,0,0,0,103808,104555,0,232,0
1069978,1,0,0.00341967,0.0643992,0.280047,0.279169,1,0,,0,0,0,0,0,0,0,0,103808,104555,0,232,0
1070078,1,0,0.00239377,0.0519982,0.257242,0.292668,1,0,,0,0,0,0,0,0,0,0,103808,104555,0,232,0
1070178,1,0,0.00167564,0.0419337,0.235711,0.281269,1,0,,0,0,0,0,0,0,0,0,103808,104555,0,232,0
1070278,1,0,0.00117295,0.0337815,0.215518,0.278855,1,0,,0,0,0,0,0,0,0,0,103808,104555,0,232,0
1070378,1,0,0.000821063,0.0271894,0.196685,0.284094,1,0,,0,0,0,0,0,0,0,0,103808,104555,0,232,0
1070478,1,0,0.000574744,0.0218665,0.179204,0.279758,1,0,,0,0,0,0,0,0,0,0,103808,104555,0,232,0
1070578,1,0,0.000402321,0.0175737,0.163041,0.275143,1,0,,0,0,0,0,0,0,0,0,103808,104555,0,232,0
1070678,1,0,0.000281625,0.0141152,0.148148,0.244931,1,0,,0,0,0,0,0,0,0,0,103808,104555,0,232,0
1070778,1,0,0.000197137,0.0113316,0.134466,0.254445,1,0,,0,0,0,0,0,0,0,0,103808,104555,0,232,0
1070878,1,0,0.000137996,0.0090929,0.121929,0.299208,1,0,,0,0,0,0,0,0,0,0,103808,104555,0,232,0
1070978,1,0,9.65972e-005,0.00729364,0.110466,0.284871,1,0,,0,0,0,0,0,0,0,0,103808,104555,0,232,0
1071078,1,0,6.76181e-005,0.00584843,0.100004,0.284721,1,0,,0,0,0,0,0,0,0,0,103808,104555,0,232,0
1071178,1,0,4.73326e-005,0.00468821,0.0904722,0.274838,1,0,,0,0,0,0,0,0,0,0,103808,104555,0,232,0
1071278,1,0,3.31328e-005,0.0037572,0.0818007,0.269199,1,0,,0,0,0,0,0,0,0,0,103808,104555,0,232,0
1071378,1,0,2.3193e-005,0.0030104,0.0739217,0.277098,1,0,,0,0,0,0,0,0,0,0,103808,104555,0,232,0
1071478,1,0,1.62351e-005,0.00241157,0.0667707,0.279985,1,0,,0,0,0,0,0,0,0,0,103808,104555,0,232,0
1071578,1,0,1.13646e-005,0.00193152,0.0602868,0.27716,1,0,,0,0,0,0,0,0,0,0,103808,104555,0,232,0
1071678,1,0,7.9552e-006,0.00154681,0.0544128,0.285525,1,0,,0,0,0,0,0,0,0,0,103808,104555,0,232,0
1071778,1,0,5.56864e-006,0.00123856,0.0490953,0.263551,1,0,,0,0,0,0,0,0,0,0,103808,104555,0,232,0
1071878,1,0,3.89805e-006,0.00099163,0.044285,0.288611,1,0,,0,0,0,0,0,0,0,0,103808,104555,0,232,0
1071978,1,0,2.72863e-006,0.00079385,0.0399359,0.248835,1,0,,0,0,0,0,0,0,0,0,103808,104555,0,232,0
1072078,1,10,3,0.600635,0.0960058,0.283058,1,0,,0,0,0,0,0,0,0,0,103808,104555,0,232,0
1072178,1,0,2.1,0.900509,0.176456,0.288334,1,0,,0,0,0,0,0,0,0,0,103808,104555,0,232,0
1072278,1,0,1.47,1.01441,0.260251,0.271322,1,0,,0,0,0,0,0,0,0,0,103808,104555,0,232,0
1072378,1,0,1.029,1.01733,0.335959,0.283587,1,0,,0,0,0,0,0,0,0,0,103808,104555,0,232,0
1072478,1,0,0.7203,0.957921,0.398155,0.279274,1,0,,0,0,0,0,0,0,0,0,103808,104555,0,232,0
1072578,1,0,0.50421,0.867179,0.445057,0.290436,1,0,,0,0,0,0,0,0,0,0,103808,104555,0,232,0
1072678,1,0,0.352947,0.764332,0.476985,0.270396,1,0,,0,0,0,0,0,0,0,0,103808,104555,0,232,0
1072778,1,0,0.247063,0.660878,0.495374,0.272371,1,0,,0,0,0,0,0,0,0,0,103808,104555,0,232,0
1072878,1,0,0.172944,0.563292,0.502166,0.281346,1,0,,0,0,0,0,0,0,0,0,103808,104555,0,232,0
1072978,1,0,0.121061,0.474845,0.499434,0.275199,1,0,,0,0,0,0,0,0,0,0,103808,104555,0,232,0
1073078,1,0,0.0847426,0.396825,0.489173,0.267675,1,0,,0,0,0,0,0,0,0,0,103808,104555,0,232,0
1073178,1,0,0.0593198,0.329324,0.473188,0.278274,1,0,,0,0,0,0,0,0,0,0,103808,104555,0,232,0
1073278,1,0,0.0415239,0.271764,0.453046,0.292513,1,0,,0,0,0,0,0,0,0,0,103808,104555,0,232,0
1073378,1,0,0.0290667,0.223224,0.430063,0.271674,1,0,,0,0,0,0,0,0,0,0,103808,104555,0,232,0
1073478,1,0,0.0203467,0.182649,0.405322,0.263612,1,0,,0,0,0,0,0,0,0,0,103808,104555,0,232,0
1073578,1,0,0.0142427,0.148968,0.379687,0.290137,1,0,,0,0,0,0,0,0,0,0,103808,104555,0,232,0
1073678,1,0,0.00996988,0.121168,0.353835,0.272426,1,0,,0,0,0,0,0,0,0,0,103808,104555,0,232,0
1073778,1,0,0.00697892,0.0983303,0.328284,0.284925,1,0,,0,0,0,0,0,0,0,0,103808,104555,0,232,0
1073878,1,0,0.00488524,0.0796413,0.30342,0.261289,1,0,,0,0,0,0,0,0,0,0,103808,104555,0,232,0
1073978,1,0,0.00341967,0.0643969,0.279518,0.266254,1,0,,0,0,0,0,0,0,0,0,103808,104555,0,232,0
1074078,1,0,0.00239377,0.0519963,0.256766,0.281392,1,0,,0,0,0,0,0,0,0,0,103808,104555,0,232,0
1074178,1,0,0.00167564,0.0419322,0.235282,0.270095,1,0,,0,0,0,0,0,0,0,0,103808,104555,0,232,0
1074278,1,0,0.00117295,0.0337803,0.215132,0.239033,1,0,,0,0,0,0,0,0,0,0,103808,104555,0,232,0
1074378,1,0,0.000821063,0.0271885,0.196338,0.259171,1,0,,0,0,0,0,0,0,0,0,103808,104555,0,232,0
1074478,1,0,0.000574744,0.0218657,0.17889,0.282781,1,0,,0,0,0,0,0,0,0,0,103808,104555,0,232,0
1074578,1,0,0.000402321,0.0175731,0.162759,0.314231,1,0,,0,0,0,0,0,0,0,0,103808,104555,0,232,0
1074678,1,0,0.000281625,0.0141148,0.147894,0.28947,1,0,,0,0,0,0,0,0,0,0,103808,104555,0,232,0
1074778,1,0,0.000197137,0.0113312,0.134238,0.31187,1,0,,0,0,0,0,0,0,0,0,103808,104555,0,232,0
1074878,1,0,0.000137996,0.00909259,0.121723,0.270068,1,0,,0,0,0,0,0,0,0,0,103808,104555,0,232,0
1074978,1,0,9.65972e-005,0.00729339,0.11028,0.257667,1,0,,0,0,0,0,0,0,0,0,103808,104555,0,232,0
1075078,1,0,6.7618e-005,0.00584824,0.0998372,0.279814,1,0,,0,0,0,0,0,0,0,0,103808,104555,0,232,0
1075178,1,0,4.73326e-005,0.00468806,0.0903223,0.272164,1,0,,0,0,0,0,0,0,0,0,103808,104555,0,232,0
1075278,1,0,3.31328e-005,0.00375707,0.0816658,0.298189,1,0,,0,0,0,0,0,0,0,0,103808,104555,0,232,0
1075378,1,0,2.3193e-005,0.0030103,0.0738002,0.300915,1,0,,0,0,0,0,0,0,0,0,103808,104555,0,232,0
1075478,1,0,1.62351e-005,0.00241148,0.0666614,0.290467,1,0,,0,0,0,0,0,0,0,0,103808,104555,0,232,0
1075578,1,0,1.13646e-005,0.00193146,0.0601884,0.258692,1,0,,0,0,0,0,0,0,0,0,103808,104555,0,232,0
1075678,1,0,7.95519e-006,0.00154676,0.0543242,0.284053,1,0,,0,0,0,0,0,0,0,0,103808,104555,0,232,0
1075778,1,0,5.56864e-006,0.00123852,0.0490156,0.261314,1,0,,0,0,0,0,0,0,0,0,103808,104555,0,232,0
1075878,1,0,3.89805e-006,0.000991596,0.0442132,0.283438,1,0,,0,0,0,0,0,0,0,0,103808,104555,0,232,0
1075978,1,9,2.7,0.540794,0.0938713,0.289236,1,0,,0,0,0,0,0,0,0,0,103808,104555,0,232,0
1076078,1,0,1.89,0.810635,0.165548,0.275185,1,0,,0,0,0,0,0,0,0,0,103808,104555,0,232,0
1076178,1,0,1.323,0.913109,0.240304,0.315412,1,0,,0,0,0,0,0,0,0,0,103808,104555,0,232,0
1076278,1,0,0.926101,0.915707,0.307844,0.279436,1,0,,0,0,0,0,0,0,0,0,103808,104555,0,232,0
1076378,1,0,0.648271,0.86222,0.363282,0.27276,1,0,,0,0,0,0,0,0,0,0,103808,104555,0,232,0
1076478,1,0,0.453789,0.780534,0.405007,0.284373,1,0,,0,0,0,0,0,0,0,0,103808,104555,0,232,0
1076578,1,0,0.317653,0.687958,0.433302,0.282781,1,0,,0,0,0,0,0,0,0,0,103808,104555,0,232,0
1076678,1,0,0.222357,0.594837,0.449455,0.283006,1,0,,0,0,0,0,0,0,0,0,103808,104555,0,232,0
1076778,1,0,0.15565,0.507,0.45521,0.303357,1,0,,0,0,0,0,0,0,0,0,103808,104555,0,232,0
1076878,1,0,0.108955,0.427391,0.452428,0.285822,1,0,,0,0,0,0,0,0,0,0,103808,104555,0,232,0
1076978,1,0,0.0762684,0.357166,0.442902,0.272447,1,0,,0,0,0,0,0,0,0,0,103808,104555,0,232,0
1077078,1,0,0.0533879,0.296411,0.428253,0.269361,1,0,,0,0,0,0,0,0,0,0,103808,104555,0,232,0
1077178,1,0,0.0373715,0.244603,0.409888,0.261822,1,0,,0,0,0,0,0,0,0,0,103808,104555,0,232,0
1077278,1,0,0.0261601,0.200914,0.38899,0.281372,1,0,,0,0,0,0,0,0,0,0,103808,104555,0,232,0
1077378,1,0,0.018312,0.164394,0.366531,0.281112,1,0,,0,0,0,0,0,0,0,0,103808,104555,0,232,0
1077478,1,0,0.0128184,0.134079,0.343285,0.263113,1,0,,0,0,0,0,0,0,0,0,103808,104555,0,232,0
1077578,1,0,0.0089729,0.109058,0.319863,0.287661,1,0,,0,0,0,0,0,0,0,0,103808,104555,0,232,0
1077678,1,0,0.00628103,0.0885023,0.296727,0.266687,1,0,,0,0,0,0,0,0,0,0,103808,104555,0,232,0
1077778,1,0,0.00439672,0.0716812,0.274222,0.259923,1,0,,0,0,0,0,0,0,0,0,103808,104555,0,232,0
1077878,1,0,0.0030777,0.0579605,0.252596,0.310713,1,0,,0,0,0,0,0,0,0,0,103808,104555,0,232,0
1077978,1,0,0.00215439,0.0467993,0.232016,0.330189,1,0,,0,0,0,0,0,0,0,0,103808,104555,0,232,0
1078078,1,0,0.00150807,0.037741,0.212589,0.267151,1,0,,0,0,0,0,0,0,0,0,103808,104555,0,232,0
1078178,1,0,0.00105565,0.0304039,0.19437,0.277511,1,0,,0,0,0,0,0,0,0,0,103808,104555,0,232,0
1078278,1,0,0.000738957,0.0244709,0.17738,0.260547,1,0,,0,0,0,0,0,0,0,0,103808,104555,0,232,0
1078378,1,0,0.00051727,0.0196802,0.16161,0.255563,1,0,,0,0,0,0,0,0,0,0,103808,104555,0,232,0
1078478,1,0,0.000362089,0.0158166,0.147031,0.299227,1,0,,0,0,0,0,0,0,0,0,103808,104555,0,232,0
1078578,1,0,0.000253462,0.012704,0.133598,0.27984,1,0,,0,0,0,0,0,0,0,0,103808,104555,0,232,0
1078678,1,0,0.000177423,0.0101987,0.121258,0.267166,1,0,,0,0,0,0,0,0,0,0,103808,104555,0,232,0
1078778,1,0,0.000124196,0.00818376,0.109951,0.288317,1,0,,0,0,0,0,0,0,0,0,103808,104555,0,232,0
1078878,1,0,8.69375e-005,0.0065644,0.0996122,0.284404,1,0,,0,0,0,0,0,0,0,0,103808,104555,0,232,0
1078978,1,0,6.08562e-005,0.00526369,0.0901773,0.266053,1,0,,0,0,0,0,0,0,0,0,103808,104555,0,232,0
1079078,1,0,4.25994e-005,0.00421947,0.0815815,0.261677,1,0,,0,0,0,0,0,0,0,0,103808,104555,0,232,0
1079178,1,0,2.98196e-005,0.00338154,0.0737615,0.286691,1,0,,0,0,0,0,0,0,0,0,103808,104555,0,232,0
1079278,1,0,2.08737e-005,0.00270941,0.0666563,0.297829,1,0,,0,0,0,0,0,0,0,0,103808,104555,0,232,0
1079378,1,0,1.46116e-005,0.00217045,0.0602077,0.270166,1,0,,0,0,0,0,0,0,0,0,103808,104555,0,232,0
1079478,1,0,1.02281e-005,0.0017384,0.0543608,0.283065,1,0,,0,0,0,0,0,0,0,0,103808,104555,0,232,0
1079578,1,0,7.15968e-006,0.00139216,0.0490639,0.259477,1,0,,0,0,0,0,0,0,0,0,103808,104555,0,232,0
1079678,1,0,5.01177e-006,0.00111473,0.044269,0.261576,1,0,,0,0,0,0,0,0,0,0,103808,104555,0,232,0
1079778,1,0,3.50824e-006,0.000892483,0.0399313,0.27079,1,0,,0,0,0,0,0,0,0,0,103808,104555,0,232,0
1079878,1,0,2.45577e-006,0.000714478,0.0360097,0.292142,1,0,,0,0,0,0,0,0,0,0,103808,104555,0,232,0
1079978,1,10,3,0.600572,0.0924659,0.276789,1,0,,0,0,0,0,0,0,0,0,103808,104555,0,232,0
1080078,1,0,2.1,0.900458,0.173265,0.318501,1,0,,0,0,0,0,0,0,0,0,103808,104555,0,232,0
1080178,1,0,1.47,1.01437,0.257375,0.274758,1,0,,0,0,0,0,0,0,0,0,103808,104555,0,232,0
1080278,1,0,1.029,1.01729,0.333367,0.283908,1,0,,0,0,0,0,0,0,0,0,103808,104555,0,232,0
1080378,1,0,0.7203,0.957895,0.39582,0.283281,1,0,,0,0,0,0,0,0,0,0,103808,104555,0,232,0
1080478,1,0,0.50421,0.867158,0.442954,0.281557,1,0,,0,0,0,0,0,0,0,0,103808,104555,0,232,0
1080578,1,0,0.352947,0.764316,0.47509,0.308244,1,0,,0,0,0,0,0,0,0,0,103808,104555,0,232,0
1080678,1,0,0.247063,0.660865,0.493667,0.266794,1,0,,0,0,0,0,0,0,0,0,103808,104555,0,232,0
1080778,1,0,0.172944,0.563281,0.500629,0.319106,1,0,,0,0,0,0,0,0,0,0,103808,104555,0,232,0
1080878,1,0,0.121061,0.474837,0.498049,0.264321,1,0,,0,0,0,0,0,0,0,0,103808,104555,0,232,0
1080978,1,0,0.0847426,0.396818,0.487926,0.281421,1,0,,0,0,0,0,0,0,0,0,103808,104555,0,232,0
1081078,1,0,0.0593198,0.329318,0.472066,0.288659,1,0,,0,0,0,0,0,0,0,0,103808,104555,0,232,0
1081178,1,0,0.0415239,0.27176,0.452035,0.300433,1,0,,0,0,0,0,0,0,0,0,103808,104555,0,232,0
1081278,1,0,0.0290667,0.223221,0.429154,0.273046,1,0,,0,0,0,0,0,0,0,0,103808,104555,0,232,0
1081378,1,0,0.0203467,0.182646,0.404503,0.252102,1,0,,0,0,0,0,0,0,0,0,103808,104555,0,232,0
1081478,1,0,0.0142427,0.148965,0.378949,0.251066,1,0,,0,0,0,0,0,0,0,0,103808,104555,0,232,0
1081578,1,0,0.00996988,0.121166,0.353171,0.264517,1,0,,0,0,0,0,0,0,0,0,103808,104555,0,232,0
1081678,1,0,0.00697892,0.0983288,0.327687,0.297333,1,0,,0,0,0,0,0,0,0,0,103808,104555,0,232,0
1081778,1,0,0.00488524,0.0796401,0.302882,0.304069,1,0,,0,0,0,0,0,0,0,0,103808,104555,0,232,0
1081878,1,0,0.00341967,0.064396,0.279033,0.298794,1,0,,0,0,0,0,0,0,0,0,103808,104555,0,232,0
1081978,1,0,0.00239377,0.0519956,0.25633,0.282782,1,0,,0,0,0,0,0,0,0,0,103808,104555,0,232,0
1082078,1,0,0.00167564,0.0419316,0.23489,0.283246,1,0,,0,0,0,0,0,0,0,0,103808,104555,0,232,0
1082178,1,0,0.00117295,0.0337799,0.214779,0.250096,1,0,,0,0,0,0,0,0,0,0,103808,104555,0,232,0
1082278,1,0,0.000821063,0.0271881,0.19602,0.276122,1,0,,0,0,0,0,0,0,0,0,103808,104555,0,232,0
1082378,1,0,0.000574744,0.0218654,0.178604,0.275046,1,0,,0,0,0,0,0,0,0,0,103808,104555,0,232,0
1082478,1,0,0.000402321,0.0175728,0.162501,0.279421,1,0,,0,0,0,0,0,0,0,0,103808,104555,0,232,0
1082578,1,0,0.000281624,0.0141146,0.147662,0.300294,1,0,,0,0,0,0,0,0,0,0,103808,104555,0,232,0
1082678,1,0,0.000197137,0.0113311,0.134029,0.282021,1,0,,0,0,0,0,0,0,0,0,103808,104555,0,232,0
1082778,1,0,0.000137996,0.00909247,0.121536,0.285772,1,0,,0,0,0,0,0,0,0,0,103808,104555,0,232,0
1082878,1,0,9.65972e-005,0.00729329,0.110111,0.272761,1,0,,0,0,0,0,0,0,0,0,103808,104555,0,232,0
1082978,1,0,6.7618e-005,0.00584816,0.099685,0.276873,1,0,,0,0,0,0,0,0,0,0,103808,104555,0,232,0
1083078,1,0,4.73326e-005,0.00468799,0.0901853,0.292473,1,0,,0,0,0,0,0,0,0,0,103808,104555,0,232,0
1083178,1,0,3.31328e-005,0.00375702,0.0815425,0.286022,1,0,,0,0,0,0,0,0,0,0,103808,104555,0,232,0
1083278,1,0,2.3193e-005,0.00301026,0.0736893,0.27916,1,0,,0,0,0,0,0,0,0,0,103808,104555,0,232,0
1083378,1,0,1.62351e-005,0.00241145,0.0665615,0.29021,1,0,,0,0,0,0,0,0,0,0,103808,104555,0,232,0
1083478,1,0,1.13646e-005,0.00193143,0.0600985,0.260936,1,0,,0,0,0,0,0,0,0,0,103808,104555,0,232,0
1083578,1,0,7.95519e-006,0.00154674,0.0542433,0.275372,1,0,,0,0,0,0,0,0,0,0,103808,104555,0,232,0
1083678,1,0,5.56864e-006,0.0012385,0.0489428,0.300809,1,0,,0,0,0,0,0,0,0,0,103808,104555,0,232,0
1083778,1,0,3.89804e-006,0.000991584,0.0441477,0.296261,1,0,,0,0,0,0,0,0,0,0,103808,104555,0,232,0
1083878,1,11,3.3,0.660794,0.105812,0.271303,1,0,,0,0,0,0,0,0,0,0,103808,104555,0,232,0
1083978,1,0,2.31,0.990635,0.194295,0.273002,1,0,,0,0,0,0,0,0,0,0,103808,104555,0,232,0
1084078,1,0,1.617,1.11591,0.286456,0.292265,1,0,,0,0,0,0,0,0,0,0,103808,104555,0,232,0
1084178,1,0,1.1319,1.11911,0.369721,0.279414,1,0,,0,0,0,0,0,0,0,0,103808,104555,0,232,0
1084278,1,0,0.792331,1.05375,0.438124,0.294052,1,0,,0,0,0,0,0,0,0,0,103808,104555,0,232,0
1084378,1,0,0.554631,0.953928,0.489705,0.250753,1,0,,0,0,0,0,0,0,0,0,103808,104555,0,232,0
1084478,1,0,0.388242,0.840791,0.524813,0.286365,1,0,,0,0,0,0,0,0,0,0,103808,104555,0,232,0
1084578,1,0,0.271769,0.726986,0.54503,0.248876,1,0,,0,0,0,0,0,0,0,0,103808,104555,0,232,0
1084678,1,0,0.190239,0.619637,0.552491,0.293988,1,0,,0,0,0,0,0,0,0,0,103808,104555,0,232,0
1084778,1,0,0.133167,0.522343,0.549476,0.340138,1,0,,0,0,0,0,0,0,0,0,103808,104555,0,232,0
1084878,1,0,0.0932169,0.436518,0.53818,0.283949,1,0,,0,0,0,0,0,0,0,0,103808,104555,0,232,0
1084978,1,0,0.0652518,0.362265,0.520589,0.284748,1,0,,0,0,0,0,0,0,0,0,103808,104555,0,232,0
1085078,1,0,0.0456763,0.298947,0.498425,0.289584,1,0,,0,0,0,0,0,0,0,0,103808,104555,0,232,0
1085178,1,0,0.0319734,0.245552,0.473137,0.265833,1,0,,0,0,0,0,0,0,0,0,103808,104555,0,232,0
1085278,1,0,0.0223814,0.200918,0.445915,0.314522,1,0,,0,0,0,0,0,0,0,0,103808,104555,0,232,0
1085378,1,0,0.015667,0.163868,0.417711,0.26886,1,0,,0,0,0,0,0,0,0,0,103808,104555,0,232,0
1085478,1,0,0.0109669,0.133288,0.389268,0.247308,1,0,,0,0,0,0,0,0,0,0,103808,104555,0,232,0
1085578,1,0,0.00767681,0.108165,0.361158,0.302384,1,0,,0,0,0,0,0,0,0,0,103808,104555,0,232,0
1085678,1,0,0.00537377,0.0876071,0.333803,0.278774,1,0,,0,0,0,0,0,0,0,0,103808,104555,0,232,0
1085778,1,0,0.00376164,0.070838,0.307506,0.273111,1,0,,0,0,0,0,0,0,0,0,103808,104555,0,232,0
1085878,1,0,0.00263315,0.0571971,0.282475,0.323062,1,0,,0,0,0,0,0,0,0,0,103808,104555,0,232,0
1085978,1,0,0.0018432,0.0461263,0.258841,0.255974,1,0,,0,0,0,0,0,0,0,0,103808,104555,0,232,0
1086078,1,0,0.00129024,0.0371591,0.236672,0.290423,1,0,,0,0,0,0,0,0,0,0,103808,104555,0,232,0
1086178,1,0,0.000903169,0.0299079,0.215996,0.285774,1,0,,0,0,0,0,0,0,0,0,103808,104555,0,232,0
1086278,1,0,0.000632218,0.0240528,0.196802,0.320212,1,0,,0,0,0,0,0,0,0,0,103808,104555,0,232,0
1086378,1,0,0.000442553,0.0193307,0.179054,0.275573,1,0,,0,0,0,0,0,0,0,0,103808,104555,0,232,0
1086478,1,0,0.000309787,0.0155265,0.162702,0.319748,1,0,,0,0,0,0,0,0,0,0,103808,104555,0,232,0
1086578,1,0,0.000216851,0.0124646,0.147678,0.296198,1,0,,0,0,0,0,0,0,0,0,103808,104555,0,232,0
1086678,1,0,0.000151796,0.010002,0.13391,0.270599,1,0,,0,0,0,0,0,0,0,0,103808,104555,0,232,0
1086778,1,0,0.000106257,0.00802288,0.121322,0.278409,1,0,,0,0,0,0,0,0,0,0,103808,104555,0,232,0
1086878,1,0,7.43799e-005,0.00643318,0.109833,0.28596,1,0,,0,0,0,0,0,0,0,0,103808,104555,0,232,0
1086978,1,0,5.20659e-005,0.00515696,0.0993652,0.284386,1,0,,0,0,0,0,0,0,0,0,103808,104555,0,232,0
1087078,1,0,3.64461e-005,0.00413286,0.089842,0.273385,1,0,,0,0,0,0,0,0,0,0,103808,104555,0,232,0
1087178,1,0,2.55123e-005,0.00331139,0.0811889,0.280859,1,0,,0,0,0,0,0,0,0,0,103808,104555,0,232,0
1087278,1,0,1.78586e-005,0.00265268,0.0733353,0.262984,1,0,,0,0,0,0,0,0,0,0,103808,104555,0,232,0
1087378,1,0,1.2501e-005,0.00212465,0.0662142,0.26601,1,0,,0,0,0,0,0,0,0,0,103808,104555,0,232,0
1087478,1,0,8.75072e-006,0.00170147,0.0597629,0.276884,1,0,,0,0,0,0,0,0,0,0,103808,104555,0,232,0
1087578,1,0,6.1255e-006,0.0013624,0.0539229,0.277373,1,0,,0,0,0,0,0,0,0,0,103808,104555,0,232,0
1087678,1,0,4.28785e-006,0.00109078,0.0486397,0.292721,1,0,,0,0,0,0,0,0,0,0,103808,104555,0,232,0
1087778,1,0,3.0015e-006,0.000873221,0.043863,0.281046,1,0,,0,0,0,0,0,0,0,0,103808,104555,0,232,0
1087878,1,10,3,0.600699,0.0995466,0.267139,1,0,,0,0,0,0,0,0,0,0,103808,104555,0,232,0
1087978,1,0,2.1,0.90056,0.179648,0.286265,1,0,,0,0,0,0,0,0,0,0,103808,104555,0,232,0
1088078,1,0,1.47,1.01445,0.263128,0.283139,1,0,,0,0,0,0,0,0,0,0,103808,104555,0,232,0
1088178,1,0,1.029,1.01736,0.338551,0.286489,1,0,,0,0,0,0,0,0,0,0,103808,104555,0,232,0
1088278,1,0,0.7203,0.957947,0.400491,0.273851,1,0,,0,0,0,0,0,0,0,0,103808,104555,0,232,0
1088378,1,0,0.50421,0.8672,0.447161,0.250577,1,0,,0,0,0,0,0,0,0,0,103808,104555,0,232,0
1088478,1,0,0.352947,0.764349,0.47888,0.289614,1,0,,0,0,0,0,0,0,0,0,103808,104555,0,232,0
1088578,1,0,0.247063,0.660892,0.497081,0.255212,1,0,,0,0,0,0,0,0,0,0,103808,104555,0,232,0
1088678,1,0,0.172944,0.563302,0.503703,0.304837,1,0,,0,0,0,0,0,0,0,0,103808,104555,0,232,0
1088778,1,0,0.121061,0.474854,0.500818,0.291436,1,0,,0,0,0,0,0,0,0,0,103808,104555,0,232,0
1088878,1,0,0.0847426,0.396832,0.49042,0.287535,1,0,,0,0,0,0,0,0,0,0,103808,104555,0,232,0
1088978,1,0,0.0593198,0.329329,0.474311,0.270897,1,0,,0,0,0,0,0,0,0,0,103808,104555,0,232,0
1089078,1,0,0.0415239,0.271768,0.454057,0.279896,1,0,,0,0,0,0,0,0,0,0,103808,104555,0,232,0
1089178,1,0,0.0290667,0.223228,0.430974,0.293381,1,0,,0,0,0,0,0,0,0,0,103808,104555,0,232,0
1089278,1,0,0.0203467,0.182652,0.406141,0.268144,1,0,,0,0,0,0,0,0,0,0,103808,104555,0,232,0
1089378,1,0,0.0142427,0.14897,0.380424,0.276494,1,0,,0,0,0,0,0,0,0,0,103808,104555,0,232,0
1089478,1,0,0.00996988,0.12117,0.354499,0.329859,1,0,,0,0,0,0,0,0,0,0,103808,104555,0,232,0
1089578,1,0,0.00697892,0.0983317,0.328882,0.305308,1,0,,0,0,0,0,0,0,0,0,103808,104555,0,232,0
1089678,1,0,0.00488524,0.0796424,0.303958,0.300496,1,0,,0,0,0,0,0,0,0,0,103808,104555,0,232,0
1089778,1,0,0.00341967,0.0643979,0.280002,0.262732,1,0,,0,0,0,0,0,0,0,0,103808,104555,0,232,0
1089878,1,0,0.00239377,0.0519971,0.257202,0.264232,1,0,,0,0,0,0,0,0,0,0,103808,104555,0,232,0
1089978,1,0,0.00167564,0.0419328,0.235675,0.307856,1,0,,0,0,0,0,0,0,0,0,103808,104555,0,232,0
1090078,1,0,0.00117295,0.0337808,0.215485,0.283133,1,0,,0,0,0,0,0,0,0,0,103808,104555,0,232,0
1090178,1,0,0.000821063,0.0271889,0.196656,0.263319,1,0,,0,0,0,0,0,0,0,0,103808,104555,0,232,0
1090278,1,0,0.000574744,0.021866,0.179177,0.262743,1,0,,0,0,0,0,0,0,0,0,103808,104555,0,232,0
1090378,1,0,0.000402321,0.0175733,0.163016,0.289142,1,0,,0,0,0,0,0,0,0,0,103808,104555,0,232,0
1090478,1,0,0.000281625,0.014115,0.148126,0.283844,1,0,,0,0,0,0,0,0,0,0,103808,104555,0,232,0
1090578,1,0,0.000197137,0.0113314,0.134447,0.263806,1,0,,0,0,0,0,0,0,0,0,103808,104555,0,232,0
1090678,1,0,0.000137996,0.00909272,0.121911,0.269557,1,0,,0,0,0,0,0,0,0,0,103808,104555,0,232,0
1090778,1,0,9.65972e-005,0.00729349,0.11045,0.291792,1,0,,0,0,0,0,0,0,0,0,103808,104555,0,232,0
1090878,1,0,6.7618e-005,0.00584832,0.0999894,0.261979,1,0,,0,0,0,0,0,0,0,0,103808,104555,0,232,0
1090978,1,0,4.73326e-005,0.00468812,0.0904593,0.271111,1,0,,0,0,0,0,0,0,0,0,103808,104555,0,232,0
1091078,1,0,3.31328e-005,0.00375712,0.0817891,0.276337,1,0,,0,0,0,0,0,0,0,0,103808,104555,0,232,0
1091178,1,0,2.3193e-005,0.00301034,0.0739112,0.28525,1,0,,0,0,0,0,0,0,0,0,103808,104555,0,232,0
1091278,1,0,1.62351e-005,0.00241152,0.0667612,0.278949,1,0,,0,0,0,0,0,0,0,0,103808,104555,0,232,0
1091378,1,0,1.13646e-005,0.00193149,0.0602783,0.272224,1,0,,0,0,0,0,0,0,0,0,103808,104555,0,232,0
1091478,1,0,7.95519e-006,0.00154678,0.0544051,0.285399,1,0,,0,0,0,0,0,0,0,0,103808,104555,0,232,0
1091578,1,0,5.56864e-006,0.00123854,0.0490884,0.266911,1,0,,0,0,0,0,0,0,0,0,103808,104555,0,232,0
1091678,1,0,3.89805e-006,0.00099161,0.0442788,0.292749,1,0,,0,0,0,0,0,0,0,0,103808,104555,0,232,0
1091778,1,10,3,0.600794,0.0999303,0.288502,1,0,,0,0,0,0,0,0,0,0,103808,104555,0,232,0
1091878,1,0,2.1,0.900635,0.180001,0.315929,1,0,,0,0,0,0,0,0,0,0,103808,104555,0,232,0
1091978,1,0,1.47,1.01451,0.263452,0.293502,1,0,,0,0,0,0,0,0,0,0,103808,104555,0,232,0
1092078,1,0,1.029,1.01741,0.338847,0.280977,1,0,,0,0,0,0,0,0,0,0,103808,104555,0,232,0
1092178,1,0,0.720301,0.957986,0.400761,0.296239,1,0,,0,0,0,0,0,0,0,0,103808,104555,0,232,0
1092278,1,0,0.50421,0.867231,0.447408,0.292676,1,0,,0,0,0,0,0,0,0,0,103808,104555,0,232,0
1092378,1,0,0.352947,0.764374,0.479105,0.264928,1,0,,0,0,0,0,0,0,0,0,103808,104555,0,232,0
1092478,1,0,0.247063,0.660912,0.497285,0.274364,1,0,,0,0,0,0,0,0,0,0,103808,104555,0,232,0
1092578,1,0,0.172944,0.563318,0.503889,0.288064,1,0,,0,0,0,0,0,0,0,0,103808,104555,0,232,0
1092678,1,0,0.121061,0.474867,0.500986,0.265028,1,0,,0,0,0,0,0,0,0,0,103808,104555,0,232,0
1092778,1,0,0.0847426,0.396842,0.490572,0.248148,1,0,,0,0,0,0,0,0,0,0,103808,104555,0,232,0
1092878,1,0,0.0593199,0.329338,0.474448,0.281923,1,0,,0,0,0,0,0,0,0,0,103808,104555,0,232,0
1092978,1,0,0.0415239,0.271775,0.454181,0.284935,1,0,,0,0,0,0,0,0,0,0,103808,104555,0,232,0
1093078,1,0,0.0290667,0.223233,0.431086,0.26421,1,0,,0,0,0,0,0,0,0,0,103808,104555,0,232,0
1093178,1,0,0.0203467,0.182656,0.406243,0.271687,1,0,,0,0,0,0,0,0,0,0,103808,104555,0,232,0
1093278,1,0,0.0142427,0.148973,0.380516,0.272098,1,0,,0,0,0,0,0,0,0,0,103808,104555,0,232,0
1093378,1,0,0.00996989,0.121173,0.354582,0.275298,1,0,,0,0,0,0,0,0,0,0,103808,104555,0,232,0
1093478,1,0,0.00697892,0.0983339,0.328957,0.297659,1,0,,0,0,0,0,0,0,0,0,103808,104555,0,232,0
1093578,1,0,0.00488524,0.0796441,0.304026,0.26087,1,0,,0,0,0,0,0,0,0,0,103808,104555,0,232,0
1093678,1,0,0.00341967,0.0643992,0.280063,0.268583,1,0,,0,0,0,0,0,0,0,0,103808,104555,0,232,0
1093778,1,0,0.00239377,0.0519982,0.257257,0.285572,1,0,,0,0,0,0,0,0,0,0,103808,104555,0,232,0
1093878,1,0,0.00167564,0.0419337,0.235724,0.256996,1,0,,0,0,0,0,0,0,0,0,103808,104555,0,232,0
1093978,1,0,0.00117295,0.0337815,0.21553,0.319031,1,0,,0,0,0,0,0,0,0,0,103808,104555,0,232,0
1094078,1,0,0.000821063,0.0271894,0.196696,0.265354,1,0,,0,0,0,0,0,0,0,0,103808,104555,0,232,0
1094178,1,0,0.000574744,0.0218665,0.179213,0.309866,1,0,,0,0,0,0,0,0,0,0,103808,104555,0,232,0
1094278,1,0,0.000402321,0.0175737,0.163049,0.275417,1,0,,0,0,0,0,0,0,0,0,103808,104555,0,232,0
1094378,1,0,0.000281625,0.0141152,0.148156,0.331365,1,0,,0,0,0,0,0,0,0,0,103808,104555,0,232,0
1094478,1,0,0.000197137,0.0113316,0.134473,0.261403,1,0,,0,0,0,0,0,0,0,0,103808,104555,0,232,0
1094578,1,0,0.000137996,0.0090929,0.121935,0.258392,1,0,,0,0,0,0,0,0,0,0,103808,104555,0,232,0
1094678,1,0,9.65972e-005,0.00729364,0.110471,0.302693,1,0,,0,0,0,0,0,0,0,0,103808,104555,0,232,0
1094778,1,0,6.76181e-005,0.00584843,0.100009,0.361079,1,0,,0,0,0,0,0,0,0,0,103808,104555,0,232,0
1094878,1,0,4.73326e-005,0.00468821,0.0904767,0.298255,1,0,,0,0,0,0,0,0,0,0,103808,104555,0,232,0
1094978,1,0,3.31328e-005,0.0037572,0.0818048,0.300905,1,0,,0,0,0,0,0,0,0,0,103808,104555,0,232,0
1095078,1,0,2.3193e-005,0.0030104,0.0739253,0.279243,1,0,,0,0,0,0,0,0,0,0,103808,104555,0,232,0
1095178,1,0,1.62351e-005,0.00241157,0.066774,0.303492,1,0,,0,0,0,0,0,0,0,0,103808,104555,0,232,0
1095278,1,0,1.13646e-005,0.00193152,0.0602897,0.28208,1,0,,0,0,0,0,0,0,0,0,103808,104555,0,232,0
1095378,1,0,7.9552e-006,0.00154681,0.0544154,0.284829,1,0,,0,0,0,0,0,0,0,0,103808,104555,0,232,0
1095478,1,0,5.56864e-006,0.00123856,0.0490977,0.323392,1,0,,0,0,0,0,0,0,0,0,103808,104555,0,232,0
1095578,1,0,3.89805e-006,0.00099163,0.0442871,0.283916,1,0,,0,0,0,0,0,0,0,0,103808,104555,0,232,0
1095678,1,0,2.72863e-006,0.00079385,0.0399378,0.279478,1,0,,0,0,0,0,0,0,0,0,103808,104555,0,232,0
1095778,1,10,3,0.600635,0.0960076,0.310023,1,0,,0,0,0,0,0,0,0,0,103808,104555,0,232,0
1095878,1,0,2.1,0.900509,0.176458,0.289248,1,0,,0,0,0,0,0,0,0,0,103808,104555,0,232,0
1095978,1,0,1.47,1.01441,0.260253,0.28671,1,0,,0,0,0,0,0,0,0,0,103808,104555,0,232,0
1096078,1,0,1.029,1.01733,0.33596,0.270688,1,0,,0,0,0,0,0,0,0,0,103808,104555,0,232,0
1096178,1,0,0.7203,0.957921,0.398156,0.27715,1,0,,0,0,0,0,0,0,0,0,103808,104555,0,232,0
1096278,1,0,0.50421,0.867179,0.445058,0.286149,1,0,,0,0,0,0,0,0,0,0,103808,104555,0,232,0
1096378,1,0,0.352947,0.764332,0.476986,0.348514,1,0,,0,0,0,0,0,0,0,0,103808,104555,0,232,0
1096478,1,0,0.247063,0.660878,0.495375,0.289815,1,0,,0,0,0,0,0,0,0,0,103808,104555,0,232,0
1096578,1,0,0.172944,0.563292,0.502167,0.277051,1,0,,0,0,0,0,0,0,0,0,103808,104555,0,232,0
1096678,1,0,0.121061,0.474845,0.499435,0.254701,1,0,,0,0,0,0,0,0,0,0,103808,104555,0,232,0
1096778,1,0,0.0847426,0.396825,0.489174,0.263963,1,0,,0,0,0,0,0,0,0,0,103808,104555,0,232,0
1096878,1,0,0.0593198,0.329324,0.473189,0.285276,1,0,,0,0,0,0,0,0,0,0,103808,104555,0,232,0
1096978,1,0,0.0415239,0.271764,0.453046,0.300514,1,0,,0,0,0,0,0,0,0,0,103808,104555,0,232,0
1097078,1,0,0.0290667,0.223224,0.430064,0.266624,1,0,,0,0,0,0,0,0,0,0,103808,104555,0,232,0
1097178,1,0,0.0203467,0.182649,0.405322,0.294285,1,0,,0,0,0,0,0,0,0,0,103808,104555,0,232,0
1097278,1,0,0.0142427,0.148968,0.379687,0.295435,1,0,,0,0,0,0,0,0,0,0,103808,104555,0,232,0
1097378,1,0,0.00996988,0.121168,0.353835,0.3014,1,0,,0,0,0,0,0,0,0,0,103808,104555,0,232,0
1097478,1,0,0.00697892,0.0983303,0.328285,0.279924,1,0,,0,0,0,0,0,0,0,0,103808,104555,0,232,0
1097578,1,0,0.00488524,0.0796413,0.30342,0.30405,1,0,,0,0,0,0,0,0,0,0,103808,104555,0,232,0
1097678,1,0,0.00341967,0.0643969,0.279518,0.25985,1,0,,0,0,0,0,0,0,0,0,103808,104555,0,232,0
1097778,1,0,0.00239377,0.0519963,0.256766,0.272625,1,0,,0,0,0,0,0,0,0,0,103808,104555,0,232,0
1097878,1,0,0.00167564,0.0419322,0.235282,0.297339,1,0,,0,0,0,0,0,0,0,0,103808,104555,0,232,0
1097978,1,0,0.00117295,0.0337803,0.215132,0.268501,1,0,,0,0,0,0,0,0,0,0,103808,104555,0,232,0
1098078,1,0,0.000821063,0.0271885,0.196338,0.311176,1,0,,0,0,0,0,0,0,0,0,103808,104555,0,232,0
1098178,1,0,0.000574744,0.0218657,0.178891,0.310907,1,0,,0,0,0,0,0,0,0,0,103808,104555,0,232,0
1098278,1,0,0.000402321,0.0175731,0.162759,0.265233,1,0,,0,0,0,0,0,0,0,0,103808,104555,0,232,0
1098378,1,0,0.000281625,0.0141148,0.147894,0.278597,1,0,,0,0,0,0,0,0,0,0,103808,104555,0,232,0
1098478,1,0,0.000197137,0.0113312,0.134238,0.273198,1,0,,0,0,0,0,0,0,0,0,103808,104555,0,232,0
1098578,1,0,0.000137996,0.00909259,0.121724,0.26455,1,0,,0,0,0,0,0,0,0,0,103808,104555,0,232,0
1098678,1,0,9.65972e-005,0.00729339,0.110281,0.276887,1,0,,0,0,0,0,0,0,0,0,103808,104555,0,232,0
1098778,1,0,6.7618e-005,0.00584824,0.0998373,0.281523,1,0,,0,0,0,0,0,0,0,0,103808,104555,0,232,0
1098878,1,0,4.73326e-005,0.00468806,0.0903224,0.282811,1,0,,0,0,0,0,0,0,0,0,103808,104555,0,232,0
1098978,1,0,3.31328e-005,0.00375707,0.0816658,0.322297,1,0,,0,0,0,0,0,0,0,0,103808,104555,0,232,0
1099078,1,0,2.3193e-005,0.0030103,0.0738003,0.290072,1,0,,0,0,0,0,0,0,0,0,103808,104555,0,232,0
1099178,1,0,1.62351e-005,0.00241148,0.0666614,0.257609,1,0,,0,0,0,0,0,0,0,0,103808,104555,0,232,0
1099278,1,0,1.13646e-005,0.00193146,0.0601884,0.286885,1,0,,0,0,0,0,0,0,0,0,103808,104555,0,232,0
1099378,1,0,7.95519e-006,0.00154676,0.0543242,0.269862,1,0,,0,0,0,0,0,0,0,0,103808,104555,0,232,0
1099478,1,0,5.56864e-006,0.00123852,0.0490157,0.285097,1,0,,0,0,0,0,0,0,0,0,103808,104555,0,232,0
1099578,1,0,3.89805e-006,0.000991596,0.0442133,0.294958,1,0,,0,0,0,0,0,0,0,0,103808,104555,0,232,0
1099678,1,10,3,0.600794,0.0998713,0.275764,1,0,,0,0,0,0,0,0,0,0,103808,104555,0,232,0
1099778,1,0,2.1,0.900635,0.179948,0.288038,1,0,,0,0,0,0,0,0,0,0,103808,104555,0,232,0
1099878,1,0,1.47,1.01451,0.263404,0.301052,1,0,,0,0,0,0,0,0,0,0,103808,104555,0,232,0
1099978,1,0,1.029,1.01741,0.338804,0.287479,1,0,,0,0,0,0,0,0,0,0,103808,104555,0,232,0
1100078,1,0,0.720301,0.957986,0.400722,0.285469,1,0,,0,0,0,0,0,0,0,0,103808,104555,0,232,0
1100178,1,0,0.50421,0.867231,0.447373,0.302869,1,0,,0,0,0,0,0,0,0,0,103808,104555,0,232,0
1100278,1,0,0.352947,0.764374,0.479073,0.291132,1,0,,0,0,0,0,0,0,0,0,103808,104555,0,232,0
1100378,1,0,0.247063,0.660912,0.497257,0.274294,1,0,,0,0,0,0,0,0,0,0,103808,104555,0,232,0
1100478,1,0,0.172944,0.563318,0.503863,0.276992,1,0,,0,0,0,0,0,0,0,0,103808,104555,0,232,0
1100578,1,0,0.121061,0.474867,0.500964,0.315367,1,0,,0,0,0,0,0,0,0,0,103808,104555,0,232,0
1100678,1,0,0.0847426,0.396842,0.490551,0.279656,1,0,,0,0,0,0,0,0,0,0,103808,104555,0,232,0
1100778,1,0,0.0593199,0.329338,0.47443,0.324804,1,0,,0,0,0,0,0,0,0,0,103808,104555,0,232,0
1100878,1,0,0.0415239,0.271775,0.454165,0.284827,1,0,,0,0,0,0,0,0,0,0,103808,104555,0,232,0
1100978,1,0,0.0290667,0.223233,0.431071,0.279429,1,0,,0,0,0,0,0,0,0,0,103808,104555,0,232,0
1101078,1,0,0.0203467,0.182656,0.40623,0.256204,1,0,,0,0,0,0,0,0,0,0,103808,104555,0,232,0
1101178,1,0,0.0142427,0.148973,0.380504,0.277316,1,0,,0,0,0,0,0,0,0,0,103808,104555,0,232,0
1101278,1,0,0.00996989,0.121173,0.354571,0.250915,1,0,,0,0,0,0,0,0,0,0,103808,104555,0,232,0
1101378,1,0,0.00697892,0.0983339,0.328947,0.270865,1,0,,0,0,0,0,0,0,0,0,103808,104555,0,232,0
1101478,1,0,0.00488524,0.0796441,0.304017,0.303526,1,0,,0,0,0,0,0,0,0,0,103808,104555,0,232,0
1101578,1,0,0.00341967,0.0643992,0.280055,0.276941,1,0,,0,0,0,0,0,0,0,0,103808,104555,0,232,0
1101678,1,0,0.00239377,0.0519982,0.257249,0.277314,1,0,,0,0,0,0,0,0,0,0,103808,104555,0,232,0
1101778,1,0,0.00167564,0.0419337,0.235718,0.286542,1,0,,0,0,0,0,0,0,0,0,103808,104555,0,232,0
1101878,1,0,0.00117295,0.0337815,0.215524,0.292067,1,0,,0,0,0,0,0,0,0,0,103808,104555,0,232,0
1101978,1,0,0.000821063,0.0271894,0.196691,0.30823,1,0,,0,0,0,0,0,0,0,0,103808,104555,0,232,0
1102078,1,0,0.000574744,0.0218665,0.179208,0.287229,1,0,,0,0,0,0,0,0,0,0,103808,104555,0,232,0
1102178,1,0,0.000402321,0.0175737,0.163045,0.276417,1,0,,0,0,0,0,0,0,0,0,103808,104555,0,232,0
1102278,1,0,0.000281625,0.0141152,0.148152,0.321605,1,0,,0,0,0,0,0,0,0,0,103808,104555,0,232,0
1102378,1,0,0.000197137,0.0113316,0.13447,0.29323,1,0,,0,0,0,0,0,0,0,0,103808,104555,0,232,0
1102478,1,0,0.000137996,0.0090929,0.121932,0.288294,1,0,,0,0,0,0,0,0,0,0,103808,104555,0,232,0
1102578,1,0,9.65972e-005,0.00729364,0.110468,0.268194,1,0,,0,0,0,0,0,0,0,0,103808,104555,0,232,0
1102678,1,0,6.76181e-005,0.00584843,0.100006,0.312256,1,0,,0,0,0,0,0,0,0,0,103808,104555,0,232,0
1102778,1,0,4.73326e-005,0.00468821,0.0904745,0.281955,1,0,,0,0,0,0,0,0,0,0,103808,104555,0,232,0
1102878,1,0,3.31328e-005,0.0037572,0.0818028,0.316232,1,0,,0,0,0,0,0,0,0,0,103808,104555,0,232,0
1102978,1,0,2.3193e-005,0.0030104,0.0739235,0.27326,1,0,,0,0,0,0,0,0,0,0,103808,104555,0,232,0
1103078,1,0,1.62351e-005,0.00241157,0.0667723,0.274848,1,0,,0,0,0,0,0,0,0,0,103808,104555,0,232,0
1103178,1,0,1.13646e-005,0.00193152,0.0602883,0.278034,1,0,,0,0,0,0,0,0,0,0,103808,104555,0,232,0
1103278,1,0,7.9552e-006,0.00154681,0.0544141,0.285334,1,0,,0,0,0,0,0,0,0,0,103808,104555,0,232,0
1103378,1,0,5.56864e-006,0.00123856,0.0490965,0.303199,1,0,,0,0,0,0,0,0,0,0,103808,104555,0,232,0
1103478,1,0,3.89805e-006,0.00099163,0.0442861,0.280699,1,0,,0,0,0,0,0,0,0,0,103808,104555,0,232,0
1103578,1,0,2.72863e-006,0.00079385,0.0399368,0.302373,1,0,,0,0,0,0,0,0,0,0,103808,104555,0,232,0
1103678,1,10,3,0.600635,0.0960067,0.294259,1,0,,0,0,0,0,0,0,0,0,103808,104555,0,232,0
1103778,1,0,2.1,0.900509,0.176457,0.275958,1,0,,0,0,0,0,0,0,0,0,103808,104555,0,232,0
1103878,1,0,1.47,1.01441,0.260252,0.273521,1,0,,0,0,0,0,0,0,0,0,103808,104555,0,232,0
1103978,1,0,1.029,1.01733,0.335959,0.264683,1,0,,0,0,0,0,0,0,0,0,103808,104555,0,232,0
1104078,1,0,0.7203,0.957921,0.398155,0.291522,1,0,,0,0,0,0,0,0,0,0,103808,104555,0,232,0
1104178,1,0,0.50421,0.867179,0.445058,0.278584,1,0,,0,0,0,0,0,0,0,0,103808,104555,0,232,0
1104278,1,0,0.352947,0.764332,0.476985,0.287483,1,0,,0,0,0,0,0,0,0,0,103808,104555,0,232,0
1104378,1,0,0.247063,0.660878,0.495375,0.29447,1,0,,0,0,0,0,0,0,0,0,103808,104555,0,232,0
1104478,1,0,0.172944,0.563292,0.502166,0.300195,1,0,,0,0,0,0,0,0,0,0,103808,104555,0,232,0
1104578,1,0,0.121061,0.474845,0.499434,0.299096,1,0,,0,0,0,0,0,0,0,0,103808,104555,0,232,0
1104678,1,0,0.0847426,0.396825,0.489173,0.30272,1,0,,0,0,0,0,0,0,0,0,103808,104555,0,232,0
1104778,1,0,0.0593198,0.329324,0.473188,0.30826,1,0,,0,0,0,0,0,0,0,0,103808,104555,0,232,0
1104878,1,0,0.0415239,0.271764,0.453046,0.257584,1,0,,0,0,0,0,0,0,0,0,103808,104555,0,232,0
1104978,1,0,0.0290667,0.223224,0.430064,0.277435,1,0,,0,0,0,0,0,0,0,0,103808,104555,0,232,0
1105078,1,0,0.0203467,0.182649,0.405322,0.315298,1,0,,0,0,0,0,0,0,0,0,103808,104555,0,232,0
1105178,1,0,0.0142427,0.148968,0.379687,0.286135,1,0,,0,0,0,0,0,0,0,0,103808,104555,0,232,0
1105278,1,0,0.00996988,0.121168,0.353835,0.283986,1,0,,0,0,0,0,0,0,0,0,103808,104555,0,232,0
1105378,1,0,0.00697892,0.0983303,0.328284,0.304577,1,0,,0,0,0,0,0,0,0,0,103808,104555,0,232,0
1105478,1,0,0.00488524,0.0796413,0.30342,0.281553,1,0,,0,0,0,0,0,0,0,0,103808,104555,0,232,0
1105578,1,0,0.00341967,0.0643969,0.279518,0.300326,1,0,,0,0,0,0,0,0,0,0,103808,104555,0,232,0
1105678,1,0,0.00239377,0.0519963,0.256766,0.265651,1,0,,0,0,0,0,0,0,0,0,103808,104555,0,232,0
1105778,1,0,0.00167564,0.0419322,0.235282,0.301276,1,0,,0,0,0,0,0,0,0,0,103808,104555,0,232,0
1105878,1,0,0.00117295,0.0337803,0.215132,0.335676,1,0,,0,0,0,0,0,0,0,0,103808,104555,0,232,0
1105978,1,0,0.000821063,0.0271885,0.196338,0.262727,1,0,,0,0,0,0,0,0,0,0,103808,104555,0,232,0
1106078,1,0,0.000574744,0.0218657,0.178891,0.278527,1,0,,0,0,0,0,0,0,0,0,103808,104555,0,232,0
1106178,1,0,0.000402321,0.0175731,0.162759,0.298539,1,0,,0,0,0,0,0,0,0,0,103808,104555,0,232,0
1106278,1,0,0.000281625,0.0141148,0.147894,0.304229,1,0,,0,0,0,0,0,0,0,0,103808,104555,0,232,0
1106378,1,0,0.000197137,0.0113312,0.134238,0.272241,1,0,,0,0,0,0,0,0,0,0,103808,104555,0,232,0
1106478,1,0,0.000137996,0.00909259,0.121724,0.260252,1,0,,0,0,0,0,0,0,0,0,103808,104555,0,232,0
1106578,1,0,9.65972e-005,0.00729339,0.11028,0.308892,1,0,,0,0,0,0,0,0,0,0,103808,104555,0,232,0
1106678,1,0,6.7618e-005,0.00584824,0.0998373,0.284966,1,0,,0,0,0,0,0,0,0,0,103808,104555,0,232,0
1106778,1,0,4.73326e-005,0.00468806,0.0903223,0.308454,1,0,,0,0,0,0,0,0,0,0,103808,104555,0,232,0
1106878,1,0,3.31328e-005,0.00375707,0.0816658,0.284802,1,0,,0,0,0,0,0,0,0,0,103808,104555,0,232,0
1106978,1,0,2.3193e-005,0.0030103,0.0738003,0.280803,1,0,,0,0,0,0,0,0,0,0,103808,104555,0,232,0
1107078,1,0,1.62351e-005,0.00241148,0.0666614,0.272128,1,0,,0,0,0,0,0,0,0,0,103808,104555,0,232,0
1107178,1,0,1.13646e-005,0.00193146,0.0601884,0.282961,1,0,,0,0,0,0,0,0,0,0,103808,104555,0,232,0
1107278,1,0,7.95519e-006,0.00154676,0.0543242,0.33161,1,0,,0,0,0,0,0,0,0,0,103808,104555,0,232,0
1107378,1,0,5.56864e-006,0.00123852,0.0490157,0.268399,1,0,,0,0,0,0,0,0,0,0,103808,104555,0,232,0
1107478,1,0,3.89805e-006,0.000991596,0.0442132,0.26026,1,0,,0,0,0,0,0,0,0,0,103808,104555,0,232,0
1107578,1,10,3,0.600794,0.0998713,0.282954,1,0,,0,0,0,0,0,0,0,0,103808,104555,0,232,0
1107678,1,0,2.1,0.900635,0.179948,0.279278,1,0,,0,0,0,0,0,0,0,0,103808,104555,0,232,0
1107778,1,0,1.47,1.01451,0.263404,0.278478,1,0,,0,0,0,0,0,0,0,0,103808,104555,0,232,0
1107878,1,0,1.029,1.01741,0.338804,0.277791,1,0,,0,0,0,0,0,0,0,0,103808,104555,0,232,0
1107978,1,0,0.720301,0.957986,0.400722,0.292891,1,0,,0,0,0,0,0,0,0,0,103808,104555,0,232,0
1108078,1,0,0.50421,0.867231,0.447373,0.267054,1,0,,0,0,0,0,0,0,0,0,103808,104555,0,232,0
1108178,1,0,0.352947,0.764374,0.479073,0.32903,1,0,,0,0,0,0,0,0,0,0,103808,104555,0,232,0
1108278,1,0,0.247063,0.660912,0.497257,0.265218,1,0,,0,0,0,0,0,0,0,0,103808,104555,0,232,0
1108378,1,0,0.172944,0.563318,0.503863,0.266119,1,0,,0,0,0,0,0,0,0,0,103808,104555,0,232,0
1108478,1,0,0.121061,0.474867,0.500964,0.262731,1,0,,0,0,0,0,0,0,0,0,103808,104555,0,232,0
1108578,1,0,0.0847426,0.396842,0.490551,0.244245,1,0,,0,0,0,0,0,0,0,0,103808,104555,0,232,0
1108678,1,0,0.0593199,0.329338,0.47443,0.275758,1,0,,0,0,0,0,0,0,0,0,103808,104555,0,232,0
1108778,1,0,0.0415239,0.271775,0.454165,0.321834,1,0,,0,0,0,0,0,0,0,0,103808,104555,0,232,0
1108878,1,0,0.0290667,0.223233,0.431071,0.270634,1,0,,0,0,0,0,0,0,0,0,103808,104555,0,232,0
1108978,1,0,0.0203467,0.182656,0.40623,0.295476,1,0,,0,0,0,0,0,0,0,0,103808,104555,0,232,0
1109078,1,0,0.0142427,0.148973,0.380504,0.315175,1,0,,0,0,0,0,0,0,0,0,103808,104555,0,232,0
1109178,1,0,0.00996989,0.121173,0.354571,0.29025,1,0,,0,0,0,0,0,0,0,0,103808,104555,0,232,0
1109278,1,0,0.00697892,0.0983339,0.328947,0.301525,1,0,,0,0,0,0,0,0,0,0,103808,104555,0,232,0
1109378,1,0,0.00488524,0.0796441,0.304017,0.293735,1,0,,0,0,0,0,0,0,0,0,103808,104555,0,232,0
1109478,1,0,0.00341967,0.0643992,0.280055,0.306559,1,0,,0,0,0,0,0,0,0,0,103808,104555,0,232,0
1109578,1,0,0.00239377,0.0519982,0.257249,0.324834,1,0,,0,0,0,0,0,0,0,0,103808,104555,0,232,0
1109678,1,0,0.00167564,0.0419337,0.235718,0.259871,1,0,,0,0,0,0,0,0,0,0,103808,104555,0,232,0
1109778,1,0,0.00117295,0.0337815,0.215524,0.295119,1,0,,0,0,0,0,0,0,0,0,103808,104555,0,232,0
1109878,1,0,0.000821063,0.0271894,0.196691,0.298182,1,0,,0,0,0,0,0,0,0,0,103808,104555,0,232,0
1109978,1,0,0.000574744,0.0218665,0.179208,0.288272,1,0,,0,0,0,0,0,0,0,0,103808,104555,0,232,0
1110078,1,0,0.000402321,0.0175737,0.163045,0.289209,1,0,,0,0,0,0,0,0,0,0,103808,104555,0,232,0
1110178,1,0,0.000281625,0.0141152,0.148152,0.270522,1,0,,0,0,0,0,0,0,0,0,103808,104555,0,232,0
1110278,1,0,0.000197137,0.0113316,0.13447,0.283573,1,0,,0,0,0,0,0,0,0,0,103808,104555,0,232,0
1110378,1,0,0.000137996,0.0090929,0.121932,0.295709,1,0,,0,0,0,0,0,0,0,0,103808,104555,0,232,0
1110478,1,0,9.65972e-005,0.00729364,0.110468,0.351461,1,0,,0,0,0,0,0,0,0,0,103808,104555,0,232,0
1110578,1,0,6.76181e-005,0.00584843,0.100006,0.281435,1,0,,0,0,0,0,0,0,0,0,103808,104555,0,232,0
1110678,1,0,4.73326e-005,0.00468821,0.0904745,0.288135,1,0,,0,0,0,0,0,0,0,0,103808,104555,0,232,0
1110778,1,0,3.31328e-005,0.0037572,0.0818028,0.2973,1,0,,0,0,0,0,0,0,0,0,103808,104555,0,232,0
1110878,1,0,2.3193e-005,0.0030104,0.0739235,0.2934,1,0,,0,0,0,0,0,0,0,0,103808,104555,0,232,0
1110978,1,0,1.62351e-005,0.00241157,0.0667723,0.291224,1,0,,0,0,0,0,0,0,0,0,103808,104555,0,232,0
1111078,1,0,1.13646e-005,0.00193152,0.0602883,0.275973,1,0,,0,0,0,0,0,0,0,0,103808,104555,0,232,0
1111178,1,0,7.9552e-006,0.00154681,0.0544141,0.294734,1,0,,0,0,0,0,0,0,0,0,103808,104555,0,232,0
1111278,1,0,5.56864e-006,0.00123856,0.0490965,0.302109,1,0,,0,0,0,0,0,0,0,0,103808,104555,0,232,0
1111378,1,0,3.89805e-006,0.00099163,0.0442861,0.281459,1,0,,0,0,0,0,0,0,0,0,103808,104555,0,232,0
1111478,1,0,2.72863e-006,0.00079385,0.0399368,0.285608,1,0,,0,0,0,0,0,0,0,0,103808,104555,0,232,0
1111578,1,10,3,0.600635,0.0960067,0.29542,1,0,,0,0,0,0,0,0,0,0,103808,104555,0,232,0
1111678,1,0,2.1,0.900509,0.176457,0.294894,1,0,,0,0,0,0,0,0,0,0,103808,104555,0,232,0
1111778,1,0,1.47,1.01441,0.260252,0.264578,1,0,,0,0,0,0,0,0,0,0,103808,104555,0,232,0
1111878,1,0,1.029,1.01733,0.335959,0.291466,1,0,,0,0,0,0,0,0,0,0,103808,104555,0,232,0
1111978,1,0,0.7203,0.957921,0.398155,0.246882,1,0,,0,0,0,0,0,0,0,0,103808,104555,0,232,0
1112078,1,0,0.50421,0.867179,0.445058,0.275719,1,0,,0,0,0,0,0,0,0,0,103808,104555,0,232,0
1112178,1,0,0.352947,0.764332,0.476985,0.278145,1,0,,0,0,0,0,0,0,0,0,103808,104555,0,232,0
1112278,1,0,0.247063,0.660878,0.495375,0.308459,1,0,,0,0,0,0,0,0,0,0,103808,104555,0,232,0
1112378,1,0,0.172944,0.563292,0.502166,0.29951,1,0,,0,0,0,0,0,0,0,0,103808,104555,0,232,0
1112478,1,0,0.121061,0.474845,0.499434,0.301647,1,0,,0,0,0,0,0,0,0,0,103808,104555,0,232,0
1112578,1,0,0.0847426,0.396825,0.489173,0.281795,1,0,,0,0,0,0,0,0,0,0,103808,104555,0,232,0
1112678,1,0,0.0593198,0.329324,0.473188,0.292045,1,0,,0,0,0,0,0,0,0,0,103808,104555,0,232,0
1112778,1,0,0.0415239,0.271764,0.453046,0.301832,1,0,,0,0,0,0,0,0,0,0,103808,104555,0,232,0
1112878,1,0,0.0290667,0.223224,0.430064,0.275507,1,0,,0,0,0,0,0,0,0,0,103808,104555,0,232,0
1112978,1,0,0.0203467,0.182649,0.405322,0.255546,1,0,,0,0,0,0,0,0,0,0,103808,104555,0,232,0
1113078,1,0,0.0142427,0.148968,0.379687,0.287284,1,0,,0,0,0,0,0,0,0,0,103808,104555,0,232,0
1113178,1,0,0.00996988,0.121168,0.353835,0.262583,1,0,,0,0,0,0,0,0,0,0,103808,104555,0,232,0
1113278,1,0,0.00697892,0.0983303,0.328284,0.259272,1,0,,0,0,0,0,0,0,0,0,103808,104555,0,232,0
1113378,1,0,0.00488524,0.0796413,0.30342,0.241059,1,0,,0,0,0,0,0,0,0,0,103808,104555,0,232,0
1113478,1,0,0.00341967,0.0643969,0.279518,0.271774,1,0,,0,0,0,0,0,0,0,0,103808,104555,0,232,0
1113578,1,0,0.00239377,0.0519963,0.256766,0.260897,1,0,,0,0,0,0,0,0,0,0,103808,104555,0,232,0
1113678,1,0,0.00167564,0.0419322,0.235282,0.284309,1,0,,0,0,0,0,0,0,0,0,103808,104555,0,232,0
1113778,1,0,0.00117295,0.0337803,0.215132,0.287307,1,0,,0,0,0,0,0,0,0,0,103808,104555,0,232,0
1113878,1,0,0.000821063,0.0271885,0.196338,0.341905,1,0,,0,0,0,0,0,0,0,0,103808,104555,0,232,0
1113978,1,0,0.000574744,0.0218657,0.178891,0.319818,1,0,,0,0,0,0,0,0,0,0,103808,104555,0,232,0
1114078,1,0,0.000402321,0.0175731,0.162759,0.275155,1,0,,0,0,0,0,0,0,0,0,103808,104555,0,232,0
1114178,1,0,0.000281625,0.0141148,0.147894,0.276356,1,0,,0,0,0,0,0,0,0,0,103808,104555,0,232,0
1114278,1,0,0.000197137,0.0113312,0.134238,0.306894,1,0,,0,0,0,0,0,0,0,0,103808,104555,0,232,0
1114378,1,0,0.000137996,0.00909259,0.121724,0.269377,1,0,,0,0,0,0,0,0,0,0,103808,104555,0,232,0
1114478,1,0,9.65972e-005,0.00729339,0.11028,0.274227,1,0,,0,0,0,0,0,0,0,0,103808,104555,0,232,0
1114578,1,0,6.7618e-005,0.00584824,0.0998373,0.244628,1,0,,0,0,0,0,0,0,0,0,103808,104555,0,232,0
1114678,1,0,4.73326e-005,0.00468806,0.0903223,0.276778,1,0,,0,0,0,0,0,0,0,0,103808,104555,0,232,0
1114778,1,0,3.31328e-005,0.00375707,0.0816658,0.270851,1,0,,0,0,0,0,0,0,0,0,103808,104555,0,232,0
1114878,1,0,2.3193e-005,0.0030103,0.0738003,0.281602,1,0,,0,0,0,0,0,0,0,0,103808,104555,0,232,0
1114978,1,0,1.62351e-005,0.00241148,0.0666614,0.271641,1,0,,0,0,0,0,0,0,0,0,103808,104555,0,232,0
1115078,1,1,0.300011,0.0619315,0.0661884,0.325902,1,0,,0,0,0,0,0,0,0,0,103808,104555,0,232,0
1115178,1,1,0.510008,0.151547,0.0747242,0.276802,1,0,,0,0,0,0,0,0,0,0,103808,104555,0,232,0
1115278,1,0,0.357006,0.192639,0.0865157,0.28639,1,0,,0,0,0,0,0,0,0,0,103808,104555,0,232,0
1115378,1,0,0.249904,0.204092,0.0982732,0.253877,1,0,,0,0,0,0,0,0,0,0,103808,104555,0,232,0
1115478,1,10,3.17493,0.79826,0.168272,0.268195,1,0,,0,0,0,0,0,0,0,0,103808,104555,0,232,0
1115578,1,0,2.22245,1.0831,0.259755,0.309769,1,0,,0,0,0,0,0,0,0,0,103808,104555,0,232,0
1115678,1,0,1.55572,1.17762,0.351541,0.267157,1,0,,0,0,0,0,0,0,0,0,103808,104555,0,232,0
1115778,1,0,1.089,1.1599,0.432377,0.277518,1,0,,0,0,0,0,0,0,0,0,103808,104555,0,232,0
1115878,1,0,0.762301,1.08038,0.497177,0.286469,1,0,,0,0,0,0,0,0,0,0,103808,104555,0,232,0
1115978,1,0,0.533611,0.971025,0.544562,0.312518,1,0,,0,0,0,0,0,0,0,0,103808,104555,0,232,0
1116078,1,0,0.373528,0.851526,0.575258,0.282043,1,0,,0,0,0,0,0,0,0,0,103808,104555,0,232,0
1116178,1,0,0.261469,0.733515,0.591084,0.28316,1,0,,0,0,0,0,0,0,0,0,103808,104555,0,232,0
1116278,1,0,0.183029,0.623417,0.594317,0.273598,1,0,,0,0,0,0,0,0,0,0,103808,104555,0,232,0
1116378,1,0,0.12812,0.524358,0.587321,0.28305,1,0,,0,0,0,0,0,0,0,0,103808,104555,0,232,0
1116478,1,0,0.089684,0.437423,0.572332,0.262824,1,0,,0,0,0,0,0,0,0,0,103808,104555,0,232,0
1116578,1,0,0.0627788,0.362494,0.551348,0.275936,1,0,,0,0,0,0,0,0,0,0,103808,104555,0,232,0
1116678,1,0,0.0439451,0.298784,0.526091,0.301587,1,0,,0,0,0,0,0,0,0,0,103808,104555,0,232,0
1116778,1,0,0.0307616,0.24518,0.498,0.277136,1,0,,0,0,0,0,0,0,0,0,103808,104555,0,232,0
1116878,1,0,0.0215331,0.200451,0.468245,0.284836,1,0,,0,0,0,0,0,0,0,0,103808,104555,0,232,0
1116978,1,0,0.0150732,0.163375,0.437758,0.3007,1,0,,0,0,0,0,0,0,0,0,103808,104555,0,232,0
1117078,1,0,0.0105512,0.13281,0.407263,0.257363,1,0,,0,0,0,0,0,0,0,0,103808,104555,0,232,0
1117178,1,0,0.00738586,0.107725,0.37731,0.290352,1,0,,0,0,0,0,0,0,0,0,103808,104555,0,232,0
1117278,1,0,0.0051701,0.0872144,0.3483,0.284325,1,0,,0,0,0,0,0,0,0,0,103808,104555,0,232,0
1117378,1,0,0.00361907,0.0704953,0.32052,0.272127,1,0,,0,0,0,0,0,0,0,0,103808,104555,0,232,0
1117478,1,0,0.00253335,0.0569029,0.294158,0.27275,1,0,,0,0,0,0,0,0,0,0,103808,104555,0,232,0
1117578,1,0,0.00177335,0.045877,0.26933,0.29326,1,0,,0,0,0,0,0,0,0,0,103808,104555,0,232,0
1117678,1,0,0.00124134,0.0369499,0.246092,0.289258,1,0,,0,0,0,0,0,0,0,0,103808,104555,0,232,0
1117778,1,0,0.000868939,0.0297337,0.224456,0.284634,1,0,,0,0,0,0,0,0,0,0,103808,104555,0,232,0
1117878,1,0,0.000608257,0.0239086,0.204401,0.290708,1,0,,0,0,0,0,0,0,0,0,103808,104555,0,232,0
1117978,1,0,0.00042578,0.019212,0.185882,0.254743,1,0,,0,0,0,0,0,0,0,0,103808,104555,0,232,0
1118078,1,0,0.000298046,0.0154292,0.168837,0.281167,1,0,,0,0,0,0,0,0,0,0,103808,104555,0,232,0
1118178,1,0,0.000208632,0.0123851,0.153192,0.293518,1,0,,0,0,0,0,0,0,0,0,103808,104555,0,232,0
1118278,1,0,0.000146043,0.0099373,0.138866,0.287678,1,0,,0,0,0,0,0,0,0,0,103808,104555,0,232,0
1118378,1,0,0.00010223,0.00797029,0.125777,0.309929,1,0,,0,0,0,0,0,0,0,0,103808,104555,0,232,0
1118478,1,0,7.15609e-005,0.00639054,0.113838,0.277255,1,0,,0,0,0,0,0,0,0,0,103808,104555,0,232,0
1118578,1,0,5.00926e-005,0.00512245,0.102967,0.256705,1,0,,0,0,0,0,0,0,0,0,103808,104555,0,232,0
1118678,1,0,3.50648e-005,0.00410498,0.0930804,0.280317,1,0,,0,0,0,0,0,0,0,0,103808,104555,0,232,0
1118778,1,0,2.45454e-005,0.00328889,0.0841013,0.288429,1,0,,0,0,0,0,0,0,0,0,103808,104555,0,232,0
1118878,1,0,1.71818e-005,0.00263455,0.0759546,0.274092,1,0,,0,0,0,0,0,0,0,0,103808,104555,0,232,0
1118978,1,0,1.20272e-005,0.00211004,0.0685701,0.306919,1,0,,0,0,0,0,0,0,0,0,103808,104555,0,232,0
1119078,1,0,8.41906e-006,0.00168972,0.0618821,0.26208,1,0,,0,0,0,0,0,0,0,0,103808,104555,0,232,0
1119178,1,0,5.89334e-006,0.00135295,0.0558292,0.324443,1,0,,0,0,0,0,0,0,0,0,103808,104555,0,232,0
1119278,1,0,4.12534e-006,0.00108319,0.0503546,0.283657,1,0,,0,0,0,0,0,0,0,0,103808,104555,0,232,0
1119378,1,0,2.88774e-006,0.000867128,0.0454058,0.295193,1,0,,0,0,0,0,0,0,0,0,103808,104555,0,232,0
1119478,1,10,3,0.600694,0.100935,0.305375,1,0,,0,0,0,0,0,0,0,0,103808,104555,0,232,0
1119578,1,0,2.1,0.900556,0.180897,0.279938,1,0,,0,0,0,0,0,0,0,0,103808,104555,0,232,0
1119678,1,0,1.47,1.01444,0.264252,0.272649,1,0,,0,0,0,0,0,0,0,0,103808,104555,0,232,0
1119778,1,0,1.029,1.01736,0.339562,0.258244,1,0,,0,0,0,0,0,0,0,0,103808,104555,0,232,0
1119878,1,0,0.7203,0.957945,0.4014,0.283293,1,0,,0,0,0,0,0,0,0,0,103808,104555,0,232,0
1119978,1,0,0.50421,0.867198,0.44798,0.293594,1,0,,0,0,0,0,0,0,0,0,103808,104555,0,232,0
1120078,1,0,0.352947,0.764348,0.479617,0.29128,1,0,,0,0,0,0,0,0,0,0,103808,104555,0,232,0
1120178,1,0,0.247063,0.660891,0.497744,0.336832,1,0,,0,0,0,0,0,0,0,0,103808,104555,0,232,0
1120278,1,0,0.172944,0.563302,0.5043,0.295095,1,0,,0,0,0,0,0,0,0,0,103808,104555,0,232,0
1120378,1,0,0.121061,0.474853,0.501355,0.259706,1,0,,0,0,0,0,0,0,0,0,103808,104555,0,232,0
1120478,1,0,0.0847426,0.396831,0.490903,0.267382,1,0,,0,0,0,0,0,0,0,0,103808,104555,0,232,0
1120578,1,0,0.0593198,0.329329,0.474745,0.297542,1,0,,0,0,0,0,0,0,0,0,103808,104555,0,232,0
1120678,1,0,0.0415239,0.271768,0.454448,0.299917,1,0,,0,0,0,0,0,0,0,0,103808,104555,0,232,0
1120778,1,0,0.0290667,0.223228,0.431326,0.327342,1,0,,0,0,0,0,0,0,0,0,103808,104555,0,232,0
1120878,1,0,0.0203467,0.182652,0.406458,0.278641,1,0,,0,0,0,0,0,0,0,0,103808,104555,0,232,0
1120978,1,0,0.0142427,0.14897,0.380709,0.278239,1,0,,0,0,0,0,0,0,0,0,103808,104555,0,232,0
1121078,1,0,0.00996988,0.12117,0.354755,0.288825,1,0,,0,0,0,0,0,0,0,0,103808,104555,0,232,0
1121178,1,0,0.00697892,0.0983316,0.329113,0.307002,1,0,,0,0,0,0,0,0,0,0,103808,104555,0,232,0
1121278,1,0,0.00488524,0.0796423,0.304166,0.282476,1,0,,0,0,0,0,0,0,0,0,103808,104555,0,232,0
1121378,1,0,0.00341967,0.0643978,0.280189,0.249001,1,0,,0,0,0,0,0,0,0,0,103808,104555,0,232,0
1121478,1,0,0.00239377,0.051997,0.25737,0.282251,1,0,,0,0,0,0,0,0,0,0,103808,104555,0,232,0
1121578,1,0,0.00167564,0.0419327,0.235826,0.268347,1,0,,0,0,0,0,0,0,0,0,103808,104555,0,232,0
1121678,1,0,0.00117295,0.0337808,0.215622,0.271659,1,0,,0,0,0,0,0,0,0,0,103808,104555,0,232,0
1121778,1,0,0.000821063,0.0271888,0.196778,0.281435,1,0,,0,0,0,0,0,0,0,0,103808,104555,0,232,0
1121878,1,0,0.000574744,0.021866,0.179287,0.280059,1,0,,0,0,0,0,0,0,0,0,103808,104555,0,232,0
1121978,1,0,0.000402321,0.0175733,0.163116,0.27552,1,0,,0,0,0,0,0,0,0,0,103808,104555,0,232,0
1122078,1,0,0.000281625,0.0141149,0.148216,0.285045,1,0,,0,0,0,0,0,0,0,0,103808,104555,0,232,0
1122178,1,0,0.000197137,0.0113314,0.134527,0.298269,1,0,,0,0,0,0,0,0,0,0,103808,104555,0,232,0
1122278,1,0,0.000137996,0.00909271,0.121984,0.316681,1,0,,0,0,0,0,0,0,0,0,103808,104555,0,232,0
1122378,1,0,9.65972e-005,0.00729349,0.110515,0.305107,1,0,,0,0,0,0,0,0,0,0,103808,104555,0,232,0
1122478,1,0,6.7618e-005,0.00584831,0.100048,0.281957,1,0,,0,0,0,0,0,0,0,0,103808,104555,0,232,0
1122578,1,0,4.73326e-005,0.00468812,0.0905121,0.274745,1,0,,0,0,0,0,0,0,0,0,103808,104555,0,232,0
1122678,1,0,3.31328e-005,0.00375712,0.0818366,0.289171,1,0,,0,0,0,0,0,0,0,0,103808,104555,0,232,0
1122778,1,0,2.3193e-005,0.00301033,0.0739539,0.290519,1,0,,0,0,0,0,0,0,0,0,103808,104555,0,232,0
1122878,1,0,1.62351e-005,0.00241151,0.0667997,0.284832,1,0,,0,0,0,0,0,0,0,0,103808,104555,0,232,0
1122978,1,0,1.13646e-005,0.00193148,0.0603129,0.288248,1,0,,0,0,0,0,0,0,0,0,103808,104555,0,232,0
1123078,1,0,7.95519e-006,0.00154678,0.0544363,0.336821,1,0,,0,0,0,0,0,0,0,0,103808,104555,0,232,0
1123178,1,0,5.56864e-006,0.00123854,0.0491165,0.302232,1,0,,0,0,0,0,0,0,0,0,103808,104555,0,232,0
1123278,1,0,3.89805e-006,0.000991609,0.044304,0.270621,1,0,,0,0,0,0,0,0,0,0,103808,104555,0,232,0
1123378,1,10,3,0.600794,0.099953,0.27458,1,0,,0,0,0,0,0,0,0,0,103808,104555,0,232,0
1123478,1,0,2.1,0.900635,0.180021,0.270316,1,0,,0,0,0,0,0,0,0,0,103808,104555,0,232,0
1123578,1,0,1.47,1.01451,0.26347,0.263891,1,0,,0,0,0,0,0,0,0,0,103808,104555,0,232,0
1123678,1,0,1.029,1.01741,0.338864,0.287404,1,0,,0,0,0,0,0,0,0,0,103808,104555,0,232,0
1123778,1,0,0.720301,0.957986,0.400776,0.301452,1,0,,0,0,0,0,0,0,0,0,103808,104555,0,232,0
1123878,1,0,0.50421,0.867231,0.447421,0.29589,1,0,,0,0,0,0,0,0,0,0,103808,104555,0,232,0
1123978,1,0,0.352947,0.764374,0.479117,0.317502,1,0,,0,0,0,0,0,0,0,0,103808,104555,0,232,0
1124078,1,0,0.247063,0.660912,0.497296,0.282152,1,0,,0,0,0,0,0,0,0,0,103808,104555,0,232,0
1124178,1,0,0.172944,0.563318,0.503898,0.287202,1,0,,0,0,0,0,0,0,0,0,103808,104555,0,232,0
1124278,1,0,0.121061,0.474867,0.500995,0.262264,1,0,,0,0,0,0,0,0,0,0,103808,104555,0,232,0
1124378,1,0,0.0847426,0.396842,0.49058,0.264325,1,0,,0,0,0,0,0,0,0,0,103808,104555,0,232,0
1124478,1,0,0.0593199,0.329338,0.474456,0.267313,1,0,,0,0,0,0,0,0,0,0,103808,104555,0,232,0
1124578,1,0,0.0415239,0.271775,0.454188,0.301989,1,0,,0,0,0,0,0,0,0,0,103808,104555,0,232,0
1124678,1,0,0.0290667,0.223233,0.431092,0.305976,1,0,,0,0,0,0,0,0,0,0,103808,104555,0,232,0
1124778,1,0,0.0203467,0.182656,0.406249,0.276726,1,0,,0,0,0,0,0,0,0,0,103808,104555,0,232,0
1124878,1,0,0.0142427,0.148973,0.380521,0.288575,1,0,,0,0,0,0,0,0,0,0,103808,104555,0,232,0
1124978,1,0,0.00996989,0.121173,0.354586,0.271,1,0,,0,0,0,0,0,0,0,0,103808,104555,0,232,0
1125078,1,0,0.00697892,0.0983339,0.328961,0.266124,1,0,,0,0,0,0,0,0,0,0,103808,104555,0,232,0
1125178,1,0,0.00488524,0.0796441,0.304029,0.311132,1,0,,0,0,0,0,0,0,0,0,103808,104555,0,232,0
1125278,1,0,0.00341967,0.0643992,0.280066,0.300859,1,0,,0,0,0,0,0,0,0,0,103808,104555,0,232,0
1125378,1,0,0.00239377,0.0519982,0.257259,0.251372,1,0,,0,0,0,0,0,0,0,0,103808,104555,0,232,0
1125478,1,0,0.00167564,0.0419337,0.235727,0.291624,1,0,,0,0,0,0,0,0,0,0,103808,104555,0,232,0
1125578,1,0,0.00117295,0.0337815,0.215532,0.253337,1,0,,0,0,0,0,0,0,0,0,103808,104555,0,232,0
1125678,1,0,0.000821063,0.0271894,0.196698,0.266873,1,0,,0,0,0,0,0,0,0,0,103808,104555,0,232,0
1125778,1,0,0.000574744,0.0218665,0.179215,0.320084,1,0,,0,0,0,0,0,0,0,0,103808,104555,0,232,0
1125878,1,0,0.000402321,0.0175737,0.163051,0.298783,1,0,,0,0,0,0,0,0,0,0,103808,104555,0,232,0
1125978,1,0,0.000281625,0.0141152,0.148157,0.270798,1,0,,0,0,0,0,0,0,0,0,103808,104555,0,232,0
1126078,1,0,0.000197137,0.0113316,0.134475,0.276398,1,0,,0,0,0,0,0,0,0,0,103808,104555,0,232,0
1126178,1,0,0.000137996,0.0090929,0.121936,0.270759,1,0,,0,0,0,0,0,0,0,0,103808,104555,0,232,0
1126278,1,0,9.65972e-005,0.00729364,0.110472,0.280358,1,0,,0,0,0,0,0,0,0,0,103808,104555,0,232,0
1126378,1,0,6.76181e-005,0.00584843,0.10001,0.272396,1,0,,0,0,0,0,0,0,0,0,103808,104555,0,232,0
1126478,1,0,4.73326e-005,0.00468821,0.0904776,0.255083,1,0,,0,0,0,0,0,0,0,0,103808,104555,0,232,0
1126578,1,0,3.31328e-005,0.0037572,0.0818056,0.283333,1,0,,0,0,0,0,0,0,0,0,103808,104555,0,232,0
1126678,1,0,2.3193e-005,0.0030104,0.0739261,0.246233,1,0,,0,0,0,0,0,0,0,0,103808,104555,0,232,0
1126778,1,0,1.62351e-005,0.00241157,0.0667746,0.266646,1,0,,0,0,0,0,0,0,0,0,103808,104555,0,232,0
1126878,1,0,1.13646e-005,0.00193152,0.0602903,0.285483,1,0,,0,0,0,0,0,0,0,0,103808,104555,0,232,0
1126978,1,0,7.9552e-006,0.00154681,0.0544159,0.28717,1,0,,0,0,0,0,0,0,0,0,103808,104555,0,232,0
1127078,1,0,5.56864e-006,0.00123856,0.0490982,0.26767,1,0,,0,0,0,0,0,0,0,0,103808,104555,0,232,0
1127178,1,0,3.89805e-006,0.00099163,0.0442875,0.318883,1,0,,0,0,0,0,0,0,0,0,103808,104555,0,232,0
1127278,1,0,2.72863e-006,0.00079385,0.0399382,0.285209,1,0,,0,0,0,0,0,0,0,0,103808,104555,0,232,0
1127378,1,11,3.3,0.660636,0.102008,0.295607,1,0,,0,0,0,0,0,0,0,0,103808,104555,0,232,0
1127478,1,0,2.31,0.990509,0.190858,0.274182,1,0,,0,0,0,0,0,0,0,0,103808,104555,0,232,0
1127578,1,0,1.617,1.11581,0.283353,0.322969,1,0,,0,0,0,0,0,0,0,0,103808,104555,0,232,0
1127678,1,0,1.1319,1.11903,0.36692,0.314254,1,0,,0,0,0,0,0,0,0,0,103808,104555,0,232,0
1127778,1,0,0.79233,1.05369,0.435597,0.292555,1,0,,0,0,0,0,0,0,0,0,103808,104555,0,232,0
1127878,1,0,0.554631,0.953876,0.487425,0.339491,1,0,,0,0,0,0,0,0,0,0,103808,104555,0,232,0
1127978,1,0,0.388242,0.840749,0.522757,0.306891,1,0,,0,0,0,0,0,0,0,0,103808,104555,0,232,0
1128078,1,0,0.271769,0.726953,0.543177,0.286079,1,0,,0,0,0,0,0,0,0,0,103808,104555,0,232,0
1128178,1,0,0.190239,0.61961,0.55082,0.294159,1,0,,0,0,0,0,0,0,0,0,103808,104555,0,232,0
1128278,1,0,0.133167,0.522322,0.54797,0.265859,1,0,,0,0,0,0,0,0,0,0,103808,104555,0,232,0
1128378,1,0,0.0932169,0.436501,0.536823,0.258222,1,0,,0,0,0,0,0,0,0,0,103808,104555,0,232,0
1128478,1,0,0.0652518,0.362251,0.519366,0.26681,1,0,,0,0,0,0,0,0,0,0,103808,104555,0,232,0
1128578,1,0,0.0456763,0.298936,0.497323,0.345398,1,0,,0,0,0,0,0,0,0,0,103808,104555,0,232,0
1128678,1,0,0.0319734,0.245543,0.472145,0.311035,1,0,,0,0,0,0,0,0,0,0,103808,104555,0,232,0
1128778,1,0,0.0223814,0.200911,0.445022,0.310319,1,0,,0,0,0,0,0,0,0,0,103808,104555,0,232,0
1128878,1,0,0.015667,0.163862,0.416906,0.357319,1,0,,0,0,0,0,0,0,0,0,103808,104555,0,232,0
1128978,1,0,0.0109669,0.133283,0.388543,0.286282,1,0,,0,0,0,0,0,0,0,0,103808,104555,0,232,0
1129078,1,0,0.00767681,0.108162,0.360505,0.278809,1,0,,0,0,0,0,0,0,0,0,103808,104555,0,232,0
1129178,1,0,0.00537377,0.0876043,0.333215,0.285296,1,0,,0,0,0,0,0,0,0,0,103808,104555,0,232,0
1129278,1,0,0.00376164,0.0708357,0.306977,0.287033,1,0,,0,0,0,0,0,0,0,0,103808,104555,0,232,0
1129378,1,0,0.00263315,0.0571952,0.281999,0.300784,1,0,,0,0,0,0,0,0,0,0,103808,104555,0,232,0
1129478,1,0,0.0018432,0.0461248,0.258412,0.314783,1,0,,0,0,0,0,0,0,0,0,103808,104555,0,232,0
1129578,1,0,0.00129024,0.0371579,0.236286,0.269583,1,0,,0,0,0,0,0,0,0,0,103808,104555,0,232,0
1129678,1,0,0.000903169,0.029907,0.215648,0.27542,1,0,,0,0,0,0,0,0,0,0,103808,104555,0,232,0
1129778,1,0,0.000632218,0.024052,0.196489,0.298608,1,0,,0,0,0,0,0,0,0,0,103808,104555,0,232,0
1129878,1,0,0.000442553,0.0193301,0.178773,0.292121,1,0,,0,0,0,0,0,0,0,0,103808,104555,0,232,0
1129978,1,0,0.000309787,0.0155261,0.162448,0.278892,1,0,,0,0,0,0,0,0,0,0,103808,104555,0,232,0
1130078,1,0,0.000216851,0.0124642,0.14745,0.330667,1,0,,0,0,0,0,0,0,0,0,103808,104555,0,232,0
1130178,1,0,0.000151796,0.0100017,0.133705,0.297253,1,0,,0,0,0,0,0,0,0,0,103808,104555,0,232,0
1130278,1,0,0.000106257,0.00802264,0.121137,0.272828,1,0,,0,0,0,0,0,0,0,0,103808,104555,0,232,0
1130378,1,0,7.43798e-005,0.00643298,0.109666,0.303605,1,0,,0,0,0,0,0,0,0,0,103808,104555,0,232,0
1130478,1,0,5.20659e-005,0.0051568,0.0992153,0.29653,1,0,,0,0,0,0,0,0,0,0,103808,104555,0,232,0
1130578,1,0,3.64461e-005,0.00413273,0.0897071,0.286767,1,0,,0,0,0,0,0,0,0,0,103808,104555,0,232,0
1130678,1,0,2.55123e-005,0.00331129,0.0810675,0.277429,1,0,,0,0,0,0,0,0,0,0,103808,104555,0,232,0
1130778,1,0,1.78586e-005,0.0026526,0.073226,0.30528,1,0,,0,0,0,0,0,0,0,0,103808,104555,0,232,0
1130878,1,0,1.2501e-005,0.00212458,0.0661159,0.288969,1,0,,0,0,0,0,0,0,0,0,103808,104555,0,232,0
1130978,1,0,8.75071e-006,0.00170141,0.0596744,0.293595,1,0,,0,0,0,0,0,0,0,0,103808,104555,0,232,0
1131078,1,0,6.1255e-006,0.00136236,0.0538432,0.296058,1,0,,0,0,0,0,0,0,0,0,103808,104555,0,232,0
1131178,1,0,4.28785e-006,0.00109074,0.048568,0.313958,1,0,,0,0,0,0,0,0,0,0,103808,104555,0,232,0
1131278,1,11,3.3,0.660873,0.109798,0.278768,1,0,,0,0,0,0,0,0,0,0,103808,104555,0,232,0
1131378,1,0,2.31,0.990699,0.197889,0.290504,1,0,,0,0,0,0,0,0,0,0,103808,104555,0,232,0
1131478,1,0,1.617,1.11596,0.289696,0.285843,1,0,,0,0,0,0,0,0,0,0,103808,104555,0,232,0
1131578,1,0,1.1319,1.11915,0.372641,0.29608,1,0,,0,0,0,0,0,0,0,0,103808,104555,0,232,0
1131678,1,0,0.792331,1.05378,0.440755,0.257605,1,0,,0,0,0,0,0,0,0,0,103808,104555,0,232,0
1131778,1,0,0.554632,0.953954,0.492075,0.30683,1,0,,0,0,0,0,0,0,0,0,103808,104555,0,232,0
1131878,1,0,0.388242,0.840812,0.526949,0.321904,1,0,,0,0,0,0,0,0,0,0,103808,104555,0,232,0
1131978,1,0,0.271769,0.727003,0.546954,0.303753,1,0,,0,0,0,0,0,0,0,0,103808,104555,0,232,0
1132078,1,0,0.190239,0.61965,0.554224,0.303614,1,0,,0,0,0,0,0,0,0,0,103808,104555,0,232,0
1132178,1,0,0.133167,0.522354,0.551037,0.293414,1,0,,0,0,0,0,0,0,0,0,103808,104555,0,232,0
1132278,1,0,0.0932169,0.436526,0.539586,0.291476,1,0,,0,0,0,0,0,0,0,0,103808,104555,0,232,0
1132378,1,0,0.0652518,0.362271,0.521854,0.296746,1,0,,0,0,0,0,0,0,0,0,103808,104555,0,232,0
1132478,1,0,0.0456763,0.298952,0.499564,0.333082,1,0,,0,0,0,0,0,0,0,0,103808,104555,0,232,0
1132578,1,0,0.0319734,0.245557,0.474163,0.327281,1,0,,0,0,0,0,0,0,0,0,103808,104555,0,232,0
1132678,1,0,0.0223814,0.200922,0.446839,0.276844,1,0,,0,0,0,0,0,0,0,0,103808,104555,0,232,0
1132778,1,0,0.015667,0.163871,0.418542,0.278829,1,0,,0,0,0,0,0,0,0,0,103808,104555,0,232,0
1132878,1,0,0.0109669,0.13329,0.390017,0.29583,1,0,,0,0,0,0,0,0,0,0,103808,104555,0,232,0
1132978,1,0,0.00767681,0.108167,0.361832,0.284132,1,0,,0,0,0,0,0,0,0,0,103808,104555,0,232,0
1133078,1,0,0.00537377,0.0876086,0.33441,0.310982,1,0,,0,0,0,0,0,0,0,0,103808,104555,0,232,0
1133178,1,0,0.00376164,0.0708392,0.308053,0.297219,1,0,,0,0,0,0,0,0,0,0,103808,104555,0,232,0
1133278,1,0,0.00263315,0.057198,0.282967,0.30353,1,0,,0,0,0,0,0,0,0,0,103808,104555,0,232,0
1133378,1,0,0.0018432,0.046127,0.259283,0.308568,1,0,,0,0,0,0,0,0,0,0,103808,104555,0,232,0
1133478,1,0,0.00129024,0.0371597,0.237071,0.323545,1,0,,0,0,0,0,0,0,0,0,103808,104555,0,232,0
1133578,1,0,0.000903169,0.0299084,0.216355,0.280597,1,0,,0,0,0,0,0,0,0,0,103808,104555,0,232,0
1133678,1,0,0.000632218,0.0240531,0.197124,0.269635,1,0,,0,0,0,0,0,0,0,0,103808,104555,0,232,0
1133778,1,0,0.000442553,0.019331,0.179345,0.292258,1,0,,0,0,0,0,0,0,0,0,103808,104555,0,232,0
1133878,1,0,0.000309787,0.0155268,0.162963,0.286447,1,0,,0,0,0,0,0,0,0,0,103808,104555,0,232,0
1133978,1,0,0.000216851,0.0124648,0.147913,0.295447,1,0,,0,0,0,0,0,0,0,0,103808,104555,0,232,0
1134078,1,0,0.000151796,0.0100022,0.134122,0.333084,1,0,,0,0,0,0,0,0,0,0,103808,104555,0,232,0
1134178,1,0,0.000106257,0.00802301,0.121512,0.283191,1,0,,0,0,0,0,0,0,0,0,103808,104555,0,232,0
1134278,1,0,7.43799e-005,0.00643328,0.110004,0.305718,1,0,,0,0,0,0,0,0,0,0,103808,104555,0,232,0
1134378,1,0,5.20659e-005,0.00515704,0.0995197,0.30818,1,0,,0,0,0,0,0,0,0,0,103808,104555,0,232,0
1134478,1,0,3.64461e-005,0.00413292,0.089981,0.307854,1,0,,0,0,0,0,0,0,0,0,103808,104555,0,232,0
1134578,1,0,2.55123e-005,0.00331144,0.081314,0.281427,1,0,,0,0,0,0,0,0,0,0,103808,104555,0,232,0
1134678,1,0,1.78586e-005,0.00265272,0.0734479,0.286165,1,0,,0,0,0,0,0,0,0,0,103808,104555,0,232,0
1134778,1,0,1.2501e-005,0.00212468,0.0663156,0.288977,1,0,,0,0,0,0,0,0,0,0,103808,104555,0,232,0
1134878,1,0,8.75072e-006,0.00170149,0.0598542,0.27564,1,0,,0,0,0,0,0,0,0,0,103808,104555,0,232,0
1134978,1,0,6.1255e-006,0.00136242,0.054005,0.300577,1,0,,0,0,0,0,0,0,0,0,103808,104555,0,232,0
1135078,1,0,4.28785e-006,0.00109079,0.0487136,0.303752,1,0,,0,0,0,0,0,0,0,0,103808,104555,0,232,0
1135178,1,0,3.0015e-006,0.000873235,0.0439295,0.279036,1,0,,0,0,0,0,0,0,0,0,103808,104555,0,232,0
1135278,1,10,3,0.600699,0.0996065,0.328595,1,0,,0,0,0,0,0,0,0,0,103808,104555,0,232,0
1135378,1,0,2.1,0.90056,0.179702,0.286157,1,0,,0,0,0,0,0,0,0,0,103808,104555,0,232,0
1135478,1,0,1.47,1.01445,0.263176,0.299706,1,0,,0,0,0,0,0,0,0,0,103808,104555,0,232,0
1135578,1,0,1.029,1.01736,0.338595,0.287481,1,0,,0,0,0,0,0,0,0,0,103808,104555,0,232,0
1135678,1,0,0.7203,0.957947,0.40053,0.28908,1,0,,0,0,0,0,0,0,0,0,103808,104555,0,232,0
1135778,1,0,0.50421,0.8672,0.447197,0.281069,1,0,,0,0,0,0,0,0,0,0,103808,104555,0,232,0
1135878,1,0,0.352947,0.764349,0.478912,0.30343,1,0,,0,0,0,0,0,0,0,0,103808,104555,0,232,0
1135978,1,0,0.247063,0.660892,0.49711,0.291209,1,0,,0,0,0,0,0,0,0,0,103808,104555,0,232,0
1136078,1,0,0.172944,0.563302,0.503729,0.29552,1,0,,0,0,0,0,0,0,0,0,103808,104555,0,232,0
1136178,1,0,0.121061,0.474854,0.500842,0.269183,1,0,,0,0,0,0,0,0,0,0,103808,104555,0,232,0
1136278,1,0,0.0847426,0.396832,0.490441,0.27327,1,0,,0,0,0,0,0,0,0,0,103808,104555,0,232,0
1136378,1,0,0.0593198,0.329329,0.47433,0.292232,1,0,,0,0,0,0,0,0,0,0,103808,104555,0,232,0
1136478,1,0,0.0415239,0.271768,0.454073,0.272194,1,0,,0,0,0,0,0,0,0,0,103808,104555,0,232,0
1136578,1,0,0.0290667,0.223228,0.430989,0.281067,1,0,,0,0,0,0,0,0,0,0,103808,104555,0,232,0
1136678,1,0,0.0203467,0.182652,0.406155,0.280928,1,0,,0,0,0,0,0,0,0,0,103808,104555,0,232,0
1136778,1,0,0.0142427,0.14897,0.380437,0.246628,1,0,,0,0,0,0,0,0,0,0,103808,104555,0,232,0
1136878,1,0,0.00996988,0.12117,0.35451,0.292454,1,0,,0,0,0,0,0,0,0,0,103808,104555,0,232,0
1136978,1,0,0.00697892,0.0983317,0.328892,0.308617,1,0,,0,0,0,0,0,0,0,0,103808,104555,0,232,0
1137078,1,0,0.00488524,0.0796424,0.303967,0.284503,1,0,,0,0,0,0,0,0,0,0,103808,104555,0,232,0
1137178,1,0,0.00341967,0.0643979,0.28001,0.284288,1,0,,0,0,0,0,0,0,0,0,103808,104555,0,232,0
1137278,1,0,0.00239377,0.0519971,0.257209,0.282113,1,0,,0,0,0,0,0,0,0,0,103808,104555,0,232,0
1137378,1,0,0.00167564,0.0419328,0.235681,0.275514,1,0,,0,0,0,0,0,0,0,0,103808,104555,0,232,0
1137478,1,0,0.00117295,0.0337808,0.215491,0.268467,1,0,,0,0,0,0,0,0,0,0,103808,104555,0,232,0
1137578,1,0,0.000821063,0.0271889,0.196661,0.283315,1,0,,0,0,0,0,0,0,0,0,103808,104555,0,232,0
1137678,1,0,0.000574744,0.021866,0.179181,0.25859,1,0,,0,0,0,0,0,0,0,0,103808,104555,0,232,0
1137778,1,0,0.000402321,0.0175733,0.163021,0.261329,1,0,,0,0,0,0,0,0,0,0,103808,104555,0,232,0
1137878,1,0,0.000281625,0.014115,0.14813,0.27228,1,0,,0,0,0,0,0,0,0,0,103808,104555,0,232,0
1137978,1,0,0.000197137,0.0113314,0.13445,0.292205,1,0,,0,0,0,0,0,0,0,0,103808,104555,0,232,0
1138078,1,0,0.000137996,0.00909272,0.121914,0.321003,1,0,,0,0,0,0,0,0,0,0,103808,104555,0,232,0
1138178,1,0,9.65972e-005,0.00729349,0.110452,0.268217,1,0,,0,0,0,0,0,0,0,0,103808,104555,0,232,0
1138278,1,0,6.7618e-005,0.00584832,0.0999919,0.267904,1,0,,0,0,0,0,0,0,0,0,103808,104555,0,232,0
1138378,1,0,4.73326e-005,0.00468812,0.0904616,0.279103,1,0,,0,0,0,0,0,0,0,0,103808,104555,0,232,0
1138478,1,0,3.31328e-005,0.00375712,0.0817911,0.272529,1,0,,0,0,0,0,0,0,0,0,103808,104555,0,232,0
1138578,1,0,2.3193e-005,0.00301034,0.073913,0.282354,1,0,,0,0,0,0,0,0,0,0,103808,104555,0,232,0
1138678,1,0,1.62351e-005,0.00241152,0.0667629,0.302029,1,0,,0,0,0,0,0,0,0,0,103808,104555,0,232,0
1138778,1,0,1.13646e-005,0.00193149,0.0602797,0.306503,1,0,,0,0,0,0,0,0,0,0,103808,104555,0,232,0
1138878,1,0,7.95519e-006,0.00154678,0.0544064,0.276028,1,0,,0,0,0,0,0,0,0,0,103808,104555,0,232,0
1138978,1,0,5.56864e-006,0.00123854,0.0490897,0.272418,1,0,,0,0,0,0,0,0,0,0,103808,104555,0,232,0
1139078,1,0,3.89805e-006,0.00099161,0.0442798,0.277791,1,0,,0,0,0,0,0,0,0,0,103808,104555,0,232,0
1139178,1,10,3,0.600794,0.0999312,0.3185,1,0,,0,0,0,0,0,0,0,0,103808,104555,0,232,0
1139278,1,0,2.1,0.900635,0.180002,0.3005,1,0,,0,0,0,0,0,0,0,0,103808,104555,0,232,0
1139378,1,0,1.47,1.01451,0.263452,0.315948,1,0,,0,0,0,0,0,0,0,0,103808,104555,0,232,0
1139478,1,0,1.029,1.01741,0.338848,0.269922,1,0,,0,0,0,0,0,0,0,0,103808,104555,0,232,0
1139578,1,0,0.720301,0.957986,0.400762,0.26644,1,0,,0,0,0,0,0,0,0,0,103808,104555,0,232,0
1139678,1,0,0.50421,0.867231,0.447408,0.274292,1,0,,0,0,0,0,0,0,0,0,103808,104555,0,232,0
1139778,1,0,0.352947,0.764374,0.479105,0.272166,1,0,,0,0,0,0,0,0,0,0,103808,104555,0,232,0
1139878,1,0,0.247063,0.660912,0.497286,0.285979,1,0,,0,0,0,0,0,0,0,0,103808,104555,0,232,0
1139978,1,0,0.172944,0.563318,0.503889,0.307456,1,0,,0,0,0,0,0,0,0,0,103808,104555,0,232,0
1140078,1,0,0.121061,0.474867,0.500987,0.271932,1,0,,0,0,0,0,0,0,0,0,103808,104555,0,232,0
1140178,1,0,0.0847426,0.396842,0.490572,0.280381,1,0,,0,0,0,0,0,0,0,0,103808,104555,0,232,0
1140278,1,0,0.0593199,0.329338,0.474449,0.294145,1,0,,0,0,0,0,0,0,0,0,103808,104555,0,232,0
1140378,1,0,0.0415239,0.271775,0.454181,0.294771,1,0,,0,0,0,0,0,0,0,0,103808,104555,0,232,0
1140478,1,0,0.0290667,0.223233,0.431087,0.28412,1,0,,0,0,0,0,0,0,0,0,103808,104555,0,232,0
1140578,1,0,0.0203467,0.182656,0.406244,0.309131,1,0,,0,0,0,0,0,0,0,0,103808,104555,0,232,0
1140678,1,0,0.0142427,0.148973,0.380516,0.300293,1,0,,0,0,0,0,0,0,0,0,103808,104555,0,232,0
1140778,1,0,0.00996989,0.121173,0.354582,0.276467,1,0,,0,0,0,0,0,0,0,0,103808,104555,0,232,0
1140878,1,0,0.00697892,0.0983339,0.328957,0.277442,1,0,,0,0,0,0,0,0,0,0,103808,104555,0,232,0
1140978,1,0,0.00488524,0.0796441,0.304026,0.313567,1,0,,0,0,0,0,0,0,0,0,103808,104555,0,232,0
1141078,1,0,0.00341967,0.0643992,0.280063,0.293505,1,0,,0,0,0,0,0,0,0,0,103808,104555,0,232,0
1141178,1,0,0.00239377,0.0519982,0.257257,0.307543,1,0,,0,0,0,0,0,0,0,0,103808,104555,0,232,0
1141278,1,0,0.00167564,0.0419337,0.235724,0.311255,1,0,,0,0,0,0,0,0,0,0,103808,104555,0,232,0
1141378,1,0,0.00117295,0.0337815,0.21553,0.279569,1,0,,0,0,0,0,0,0,0,0,103808,104555,0,232,0
1141478,1,0,0.000821063,0.0271894,0.196696,0.278758,1,0,,0,0,0,0,0,0,0,0,103808,104555,0,232,0
1141578,1,0,0.000574744,0.0218665,0.179213,0.286433,1,0,,0,0,0,0,0,0,0,0,103808,104555,0,232,0
1141678,1,0,0.000402321,0.0175737,0.163049,0.287696,1,0,,0,0,0,0,0,0,0,0,103808,104555,0,232,0
1141778,1,0,0.000281625,0.0141152,0.148156,0.310159,1,0,,0,0,0,0,0,0,0,0,103808,104555,0,232,0
1141878,1,0,0.000197137,0.0113316,0.134473,0.299322,1,0,,0,0,0,0,0,0,0,0,103808,104555,0,232,0
1141978,1,0,0.000137996,0.0090929,0.121935,0.312236,1,0,,0,0,0,0,0,0,0,0,103808,104555,0,232,0
1142078,1,0,9.65972e-005,0.00729364,0.110471,0.284773,1,0,,0,0,0,0,0,0,0,0,103808,104555,0,232,0
1142178,1,0,6.76181e-005,0.00584843,0.100009,0.288623,1,0,,0,0,0,0,0,0,0,0,103808,104555,0,232,0
1142278,1,0,4.73326e-005,0.00468821,0.0904768,0.318074,1,0,,0,0,0,0,0,0,0,0,103808,104555,0,232,0
1142378,1,0,3.31328e-005,0.0037572,0.0818048,0.297399,1,0,,0,0,0,0,0,0,0,0,103808,104555,0,232,0
1142478,1,0,2.3193e-005,0.0030104,0.0739254,0.324324,1,0,,0,0,0,0,0,0,0,0,103808,104555,0,232,0
1142578,1,0,1.62351e-005,0.00241157,0.066774,0.303484,1,0,,0,0,0,0,0,0,0,0,103808,104555,0,232,0
1142678,1,0,1.13646e-005,0.00193152,0.0602897,0.287147,1,0,,0,0,0,0,0,0,0,0,103808,104555,0,232,0
1142778,1,0,7.9552e-006,0.00154681,0.0544154,0.258557,1,0,,0,0,0,0,0,0,0,0,103808,104555,0,232,0
1142878,1,0,5.56864e-006,0.00123856,0.0490977,0.283258,1,0,,0,0,0,0,0,0,0,0,103808,104555,0,232,0
1142978,1,0,3.89805e-006,0.00099163,0.0442871,0.32816,1,0,,0,0,0,0,0,0,0,0,103808,104555,0,232,0
1143078,1,0,2.72863e-006,0.00079385,0.0399378,0.301297,1,0,,0,0,0,0,0,0,0,0,103808,104555,0,232,0
1143178,1,11,3.3,0.660636,0.102008,0.286462,1,0,,0,0,0,0,0,0,0,0,103808,104555,0,232,0
1143278,1,0,2.31,0.990509,0.190858,0.268051,1,0,,0,0,0,0,0,0,0,0,103808,104555,0,232,0
1143378,1,0,1.617,1.11581,0.283353,0.334551,1,0,,0,0,0,0,0,0,0,0,103808,104555,0,232,0
1143478,1,0,1.1319,1.11903,0.36692,0.273124,1,0,,0,0,0,0,0,0,0,0,103808,104555,0,232,0
1143578,1,0,0.79233,1.05369,0.435597,0.30675,1,0,,0,0,0,0,0,0,0,0,103808,104555,0,232,0
1143678,1,0,0.554631,0.953876,0.487425,0.288024,1,0,,0,0,0,0,0,0,0,0,103808,104555,0,232,0
1143778,1,0,0.388242,0.840749,0.522757,0.279412,1,0,,0,0,0,0,0,0,0,0,103808,104555,0,232,0
1143878,1,0,0.271769,0.726953,0.543177,0.312036,1,0,,0,0,0,0,0,0,0,0,103808,104555,0,232,0
1143978,1,0,0.190239,0.61961,0.55082,0.28615,1,0,,0,0,0,0,0,0,0,0,103808,104555,0,232,0
1144078,1,0,0.133167,0.522322,0.54797,0.293462,1,0,,0,0,0,0,0,0,0,0,103808,104555,0,232,0
1144178,1,0,0.0932169,0.436501,0.536823,0.292774,1,0,,0,0,0,0,0,0,0,0,103808,104555,0,232,0
1144278,1,0,0.0652518,0.362251,0.519366,0.344299,1,0,,0,0,0,0,0,0,0,0,103808,104555,0,232,0
1144378,1,0,0.0456763,0.298936,0.497323,0.30184,1,0,,0,0,0,0,0,0,0,0,103808,104555,0,232,0
1144478,1,0,0.0319734,0.245543,0.472145,0.279204,1,0,,0,0,0,0,0,0,0,0,103808,104555,0,232,0
1144578,1,0,0.0223814,0.200911,0.445022,0.287804,1,0,,0,0,0,0,0,0,0,0,103808,104555,0,232,0
1144678,1,0,0.015667,0.163862,0.416906,0.299817,1,0,,0,0,0,0,0,0,0,0,103808,104555,0,232,0
1144778,1,0,0.0109669,0.133283,0.388543,0.308404,1,0,,0,0,0,0,0,0,0,0,103808,104555,0,232,0
1144878,1,0,0.00767681,0.108162,0.360505,0.285069,1,0,,0,0,0,0,0,0,0,0,103808,104555,0,232,0
1144978,1,0,0.00537377,0.0876043,0.333215,0.324177,1,0,,0,0,0,0,0,0,0,0,103808,104555,0,232,0
1145078,1,0,0.00376164,0.0708357,0.306977,0.308901,1,0,,0,0,0,0,0,0,0,0,103808,104555,0,232,0
1145178,1,0,0.00263315,0.0571952,0.281999,0.314613,1,0,,0,0,0,0,0,0,0,0,103808,104555,0,232,0
1145278,1,0,0.0018432,0.0461248,0.258411,0.285525,1,0,,0,0,0,0,0,0,0,0,103808,104555,0,232,0
1145378,1,0,0.00129024,0.0371579,0.236286,0.309738,1,0,,0,0,0,0,0,0,0,0,103808,104555,0,232,0
1145478,1,0,0.000903169,0.029907,0.215648,0.288251,1,0,,0,0,0,0,0,0,0,0,103808,104555,0,232,0
1145578,1,0,0.000632218,0.024052,0.196489,0.285102,1,0,,0,0,0,0,0,0,0,0,103808,104555,0,232,0
1145678,1,0,0.000442553,0.0193301,0.178773,0.296262,1,0,,0,0,0,0,0,0,0,0,103808,104555,0,232,0
1145778,1,0,0.000309787,0.0155261,0.162448,0.264249,1,0,,0,0,0,0,0,0,0,0,103808,104555,0,232,0
1145878,1,0,0.000216851,0.0124642,0.14745,0.263973,1,0,,0,0,0,0,0,0,0,0,103808,104555,0,232,0
1145978,1,0,0.000151796,0.0100017,0.133705,0.273348,1,0,,0,0,0,0,0,0,0,0,103808,104555,0,232,0
1146078,1,0,0.000106257,0.00802264,0.121137,0.262409,1,0,,0,0,0,0,0,0,0,0,103808,104555,0,232,0
1146178,1,0,7.43798e-005,0.00643298,0.109666,0.268136,1,0,,0,0,0,0,0,0,0,0,103808,104555,0,232,0
1146278,1,0,5.20659e-005,0.0051568,0.0992153,0.256438,1,0,,0,0,0,0,0,0,0,0,103808,104555,0,232,0
1146378,1,0,3.64461e-005,0.00413273,0.089707,0.281661,1,0,,0,0,0,0,0,0,0,0,103808,104555,0,232,0
1146478,1,0,2.55123e-005,0.00331129,0.0810675,0.277697,1,0,,0,0,0,0,0,0,0,0,103808,104555,0,232,0
1146578,1,0,1.78586e-005,0.0026526,0.073226,0.338673,1,0,,0,0,0,0,0,0,0,0,103808,104555,0,232,0
1146678,1,0,1.2501e-005,0.00212458,0.0661158,0.276874,1,0,,0,0,0,0,0,0,0,0,103808,104555,0,232,0
1146778,1,0,8.75071e-006,0.00170141,0.0596744,0.295371,1,0,,0,0,0,0,0,0,0,0,103808,104555,0,232,0
1146878,1,0,6.1255e-006,0.00136236,0.0538432,0.290396,1,0,,0,0,0,0,0,0,0,0,103808,104555,0,232,0
1146978,1,0,4.28785e-006,0.00109074,0.0485679,0.259606,1,0,,0,0,0,0,0,0,0,0,103808,104555,0,232,0
1147078,1,10,3,0.600873,0.103798,0.296218,1,0,,0,0,0,0,0,0,0,0,103808,104555,0,232,0
1147178,1,0,2.1,0.900699,0.183489,0.306755,1,0,,0,0,0,0,0,0,0,0,103808,104555,0,232,0
1147278,1,0,1.47,1.01456,0.266596,0.325245,1,0,,0,0,0,0,0,0,0,0,103808,104555,0,232,0
1147378,1,0,1.029,1.01745,0.341681,0.266207,1,0,,0,0,0,0,0,0,0,0,103808,104555,0,232,0
1147478,1,0,0.720301,0.958018,0.403315,0.287493,1,0,,0,0,0,0,0,0,0,0,103808,104555,0,232,0
1147578,1,0,0.50421,0.867257,0.449709,0.296757,1,0,,0,0,0,0,0,0,0,0,103808,104555,0,232,0
1147678,1,0,0.352947,0.764395,0.481177,0.291881,1,0,,0,0,0,0,0,0,0,0,103808,104555,0,232,0
1147778,1,0,0.247063,0.660929,0.499152,0.288991,1,0,,0,0,0,0,0,0,0,0,103808,104555,0,232,0
1147878,1,0,0.172944,0.563332,0.50557,0.290703,1,0,,0,0,0,0,0,0,0,0,103808,104555,0,232,0
1147978,1,0,0.121061,0.474878,0.502501,0.30698,1,0,,0,0,0,0,0,0,0,0,103808,104555,0,232,0
1148078,1,0,0.0847427,0.396851,0.491936,0.292019,1,0,,0,0,0,0,0,0,0,0,103808,104555,0,232,0
1148178,1,0,0.0593199,0.329344,0.475677,0.306869,1,0,,0,0,0,0,0,0,0,0,103808,104555,0,232,0
1148278,1,0,0.0415239,0.27178,0.455287,0.289408,1,0,,0,0,0,0,0,0,0,0,103808,104555,0,232,0
1148378,1,0,0.0290667,0.223238,0.432082,0.286319,1,0,,0,0,0,0,0,0,0,0,103808,104555,0,232,0
1148478,1,0,0.0203467,0.182659,0.40714,0.282744,1,0,,0,0,0,0,0,0,0,0,103808,104555,0,232,0
1148578,1,0,0.0142427,0.148976,0.381324,0.271109,1,0,,0,0,0,0,0,0,0,0,103808,104555,0,232,0
1148678,1,0,0.00996989,0.121175,0.355309,0.270609,1,0,,0,0,0,0,0,0,0,0,103808,104555,0,232,0
1148778,1,0,0.00697892,0.0983357,0.329611,0.31232,1,0,,0,0,0,0,0,0,0,0,103808,104555,0,232,0
1148878,1,0,0.00488524,0.0796456,0.304615,0.290796,1,0,,0,0,0,0,0,0,0,0,103808,104555,0,232,0
1148978,1,0,0.00341967,0.0644004,0.280593,0.28051,1,0,,0,0,0,0,0,0,0,0,103808,104555,0,232,0
1149078,1,0,0.00239377,0.0519991,0.257734,0.286285,1,0,,0,0,0,0,0,0,0,0,103808,104555,0,232,0
1149178,1,0,0.00167564,0.0419344,0.236154,0.270546,1,0,,0,0,0,0,0,0,0,0,103808,104555,0,232,0
1149278,1,0,0.00117295,0.0337821,0.215917,0.309835,1,0,,0,0,0,0,0,0,0,0,103808,104555,0,232,0
1149378,1,0,0.000821063,0.0271899,0.197044,0.275772,1,0,,0,0,0,0,0,0,0,0,103808,104555,0,232,0
1149478,1,0,0.000574744,0.0218669,0.179526,0.273234,1,0,,0,0,0,0,0,0,0,0,103808,104555,0,232,0
1149578,1,0,0.000402321,0.017574,0.163331,0.283171,1,0,,0,0,0,0,0,0,0,0,103808,104555,0,232,0
1149678,1,0,0.000281625,0.0141155,0.14841,0.259021,1,0,,0,0,0,0,0,0,0,0,103808,104555,0,232,0
1149778,1,0,0.000197137,0.0113318,0.134702,0.256014,1,0,,0,0,0,0,0,0,0,0,103808,104555,0,232,0
1149878,1,0,0.000137996,0.00909305,0.122141,0.256815,1,0,,0,0,0,0,0,0,0,0,103808,104555,0,232,0
1149978,1,0,9.65972e-005,0.00729376,0.110656,0.268254,1,0,,0,0,0,0,0,0,0,0,103808,104555,0,232,0
1150078,1,0,6.76181e-005,0.00584853,0.100175,0.315505,1,0,,0,0,0,0,0,0,0,0,103808,104555,0,232,0
1150178,1,0,4.73326e-005,0.00468829,0.0906267,0.268257,1,0,,0,0,0,0,0,0,0,0,103808,104555,0,232,0
1150278,1,0,3.31328e-005,0.00375726,0.0819398,0.295858,1,0,,0,0,0,0,0,0,0,0,103808,104555,0,232,0
1150378,1,0,2.3193e-005,0.00301045,0.0740468,0.289285,1,0,,0,0,0,0,0,0,0,0,103808,104555,0,232,0
1150478,1,0,1.62351e-005,0.00241161,0.0668833,0.297797,1,0,,0,0,0,0,0,0,0,0,103808,104555,0,232,0
1150578,1,0,1.13646e-005,0.00193156,0.0603881,0.278995,1,0,,0,0,0,0,0,0,0,0,103808,104555,0,232,0
1150678,1,0,7.9552e-006,0.00154684,0.054504,0.293996,1,0,,0,0,0,0,0,0,0,0,103808,104555,0,232,0
1150778,1,0,5.56864e-006,0.00123858,0.0491775,0.272834,1,0,,0,0,0,0,0,0,0,0,103808,104555,0,232,0
1150878,1,0,3.89805e-006,0.000991646,0.0443589,0.260121,1,0,,0,0,0,0,0,0,0,0,103808,104555,0,232,0
1150978,1,0,2.72863e-006,0.000793863,0.0400024,0.29682,1,0,,0,0,0,0,0,0,0,0,103808,104555,0,232,0
1151078,1,11,3.3,0.660636,0.102066,0.281494,1,0,,0,0,0,0,0,0,0,0,103808,104555,0,232,0
1151178,1,0,2.31,0.990509,0.19091,0.292869,1,0,,0,0,0,0,0,0,0,0,103808,104555,0,232,0
1151278,1,0,1.617,1.11581,0.2834,0.307796,1,0,,0,0,0,0,0,0,0,0,103808,104555,0,232,0
1151378,1,0,1.1319,1.11903,0.366962,0.291831,1,0,,0,0,0,0,0,0,0,0,103808,104555,0,232,0
1151478,1,0,0.79233,1.05369,0.435635,0.283493,1,0,,0,0,0,0,0,0,0,0,103808,104555,0,232,0
1151578,1,0,0.554631,0.953876,0.487459,0.274893,1,0,,0,0,0,0,0,0,0,0,103808,104555,0,232,0
1151678,1,0,0.388242,0.840749,0.522788,0.300531,1,0,,0,0,0,0,0,0,0,0,103808,104555,0,232,0
1151778,1,0,0.271769,0.726953,0.543204,0.320782,1,0,,0,0,0,0,0,0,0,0,103808,104555,0,232,0
1151878,1,0,0.190239,0.61961,0.550845,0.29742,1,0,,0,0,0,0,0,0,0,0,103808,104555,0,232,0
1151978,1,0,0.133167,0.522322,0.547993,0.309545,1,0,,0,0,0,0,0,0,0,0,103808,104555,0,232,0
1152078,1,0,0.0932169,0.436501,0.536843,0.302859,1,0,,0,0,0,0,0,0,0,0,103808,104555,0,232,0
1152178,1,0,0.0652518,0.362251,0.519384,0.282368,1,0,,0,0,0,0,0,0,0,0,103808,104555,0,232,0
1152278,1,0,0.0456763,0.298936,0.497339,0.273456,1,0,,0,0,0,0,0,0,0,0,103808,104555,0,232,0
1152378,1,0,0.0319734,0.245543,0.47216,0.302369,1,0,,0,0,0,0,0,0,0,0,103808,104555,0,232,0
1152478,1,0,0.0223814,0.200911,0.445035,0.310969,1,0,,0,0,0,0,0,0,0,0,103808,104555,0,232,0
1152578,1,0,0.015667,0.163862,0.416918,0.271232,1,0,,0,0,0,0,0,0,0,0,103808,104555,0,232,0
1152678,1,0,0.0109669,0.133283,0.388554,0.286206,1,0,,0,0,0,0,0,0,0,0,103808,104555,0,232,0
1152778,1,0,0.00767681,0.108162,0.360515,0.276492,1,0,,0,0,0,0,0,0,0,0,103808,104555,0,232,0
1152878,1,0,0.00537377,0.0876043,0.333224,0.298205,1,0,,0,0,0,0,0,0,0,0,103808,104555,0,232,0
1152978,1,0,0.00376164,0.0708357,0.306985,0.314408,1,0,,0,0,0,0,0,0,0,0,103808,104555,0,232,0
1153078,1,0,0.00263315,0.0571952,0.282006,0.305959,1,0,,0,0,0,0,0,0,0,0,103808,104555,0,232,0
1153178,1,0,0.0018432,0.0461248,0.258418,0.205284,1,0,,0,0,0,0,0,0,0,0,103808,104555,0,232,0
1153278,1,0,0.00129024,0.0371579,0.236292,0.309724,1,0,,0,0,0,0,0,0,0,0,103808,104555,0,232,0
1153378,1,0,0.000903169,0.029907,0.215653,0.318914,1,0,,0,0,0,0,0,0,0,0,103808,104555,0,232,0
1153478,1,0,0.000632218,0.024052,0.196493,0.277252,1,0,,0,0,0,0,0,0,0,0,103808,104555,0,232,0
1153578,1,0,0.000442553,0.0193301,0.178777,0.310425,1,0,,0,0,0,0,0,0,0,0,103808,104555,0,232,0
1153678,1,0,0.000309787,0.0155261,0.162452,0.277337,1,0,,0,0,0,0,0,0,0,0,103808,104555,0,232,0
1153778,1,0,0.000216851,0.0124642,0.147453,0.312447,1,0,,0,0,0,0,0,0,0,0,103808,104555,0,232,0
1153878,1,0,0.000151796,0.0100017,0.133708,0.269537,1,0,,0,0,0,0,0,0,0,0,103808,104555,0,232,0
1153978,1,0,0.000106257,0.00802264,0.121139,0.283556,1,0,,0,0,0,0,0,0,0,0,103808,104555,0,232,0
1154078,1,0,7.43798e-005,0.00643298,0.109669,0.325245,1,0,,0,0,0,0,0,0,0,0,103808,104555,0,232,0
1154178,1,0,5.20659e-005,0.0051568,0.0992175,0.322996,1,0,,0,0,0,0,0,0,0,0,103808,104555,0,232,0
1154278,1,0,3.64461e-005,0.00413273,0.0897091,0.282782,1,0,,0,0,0,0,0,0,0,0,103808,104555,0,232,0
1154378,1,0,2.55123e-005,0.00331129,0.0810693,0.309906,1,0,,0,0,0,0,0,0,0,0,103808,104555,0,232,0
1154478,1,0,1.78586e-005,0.0026526,0.0732276,0.319781,1,0,,0,0,0,0,0,0,0,0,103808,104555,0,232,0
1154578,1,0,1.2501e-005,0.00212458,0.0661173,0.34503,1,0,,0,0,0,0,0,0,0,0,103808,104555,0,232,0
1154678,1,0,8.75071e-006,0.00170141,0.0596757,0.28512,1,0,,0,0,0,0,0,0,0,0,103808,104555,0,232,0
1154778,1,0,6.1255e-006,0.00136236,0.0538444,0.28086,1,0,,0,0,0,0,0,0,0,0,103808,104555,0,232,0
1154878,1,0,4.28785e-006,0.00109074,0.048569,0.297409,1,0,,0,0,0,0,0,0,0,0,103808,104555,0,232,0
1154978,1,10,3,0.600873,0.103799,0.262859,1,0,,0,0,0,0,0,0,0,0,103808,104555,0,232,0
1155078,1,0,2.1,0.900699,0.183489,0.260885,1,0,,0,0,0,0,0,0,0,0,103808,104555,0,232,0
1155178,1,0,1.47,1.01456,0.266596,0.286495,1,0,,0,0,0,0,0,0,0,0,103808,104555,0,232,0
1155278,1,0,1.029,1.01745,0.341682,0.284657,1,0,,0,0,0,0,0,0,0,0,103808,104555,0,232,0
1155378,1,0,0.720301,0.958018,0.403315,0.282834,1,0,,0,0,0,0,0,0,0,0,103808,104555,0,232,0
1155478,1,0,0.50421,0.867257,0.449709,0.292784,1,0,,0,0,0,0,0,0,0,0,103808,104555,0,232,0
1155578,1,0,0.352947,0.764395,0.481178,0.269647,1,0,,0,0,0,0,0,0,0,0,103808,104555,0,232,0
1155678,1,0,0.247063,0.660929,0.499153,0.292371,1,0,,0,0,0,0,0,0,0,0,103808,104555,0,232,0
1155778,1,0,0.172944,0.563332,0.505571,0.316546,1,0,,0,0,0,0,0,0,0,0,103808,104555,0,232,0
1155878,1,0,0.121061,0.474878,0.502501,0.298547,1,0,,0,0,0,0,0,0,0,0,103808,104555,0,232,0
1155978,1,0,0.0847427,0.396851,0.491936,0.290735,1,0,,0,0,0,0,0,0,0,0,103808,104555,0,232,0
1156078,1,0,0.0593199,0.329344,0.475677,0.304872,1,0,,0,0,0,0,0,0,0,0,103808,104555,0,232,0
1156178,1,0,0.0415239,0.27178,0.455288,0.301183,1,0,,0,0,0,0,0,0,0,0,103808,104555,0,232,0
1156278,1,0,0.0290667,0.223238,0.432083,0.282811,1,0,,0,0,0,0,0,0,0,0,103808,104555,0,232,0
1156378,1,0,0.0203467,0.182659,0.40714,0.318472,1,0,,0,0,0,0,0,0,0,0,103808,104555,0,232,0
1156478,1,0,0.0142427,0.148976,0.381324,0.281447,1,0,,0,0,0,0,0,0,0,0,103808,104555,0,232,0
1156578,1,0,0.00996989,0.121175,0.355309,0.290372,1,0,,0,0,0,0,0,0,0,0,103808,104555,0,232,0
1156678,1,0,0.00697892,0.0983357,0.329612,0.335221,1,0,,0,0,0,0,0,0,0,0,103808,104555,0,232,0
1156778,1,0,0.00488524,0.0796456,0.304615,0.302883,1,0,,0,0,0,0,0,0,0,0,103808,104555,0,232,0
1156878,1,0,0.00341967,0.0644004,0.280593,0.292595,1,0,,0,0,0,0,0,0,0,0,103808,104555,0,232,0
1156978,1,0,0.00239377,0.0519991,0.257734,0.270101,1,0,,0,0,0,0,0,0,0,0,103808,104555,0,232,0
1157078,1,0,0.00167564,0.0419344,0.236154,0.271386,1,0,,0,0,0,0,0,0,0,0,103808,104555,0,232,0
1157178,1,0,0.00117295,0.0337821,0.215917,0.269738,1,0,,0,0,0,0,0,0,0,0,103808,104555,0,232,0
1157278,1,0,0.000821063,0.0271899,0.197044,0.273926,1,0,,0,0,0,0,0,0,0,0,103808,104555,0,232,0
1157378,1,0,0.000574744,0.0218669,0.179526,0.300212,1,0,,0,0,0,0,0,0,0,0,103808,104555,0,232,0
1157478,1,0,0.000402321,0.017574,0.163331,0.309311,1,0,,0,0,0,0,0,0,0,0,103808,104555,0,232,0
1157578,1,0,0.000281625,0.0141155,0.14841,0.277042,1,0,,0,0,0,0,0,0,0,0,103808,104555,0,232,0
1157678,1,0,0.000197137,0.0113318,0.134702,0.272042,1,0,,0,0,0,0,0,0,0,0,103808,104555,0,232,0
1157778,1,0,0.000137996,0.00909305,0.122141,0.286555,1,0,,0,0,0,0,0,0,0,0,103808,104555,0,232,0
1157878,1,0,9.65972e-005,0.00729376,0.110656,0.285006,1,0,,0,0,0,0,0,0,0,0,103808,104555,0,232,0
1157978,1,0,6.76181e-005,0.00584853,0.100175,0.309443,1,0,,0,0,0,0,0,0,0,0,103808,104555,0,232,0
1158078,1,0,4.73326e-005,0.00468829,0.0906267,0.309606,1,0,,0,0,0,0,0,0,0,0,103808,104555,0,232,0
1158178,1,0,3.31328e-005,0.00375726,0.0819398,0.273569,1,0,,0,0,0,0,0,0,0,0,103808,104555,0,232,0
1158278,1,0,2.3193e-005,0.00301045,0.0740468,0.288906,1,0,,0,0,0,0,0,0,0,0,103808,104555,0,232,0
1158378,1,0,1.62351e-005,0.00241161,0.0668833,0.304718,1,0,,0,0,0,0,0,0,0,0,103808,104555,0,232,0
1158478,1,0,1.13646e-005,0.00193156,0.0603881,0.281803,1,0,,0,0,0,0,0,0,0,0,103808,104555,0,232,0
1158578,1,0,7.9552e-006,0.00154684,0.054504,0.314553,1,0,,0,0,0,0,0,0,0,0,103808,104555,0,232,0
1158678,1,0,5.56864e-006,0.00123858,0.0491775,0.269304,1,0,,0,0,0,0,0,0,0,0,103808,104555,0,232,0
1158778,1,0,3.89805e-006,0.000991646,0.0443589,0.250152,1,0,,0,0,0,0,0,0,0,0,103808,104555,0,232,0
1158878,1,0,2.72863e-006,0.000793863,0.0400024,0.291527,1,0,,0,0,0,0,0,0,0,0,103808,104555,0,232,0
1158978,1,11,3.3,0.660636,0.102066,0.292323,1,0,,0,0,0,0,0,0,0,0,103808,104555,0,232,0
1159078,1,0,2.31,0.990509,0.19091,0.280799,1,0,,0,0,0,0,0,0,0,0,103808,104555,0,232,0
1159178,1,0,1.617,1.11581,0.2834,0.299136,1,0,,0,0,0,0,0,0,0,0,103808,104555,0,232,0
1159278,1,0,1.1319,1.11903,0.366962,0.297274,1,0,,0,0,0,0,0,0,0,0,103808,104555,0,232,0
1159378,1,0,0.79233,1.05369,0.435635,0.308519,1,0,,0,0,0,0,0,0,0,0,103808,104555,0,232,0
1159478,1,0,0.554631,0.953876,0.487459,0.278805,1,0,,0,0,0,0,0,0,0,0,103808,104555,0,232,0
1159578,1,0,0.388242,0.840749,0.522788,0.311054,1,0,,0,0,0,0,0,0,0,0,103808,104555,0,232,0
1159678,1,0,0.271769,0.726953,0.543204,0.317967,1,0,,0,0,0,0,0,0,0,0,103808,104555,0,232,0
1159778,1,0,0.190239,0.61961,0.550845,0.294528,1,0,,0,0,0,0,0,0,0,0,103808,104555,0,232,0
1159878,1,0,0.133167,0.522322,0.547993,0.281827,1,0,,0,0,0,0,0,0,0,0,103808,104555,0,232,0
1159978,1,0,0.0932169,0.436501,0.536843,0.281614,1,0,,0,0,0,0,0,0,0,0,103808,104555,0,232,0
1160078,1,0,0.0652518,0.362251,0.519384,0.282265,1,0,,0,0,0,0,0,0,0,0,103808,104555,0,232,0
1160178,1,0,0.0456763,0.298936,0.497339,0.296289,1,0,,0,0,0,0,0,0,0,0,103808,104555,0,232,0
1160278,1,0,0.0319734,0.245543,0.47216,0.292539,1,0,,0,0,0,0,0,0,0,0,103808,104555,0,232,0
1160378,1,0,0.0223814,0.200911,0.445035,0.295712,1,0,,0,0,0,0,0,0,0,0,103808,104555,0,232,0
1160478,1,0,0.015667,0.163862,0.416918,0.267073,1,0,,0,0,0,0,0,0,0,0,103808,104555,0,232,0
1160578,1,0,0.0109669,0.133283,0.388554,0.283897,1,0,,0,0,0,0,0,0,0,0,103808,104555,0,232,0
1160678,1,0,0.00767681,0.108162,0.360515,0.277724,1,0,,0,0,0,0,0,0,0,0,103808,104555,0,232,0
1160778,1,0,0.00537377,0.0876043,0.333224,0.271084,1,0,,0,0,0,0,0,0,0,0,103808,104555,0,232,0
1160878,1,0,0.00376164,0.0708357,0.306985,0.283471,1,0,,0,0,0,0,0,0,0,0,103808,104555,0,232,0
1160978,1,0,0.00263315,0.0571952,0.282006,0.278233,1,0,,0,0,0,0,0,0,0,0,103808,104555,0,232,0
1161078,1,0,0.0018432,0.0461248,0.258418,0.287671,1,0,,0,0,0,0,0,0,0,0,103808,104555,0,232,0
1161178,1,0,0.00129024,0.0371579,0.236292,0.280849,1,0,,0,0,0,0,0,0,0,0,103808,104555,0,232,0
1161278,1,0,0.000903169,0.029907,0.215653,0.26435,1,0,,0,0,0,0,0,0,0,0,103808,104555,0,232,0
1161378,1,0,0.000632218,0.024052,0.196493,0.311214,1,0,,0,0,0,0,0,0,0,0,103808,104555,0,232,0
1161478,1,0,0.000442553,0.0193301,0.178777,0.276065,1,0,,0,0,0,0,0,0,0,0,103808,104555,0,232,0
1161578,1,0,0.000309787,0.0155261,0.162452,0.283765,1,0,,0,0,0,0,0,0,0,0,103808,104555,0,232,0
1161678,1,0,0.000216851,0.0124642,0.147453,0.285942,1,0,,0,0,0,0,0,0,0,0,103808,104555,0,232,0
1161778,1,0,0.000151796,0.0100017,0.133708,0.285678,1,0,,0,0,0,0,0,0,0,0,103808,104555,0,232,0
1161878,1,0,0.000106257,0.00802264,0.121139,0.272741,1,0,,0,0,0,0,0,0,0,0,103808,104555,0,232,0
1161978,1,0,7.43798e-005,0.00643298,0.109669,0.277103,1,0,,0,0,0,0,0,0,0,0,103808,104555,0,232,0
1162078,1,0,5.20659e-005,0.0051568,0.0992175,0.243476,1,0,,0,0,0,0,0,0,0,0,103808,104555,0,232,0
1162178,1,0,3.64461e-005,0.00413273,0.0897091,0.262665,1,0,,0,0,0,0,0,0,0,0,103808,104555,0,232,0
1162278,1,0,2.55123e-005,0.00331129,0.0810693,0.297742,1,0,,0,0,0,0,0,0,0,0,103808,104555,0,232,0
1162378,1,0,1.78586e-005,0.0026526,0.0732276,0.29668,1,0,,0,0,0,0,0,0,0,0,103808,104555,0,232,0
1162478,1,0,1.2501e-005,0.00212458,0.0661173,0.270258,1,0,,0,0,0,0,0,0,0,0,103808,104555,0,232,0
1162578,1,0,8.75071e-006,0.00170141,0.0596757,0.261796,1,0,,0,0,0,0,0,0,0,0,103808,104555,0,232,0
1162678,1,0,6.1255e-006,0.00136236,0.0538444,0.257685,1,0,,0,0,0,0,0,0,0,0,103808,104555,0,232,0
1162778,1,0,4.28785e-006,0.00109074,0.048569,0.277123,1,0,,0,0,0,0,0,0,0,0,103808,104555,0,232,0
1162878,1,10,3,0.600873,0.103799,0.270229,1,0,,0,0,0,0,0,0,0,0,103808,104555,0,232,0
1162978,1,0,2.1,0.900699,0.183489,0.278138,1,0,,0,0,0,0,0,0,0,0,103808,104555,0,232,0
1163078,1,0,1.47,1.01456,0.266596,0.277977,1,0,,0,0,0,0,0,0,0,0,103808,104555,0,232,0
1163178,1,0,1.029,1.01745,0.341682,0.255952,1,0,,0,0,0,0,0,0,0,0,103808,104555,0,232,0
1163278,1,0,0.720301,0.958018,0.403315,0.289301,1,0,,0,0,0,0,0,0,0,0,103808,104555,0,232,0
1163378,1,0,0.50421,0.867257,0.449709,0.276575,1,0,,0,0,0,0,0,0,0,0,103808,104555,0,232,0
1163478,1,0,0.352947,0.764395,0.481178,0.269401,1,0,,0,0,0,0,0,0,0,0,103808,104555,0,232,0
1163578,1,0,0.247063,0.660929,0.499153,0.267863,1,0,,0,0,0,0,0,0,0,0,103808,104555,0,232,0
1163678,1,0,0.172944,0.563332,0.505571,0.262725,1,0,,0,0,0,0,0,0,0,0,103808,104555,0,232,0
1163778,1,0,0.121061,0.474878,0.502501,0.302861,1,0,,0,0,0,0,0,0,0,0,103808,104555,0,232,0
1163878,1,0,0.0847427,0.396851,0.491936,0.239885,1,0,,0,0,0,0,0,0,0,0,103808,104555,0,232,0
1163978,1,0,0.0593199,0.329344,0.475677,0.323258,1,0,,0,0,0,0,0,0,0,0,103808,104555,0,232,0
1164078,1,0,0.0415239,0.27178,0.455288,0.289309,1,0,,0,0,0,0,0,0,0,0,103808,104555,0,232,0
1164178,1,0,0.0290667,0.223238,0.432083,0.258733,1,0,,0,0,0,0,0,0,0,0,103808,104555,0,232,0
1164278,1,0,0.0203467,0.182659,0.40714,0.271558,1,0,,0,0,0,0,0,0,0,0,103808,104555,0,232,0
1164378,1,0,0.0142427,0.148976,0.381324,0.255983,1,0,,0,0,0,0,0,0,0,0,103808,104555,0,232,0
1164478,1,0,0.00996989,0.121175,0.355309,0.271408,1,0,,0,0,0,0,0,0,0,0,103808,104555,0,232,0
1164578,1,0,0.00697892,0.0983357,0.329612,0.274484,1,0,,0,0,0,0,0,0,0,0,103808,104555,0,232,0
1164678,1,0,0.00488524,0.0796456,0.304615,0.295095,1,0,,0,0,0,0,0,0,0,0,103808,104555,0,232,0
1164778,1,0,0.00341967,0.0644004,0.280593,0.278103,1,0,,0,0,0,0,0,0,0,0,103808,104555,0,232,0
1164878,1,0,0.00239377,0.0519991,0.257734,0.269352,1,0,,0,0,0,0,0,0,0,0,103808,104555,0,232,0
1164978,1,0,0.00167564,0.0419344,0.236154,0.268589,1,0,,0,0,0,0,0,0,0,0,103808,104555,0,232,0
1165078,1,0,0.00117295,0.0337821,0.215917,0.288013,1,0,,0,0,0,0,0,0,0,0,103808,104555,0,232,0
1165178,1,0,0.000821063,0.0271899,0.197044,0.283451,1,0,,0,0,0,0,0,0,0,0,103808,104555,0,232,0
1165278,1,0,0.000574744,0.0218669,0.179526,0.287951,1,0,,0,0,0,0,0,0,0,0,103808,104555,0,232,0
1165378,1,0,0.000402321,0.017574,0.163331,0.296065,1,0,,0,0,0,0,0,0,0,0,103808,104555,0,232,0
1165478,1,0,0.000281625,0.0141155,0.14841,0.278028,1,0,,0,0,0,0,0,0,0,0,103808,104555,0,232,0
1165578,1,0,0.000197137,0.0113318,0.134702,0.276126,1,0,,0,0,0,0,0,0,0,0,103808,104555,0,232,0
1165678,1,0,0.000137996,0.00909305,0.122141,0.273364,1,0,,0,0,0,0,0,0,0,0,103808,104555,0,232,0
1165778,1,0,9.65972e-005,0.00729376,0.110656,0.246351,1,0,,0,0,0,0,0,0,0,0,103808,104555,0,232,0
1165878,1,0,6.76181e-005,0.00584853,0.100175,0.279877,1,0,,0,0,0,0,0,0,0,0,103808,104555,0,232,0
1165978,1,0,4.73326e-005,0.00468829,0.0906267,0.270884,1,0,,0,0,0,0,0,0,0,0,103808,104555,0,232,0
1166078,1,0,3.31328e-005,0.00375726,0.0819398,0.258131,1,0,,0,0,0,0,0,0,0,0,103808,104555,0,232,0
1166178,1,0,2.3193e-005,0.00301045,0.0740468,0.253281,1,0,,0,0,0,0,0,0,0,0,103808,104555,0,232,0
1166278,1,0,1.62351e-005,0.00241161,0.0668833,0.27927,1,0,,0,0,0,0,0,0,0,0,103808,104555,0,232,0
1166378,1,0,1.13646e-005,0.00193156,0.0603881,0.286006,1,0,,0,0,0,0,0,0,0,0,103808,104555,0,232,0
1166478,1,0,7.9552e-006,0.00154684,0.054504,0.298345,1,0,,0,0,0,0,0,0,0,0,103808,104555,0,232,0
1166578,1,0,5.56864e-006,0.00123858,0.0491775,0.268557,1,0,,0,0,0,0,0,0,0,0,103808,104555,0,232,0
1166678,1,0,3.89805e-006,0.000991646,0.0443589,0.282869,1,0,,0,0,0,0,0,0,0,0,103808,104555,0,232,0
1166778,1,0,2.72863e-006,0.000793863,0.0400024,0.295579,1,0,,0,0,0,0,0,0,0,0,103808,104555,0,232,0
1166878,1,10,3,0.600635,0.0960657,0.269303,1,0,,0,0,0,0,0,0,0,0,103808,104555,0,232,0
1166978,1,0,2.1,0.900509,0.17651,0.278153,1,0,,0,0,0,0,0,0,0,0,103808,104555,0,232,0
1167078,1,0,1.47,1.01441,0.2603,0.295454,1,0,,0,0,0,0,0,0,0,0,103808,104555,0,232,0
1167178,1,0,1.029,1.01733,0.336002,0.281815,1,0,,0,0,0,0,0,0,0,0,103808,104555,0,232,0
1167278,1,0,0.7203,0.957921,0.398194,0.267489,1,0,,0,0,0,0,0,0,0,0,103808,104555,0,232,0
1167378,1,0,0.50421,0.867179,0.445093,0.279399,1,0,,0,0,0,0,0,0,0,0,103808,104555,0,232,0
1167478,1,0,0.352947,0.764332,0.477017,0.303123,1,0,,0,0,0,0,0,0,0,0,103808,104555,0,232,0
1167578,1,0,0.247063,0.660878,0.495403,0.273486,1,0,,0,0,0,0,0,0,0,0,103808,104555,0,232,0
1167678,1,0,0.172944,0.563292,0.502192,0.27705,1,0,,0,0,0,0,0,0,0,0,103808,104555,0,232,0
1167778,1,0,0.121061,0.474845,0.499457,0.314237,1,0,,0,0,0,0,0,0,0,0,103808,104555,0,232,0
1167878,1,0,0.0847426,0.396825,0.489194,0.304997,1,0,,0,0,0,0,0,0,0,0,103808,104555,0,232,0
1167978,1,0,0.0593198,0.329324,0.473207,0.333935,1,0,,0,0,0,0,0,0,0,0,103808,104555,0,232,0
1168078,1,0,0.0415239,0.271764,0.453063,0.271072,1,0,,0,0,0,0,0,0,0,0,103808,104555,0,232,0
1168178,1,0,0.0290667,0.223224,0.430079,0.283383,1,0,,0,0,0,0,0,0,0,0,103808,104555,0,232,0
1168278,1,0,0.0203467,0.182649,0.405336,0.248469,1,0,,0,0,0,0,0,0,0,0,103808,104555,0,232,0
1168378,1,0,0.0142427,0.148968,0.379699,0.282513,1,0,,0,0,0,0,0,0,0,0,103808,104555,0,232,0
1168478,1,0,0.00996988,0.121168,0.353846,0.288275,1,0,,0,0,0,0,0,0,0,0,103808,104555,0,232,0
1168578,1,0,0.00697892,0.0983303,0.328294,0.265439,1,0,,0,0,0,0,0,0,0,0,103808,104555,0,232,0
1168678,1,0,0.00488524,0.0796413,0.303429,0.277563,1,0,,0,0,0,0,0,0,0,0,103808,104555,0,232,0
1168778,1,0,0.00341967,0.0643969,0.279526,0.268937,1,0,,0,0,0,0,0,0,0,0,103808,104555,0,232,0
1168878,1,0,0.00239377,0.0519963,0.256773,0.262025,1,0,,0,0,0,0,0,0,0,0,103808,104555,0,232,0
1168978,1,0,0.00167564,0.0419322,0.235289,0.297649,1,0,,0,0,0,0,0,0,0,0,103808,104555,0,232,0
1169078,1,0,0.00117295,0.0337803,0.215138,0.309649,1,0,,0,0,0,0,0,0,0,0,103808,104555,0,232,0
1169178,1,0,0.000821063,0.0271885,0.196343,0.299601,1,0,,0,0,0,0,0,0,0,0,103808,104555,0,232,0
1169278,1,0,0.000574744,0.0218657,0.178895,0.293938,1,0,,0,0,0,0,0,0,0,0,103808,104555,0,232,0
1169378,1,0,0.000402321,0.0175731,0.162763,0.318701,1,0,,0,0,0,0,0,0,0,0,103808,104555,0,232,0
1169478,1,0,0.000281625,0.0141148,0.147898,0.282263,1,0,,0,0,0,0,0,0,0,0,103808,104555,0,232,0
1169578,1,0,0.000197137,0.0113312,0.134241,0.285645,1,0,,0,0,0,0,0,0,0,0,103808,104555,0,232,0
1169678,1,0,0.000137996,0.00909259,0.121727,0.277946,1,0,,0,0,0,0,0,0,0,0,103808,104555,0,232,0
1169778,1,0,9.65972e-005,0.00729339,0.110283,0.289273,1,0,,0,0,0,0,0,0,0,0,103808,104555,0,232,0
1169878,1,0,6.7618e-005,0.00584824,0.0998398,0.276472,1,0,,0,0,0,0,0,0,0,0,103808,104555,0,232,0
1169978,1,0,4.73326e-005,0.00468806,0.0903246,0.278059,1,0,,0,0,0,0,0,0,0,0,103808,104555,0,232,0
1170078,1,0,3.31328e-005,0.00375707,0.0816678,0.30072,1,0,,0,0,0,0,0,0,0,0,103808,104555,0,232,0
1170178,1,0,2.3193e-005,0.0030103,0.0738021,0.300276,1,0,,0,0,0,0,0,0,0,0,103808,104555,0,232,0
1170278,1,0,1.62351e-005,0.00241148,0.066663,0.269877,1,0,,0,0,0,0,0,0,0,0,103808,104555,0,232,0
1170378,1,0,1.13646e-005,0.00193146,0.0601899,0.293678,1,0,,0,0,0,0,0,0,0,0,103808,104555,0,232,0
1170478,1,0,7.95519e-006,0.00154676,0.0543256,0.270115,1,0,,0,0,0,0,0,0,0,0,103808,104555,0,232,0
1170578,1,0,5.56864e-006,0.00123852,0.0490169,0.303377,1,0,,0,0,0,0,0,0,0,0,103808,104555,0,232,0
1170678,1,0,3.89805e-006,0.000991596,0.0442143,0.309991,1,0,,0,0,0,0,0,0,0,0,103808,104555,0,232,0
1170778,1,11,3.3,0.660794,0.105872,0.284761,1,0,,0,0,0,0,0,0,0,0,103808,104555,0,232,0
1170878,1,0,2.31,0.990635,0.194349,0.283199,1,0,,0,0,0,0,0,0,0,0,103808,104555,0,232,0
1170978,1,0,1.617,1.11591,0.286505,0.323512,1,0,,0,0,0,0,0,0,0,0,103808,104555,0,232,0
1171078,1,0,1.1319,1.11911,0.369765,0.268773,1,0,,0,0,0,0,0,0,0,0,103808,104555,0,232,0
1171178,1,0,0.792331,1.05375,0.438164,0.274048,1,0,,0,0,0,0,0,0,0,0,103808,104555,0,232,0
1171278,1,0,0.554631,0.953928,0.48974,0.313784,1,0,,0,0,0,0,0,0,0,0,103808,104555,0,232,0
1171378,1,0,0.388242,0.840791,0.524845,0.278399,1,0,,0,0,0,0,0,0,0,0,103808,104555,0,232,0
1171478,1,0,0.271769,0.726986,0.545059,0.277411,1,0,,0,0,0,0,0,0,0,0,103808,104555,0,232,0
1171578,1,0,0.190239,0.619637,0.552517,0.313511,1,0,,0,0,0,0,0,0,0,0,103808,104555,0,232,0
1171678,1,0,0.133167,0.522343,0.5495,0.286059,1,0,,0,0,0,0,0,0,0,0,103808,104555,0,232,0
1171778,1,0,0.0932169,0.436518,0.538201,0.332546,1,0,,0,0,0,0,0,0,0,0,103808,104555,0,232,0
1171878,1,0,0.0652518,0.362265,0.520608,0.277421,1,0,,0,0,0,0,0,0,0,0,103808,104555,0,232,0
1171978,1,0,0.0456763,0.298947,0.498442,0.304169,1,0,,0,0,0,0,0,0,0,0,103808,104555,0,232,0
1172078,1,0,0.0319734,0.245552,0.473153,0.258983,1,0,,0,0,0,0,0,0,0,0,103808,104555,0,232,0
1172178,1,0,0.0223814,0.200918,0.445929,0.270494,1,0,,0,0,0,0,0,0,0,0,103808,104555,0,232,0
1172278,1,0,0.015667,0.163868,0.417723,0.301055,1,0,,0,0,0,0,0,0,0,0,103808,104555,0,232,0
1172378,1,0,0.0109669,0.133288,0.389279,0.255706,1,0,,0,0,0,0,0,0,0,0,103808,104555,0,232,0
1172478,1,0,0.00767681,0.108165,0.361168,0.252294,1,0,,0,0,0,0,0,0,0,0,103808,104555,0,232,0
1172578,1,0,0.00537377,0.0876071,0.333812,0.289594,1,0,,0,0,0,0,0,0,0,0,103808,104555,0,232,0
1172678,1,0,0.00376164,0.070838,0.307515,0.28932,1,0,,0,0,0,0,0,0,0,0,103808,104555,0,232,0
1172778,1,0,0.00263315,0.0571971,0.282483,0.28021,1,0,,0,0,0,0,0,0,0,0,103808,104555,0,232,0
1172878,1,0,0.0018432,0.0461263,0.258847,0.266271,1,0,,0,0,0,0,0,0,0,0,103808,104555,0,232,0
1172978,1,0,0.00129024,0.0371591,0.236678,0.282232,1,0,,0,0,0,0,0,0,0,0,103808,104555,0,232,0
1173078,1,0,0.000903169,0.0299079,0.216001,0.285682,1,0,,0,0,0,0,0,0,0,0,103808,104555,0,232,0
1173178,1,0,0.000632218,0.0240528,0.196806,0.268979,1,0,,0,0,0,0,0,0,0,0,103808,104555,0,232,0
1173278,1,0,0.000442553,0.0193307,0.179059,0.281755,1,0,,0,0,0,0,0,0,0,0,103808,104555,0,232,0
1173378,1,0,0.000309787,0.0155265,0.162706,0.272492,1,0,,0,0,0,0,0,0,0,0,103808,104555,0,232,0
1173478,1,0,0.000216851,0.0124646,0.147681,0.30959,1,0,,0,0,0,0,0,0,0,0,103808,104555,0,232,0
1173578,1,0,0.000151796,0.010002,0.133914,0.305065,1,0,,0,0,0,0,0,0,0,0,103808,104555,0,232,0
1173678,1,0,0.000106257,0.00802288,0.121324,0.315553,1,0,,0,0,0,0,0,0,0,0,103808,104555,0,232,0
1173778,1,0,7.43799e-005,0.00643318,0.109835,0.305507,1,0,,0,0,0,0,0,0,0,0,103808,104555,0,232,0
1173878,1,0,5.20659e-005,0.00515696,0.0993675,0.291497,1,0,,0,0,0,0,0,0,0,0,103808,104555,0,232,0
1173978,1,0,3.64461e-005,0.00413286,0.089844,0.260496,1,0,,0,0,0,0,0,0,0,0,103808,104555,0,232,0
1174078,1,0,2.55123e-005,0.00331139,0.0811908,0.27527,1,0,,0,0,0,0,0,0,0,0,103808,104555,0,232,0
1174178,1,0,1.78586e-005,0.00265268,0.073337,0.123568,1,0,,0,0,0,0,0,0,0,0,103808,104555,0,232,0
1174278,1,0,1.2501e-005,0.00212465,0.0662157,0.29187,1,0,,0,0,0,0,0,0,0,0,103808,104555,0,232,0
1174378,1,0,8.75072e-006,0.00170147,0.0597643,0.269834,1,0,,0,0,0,0,0,0,0,0,103808,104555,0,232,0
1174478,1,0,6.1255e-006,0.0013624,0.0539241,0.284634,1,0,,0,0,0,0,0,0,0,0,103808,104555,0,232,0
1174578,1,0,4.28785e-006,0.00109078,0.0486408,0.303335,1,0,,0,0,0,0,0,0,0,0,103808,104555,0,232,0
1174678,1,0,3.0015e-006,0.000873221,0.043864,0.266046,1,0,,0,0,0,0,0,0,0,0,103808,104555,0,232,0
1174778,1,10,3,0.600699,0.0995475,0.264745,1,0,,0,0,0,0,0,0,0,0,103808,104555,0,232,0
1174878,1,0,2.1,0.90056,0.179649,0.29482,1,0,,0,0,0,0,0,0,0,0,103808,104555,0,232,0
1174978,1,0,1.47,1.01445,0.263129,0.298545,1,0,,0,0,0,0,0,0,0,0,103808,104555,0,232,0
1175078,1,0,1.029,1.01736,0.338552,0.269532,1,0,,0,0,0,0,0,0,0,0,103808,104555,0,232,0
1175178,1,0,0.7203,0.957947,0.400491,0.290708,1,0,,0,0,0,0,0,0,0,0,103808,104555,0,232,0
1175278,1,1,0.80421,0.9272,0.453162,0.270869,1,0,,0,0,0,0,0,0,0,0,103808,104555,0,232,0
1175378,1,0,0.562947,0.854349,0.493281,0.294519,1,0,,0,0,0,0,0,0,0,0,103808,104555,0,232,0
1175478,1,0,0.394063,0.762292,0.520182,0.308319,1,0,,0,0,0,0,0,0,0,0,103808,104555,0,232,0
1175578,1,0,0.275844,0.665002,0.534664,0.260551,1,0,,0,0,0,0,0,0,0,0,103808,104555,0,232,0
1175678,1,0,0.193091,0.57062,0.538259,0.336938,1,0,,0,0,0,0,0,0,0,0,103808,104555,0,232,0
1175778,1,0,0.135164,0.483529,0.532786,0.27765,1,0,,0,0,0,0,0,0,0,0,103808,104555,0,232,0
1175878,1,0,0.0946145,0.405746,0.520082,0.277263,1,0,,0,0,0,0,0,0,0,0,103808,104555,0,232,0
1175978,1,0,0.0662302,0.337843,0.501858,0.337765,1,0,,0,0,0,0,0,0,0,0,103808,104555,0,232,0
1176078,1,0,0.0463611,0.279546,0.479627,0.25929,1,0,,0,0,0,0,0,0,0,0,103808,104555,0,232,0
1176178,1,0,0.0324528,0.230128,0.454677,0.270612,1,0,,0,0,0,0,0,0,0,0,103808,104555,0,232,0
1176278,1,0,0.0227169,0.188646,0.428074,0.265663,1,0,,0,0,0,0,0,0,0,0,103808,104555,0,232,0
1176378,1,0,0.0159019,0.154097,0.400676,0.263901,1,0,,0,0,0,0,0,0,0,0,103808,104555,0,232,0
1176478,1,0,0.0111313,0.125504,0.373159,0.266602,1,0,,0,0,0,0,0,0,0,0,103808,104555,0,232,0
1176578,1,0,0.00779191,0.101961,0.346039,0.28009,1,0,,0,0,0,0,0,0,0,0,103808,104555,0,232,0
1176678,1,0,0.00545434,0.08266,0.319701,0.278953,1,0,,0,0,0,0,0,0,0,0,103808,104555,0,232,0
1176778,1,0,0.00381804,0.0668916,0.29442,0.28099,1,0,,0,0,0,0,0,0,0,0,103808,104555,0,232,0
1176878,1,0,0.00267263,0.0540478,0.270383,0.302204,1,0,,0,0,0,0,0,0,0,0,103808,104555,0,232,0
1176978,1,0,0.00187084,0.0436124,0.247706,0.277418,1,0,,0,0,0,0,0,0,0,0,103808,104555,0,232,0
1177078,1,0,0.00130959,0.0351518,0.226451,0.280782,1,0,,0,0,0,0,0,0,0,0,103808,104555,0,232,0
1177178,1,0,0.000916711,0.0283048,0.206636,0.298208,1,0,,0,0,0,0,0,0,0,0,103808,104555,0,232,0
1177278,1,0,0.000641697,0.0227722,0.18825,0.265309,1,0,,0,0,0,0,0,0,0,0,103808,104555,0,232,0
1177378,1,0,0.000449188,0.0183076,0.171255,0.27117,1,0,,0,0,0,0,0,0,0,0,103808,104555,0,232,0
1177478,1,0,0.000314432,0.014709,0.155601,0.277419,1,0,,0,0,0,0,0,0,0,0,103808,104555,0,232,0
1177578,1,0,0.000220102,0.0118112,0.141222,0.283691,1,0,,0,0,0,0,0,0,0,0,103808,104555,0,232,0
1177678,1,0,0.000154072,0.00947977,0.128048,0.274278,1,0,,0,0,0,0,0,0,0,0,103808,104555,0,232,0
1177778,1,0,0.00010785,0.00760538,0.116003,0.252476,1,0,,0,0,0,0,0,0,0,0,103808,104555,0,232,0
1177878,1,0,7.54951e-005,0.00609941,0.105013,0.275339,1,0,,0,0,0,0,0,0,0,0,103808,104555,0,232,0
1177978,1,0,5.28465e-005,0.00489009,0.0950007,0.282225,1,0,,0,0,0,0,0,0,0,0,103808,104555,0,232,0
1178078,1,0,3.69926e-005,0.00391947,0.0858926,0.298349,1,0,,0,0,0,0,0,0,0,0,103808,104555,0,232,0
1178178,1,0,2.58948e-005,0.00314076,0.0776174,0.319502,1,0,,0,0,0,0,0,0,0,0,103808,104555,0,232,0
1178278,1,0,1.81264e-005,0.00251623,0.0701073,0.25969,1,0,,0,0,0,0,0,0,0,0,103808,104555,0,232,0
1178378,1,0,1.26885e-005,0.00201552,0.0632981,0.263465,1,0,,0,0,0,0,0,0,0,0,103808,104555,0,232,0
1178478,1,0,8.88192e-006,0.00161419,0.0571297,0.27404,1,0,,0,0,0,0,0,0,0,0,103808,104555,0,232,0
1178578,1,0,6.21734e-006,0.0012926,0.051546,0.25774,1,0,,0,0,0,0,0,0,0,0,103808,104555,0,232,0
1178678,1,10,3,0.601035,0.106495,0.316602,1,0,,0,0,0,0,0,0,0,0,103808,104555,0,232,0
1178778,1,0,2.1,0.900829,0.185928,0.291176,1,0,,0,0,0,0,0,0,0,0,103808,104555,0,232,0
1178878,1,0,1.47,1.01466,0.268802,0.251563,1,0,,0,0,0,0,0,0,0,0,103808,104555,0,232,0
1178978,1,0,1.029,1.01753,0.343675,0.281039,1,0,,0,0,0,0,0,0,0,0,103808,104555,0,232,0
1179078,1,0,0.720301,0.958085,0.405116,0.287189,1,0,,0,0,0,0,0,0,0,0,103808,104555,0,232,0
1179178,1,0,0.504211,0.86731,0.451335,0.276791,1,0,,0,0,0,0,0,0,0,0,103808,104555,0,232,0
1179278,1,0,0.352948,0.764438,0.482645,0.332367,1,0,,0,0,0,0,0,0,0,0,103808,104555,0,232,0
1179378,1,0,0.247063,0.660963,0.500477,0.324105,1,0,,0,0,0,0,0,0,0,0,103808,104555,0,232,0
1179478,1,0,0.172944,0.563359,0.506765,0.278854,1,0,,0,0,0,0,0,0,0,0,103808,104555,0,232,0
1179578,1,0,0.121061,0.474899,0.503579,0.263267,1,0,,0,0,0,0,0,0,0,0,103808,104555,0,232,0
1179678,1,0,0.0847427,0.396868,0.492908,0.296682,1,0,,0,0,0,0,0,0,0,0,103808,104555,0,232,0
1179778,1,0,0.0593199,0.329358,0.476553,0.281119,1,0,,0,0,0,0,0,0,0,0,103808,104555,0,232,0
1179878,1,0,0.0415239,0.271792,0.456077,0.266258,1,0,,0,0,0,0,0,0,0,0,103808,104555,0,232,0
1179978,1,0,0.0290667,0.223247,0.432794,0.280184,1,0,,0,0,0,0,0,0,0,0,103808,104555,0,232,0
1180078,1,0,0.0203467,0.182667,0.407781,0.308195,1,0,,0,0,0,0,0,0,0,0,103808,104555,0,232,0
1180178,1,0,0.0142427,0.148982,0.381901,0.253531,1,0,,0,0,0,0,0,0,0,0,103808,104555,0,232,0
1180278,1,0,0.00996989,0.121179,0.355829,0.284581,1,0,,0,0,0,0,0,0,0,0,103808,104555,0,232,0
1180378,1,0,0.00697892,0.0983393,0.33008,0.294071,1,0,,0,0,0,0,0,0,0,0,103808,104555,0,232,0
1180478,1,0,0.00488525,0.0796485,0.305037,0.271197,1,0,,0,0,0,0,0,0,0,0,103808,104555,0,232,0
1180578,1,0,0.00341967,0.0644028,0.280973,0.245757,1,0,,0,0,0,0,0,0,0,0,103808,104555,0,232,0
1180678,1,0,0.00239377,0.052001,0.258076,0.277706,1,0,,0,0,0,0,0,0,0,0,103808,104555,0,232,0
1180778,1,0,0.00167564,0.0419359,0.236462,0.288069,1,0,,0,0,0,0,0,0,0,0,103808,104555,0,232,0
1180878,1,0,0.00117295,0.0337833,0.216194,0.307481,1,0,,0,0,0,0,0,0,0,0,103808,104555,0,232,0
1180978,1,0,0.000821063,0.0271909,0.197294,0.284835,1,0,,0,0,0,0,0,0,0,0,103808,104555,0,232,0
1181078,1,0,0.000574744,0.0218676,0.179751,0.322722,1,0,,0,0,0,0,0,0,0,0,103808,104555,0,232,0
1181178,1,0,0.000402321,0.0175746,0.163534,0.318745,1,0,,0,0,0,0,0,0,0,0,103808,104555,0,232,0
1181278,1,0,0.000281625,0.014116,0.148592,0.27457,1,0,,0,0,0,0,0,0,0,0,103808,104555,0,232,0
1181378,1,0,0.000197137,0.0113322,0.134866,0.302648,1,0,,0,0,0,0,0,0,0,0,103808,104555,0,232,0
1181478,1,0,0.000137996,0.00909337,0.122289,0.315372,1,0,,0,0,0,0,0,0,0,0,103808,104555,0,232,0
1181578,1,0,9.65973e-005,0.00729402,0.110789,0.267186,1,0,,0,0,0,0,0,0,0,0,103808,104555,0,232,0
1181678,1,0,6.76181e-005,0.00584874,0.100295,0.27371,1,0,,0,0,0,0,0,0,0,0,103808,104555,0,232,0
1181778,1,0,4.73327e-005,0.00468846,0.0907344,0.294649,1,0,,0,0,0,0,0,0,0,0,103808,104555,0,232,0
1181878,1,0,3.31329e-005,0.00375739,0.0820367,0.28691,1,0,,0,0,0,0,0,0,0,0,103808,104555,0,232,0
1181978,1,0,2.3193e-005,0.00301055,0.0741341,0.29106,1,0,,0,0,0,0,0,0,0,0,103808,104555,0,232,0
1182078,1,0,1.62351e-005,0.00241169,0.0669618,0.277897,1,0,,0,0,0,0,0,0,0,0,103808,104555,0,232,0
1182178,1,0,1.13646e-005,0.00193162,0.0604588,0.279525,1,0,,0,0,0,0,0,0,0,0,103808,104555,0,232,0
1182278,1,0,7.9552e-006,0.00154689,0.0545676,0.25936,1,0,,0,0,0,0,0,0,0,0,103808,104555,0,232,0
1182378,1,0,5.56864e-006,0.00123863,0.0492347,0.263536,1,0,,0,0,0,0,0,0,0,0,103808,104555,0,232,0
1182478,1,0,3.89805e-006,0.00099168,0.0444104,0.300337,1,0,,0,0,0,0,0,0,0,0,103808,104555,0,232,0
1182578,1,0,2.72863e-006,0.00079389,0.0400488,0.264936,1,0,,0,0,0,0,0,0,0,0,103808,104555,0,232,0
1182678,1,11,3.3,0.660636,0.102107,0.268379,1,0,,0,0,0,0,0,0,0,0,103808,104555,0,232,0
1182778,1,0,2.31,0.990509,0.190948,0.283387,1,0,,0,0,0,0,0,0,0,0,103808,104555,0,232,0
1182878,1,0,1.617,1.11581,0.283434,0.266799,1,0,,0,0,0,0,0,0,0,0,103808,104555,0,232,0
1182978,1,0,1.1319,1.11903,0.366993,0.2703,1,0,,0,0,0,0,0,0,0,0,103808,104555,0,232,0
1183078,1,0,0.79233,1.05369,0.435662,0.287676,1,0,,0,0,0,0,0,0,0,0,103808,104555,0,232,0
1183178,1,0,0.554631,0.953876,0.487484,0.267124,1,0,,0,0,0,0,0,0,0,0,103808,104555,0,232,0
1183278,1,0,0.388242,0.840749,0.52281,0.303949,1,0,,0,0,0,0,0,0,0,0,103808,104555,0,232,0
1183378,1,0,0.271769,0.726953,0.543224,0.2821,1,0,,0,0,0,0,0,0,0,0,103808,104555,0,232,0
1183478,1,0,0.190239,0.61961,0.550863,0.280149,1,0,,0,0,0,0,0,0,0,0,103808,104555,0,232,0
1183578,1,0,0.133167,0.522322,0.548009,0.254212,1,0,,0,0,0,0,0,0,0,0,103808,104555,0,232,0
1183678,1,0,0.0932169,0.436501,0.536858,0.271913,1,0,,0,0,0,0,0,0,0,0,103808,104555,0,232,0
1183778,1,0,0.0652518,0.362251,0.519397,0.292849,1,0,,0,0,0,0,0,0,0,0,103808,104555,0,232,0
1183878,1,0,0.0456763,0.298936,0.497351,0.273497,1,0,,0,0,0,0,0,0,0,0,103808,104555,0,232,0
1183978,1,0,0.0319734,0.245543,0.47217,0.25352,1,0,,0,0,0,0,0,0,0,0,103808,104555,0,232,0
1184078,1,0,0.0223814,0.200911,0.445044,0.287609,1,0,,0,0,0,0,0,0,0,0,103808,104555,0,232,0
1184178,1,0,0.015667,0.163862,0.416926,0.236282,1,0,,0,0,0,0,0,0,0,0,103808,104555,0,232,0
1184278,1,0,0.0109669,0.133283,0.388562,0.282045,1,0,,0,0,0,0,0,0,0,0,103808,104555,0,232,0
1184378,1,0,0.00767681,0.108162,0.360522,0.30527,1,0,,0,0,0,0,0,0,0,0,103808,104555,0,232,0
1184478,1,0,0.00537377,0.0876043,0.33323,0.276783,1,0,,0,0,0,0,0,0,0,0,103808,104555,0,232,0
1184578,1,0,0.00376164,0.0708357,0.306991,0.262882,1,0,,0,0,0,0,0,0,0,0,103808,104555,0,232,0
1184678,1,0,0.00263315,0.0571952,0.282011,0.29057,1,0,,0,0,0,0,0,0,0,0,103808,104555,0,232,0
1184778,1,0,0.0018432,0.0461248,0.258422,0.269947,1,0,,0,0,0,0,0,0,0,0,103808,104555,0,232,0
1184878,1,0,0.00129024,0.0371579,0.236296,0.270385,1,0,,0,0,0,0,0,0,0,0,103808,104555,0,232,0
1184978,1,0,0.000903169,0.029907,0.215657,0.271947,1,0,,0,0,0,0,0,0,0,0,103808,104555,0,232,0
1185078,1,0,0.000632218,0.024052,0.196497,0.242423,1,0,,0,0,0,0,0,0,0,0,103808,104555,0,232,0
1185178,1,0,0.000442553,0.0193301,0.17878,0.29156,1,0,,0,0,0,0,0,0,0,0,103808,104555,0,232,0
1185278,1,0,0.000309787,0.0155261,0.162454,0.276324,1,0,,0,0,0,0,0,0,0,0,103808,104555,0,232,0
1185378,1,0,0.000216851,0.0124642,0.147455,0.272925,1,0,,0,0,0,0,0,0,0,0,103808,104555,0,232,0
1185478,1,0,0.000151796,0.0100017,0.13371,0.302173,1,0,,0,0,0,0,0,0,0,0,103808,104555,0,232,0
1185578,1,0,0.000106257,0.00802264,0.121141,0.293561,1,0,,0,0,0,0,0,0,0,0,103808,104555,0,232,0
1185678,1,0,7.43798e-005,0.00643298,0.10967,0.261098,1,0,,0,0,0,0,0,0,0,0,103808,104555,0,232,0
1185778,1,0,5.20659e-005,0.0051568,0.0992191,0.279314,1,0,,0,0,0,0,0,0,0,0,103808,104555,0,232,0
1185878,1,0,3.64461e-005,0.00413273,0.0897105,0.258001,1,0,,0,0,0,0,0,0,0,0,103808,104555,0,232,0
1185978,1,0,2.55123e-005,0.00331129,0.0810705,0.270913,1,0,,0,0,0,0,0,0,0,0,103808,104555,0,232,0
1186078,1,0,1.78586e-005,0.0026526,0.0732287,0.251228,1,0,,0,0,0,0,0,0,0,0,103808,104555,0,232,0
1186178,1,0,1.2501e-005,0.00212458,0.0661183,0.277142,1,0,,0,0,0,0,0,0,0,0,103808,104555,0,232,0
1186278,1,0,8.75071e-006,0.00170141,0.0596766,0.311477,1,0,,0,0,0,0,0,0,0,0,103808,104555,0,232,0
1186378,1,0,6.1255e-006,0.00136236,0.0538452,0.265363,1,0,,0,0,0,0,0,0,0,0,103808,104555,0,232,0
1186478,1,0,4.28785e-006,0.00109074,0.0485698,0.306625,1,0,,0,0,0,0,0,0,0,0,103808,104555,0,232,0
1186578,1,11,3.3,0.660873,0.1098,0.277107,1,0,,0,0,0,0,0,0,0,0,103808,104555,0,232,0
1186678,1,0,2.31,0.990699,0.19789,0.336431,1,0,,0,0,0,0,0,0,0,0,103808,104555,0,232,0
1186778,1,0,1.617,1.11596,0.289697,0.316319,1,0,,0,0,0,0,0,0,0,0,103808,104555,0,232,0
1186878,1,0,1.1319,1.11915,0.372642,0.306356,1,0,,0,0,0,0,0,0,0,0,103808,104555,0,232,0
1186978,1,0,0.792331,1.05378,0.440756,0.266283,1,0,,0,0,0,0,0,0,0,0,103808,104555,0,232,0
1187078,1,0,0.554632,0.953954,0.492076,0.278382,1,0,,0,0,0,0,0,0,0,0,103808,104555,0,232,0
1187178,1,0,0.388242,0.840812,0.52695,0.289557,1,0,,0,0,0,0,0,0,0,0,103808,104555,0,232,0
1187278,1,0,0.271769,0.727003,0.546955,0.265918,1,0,,0,0,0,0,0,0,0,0,103808,104555,0,232,0
1187378,1,0,0.190239,0.61965,0.554224,0.264946,1,0,,0,0,0,0,0,0,0,0,103808,104555,0,232,0
1187478,1,0,0.133167,0.522354,0.551037,0.262121,1,0,,0,0,0,0,0,0,0,0,103808,104555,0,232,0
1187578,1,0,0.0932169,0.436526,0.539586,0.283976,1,0,,0,0,0,0,0,0,0,0,103808,104555,0,232,0
1187678,1,0,0.0652518,0.362271,0.521855,0.273875,1,0,,0,0,0,0,0,0,0,0,103808,104555,0,232,0
1187778,1,0,0.0456763,0.298952,0.499565,0.270463,1,0,,0,0,0,0,0,0,0,0,103808,104555,0,232,0
1187878,1,0,0.0319734,0.245557,0.474164,0.273773,1,0,,0,0,0,0,0,0,0,0,103808,104555,0,232,0
1187978,1,0,0.0223814,0.200922,0.44684,0.2685,1,0,,0,0,0,0,0,0,0,0,103808,104555,0,232,0
1188078,1,0,0.015667,0.163871,0.418543,0.2728,1,0,,0,0,0,0,0,0,0,0,103808,104555,0,232,0
1188178,1,0,0.0109669,0.13329,0.390017,0.274059,1,0,,0,0,0,0,0,0,0,0,103808,104555,0,232,0
1188278,1,0,0.00767681,0.108167,0.361832,0.269931,1,0,,0,0,0,0,0,0,0,0,103808,104555,0,232,0
1188378,1,0,0.00537377,0.0876086,0.33441,0.277654,1,0,,0,0,0,0,0,0,0,0,103808,104555,0,232,0
1188478,1,0,0.00376164,0.0708392,0.308053,0.264542,1,0,,0,0,0,0,0,0,0,0,103808,104555,0,232,0
1188578,1,0,0.00263315,0.057198,0.282967,0.280104,1,0,,0,0,0,0,0,0,0,0,103808,104555,0,232,0
1188678,1,0,0.0018432,0.046127,0.259283,0.277417,1,0,,0,0,0,0,0,0,0,0,103808,104555,0,232,0
1188778,1,0,0.00129024,0.0371597,0.237071,0.262129,1,0,,0,0,0,0,0,0,0,0,103808,104555,0,232,0
1188878,1,0,0.000903169,0.0299084,0.216355,0.26823,1,0,,0,0,0,0,0,0,0,0,103808,104555,0,232,0
1188978,1,0,0.000632218,0.0240531,0.197125,0.311629,1,0,,0,0,0,0,0,0,0,0,103808,104555,0,232,0
1189078,1,0,0.000442553,0.019331,0.179345,0.267427,1,0,,0,0,0,0,0,0,0,0,103808,104555,0,232,0
1189178,1,0,0.000309787,0.0155268,0.162963,0.25769,1,0,,0,0,0,0,0,0,0,0,103808,104555,0,232,0
1189278,1,0,0.000216851,0.0124648,0.147914,0.289403,1,0,,0,0,0,0,0,0,0,0,103808,104555,0,232,0
1189378,1,0,0.000151796,0.0100022,0.134122,0.280705,1,0,,0,0,0,0,0,0,0,0,103808,104555,0,232,0
1189478,1,0,0.000106257,0.00802301,0.121512,0.302817,1,0,,0,0,0,0,0,0,0,0,103808,104555,0,232,0
1189578,1,0,7.43799e-005,0.00643328,0.110005,0.31968,1,0,,0,0,0,0,0,0,0,0,103808,104555,0,232,0
1189678,1,0,5.20659e-005,0.00515704,0.0995198,0.269557,1,0,,0,0,0,0,0,0,0,0,103808,104555,0,232,0
1189778,1,0,3.64461e-005,0.00413292,0.0899811,0.281996,1,0,,0,0,0,0,0,0,0,0,103808,104555,0,232,0
1189878,1,0,2.55123e-005,0.00331144,0.0813141,0.247295,1,0,,0,0,0,0,0,0,0,0,103808,104555,0,232,0
1189978,1,0,1.78586e-005,0.00265272,0.073448,0.302986,1,0,,0,0,0,0,0,0,0,0,103808,104555,0,232,0
1190078,1,0,1.2501e-005,0.00212468,0.0663156,0.279061,1,0,,0,0,0,0,0,0,0,0,103808,104555,0,232,0
1190178,1,0,8.75072e-006,0.00170149,0.0598542,0.276273,1,0,,0,0,0,0,0,0,0,0,103808,104555,0,232,0
1190278,1,0,6.1255e-006,0.00136242,0.054005,0.265485,1,0,,0,0,0,0,0,0,0,0,103808,104555,0,232,0
1190378,1,0,4.28785e-006,0.00109079,0.0487136,0.264399,1,0,,0,0,0,0,0,0,0,0,103808,104555,0,232,0
1190478,1,0,3.0015e-006,0.000873235,0.0439296,0.252286,1,0,,0,0,0,0,0,0,0,0,103808,104555,0,232,0
1190578,1,10,3,0.600699,0.0996065,0.277471,1,0,,0,0,0,0,0,0,0,0,103808,104555,0,232,0
1190678,1,0,2.1,0.90056,0.179702,0.272034,1,0,,0,0,0,0,0,0,0,0,103808,104555,0,232,0
1190778,1,0,1.47,1.01445,0.263176,0.298895,1,0,,0,0,0,0,0,0,0,0,103808,104555,0,232,0
1190878,1,0,1.029,1.01736,0.338595,0.280794,1,0,,0,0,0,0,0,0,0,0,103808,104555,0,232,0
1190978,1,0,0.7203,0.957947,0.40053,0.285945,1,0,,0,0,0,0,0,0,0,0,103808,104555,0,232,0
1191078,1,0,0.50421,0.8672,0.447197,0.255146,1,0,,0,0,0,0,0,0,0,0,103808,104555,0,232,0
1191178,1,0,0.352947,0.764349,0.478912,0.302899,1,0,,0,0,0,0,0,0,0,0,103808,104555,0,232,0
1191278,1,0,0.247063,0.660892,0.49711,0.250176,1,0,,0,0,0,0,0,0,0,0,103808,104555,0,232,0
1191378,1,0,0.172944,0.563302,0.503729,0.261139,1,0,,0,0,0,0,0,0,0,0,103808,104555,0,232,0
1191478,1,0,0.121061,0.474854,0.500842,0.27234,1,0,,0,0,0,0,0,0,0,0,103808,104555,0,232,0
1191578,1,0,0.0847426,0.396832,0.490441,0.284604,1,0,,0,0,0,0,0,0,0,0,103808,104555,0,232,0
1191678,1,0,0.0593198,0.329329,0.47433,0.296479,1,0,,0,0,0,0,0,0,0,0,103808,104555,0,232,0
1191778,1,1,0.341524,0.331768,0.460073,0.317562,1,0,,0,0,0,0,0,0,0,0,103808,104555,0,232,0
1191878,1,0,0.239067,0.313228,0.445389,0.283738,1,0,,0,0,0,0,0,0,0,0,103808,104555,0,232,0
1191978,1,0,0.167347,0.284052,0.429255,0.251898,1,0,,0,0,0,0,0,0,0,0,103808,104555,0,232,0
1192078,1,0,0.117143,0.25067,0.411397,0.281124,1,0,,0,0,0,0,0,0,0,0,103808,104555,0,232,0
1192178,1,0,0.0819999,0.216936,0.391951,0.318375,1,0,,0,0,0,0,0,0,0,0,103808,104555,0,232,0
1192278,1,0,0.0573999,0.185029,0.371258,0.314387,1,0,,0,0,0,0,0,0,0,0,103808,104555,0,232,0
1192378,1,0,0.0401799,0.156059,0.349738,0.306537,1,0,,0,0,0,0,0,0,0,0,103808,104555,0,232,0
1192478,1,0,0.028126,0.130472,0.327812,0.288887,1,0,,0,0,0,0,0,0,0,0,103808,104555,0,232,0
1192578,1,0,0.0196882,0.108316,0.305862,0.309713,1,0,,0,0,0,0,0,0,0,0,103808,104555,0,232,0
1192678,1,0,0.0137817,0.0894088,0.284217,0.289612,1,0,,0,0,0,0,0,0,0,0,103808,104555,0,232,0
1192778,1,0,0.0096472,0.0734565,0.263141,0.285975,1,0,,0,0,0,0,0,0,0,0,103808,104555,0,232,0
1192878,1,0,0.00675304,0.0601158,0.242838,0.265462,1,0,,0,0,0,0,0,0,0,0,103808,104555,0,232,0
1192978,1,0,0.00472713,0.049038,0.223458,0.270618,1,0,,0,0,0,0,0,0,0,0,103808,104555,0,232,0
1193078,1,0,0.00330899,0.0398922,0.205102,0.251893,1,0,,0,0,0,0,0,0,0,0,103808,104555,0,232,0
1193178,1,0,0.00231629,0.032377,0.187829,0.304831,1,0,,0,0,0,0,0,0,0,0,103808,104555,0,232,0
1193278,1,0,0.00162141,0.0262259,0.171669,0.285005,1,0,,0,0,0,0,0,0,0,0,103808,104555,0,232,0
1193378,1,0,0.00113498,0.0212077,0.156623,0.304117,1,0,,0,0,0,0,0,0,0,0,103808,104555,0,232,0
1193478,1,0,0.000794489,0.0171251,0.142673,0.27228,1,0,,0,0,0,0,0,0,0,0,103808,104555,0,232,0
1193578,1,0,0.000556142,0.0138113,0.129787,0.275502,1,0,,0,0,0,0,0,0,0,0,103808,104555,0,232,0
1193678,1,0,0.000389299,0.0111269,0.117921,0.272679,1,0,,0,0,0,0,0,0,0,0,103808,104555,0,232,0
1193778,1,0,0.00027251,0.00895602,0.107024,0.266553,1,0,,0,0,0,0,0,0,0,0,103808,104555,0,232,0
1193878,1,1,0.300191,0.067203,0.103042,0.312152,1,0,,0,0,0,0,0,0,0,0,103808,104555,0,232,0
1193978,1,0,0.210134,0.0957891,0.102317,0.326028,1,0,,0,0,0,0,0,0,0,0,103808,104555,0,232,0
1194078,1,0,0.147093,0.10605,0.10269,0.270702,1,0,,0,0,0,0,0,0,0,0,103808,104555,0,232,0
1194178,1,0,0.102965,0.105433,0.102964,0.265013,1,0,,0,0,0,0,0,0,0,0,103808,104555,0,232,0
1194278,1,0,0.0720758,0.0987616,0.102544,0.307439,1,0,,0,0,0,0,0,0,0,0,103808,104555,0,232,0
1194378,1,0,0.0504531,0.0890999,0.1012,0.327664,1,0,,0,0,0,0,0,0,0,0,103808,104555,0,232,0
1194478,1,11,3.33532,0.738343,0.164914,0.285537,1,0,,0,0,0,0,0,0,0,0,103808,104555,0,232,0
1194578,1,0,2.33472,1.05762,0.254185,0.274435,1,0,,0,0,0,0,0,0,0,0,103808,104555,0,232,0
1194678,1,0,1.63431,1.17296,0.346062,0.280259,1,0,,0,0,0,0,0,0,0,0,103808,104555,0,232,0
1194778,1,0,1.14401,1.16717,0.428172,0.297209,1,0,,0,0,0,0,0,0,0,0,103808,104555,0,232,0
1194878,1,0,0.80081,1.0939,0.494745,0.291097,1,0,,0,0,0,0,0,0,0,0,103808,104555,0,232,0
1194978,1,0,0.560567,0.98723,0.543993,0.254648,1,0,,0,0,0,0,0,0,0,0,103808,104555,0,232,0
1195078,1,0,0.392397,0.868264,0.57642,0.289036,1,0,,0,0,0,0,0,0,0,0,103808,104555,0,232,0
1195178,1,0,0.274678,0.749546,0.593733,0.275786,1,0,,0,0,0,0,0,0,0,0,103808,104555,0,232,0
1195278,1,0,0.192274,0.638092,0.598169,0.268788,1,0,,0,0,0,0,0,0,0,0,103808,104555,0,232,0
1195378,1,0,0.134592,0.537392,0.592091,0.297281,1,0,,0,0,0,0,0,0,0,0,103808,104555,0,232,0
1195478,1,0,0.0942144,0.448757,0.577758,0.273143,1,0,,0,0,0,0,0,0,0,0,103808,104555,0,232,0
1195578,1,0,0.0659501,0.372195,0.557201,0.284233,1,0,,0,0,0,0,0,0,0,0,103808,104555,0,232,0
1195678,1,0,0.0461651,0.306989,0.53218,0.264884,1,0,,0,0,0,0,0,0,0,0,103808,104555,0,232,0
1195778,1,0,0.0323155,0.252055,0.504168,0.286897,1,0,,0,0,0,0,0,0,0,0,103808,104555,0,232,0
1195878,1,0,0.0226209,0.206168,0.474368,0.282723,1,0,,0,0,0,0,0,0,0,0,103808,104555,0,232,0
1195978,1,0,0.0158346,0.168101,0.443741,0.270421,1,0,,0,0,0,0,0,0,0,0,103808,104555,0,232,0
1196078,1,0,0.0110842,0.136698,0.413037,0.279522,1,0,,0,0,0,0,0,0,0,0,103808,104555,0,232,0
1196178,1,0,0.00775896,0.11091,0.382824,0.298333,1,0,,0,0,0,0,0,0,0,0,103808,104555,0,232,0
1196278,1,0,0.00543127,0.0898143,0.353523,0.261896,1,0,,0,0,0,0,0,0,0,0,103808,104555,0,232,0
1196378,1,0,0.00380189,0.0726118,0.325432,0.321996,1,0,,0,0,0,0,0,0,0,0,103808,104555,0,232,0
1196478,1,0,0.00266132,0.0586217,0.298751,0.286383,1,0,,0,0,0,0,0,0,0,0,103808,104555,0,232,0
1196578,1,0,0.00186293,0.04727,0.273603,0.256242,1,0,,0,0,0,0,0,0,0,0,103808,104555,0,232,0
1196678,1,0,0.00130405,0.0380768,0.25005,0.26838,1,0,,0,0,0,0,0,0,0,0,103808,104555,0,232,0
1196778,1,0,0.000912834,0.030644,0.22811,0.254342,1,0,,0,0,0,0,0,0,0,0,103808,104555,0,232,0
1196878,1,0,0.000638984,0.024643,0.207763,0.300166,1,0,,0,0,0,0,0,0,0,0,103808,104555,0,232,0
1196978,1,0,0.000447289,0.0198038,0.188967,0.311853,1,0,,0,0,0,0,0,0,0,0,103808,104555,0,232,0
1197078,1,0,0.000313102,0.0159057,0.171661,0.266454,1,0,,0,0,0,0,0,0,0,0,103808,104555,0,232,0
1197178,1,0,0.000219171,0.0127684,0.155772,0.283713,1,0,,0,0,0,0,0,0,0,0,103808,104555,0,232,0
1197278,1,0,0.00015342,0.0102454,0.141219,0.268401,1,0,,0,0,0,0,0,0,0,0,103808,104555,0,232,0
1197378,1,0,0.000107394,0.0082178,0.127919,0.279451,1,0,,0,0,0,0,0,0,0,0,103808,104555,0,232,0
1197478,1,0,7.51758e-005,0.00658927,0.115786,0.257813,1,0,,0,0,0,0,0,0,0,0,103808,104555,0,232,0
1197578,1,0,5.26231e-005,0.00528194,0.104735,0.289526,1,0,,0,0,0,0,0,0,0,0,103808,104555,0,232,0
1197678,1,0,3.68361e-005,0.00423292,0.0946852,0.308588,1,0,,0,0,0,0,0,0,0,0,103808,104555,0,232,0
1197778,1,0,2.57853e-005,0.00339149,0.0855558,0.283263,1,0,,0,0,0,0,0,0,0,0,103808,104555,0,232,0
1197878,1,0,1.80497e-005,0.00271681,0.0772719,0.283424,1,0,,0,0,0,0,0,0,0,0,103808,104555,0,232,0
1197978,1,0,1.26348e-005,0.00217597,0.0697623,0.276523,1,0,,0,0,0,0,0,0,0,0,103808,104555,0,232,0
1198078,1,0,8.84436e-006,0.00174255,0.0629603,0.308147,1,0,,0,0,0,0,0,0,0,0,103808,104555,0,232,0
1198178,1,0,6.19105e-006,0.00139528,0.0568038,0.289446,1,0,,0,0,0,0,0,0,0,0,103808,104555,0,232,0
1198278,1,0,4.33373e-006,0.00111709,0.0512352,0.290597,1,0,,0,0,0,0,0,0,0,0,103808,104555,0,232,0
1198378,1,0,3.03361e-006,0.000894276,0.0462011,0.301987,1,0,,0,0,0,0,0,0,0,0,103808,104555,0,232,0
1198478,1,11,3.3,0.660716,0.107653,0.298521,1,0,,0,0,0,0,0,0,0,0,103808,104555,0,232,0
1198578,1,0,2.31,0.990573,0.195945,0.278146,1,0,,0,0,0,0,0,0,0,0,103808,104555,0,232,0
1198678,1,0,1.617,1.11586,0.287936,0.284096,1,0,,0,0,0,0,0,0,0,0,103808,104555,0,232,0
1198778,1,0,1.1319,1.11907,0.371049,0.291783,1,0,,0,0,0,0,0,0,0,0,103808,104555,0,232,0
1198878,1,0,0.79233,1.05372,0.439316,0.286121,1,0,,0,0,0,0,0,0,0,0,103808,104555,0,232,0
1198978,1,0,0.554631,0.953902,0.490775,0.270054,1,0,,0,0,0,0,0,0,0,0,103808,104555,0,232,0
1199078,1,0,0.388242,0.84077,0.525774,0.285514,1,0,,0,0,0,0,0,0,0,0,103808,104555,0,232,0
1199178,1,0,0.271769,0.72697,0.545894,0.298113,1,0,,0,0,0,0,0,0,0,0,103808,104555,0,232,0
1199278,1,0,0.190239,0.619624,0.553267,0.2497,1,0,,0,0,0,0,0,0,0,0,103808,104555,0,232,0
1199378,1,0,0.133167,0.522332,0.550173,0.301576,1,0,,0,0,0,0,0,0,0,0,103808,104555,0,232,0
1199478,1,0,0.0932169,0.436509,0.538807,0.282188,1,0,,0,0,0,0,0,0,0,0,103808,104555,0,232,0
1199578,1,0,0.0652518,0.362258,0.521152,0.279651,1,0,,0,0,0,0,0,0,0,0,103808,104555,0,232,0
1199678,1,0,0.0456763,0.298941,0.498931,0.281299,1,0,,0,0,0,0,0,0,0,0,103808,104555,0,232,0
1199778,1,0,0.0319734,0.245548,0.473593,0.271735,1,0,,0,0,0,0,0,0,0,0,103808,104555,0,232,0
1199878,1,0,0.0223814,0.200915,0.446325,0.32471,1,0,,0,0,0,0,0,0,0,0,103808,104555,0,232,0
1199978,1,0,0.015667,0.163865,0.418079,0.271398,1,0,,0,0,0,0,0,0,0,0,103808,104555,0,232,0
1200078,1,0,0.0109669,0.133285,0.389599,0.286122,1,0,,0,0,0,0,0,0,0,0,103808,104555,0,232,0
1200178,1,0,0.00767681,0.108164,0.361456,0.289146,1,0,,0,0,0,0,0,0,0,0,103808,104555,0,232,0
1200278,1,0,0.00537377,0.0876057,0.334071,0.277409,1,0,,0,0,0,0,0,0,0,0,103808,104555,0,232,0
1200378,1,0,0.00376164,0.0708369,0.307747,0.265634,1,0,,0,0,0,0,0,0,0,0,103808,104555,0,232,0
1200478,1,0,0.00263315,0.0571962,0.282692,0.293996,1,0,,0,0,0,0,0,0,0,0,103808,104555,0,232,0
1200578,1,0,0.0018432,0.0461256,0.259036,0.283685,1,0,,0,0,0,0,0,0,0,0,103808,104555,0,232,0
1200678,1,0,0.00129024,0.0371585,0.236848,0.306211,1,0,,0,0,0,0,0,0,0,0,103808,104555,0,232,0
1200778,1,0,0.000903169,0.0299074,0.216154,0.293003,1,0,,0,0,0,0,0,0,0,0,103808,104555,0,232,0
1200878,1,0,0.000632218,0.0240524,0.196944,0.298354,1,0,,0,0,0,0,0,0,0,0,103808,104555,0,232,0
1200978,1,0,0.000442553,0.0193304,0.179182,0.26224,1,0,,0,0,0,0,0,0,0,0,103808,104555,0,232,0
1201078,1,0,0.000309787,0.0155263,0.162817,0.316553,1,0,,0,0,0,0,0,0,0,0,103808,104555,0,232,0
1201178,1,0,0.000216851,0.0124644,0.147782,0.271489,1,0,,0,0,0,0,0,0,0,0,103808,104555,0,232,0
1201278,1,0,0.000151796,0.0100019,0.134004,0.279527,1,0,,0,0,0,0,0,0,0,0,103808,104555,0,232,0
1201378,1,0,0.000106257,0.00802276,0.121405,0.291216,1,0,,0,0,0,0,0,0,0,0,103808,104555,0,232,0
1201478,1,0,7.43798e-005,0.00643308,0.109908,0.287316,1,0,,0,0,0,0,0,0,0,0,103808,104555,0,232,0
1201578,1,0,5.20659e-005,0.00515688,0.0994331,0.29683,1,0,,0,0,0,0,0,0,0,0,103808,104555,0,232,0
1201678,1,0,3.64461e-005,0.00413279,0.0899031,0.288229,1,0,,0,0,0,0,0,0,0,0,103808,104555,0,232,0
1201778,1,0,2.55123e-005,0.00331134,0.0812439,0.281166,1,0,,0,0,0,0,0,0,0,0,103808,104555,0,232,0
1201878,1,0,1.78586e-005,0.00265264,0.0733848,0.268656,1,0,,0,0,0,0,0,0,0,0,103808,104555,0,232,0
1201978,1,0,1.2501e-005,0.00212461,0.0662587,0.287746,1,0,,0,0,0,0,0,0,0,0,103808,104555,0,232,0
1202078,1,0,8.75071e-006,0.00170144,0.059803,0.317497,1,0,,0,0,0,0,0,0,0,0,103808,104555,0,232,0
1202178,1,0,6.1255e-006,0.00136238,0.0539589,0.321799,1,0,,0,0,0,0,0,0,0,0,103808,104555,0,232,0
1202278,1,0,4.28785e-006,0.00109076,0.0486721,0.292611,1,0,,0,0,0,0,0,0,0,0,103808,104555,0,232,0
1202378,1,12,3.6,0.720873,0.115892,0.300067,1,0,,0,0,0,0,0,0,0,0,103808,104555,0,232,0
1202478,1,0,2.52,1.0807,0.212373,0.297766,1,0,,0,0,0,0,0,0,0,0,103808,104555,0,232,0
1202578,1,0,1.764,1.21736,0.312872,0.276821,1,0,,0,0,0,0,0,0,0,0,103808,104555,0,232,0
1202678,1,0,1.2348,1.22085,0.403669,0.266444,1,0,,0,0,0,0,0,0,0,0,103808,104555,0,232,0
1202778,1,0,0.864361,1.14955,0.478257,0.273395,1,0,,0,0,0,0,0,0,0,0,103808,104555,0,232,0
1202878,1,0,0.605053,1.04065,0.534497,0.278444,1,0,,0,0,0,0,0,0,0,0,103808,104555,0,232,0
1202978,1,0,0.423537,0.917228,0.57277,0.31332,1,0,,0,0,0,0,0,0,0,0,103808,104555,0,232,0
1203078,1,0,0.296476,0.793078,0.594801,0.290695,1,0,,0,0,0,0,0,0,0,0,103808,104555,0,232,0
1203178,1,0,0.207533,0.675969,0.602917,0.294831,1,0,,0,0,0,0,0,0,0,0,103808,104555,0,232,0
1203278,1,0,0.145273,0.56983,0.599608,0.248581,1,0,,0,0,0,0,0,0,0,0,103808,104555,0,232,0
1203378,1,0,0.101691,0.476202,0.587268,0.303482,1,0,,0,0,0,0,0,0,0,0,103808,104555,0,232,0
1203478,1,0,0.0711838,0.395198,0.568061,0.305719,1,0,,0,0,0,0,0,0,0,0,103808,104555,0,232,0
1203578,1,0,0.0498287,0.326124,0.543867,0.248107,1,0,,0,0,0,0,0,0,0,0,103808,104555,0,232,0
1203678,1,0,0.0348801,0.267876,0.516268,0.274769,1,0,,0,0,0,0,0,0,0,0,103808,104555,0,232,0
1203778,1,0,0.024416,0.219184,0.48656,0.283633,1,0,,0,0,0,0,0,0,0,0,103808,104555,0,232,0
1203878,1,0,0.0170912,0.178765,0.45578,0.267161,1,0,,0,0,0,0,0,0,0,0,103808,104555,0,232,0
1203978,1,0,0.0119639,0.145405,0.424743,0.277609,1,0,,0,0,0,0,0,0,0,0,103808,104555,0,232,0
1204078,1,0,0.0083747,0.117999,0.394068,0.280797,1,0,,0,0,0,0,0,0,0,0,103808,104555,0,232,0
1204178,1,0,0.00586229,0.0955716,0.364219,0.275836,1,0,,0,0,0,0,0,0,0,0,103808,104555,0,232,0
1204278,1,0,0.0041036,0.077278,0.335524,0.304736,1,0,,0,0,0,0,0,0,0,0,103808,104555,0,232,0
1204378,1,0,0.00287252,0.0623969,0.308212,0.270519,1,0,,0,0,0,0,0,0,0,0,103808,104555,0,232,0
1204478,1,0,0.00201077,0.0503197,0.282423,0.279058,1,0,,0,0,0,0,0,0,0,0,103808,104555,0,232,0
1204578,1,0,0.00140754,0.0405372,0.258234,0.273081,1,0,,0,0,0,0,0,0,0,0,103808,104555,0,232,0
1204678,1,0,0.000985275,0.0326268,0.235673,0.272268,1,0,,0,0,0,0,0,0,0,0,103808,104555,0,232,0
1204778,1,0,0.000689693,0.0262394,0.21473,0.25108,1,0,,0,0,0,0,0,0,0,0,103808,104555,0,232,0
1204878,1,0,0.000482785,0.0210881,0.195366,0.288517,1,0,,0,0,0,0,0,0,0,0,103808,104555,0,232,0
1204978,1,0,0.000337949,0.0169381,0.177523,0.281693,1,0,,0,0,0,0,0,0,0,0,103808,104555,0,232,0
1205078,1,0,0.000236565,0.0135978,0.16113,0.310855,1,0,,0,0,0,0,0,0,0,0,103808,104555,0,232,0
1205178,1,0,0.000165595,0.0109113,0.146108,0.273381,1,0,,0,0,0,0,0,0,0,0,103808,104555,0,232,0
1205278,1,0,0.000115917,0.00875225,0.132373,0.269531,1,0,,0,0,0,0,0,0,0,0,103808,104555,0,232,0
1205378,1,0,8.11416e-005,0.00701802,0.119837,0.276756,1,0,,0,0,0,0,0,0,0,0,103808,104555,0,232,0
1205478,1,0,5.67992e-005,0.00562578,0.108416,0.276257,1,0,,0,0,0,0,0,0,0,0,103808,104555,0,232,0
1205578,1,0,3.97594e-005,0.00450858,0.0980254,0.308156,1,0,,0,0,0,0,0,0,0,0,103808,104555,0,232,0
1205678,1,0,2.78316e-005,0.00361243,0.0885841,0.287319,1,0,,0,0,0,0,0,0,0,0,103808,104555,0,232,0
1205778,1,0,1.94821e-005,0.00289384,0.0800151,0.26832,1,0,,0,0,0,0,0,0,0,0,103808,104555,0,232,0
1205878,1,0,1.36375e-005,0.0023178,0.0722454,0.282607,1,0,,0,0,0,0,0,0,0,0,103808,104555,0,232,0
1205978,1,0,9.54623e-006,0.00185615,0.0652064,0.269707,1,0,,0,0,0,0,0,0,0,0,103808,104555,0,232,0
1206078,1,0,6.68236e-006,0.00148625,0.0588344,0.287268,1,0,,0,0,0,0,0,0,0,0,103808,104555,0,232,0
1206178,1,0,4.67765e-006,0.00118994,0.05307,0.262709,1,0,,0,0,0,0,0,0,0,0,103808,104555,0,232,0
1206278,1,0,3.27436e-006,0.000952606,0.0478582,0.269958,1,0,,0,0,0,0,0,0,0,0,103808,104555,0,232,0
1206378,1,10,3,0.600763,0.103149,0.275922,1,0,,0,0,0,0,0,0,0,0,103808,104555,0,232,0
1206478,1,0,2.1,0.90061,0.182895,0.323447,1,0,,0,0,0,0,0,0,0,0,103808,104555,0,232,0
1206578,1,0,1.47,1.01449,0.266054,0.254084,1,0,,0,0,0,0,0,0,0,0,103808,104555,0,232,0
1206678,1,0,1.029,1.01739,0.341188,0.294646,1,0,,0,0,0,0,0,0,0,0,103808,104555,0,232,0
1206778,1,0,0.7203,0.957973,0.402866,0.272011,1,0,,0,0,0,0,0,0,0,0,103808,104555,0,232,0
1206878,1,0,0.50421,0.86722,0.449302,0.26396,1,0,,0,0,0,0,0,0,0,0,103808,104555,0,232,0
1206978,1,0,0.352947,0.764366,0.480808,0.292987,1,0,,0,0,0,0,0,0,0,0,103808,104555,0,232,0
1207078,1,0,0.247063,0.660905,0.498818,0.269447,1,0,,0,0,0,0,0,0,0,0,103808,104555,0,232,0
1207178,1,0,0.172944,0.563313,0.505267,0.282035,1,0,,0,0,0,0,0,0,0,0,103808,104555,0,232,0
1207278,1,0,0.121061,0.474863,0.502227,0.26731,1,0,,0,0,0,0,0,0,0,0,103808,104555,0,232,0
1207378,1,0,0.0847426,0.396839,0.491688,0.27901,1,0,,0,0,0,0,0,0,0,0,103808,104555,0,232,0
1207478,1,0,0.0593198,0.329335,0.475453,0.287771,1,0,,0,0,0,0,0,0,0,0,103808,104555,0,232,0
1207578,1,0,0.0415239,0.271773,0.455085,0.301273,1,0,,0,0,0,0,0,0,0,0,103808,104555,0,232,0
1207678,1,0,0.0290667,0.223231,0.431899,0.292709,1,0,,0,0,0,0,0,0,0,0,103808,104555,0,232,0
1207778,1,0,0.0203467,0.182655,0.406975,0.272271,1,0,,0,0,0,0,0,0,0,0,103808,104555,0,232,0
1207878,1,0,0.0142427,0.148972,0.381175,0.267533,1,0,,0,0,0,0,0,0,0,0,103808,104555,0,232,0
1207978,1,0,0.00996988,0.121172,0.355174,0.288502,1,0,,0,0,0,0,0,0,0,0,103808,104555,0,232,0
1208078,1,0,0.00697892,0.0983331,0.32949,0.269978,1,0,,0,0,0,0,0,0,0,0,103808,104555,0,232,0
1208178,1,0,0.00488524,0.0796436,0.304505,0.281716,1,0,,0,0,0,0,0,0,0,0,103808,104555,0,232,0
1208278,1,0,0.00341967,0.0643988,0.280495,0.278804,1,0,,0,0,0,0,0,0,0,0,103808,104555,0,232,0
1208378,1,0,0.00239377,0.0519978,0.257645,0.28348,1,0,,0,0,0,0,0,0,0,0,103808,104555,0,232,0
1208478,1,0,0.00167564,0.0419334,0.236074,0.290116,1,0,,0,0,0,0,0,0,0,0,103808,104555,0,232,0
1208578,1,0,0.00117295,0.0337813,0.215845,0.281852,1,0,,0,0,0,0,0,0,0,0,103808,104555,0,232,0
1208678,1,0,0.000821063,0.0271892,0.196979,0.277177,1,0,,0,0,0,0,0,0,0,0,103808,104555,0,232,0
1208778,1,0,0.000574744,0.0218663,0.179468,0.270854,1,0,,0,0,0,0,0,0,0,0,103808,104555,0,232,0
1208878,1,0,0.000402321,0.0175735,0.163278,0.296277,1,0,,0,0,0,0,0,0,0,0,103808,104555,0,232,0
1208978,1,0,0.000281625,0.0141152,0.148362,0.266127,1,0,,0,0,0,0,0,0,0,0,103808,104555,0,232,0
1209078,1,0,0.000197137,0.0113315,0.134659,0.271513,1,0,,0,0,0,0,0,0,0,0,103808,104555,0,232,0
1209178,1,0,0.000137996,0.00909284,0.122102,0.288312,1,0,,0,0,0,0,0,0,0,0,103808,104555,0,232,0
1209278,1,0,9.65972e-005,0.00729359,0.110622,0.275897,1,0,,0,0,0,0,0,0,0,0,103808,104555,0,232,0
1209378,1,0,6.7618e-005,0.0058484,0.100144,0.279235,1,0,,0,0,0,0,0,0,0,0,103808,104555,0,232,0
1209478,1,0,4.73326e-005,0.00468818,0.0905986,0.283297,1,0,,0,0,0,0,0,0,0,0,103808,104555,0,232,0
1209578,1,0,3.31328e-005,0.00375717,0.0819145,0.301473,1,0,,0,0,0,0,0,0,0,0,103808,104555,0,232,0
1209678,1,0,2.3193e-005,0.00301038,0.0740241,0.301698,1,0,,0,0,0,0,0,0,0,0,103808,104555,0,232,0
1209778,1,0,1.62351e-005,0.00241155,0.0668628,0.306791,1,0,,0,0,0,0,0,0,0,0,103808,104555,0,232,0
1209878,1,0,1.13646e-005,0.00193151,0.0603697,0.276241,1,0,,0,0,0,0,0,0,0,0,103808,104555,0,232,0
1209978,1,0,7.95519e-006,0.0015468,0.0544874,0.262689,1,0,,0,0,0,0,0,0,0,0,103808,104555,0,232,0
1210078,1,0,5.56864e-006,0.00123855,0.0491625,0.261338,1,0,,0,0,0,0,0,0,0,0,103808,104555,0,232,0
1210178,1,0,3.89805e-006,0.000991623,0.0443454,0.275586,1,0,,0,0,0,0,0,0,0,0,103808,104555,0,232,0
1210278,1,11,3.3,0.660794,0.10599,0.307027,1,0,,0,0,0,0,0,0,0,0,103808,104555,0,232,0
1210378,1,0,2.31,0.990635,0.194455,0.289926,1,0,,0,0,0,0,0,0,0,0,103808,104555,0,232,0
1210478,1,0,1.617,1.11591,0.2866,0.300526,1,0,,0,0,0,0,0,0,0,0,103808,104555,0,232,0
1210578,1,0,1.1319,1.11911,0.369851,0.240239,1,0,,0,0,0,0,0,0,0,0,103808,104555,0,232,0
1210678,1,0,0.792331,1.05375,0.438241,0.28139,1,0,,0,0,0,0,0,0,0,0,103808,104555,0,232,0
1210778,1,0,0.554631,0.953928,0.48981,0.277853,1,0,,0,0,0,0,0,0,0,0,103808,104555,0,232,0
1210878,1,0,0.388242,0.840791,0.524908,0.279827,1,0,,0,0,0,0,0,0,0,0,103808,104555,0,232,0
1210978,1,0,0.271769,0.726986,0.545116,0.285398,1,0,,0,0,0,0,0,0,0,0,103808,104555,0,232,0
1211078,1,0,0.190239,0.619637,0.552568,0.312648,1,0,,0,0,0,0,0,0,0,0,103808,104555,0,232,0
1211178,1,0,0.133167,0.522343,0.549545,0.291735,1,0,,0,0,0,0,0,0,0,0,103808,104555,0,232,0
1211278,1,0,0.0932169,0.436518,0.538242,0.251909,1,0,,0,0,0,0,0,0,0,0,103808,104555,0,232,0
1211378,1,0,0.0652518,0.362265,0.520645,0.278211,1,0,,0,0,0,0,0,0,0,0,103808,104555,0,232,0
1211478,1,0,0.0456763,0.298947,0.498475,0.274786,1,0,,0,0,0,0,0,0,0,0,103808,104555,0,232,0
1211578,1,0,0.0319734,0.245552,0.473183,0.321499,1,0,,0,0,0,0,0,0,0,0,103808,104555,0,232,0
1211678,1,0,0.0223814,0.200918,0.445956,0.268286,1,0,,0,0,0,0,0,0,0,0,103808,104555,0,232,0
1211778,1,0,0.015667,0.163868,0.417747,0.300113,1,0,,0,0,0,0,0,0,0,0,103808,104555,0,232,0
1211878,1,0,0.0109669,0.133288,0.389301,0.299902,1,0,,0,0,0,0,0,0,0,0,103808,104555,0,232,0
1211978,1,0,0.00767681,0.108165,0.361188,0.314352,1,0,,0,0,0,0,0,0,0,0,103808,104555,0,232,0
1212078,1,0,0.00537377,0.0876071,0.33383,0.289215,1,0,,0,0,0,0,0,0,0,0,103808,104555,0,232,0
1212178,1,0,0.00376164,0.070838,0.30753,0.270152,1,0,,0,0,0,0,0,0,0,0,103808,104555,0,232,0
1212278,1,0,0.00263315,0.0571971,0.282497,0.292027,1,0,,0,0,0,0,0,0,0,0,103808,104555,0,232,0
1212378,1,0,0.0018432,0.0461263,0.25886,0.343742,1,0,,0,0,0,0,0,0,0,0,103808,104555,0,232,0
1212478,1,0,0.00129024,0.0371591,0.23669,0.315581,1,0,,0,0,0,0,0,0,0,0,103808,104555,0,232,0
1212578,1,0,0.000903169,0.0299079,0.216012,0.292018,1,0,,0,0,0,0,0,0,0,0,103808,104555,0,232,0
1212678,1,0,0.000632218,0.0240528,0.196816,0.255332,1,0,,0,0,0,0,0,0,0,0,103808,104555,0,232,0
1212778,1,0,0.000442553,0.0193307,0.179067,0.330707,1,0,,0,0,0,0,0,0,0,0,103808,104555,0,232,0
1212878,1,0,0.000309787,0.0155265,0.162713,0.302034,1,0,,0,0,0,0,0,0,0,0,103808,104555,0,232,0
1212978,1,0,0.000216851,0.0124646,0.147688,0.275846,1,0,,0,0,0,0,0,0,0,0,103808,104555,0,232,0
1213078,1,0,0.000151796,0.010002,0.13392,0.27318,1,0,,0,0,0,0,0,0,0,0,103808,104555,0,232,0
1213178,1,0,0.000106257,0.00802288,0.12133,0.245718,1,0,,0,0,0,0,0,0,0,0,103808,104555,0,232,0
1213278,1,0,7.43799e-005,0.00643318,0.10984,0.266155,1,0,,0,0,0,0,0,0,0,0,103808,104555,0,232,0
1213378,1,0,5.20659e-005,0.00515696,0.099372,0.312359,1,0,,0,0,0,0,0,0,0,0,103808,104555,0,232,0
1213478,1,0,3.64461e-005,0.00413286,0.0898481,0.30552,1,0,,0,0,0,0,0,0,0,0,103808,104555,0,232,0
1213578,1,0,2.55123e-005,0.00331139,0.0811944,0.305407,1,0,,0,0,0,0,0,0,0,0,103808,104555,0,232,0
1213678,1,0,1.78586e-005,0.00265268,0.0733402,0.320707,1,0,,0,0,0,0,0,0,0,0,103808,104555,0,232,0
1213778,1,0,1.2501e-005,0.00212465,0.0662187,0.271294,1,0,,0,0,0,0,0,0,0,0,103808,104555,0,232,0
1213878,1,0,8.75072e-006,0.00170147,0.059767,0.259693,1,0,,0,0,0,0,0,0,0,0,103808,104555,0,232,0
1213978,1,0,6.1255e-006,0.0013624,0.0539265,0.288442,1,0,,0,0,0,0,0,0,0,0,103808,104555,0,232,0
1214078,1,0,4.28785e-006,0.00109078,0.0486429,0.316941,1,0,,0,0,0,0,0,0,0,0,103808,104555,0,232,0
1214178,1,0,3.0015e-006,0.000873221,0.043866,0.286892,1,0,,0,0,0,0,0,0,0,0,103808,104555,0,232,0
1214278,1,11,3.3,0.660699,0.105549,0.255589,1,0,,0,0,0,0,0,0,0,0,103808,104555,0,232,0
1214378,1,0,2.31,0.99056,0.19405,0.321452,1,0,,0,0,0,0,0,0,0,0,103808,104555,0,232,0
1214478,1,0,1.617,1.11585,0.28623,0.288951,1,0,,0,0,0,0,0,0,0,0,103808,104555,0,232,0
1214578,1,0,1.1319,1.11906,0.369513,0.265624,1,0,,0,0,0,0,0,0,0,0,103808,104555,0,232,0
1214678,1,0,0.79233,1.05371,0.437933,0.296438,1,0,,0,0,0,0,0,0,0,0,103808,104555,0,232,0
1214778,1,0,0.554631,0.953897,0.489529,0.268049,1,0,,0,0,0,0,0,0,0,0,103808,104555,0,232,0
1214878,1,0,0.388242,0.840766,0.524653,0.274913,1,0,,0,0,0,0,0,0,0,0,103808,104555,0,232,0
1214978,1,0,0.271769,0.726966,0.544884,0.286113,1,0,,0,0,0,0,0,0,0,0,103808,104555,0,232,0
1215078,1,0,0.190239,0.619621,0.552358,0.280477,1,0,,0,0,0,0,0,0,0,0,103808,104555,0,232,0
1215178,1,0,0.133167,0.52233,0.549355,0.254754,1,0,,0,0,0,0,0,0,0,0,103808,104555,0,232,0
1215278,1,0,0.0932169,0.436507,0.53807,0.265705,1,0,,0,0,0,0,0,0,0,0,103808,104555,0,232,0
1215378,1,0,0.0652518,0.362256,0.520489,0.301329,1,0,,0,0,0,0,0,0,0,0,103808,104555,0,232,0
1215478,1,0,0.0456763,0.29894,0.498334,0.298243,1,0,,0,0,0,0,0,0,0,0,103808,104555,0,232,0
1215578,1,0,0.0319734,0.245547,0.473055,0.273818,1,0,,0,0,0,0,0,0,0,0,103808,104555,0,232,0
1215678,1,0,0.0223814,0.200914,0.445841,0.279005,1,0,,0,0,0,0,0,0,0,0,103808,104555,0,232,0
1215778,1,0,0.015667,0.163864,0.417644,0.272179,1,0,,0,0,0,0,0,0,0,0,103808,104555,0,232,0
1215878,1,0,0.0109669,0.133285,0.389208,0.312605,1,0,,0,0,0,0,0,0,0,0,103808,104555,0,232,0
1215978,1,0,0.00767681,0.108163,0.361103,0.290357,1,0,,0,0,0,0,0,0,0,0,103808,104555,0,232,0
1216078,1,0,0.00537377,0.0876054,0.333753,0.307759,1,0,,0,0,0,0,0,0,0,0,103808,104555,0,232,0
1216178,1,0,0.00376164,0.0708367,0.307462,0.292008,1,0,,0,0,0,0,0,0,0,0,103808,104555,0,232,0
1216278,1,0,0.00263315,0.057196,0.282435,0.301318,1,0,,0,0,0,0,0,0,0,0,103808,104555,0,232,0
1216378,1,0,0.0018432,0.0461254,0.258804,0.253908,1,0,,0,0,0,0,0,0,0,0,103808,104555,0,232,0
1216478,1,0,0.00129024,0.0371584,0.23664,0.284657,1,0,,0,0,0,0,0,0,0,0,103808,104555,0,232,0
1216578,1,0,0.000903169,0.0299073,0.215966,0.267959,1,0,,0,0,0,0,0,0,0,0,103808,104555,0,232,0
1216678,1,0,0.000632218,0.0240523,0.196775,0.287408,1,0,,0,0,0,0,0,0,0,0,103808,104555,0,232,0
1216778,1,0,0.000442553,0.0193304,0.17903,0.298296,1,0,,0,0,0,0,0,0,0,0,103808,104555,0,232,0
1216878,1,0,0.000309787,0.0155262,0.16268,0.278521,1,0,,0,0,0,0,0,0,0,0,103808,104555,0,232,0
1216978,1,0,0.000216851,0.0124644,0.147658,0.321864,1,0,,0,0,0,0,0,0,0,0,103808,104555,0,232,0
1217078,1,0,0.000151796,0.0100019,0.133893,0.285477,1,0,,0,0,0,0,0,0,0,0,103808,104555,0,232,0
1217178,1,0,0.000106257,0.00802273,0.121306,0.269227,1,0,,0,0,0,0,0,0,0,0,103808,104555,0,232,0
1217278,1,0,7.43798e-005,0.00643306,0.109819,0.287341,1,0,,0,0,0,0,0,0,0,0,103808,104555,0,232,0
1217378,1,0,5.20659e-005,0.00515686,0.0993523,0.244878,1,0,,0,0,0,0,0,0,0,0,103808,104555,0,232,0
1217478,1,0,3.64461e-005,0.00413278,0.0898304,0.263091,1,0,,0,0,0,0,0,0,0,0,103808,104555,0,232,0
1217578,1,0,2.55123e-005,0.00331133,0.0811785,0.280901,1,0,,0,0,0,0,0,0,0,0,103808,104555,0,232,0
1217678,1,0,1.78586e-005,0.00265263,0.0733259,0.266127,1,0,,0,0,0,0,0,0,0,0,103808,104555,0,232,0
1217778,1,0,1.2501e-005,0.00212461,0.0662058,0.293212,1,0,,0,0,0,0,0,0,0,0,103808,104555,0,232,0
1217878,1,0,8.75071e-006,0.00170144,0.0597553,0.277625,1,0,,0,0,0,0,0,0,0,0,103808,104555,0,232,0
1217978,1,0,6.1255e-006,0.00136237,0.053916,0.313438,1,0,,0,0,0,0,0,0,0,0,103808,104555,0,232,0
1218078,1,0,4.28785e-006,0.00109076,0.0486335,0.249276,1,0,,0,0,0,0,0,0,0,0,103808,104555,0,232,0
1218178,1,11,3.3,0.660873,0.109857,0.300075,1,0,,0,0,0,0,0,0,0,0,103808,104555,0,232,0
1218278,1,0,2.31,0.990699,0.197942,0.303625,1,0,,0,0,0,0,0,0,0,0,103808,104555,0,232,0
1218378,1,0,1.617,1.11596,0.289743,0.295988,1,0,,0,0,0,0,0,0,0,0,103808,104555,0,232,0
1218478,1,0,1.1319,1.11915,0.372684,0.2829,1,0,,0,0,0,0,0,0,0,0,103808,104555,0,232,0
1218578,1,0,0.792331,1.05378,0.440794,0.280788,1,0,,0,0,0,0,0,0,0,0,103808,104555,0,232,0
1218678,1,0,0.554632,0.953954,0.49211,0.282688,1,0,,0,0,0,0,0,0,0,0,103808,104555,0,232,0
1218778,1,0,0.388242,0.840812,0.52698,0.280398,1,0,,0,0,0,0,0,0,0,0,103808,104555,0,232,0
1218878,1,0,0.271769,0.727003,0.546982,0.289887,1,0,,0,0,0,0,0,0,0,0,103808,104555,0,232,0
1218978,1,0,0.190239,0.61965,0.554249,0.292349,1,0,,0,0,0,0,0,0,0,0,103808,104555,0,232,0
1219078,1,0,0.133167,0.522354,0.55106,0.291436,1,0,,0,0,0,0,0,0,0,0,103808,104555,0,232,0
1219178,1,0,0.0932169,0.436526,0.539606,0.319535,1,0,,0,0,0,0,0,0,0,0,103808,104555,0,232,0
1219278,1,0,0.0652518,0.362271,0.521873,0.303545,1,0,,0,0,0,0,0,0,0,0,103808,104555,0,232,0
1219378,1,0,0.0456763,0.298952,0.499581,0.270582,1,0,,0,0,0,0,0,0,0,0,103808,104555,0,232,0
1219478,1,0,0.0319734,0.245557,0.474178,0.314221,1,0,,0,0,0,0,0,0,0,0,103808,104555,0,232,0
1219578,1,0,0.0223814,0.200922,0.446853,0.291734,1,0,,0,0,0,0,0,0,0,0,103808,104555,0,232,0
1219678,1,0,0.015667,0.163871,0.418554,0.271695,1,0,,0,0,0,0,0,0,0,0,103808,104555,0,232,0
1219778,1,0,0.0109669,0.13329,0.390028,0.298458,1,0,,0,0,0,0,0,0,0,0,103808,104555,0,232,0
1219878,1,0,0.00767681,0.108167,0.361842,0.295645,1,0,,0,0,0,0,0,0,0,0,103808,104555,0,232,0
1219978,1,0,0.00537377,0.0876086,0.334419,0.261651,1,0,,0,0,0,0,0,0,0,0,103808,104555,0,232,0
1220078,1,0,0.00376164,0.0708392,0.308061,0.260887,1,0,,0,0,0,0,0,0,0,0,103808,104555,0,232,0
1220178,1,0,0.00263315,0.057198,0.282974,0.282949,1,0,,0,0,0,0,0,0,0,0,103808,104555,0,232,0
1220278,1,0,0.0018432,0.046127,0.25929,0.278137,1,0,,0,0,0,0,0,0,0,0,103808,104555,0,232,0
1220378,1,0,0.00129024,0.0371597,0.237077,0.267813,1,0,,0,0,0,0,0,0,0,0,103808,104555,0,232,0
1220478,1,0,0.000903169,0.0299084,0.21636,0.288275,1,0,,0,0,0,0,0,0,0,0,103808,104555,0,232,0
1220578,1,0,0.000632218,0.0240531,0.197129,0.314865,1,0,,0,0,0,0,0,0,0,0,103808,104555,0,232,0
1220678,1,0,0.000442553,0.019331,0.179349,0.312076,1,0,,0,0,0,0,0,0,0,0,103808,104555,0,232,0
1220778,1,0,0.000309787,0.0155268,0.162967,0.284039,1,0,,0,0,0,0,0,0,0,0,103808,104555,0,232,0
1220878,1,0,0.000216851,0.0124648,0.147917,0.280265,1,0,,0,0,0,0,0,0,0,0,103808,104555,0,232,0
1220978,1,0,0.000151796,0.0100022,0.134125,0.321265,1,0,,0,0,0,0,0,0,0,0,103808,104555,0,232,0
1221078,1,0,0.000106257,0.00802301,0.121515,0.26734,1,0,,0,0,0,0,0,0,0,0,103808,104555,0,232,0
1221178,1,0,7.43799e-005,0.00643328,0.110007,0.279615,1,0,,0,0,0,0,0,0,0,0,103808,104555,0,232,0
1221278,1,0,5.20659e-005,0.00515704,0.0995219,0.28303,1,0,,0,0,0,0,0,0,0,0,103808,104555,0,232,0
1221378,1,0,3.64461e-005,0.00413292,0.089983,0.271955,1,0,,0,0,0,0,0,0,0,0,103808,104555,0,232,0
1221478,1,0,2.55123e-005,0.00331144,0.0813159,0.290618,1,0,,0,0,0,0,0,0,0,0,103808,104555,0,232,0
1221578,1,0,1.78586e-005,0.00265272,0.0734496,0.259604,1,0,,0,0,0,0,0,0,0,0,103808,104555,0,232,0
1221678,1,0,1.2501e-005,0.00212468,0.0663171,0.28629,1,0,,0,0,0,0,0,0,0,0,103808,104555,0,232,0
1221778,1,0,8.75072e-006,0.00170149,0.0598555,0.252744,1,0,,0,0,0,0,0,0,0,0,103808,104555,0,232,0
1221878,1,0,6.1255e-006,0.00136242,0.0540062,0.319643,1,0,,0,0,0,0,0,0,0,0,103808,104555,0,232,0
1221978,1,0,4.28785e-006,0.00109079,0.0487147,0.284881,1,0,,0,0,0,0,0,0,0,0,103808,104555,0,232,0
1222078,1,0,3.0015e-006,0.000873235,0.0439305,0.259669,1,0,,0,0,0,0,0,0,0,0,103808,104555,0,232,0
1222178,1,12,3.6,0.720699,0.111607,0.285427,1,0,,0,0,0,0,0,0,0,0,103808,104555,0,232,0
1222278,1,0,2.52,1.08056,0.208503,0.267791,1,0,,0,0,0,0,0,0,0,0,103808,104555,0,232,0
1222378,1,0,1.764,1.21725,0.309377,0.269725,1,0,,0,0,0,0,0,0,0,0,103808,104555,0,232,0
1222478,1,0,1.2348,1.22076,0.400515,0.283736,1,0,,0,0,0,0,0,0,0,0,103808,104555,0,232,0
1222578,1,0,0.864361,1.14948,0.475412,0.275698,1,0,,0,0,0,0,0,0,0,0,103808,104555,0,232,0
1222678,1,0,0.605052,1.04059,0.53193,0.293,1,0,,0,0,0,0,0,0,0,0,103808,104555,0,232,0
1222778,1,0,0.423537,0.917182,0.570455,0.270125,1,0,,0,0,0,0,0,0,0,0,103808,104555,0,232,0
1222878,1,0,0.296476,0.793041,0.592714,0.27105,1,0,,0,0,0,0,0,0,0,0,103808,104555,0,232,0
1222978,1,0,0.207533,0.675939,0.601036,0.264686,1,0,,0,0,0,0,0,0,0,0,103808,104555,0,232,0
1223078,1,0,0.145273,0.569806,0.597913,0.311348,1,0,,0,0,0,0,0,0,0,0,103808,104555,0,232,0
1223178,1,0,0.101691,0.476183,0.58574,0.290124,1,0,,0,0,0,0,0,0,0,0,103808,104555,0,232,0
1223278,1,0,0.0711838,0.395183,0.566684,0.293488,1,0,,0,0,0,0,0,0,0,0,103808,104555,0,232,0
1223378,1,0,0.0498287,0.326112,0.542627,0.282664,1,0,,0,0,0,0,0,0,0,0,103808,104555,0,232,0
1223478,1,0,0.0348801,0.267866,0.515151,0.274275,1,0,,0,0,0,0,0,0,0,0,103808,104555,0,232,0
1223578,1,0,0.024416,0.219176,0.485554,0.290029,1,0,,0,0,0,0,0,0,0,0,103808,104555,0,232,0
1223678,1,0,0.0170912,0.178759,0.454874,0.267293,1,0,,0,0,0,0,0,0,0,0,103808,104555,0,232,0
1223778,1,0,0.0119639,0.1454,0.423927,0.305657,1,0,,0,0,0,0,0,0,0,0,103808,104555,0,232,0
1223878,1,0,0.0083747,0.117995,0.393333,0.301906,1,0,,0,0,0,0,0,0,0,0,103808,104555,0,232,0
1223978,1,0,0.00586229,0.0955684,0.363557,0.272069,1,0,,0,0,0,0,0,0,0,0,103808,104555,0,232,0
1224078,1,0,0.0041036,0.0772754,0.334929,0.25897,1,0,,0,0,0,0,0,0,0,0,103808,104555,0,232,0
1224178,1,0,0.00287252,0.0623948,0.307675,0.266226,1,0,,0,0,0,0,0,0,0,0,103808,104555,0,232,0
1224278,1,0,0.00201077,0.050318,0.28194,0.285888,1,0,,0,0,0,0,0,0,0,0,103808,104555,0,232,0
1224378,1,0,0.00140754,0.0405359,0.257799,0.281965,1,0,,0,0,0,0,0,0,0,0,103808,104555,0,232,0
1224478,1,0,0.000985275,0.0326258,0.235282,0.294826,1,0,,0,0,0,0,0,0,0,0,103808,104555,0,232,0
1224578,1,0,0.000689693,0.0262386,0.214378,0.267399,1,0,,0,0,0,0,0,0,0,0,103808,104555,0,232,0
1224678,1,0,0.000482785,0.0210874,0.195048,0.314548,1,0,,0,0,0,0,0,0,0,0,103808,104555,0,232,0
1224778,1,0,0.000337949,0.0169375,0.177237,0.280696,1,0,,0,0,0,0,0,0,0,0,103808,104555,0,232,0
1224878,1,0,0.000236565,0.0135973,0.160873,0.265195,1,0,,0,0,0,0,0,0,0,0,103808,104555,0,232,0
1224978,1,0,0.000165595,0.010911,0.145877,0.28088,1,0,,0,0,0,0,0,0,0,0,103808,104555,0,232,0
1225078,1,0,0.000115917,0.00875197,0.132165,0.266316,1,0,,0,0,0,0,0,0,0,0,103808,104555,0,232,0
1225178,1,0,8.11416e-005,0.00701781,0.11965,0.237543,1,0,,0,0,0,0,0,0,0,0,103808,104555,0,232,0
1225278,1,0,5.67992e-005,0.00562561,0.108248,0.268906,1,0,,0,0,0,0,0,0,0,0,103808,104555,0,232,0
1225378,1,0,3.97594e-005,0.00450844,0.0978736,0.298569,1,0,,0,0,0,0,0,0,0,0,103808,104555,0,232,0
1225478,1,0,2.78316e-005,0.00361232,0.0884475,0.281282,1,0,,0,0,0,0,0,0,0,0,103808,104555,0,232,0
1225578,1,0,1.94821e-005,0.00289375,0.0798921,0.288669,1,0,,0,0,0,0,0,0,0,0,103808,104555,0,232,0
1225678,1,0,1.36375e-005,0.00231773,0.0721347,0.291107,1,0,,0,0,0,0,0,0,0,0,103808,104555,0,232,0
1225778,1,0,9.54623e-006,0.00185609,0.0651068,0.271582,1,0,,0,0,0,0,0,0,0,0,103808,104555,0,232,0
1225878,1,0,6.68236e-006,0.00148621,0.0587447,0.266945,1,0,,0,0,0,0,0,0,0,0,103808,104555,0,232,0
1225978,1,0,4.67765e-006,0.0011899,0.0529892,0.271462,1,0,,0,0,0,0,0,0,0,0,103808,104555,0,232,0
1226078,1,11,3.3,0.660953,0.113786,0.289615,1,0,,0,0,0,0,0,0,0,0,103808,104555,0,232,0
1226178,1,0,2.31,0.990763,0.201483,0.26769,1,0,,0,0,0,0,0,0,0,0,103808,104555,0,232,0
1226278,1,0,1.617,1.11601,0.292936,0.304077,1,0,,0,0,0,0,0,0,0,0,103808,104555,0,232,0
1226378,1,0,1.1319,1.11919,0.375561,0.283502,1,0,,0,0,0,0,0,0,0,0,103808,104555,0,232,0
1226478,1,0,0.792331,1.05382,0.443387,0.324591,1,0,,0,0,0,0,0,0,0,0,103808,104555,0,232,0
1226578,1,0,0.554632,0.95398,0.494446,0.28578,1,0,,0,0,0,0,0,0,0,0,103808,104555,0,232,0
1226678,1,0,0.388242,0.840832,0.529085,0.292704,1,0,,0,0,0,0,0,0,0,0,103808,104555,0,232,0
1226778,1,0,0.271769,0.72702,0.548878,0.313354,1,0,,0,0,0,0,0,0,0,0,103808,104555,0,232,0
1226878,1,0,0.190239,0.619664,0.555957,0.272079,1,0,,0,0,0,0,0,0,0,0,103808,104555,0,232,0
1226978,1,0,0.133167,0.522364,0.552598,0.291903,1,0,,0,0,0,0,0,0,0,0,103808,104555,0,232,0
1227078,1,0,0.0932169,0.436535,0.540991,0.297003,1,0,,0,0,0,0,0,0,0,0,103808,104555,0,232,0
1227178,1,0,0.0652518,0.362278,0.52312,0.288997,1,0,,0,0,0,0,0,0,0,0,103808,104555,0,232,0
1227278,1,0,0.0456763,0.298958,0.500704,0.26882,1,0,,0,0,0,0,0,0,0,0,103808,104555,0,232,0
1227378,1,0,0.0319734,0.245561,0.475189,0.26697,1,0,,0,0,0,0,0,0,0,0,103808,104555,0,232,0
1227478,1,0,0.0223814,0.200925,0.447763,0.281295,1,0,,0,0,0,0,0,0,0,0,103808,104555,0,232,0
1227578,1,0,0.015667,0.163873,0.419374,0.290131,1,0,,0,0,0,0,0,0,0,0,103808,104555,0,232,0
1227678,1,0,0.0109669,0.133292,0.390766,0.288932,1,0,,0,0,0,0,0,0,0,0,103808,104555,0,232,0
1227778,1,0,0.00767681,0.108169,0.362506,0.299805,1,0,,0,0,0,0,0,0,0,0,103808,104555,0,232,0
1227878,1,0,0.00537377,0.08761,0.335016,0.292868,1,0,,0,0,0,0,0,0,0,0,103808,104555,0,232,0
1227978,1,0,0.00376164,0.0708403,0.308599,0.244192,1,0,,0,0,0,0,0,0,0,0,103808,104555,0,232,0
1228078,1,0,0.00263315,0.0571989,0.283459,0.289641,1,0,,0,0,0,0,0,0,0,0,103808,104555,0,232,0
1228178,1,0,0.0018432,0.0461277,0.259726,0.287506,1,0,,0,0,0,0,0,0,0,0,103808,104555,0,232,0
1228278,1,0,0.00129024,0.0371602,0.237469,0.249593,1,0,,0,0,0,0,0,0,0,0,103808,104555,0,232,0
1228378,1,0,0.000903169,0.0299088,0.216713,0.26083,1,0,,0,0,0,0,0,0,0,0,103808,104555,0,232,0
1228478,1,0,0.000632218,0.0240535,0.197447,0.30238,1,0,,0,0,0,0,0,0,0,0,103808,104555,0,232,0
1228578,1,0,0.000442553,0.0193313,0.179636,0.293866,1,0,,0,0,0,0,0,0,0,0,103808,104555,0,232,0
1228678,1,0,0.000309787,0.015527,0.163225,0.294228,1,0,,0,0,0,0,0,0,0,0,103808,104555,0,232,0
1228778,1,0,0.000216851,0.012465,0.148149,0.329767,1,0,,0,0,0,0,0,0,0,0,103808,104555,0,232,0
1228878,1,0,0.000151796,0.0100023,0.134334,0.292618,1,0,,0,0,0,0,0,0,0,0,103808,104555,0,232,0
1228978,1,0,0.000106257,0.00802313,0.121703,0.274669,1,0,,0,0,0,0,0,0,0,0,103808,104555,0,232,0
1229078,1,0,7.43799e-005,0.00643338,0.110176,0.296157,1,0,,0,0,0,0,0,0,0,0,103808,104555,0,232,0
1229178,1,0,5.20659e-005,0.00515712,0.0996742,0.276756,1,0,,0,0,0,0,0,0,0,0,103808,104555,0,232,0
1229278,1,0,3.64461e-005,0.00413298,0.09012,0.299743,1,0,,0,0,0,0,0,0,0,0,103808,104555,0,232,0
1229378,1,0,2.55123e-005,0.00331149,0.0814392,0.29713,1,0,,0,0,0,0,0,0,0,0,103808,104555,0,232,0
1229478,1,0,1.78586e-005,0.00265276,0.0735605,0.381655,1,0,,0,0,0,0,0,0,0,0,103808,104555,0,232,0
1229578,1,0,1.2501e-005,0.00212471,0.066417,0.291774,1,0,,0,0,0,0,0,0,0,0,103808,104555,0,232,0
1229678,1,0,8.75072e-006,0.00170152,0.0599454,0.268548,1,0,,0,0,0,0,0,0,0,0,103808,104555,0,232,0
1229778,1,0,6.1255e-006,0.00136244,0.0540871,0.280885,1,0,,0,0,0,0,0,0,0,0,103808,104555,0,232,0
1229878,1,0,4.28785e-006,0.00109081,0.0487875,0.283872,1,0,,0,0,0,0,0,0,0,0,103808,104555,0,232,0
1229978,1,0,3.0015e-006,0.000873248,0.0439961,0.278847,1,0,,0,0,0,0,0,0,0,0,103808,104555,0,232,0
1230078,1,11,3.3,0.660699,0.105666,0.319259,1,0,,0,0,0,0,0,0,0,0,103808,104555,0,232,0
1230178,1,0,2.31,0.99056,0.194156,0.277696,1,0,,0,0,0,0,0,0,0,0,103808,104555,0,232,0
1230278,1,0,1.617,1.11585,0.286325,0.328596,1,0,,0,0,0,0,0,0,0,0,103808,104555,0,232,0
1230378,1,0,1.1319,1.11906,0.369598,0.285084,1,0,,0,0,0,0,0,0,0,0,103808,104555,0,232,0
1230478,1,0,0.79233,1.05371,0.43801,0.253861,1,0,,0,0,0,0,0,0,0,0,103808,104555,0,232,0
1230578,1,0,0.554631,0.953897,0.489598,0.295063,1,0,,0,0,0,0,0,0,0,0,103808,104555,0,232,0
1230678,1,0,0.388242,0.840766,0.524715,0.269451,1,0,,0,0,0,0,0,0,0,0,103808,104555,0,232,0
1230778,1,0,0.271769,0.726966,0.54494,0.289177,1,0,,0,0,0,0,0,0,0,0,103808,104555,0,232,0
1230878,1,0,0.190239,0.619621,0.552408,0.277125,1,0,,0,0,0,0,0,0,0,0,103808,104555,0,232,0
1230978,1,0,0.133167,0.52233,0.5494,0.289161,1,0,,0,0,0,0,0,0,0,0,103808,104555,0,232,0
1231078,1,0,0.0932169,0.436507,0.538111,0.297963,1,0,,0,0,0,0,0,0,0,0,103808,104555,0,232,0
1231178,1,0,0.0652518,0.362256,0.520526,0.26681,1,0,,0,0,0,0,0,0,0,0,103808,104555,0,232,0
1231278,1,0,0.0456763,0.29894,0.498367,0.304448,1,0,,0,0,0,0,0,0,0,0,103808,104555,0,232,0
1231378,1,0,0.0319734,0.245547,0.473085,0.305616,1,0,,0,0,0,0,0,0,0,0,103808,104555,0,232,0
1231478,1,0,0.0223814,0.200914,0.445868,0.312789,1,0,,0,0,0,0,0,0,0,0,103808,104555,0,232,0
1231578,1,0,0.015667,0.163864,0.417668,0.272265,1,0,,0,0,0,0,0,0,0,0,103808,104555,0,232,0
1231678,1,0,0.0109669,0.133285,0.389229,0.316829,1,0,,0,0,0,0,0,0,0,0,103808,104555,0,232,0
1231778,1,0,0.00767681,0.108163,0.361123,0.285153,1,0,,0,0,0,0,0,0,0,0,103808,104555,0,232,0
1231878,1,0,0.00537377,0.0876054,0.333771,0.313366,1,0,,0,0,0,0,0,0,0,0,103808,104555,0,232,0
1231978,1,0,0.00376164,0.0708367,0.307478,0.298604,1,0,,0,0,0,0,0,0,0,0,103808,104555,0,232,0
1232078,1,0,0.00263315,0.057196,0.282449,0.288793,1,0,,0,0,0,0,0,0,0,0,103808,104555,0,232,0
1232178,1,0,0.0018432,0.0461254,0.258817,0.277016,1,0,,0,0,0,0,0,0,0,0,103808,104555,0,232,0
1232278,1,0,0.00129024,0.0371584,0.236651,0.295166,1,0,,0,0,0,0,0,0,0,0,103808,104555,0,232,0
1232378,1,0,0.000903169,0.0299073,0.215977,0.279492,1,0,,0,0,0,0,0,0,0,0,103808,104555,0,232,0
1232478,1,0,0.000632218,0.0240523,0.196784,0.264641,1,0,,0,0,0,0,0,0,0,0,103808,104555,0,232,0
1232578,1,0,0.000442553,0.0193304,0.179039,0.278113,1,0,,0,0,0,0,0,0,0,0,103808,104555,0,232,0
1232678,1,0,0.000309787,0.0155262,0.162688,0.254852,1,0,,0,0,0,0,0,0,0,0,103808,104555,0,232,0
1232778,1,0,0.000216851,0.0124644,0.147665,0.269466,1,0,,0,0,0,0,0,0,0,0,103808,104555,0,232,0
1232878,1,0,0.000151796,0.0100019,0.133899,0.271793,1,0,,0,0,0,0,0,0,0,0,103808,104555,0,232,0
1232978,1,0,0.000106257,0.00802273,0.121311,0.266556,1,0,,0,0,0,0,0,0,0,0,103808,104555,0,232,0
1233078,1,0,7.43798e-005,0.00643306,0.109823,0.313219,1,0,,0,0,0,0,0,0,0,0,103808,104555,0,232,0
1233178,1,0,5.20659e-005,0.00515686,0.0993568,0.286919,1,0,,0,0,0,0,0,0,0,0,103808,104555,0,232,0
1233278,1,0,3.64461e-005,0.00413278,0.0898344,0.319641,1,0,,0,0,0,0,0,0,0,0,103808,104555,0,232,0
1233378,1,0,2.55123e-005,0.00331133,0.0811821,0.279128,1,0,,0,0,0,0,0,0,0,0,103808,104555,0,232,0
1233478,1,0,1.78586e-005,0.00265263,0.0733292,0.302714,1,0,,0,0,0,0,0,0,0,0,103808,104555,0,232,0
1233578,1,0,1.2501e-005,0.00212461,0.0662087,0.300764,1,0,,0,0,0,0,0,0,0,0,103808,104555,0,232,0
1233678,1,0,8.75071e-006,0.00170144,0.059758,0.260465,1,0,,0,0,0,0,0,0,0,0,103808,104555,0,232,0
1233778,1,0,6.1255e-006,0.00136237,0.0539184,0.281714,1,0,,0,0,0,0,0,0,0,0,103808,104555,0,232,0
1233878,1,0,4.28785e-006,0.00109076,0.0486356,0.288691,1,0,,0,0,0,0,0,0,0,0,103808,104555,0,232,0
1233978,1,12,3.6,0.720873,0.115859,0.261942,1,0,,0,0,0,0,0,0,0,0,103808,104555,0,232,0
1234078,1,0,2.52,1.0807,0.212343,0.260668,1,0,,0,0,0,0,0,0,0,0,103808,104555,0,232,0
1234178,1,0,1.764,1.21736,0.312845,0.261142,1,0,,0,0,0,0,0,0,0,0,103808,104555,0,232,0
1234278,1,0,1.2348,1.22085,0.403645,0.301093,1,0,,0,0,0,0,0,0,0,0,103808,104555,0,232,0
1234378,1,0,0.864361,1.14955,0.478236,0.292878,1,0,,0,0,0,0,0,0,0,0,103808,104555,0,232,0
1234478,1,0,0.605053,1.04065,0.534477,0.266816,1,0,,0,0,0,0,0,0,0,0,103808,104555,0,232,0
1234578,1,0,0.423537,0.917228,0.572752,0.286454,1,0,,0,0,0,0,0,0,0,0,103808,104555,0,232,0
1234678,1,0,0.296476,0.793078,0.594785,0.272069,1,0,,0,0,0,0,0,0,0,0,103808,104555,0,232,0
1234778,1,0,0.207533,0.675969,0.602903,0.286556,1,0,,0,0,0,0,0,0,0,0,103808,104555,0,232,0
1234878,1,0,0.145273,0.56983,0.599596,0.29208,1,0,,0,0,0,0,0,0,0,0,103808,104555,0,232,0
1234978,1,0,0.101691,0.476202,0.587256,0.267681,1,0,,0,0,0,0,0,0,0,0,103808,104555,0,232,0
1235078,1,0,0.0711838,0.395198,0.568051,0.307445,1,0,,0,0,0,0,0,0,0,0,103808,104555,0,232,0
1235178,1,0,0.0498287,0.326124,0.543858,0.259772,1,0,,0,0,0,0,0,0,0,0,103808,104555,0,232,0
1235278,1,0,0.0348801,0.267876,0.51626,0.316058,1,0,,0,0,0,0,0,0,0,0,103808,104555,0,232,0
1235378,1,0,0.024416,0.219184,0.486552,0.264306,1,0,,0,0,0,0,0,0,0,0,103808,104555,0,232,0
1235478,1,0,0.0170912,0.178765,0.455773,0.296866,1,0,,0,0,0,0,0,0,0,0,103808,104555,0,232,0
1235578,1,0,0.0119639,0.145405,0.424736,0.304366,1,0,,0,0,0,0,0,0,0,0,103808,104555,0,232,0
1235678,1,0,0.0083747,0.117999,0.394063,0.312804,1,0,,0,0,0,0,0,0,0,0,103808,104555,0,232,0
1235778,1,0,0.00586229,0.0955716,0.364214,0.287931,1,0,,0,0,0,0,0,0,0,0,103808,104555,0,232,0
1235878,1,0,0.0041036,0.077278,0.33552,0.280595,1,0,,0,0,0,0,0,0,0,0,103808,104555,0,232,0
1235978,1,0,0.00287252,0.0623969,0.308208,0.254321,1,0,,0,0,0,0,0,0,0,0,103808,104555,0,232,0
1236078,1,0,0.00201077,0.0503197,0.282419,0.301832,1,0,,0,0,0,0,0,0,0,0,103808,104555,0,232,0
1236178,1,0,0.00140754,0.0405372,0.258231,0.278179,1,0,,0,0,0,0,0,0,0,0,103808,104555,0,232,0
1236278,1,0,0.000985275,0.0326268,0.23567,0.296067,1,0,,0,0,0,0,0,0,0,0,103808,104555,0,232,0
1236378,1,0,0.000689693,0.0262394,0.214727,0.273519,1,0,,0,0,0,0,0,0,0,0,103808,104555,0,232,0
1236478,1,0,0.000482785,0.0210881,0.195363,0.272543,1,0,,0,0,0,0,0,0,0,0,103808,104555,0,232,0
1236578,1,0,0.000337949,0.0169381,0.177521,0.274672,1,0,,0,0,0,0,0,0,0,0,103808,104555,0,232,0
1236678,1,0,0.000236565,0.0135978,0.161128,0.26721,1,0,,0,0,0,0,0,0,0,0,103808,104555,0,232,0
1236778,1,0,0.000165595,0.0109113,0.146107,0.301626,1,0,,0,0,0,0,0,0,0,0,103808,104555,0,232,0
1236878,1,0,0.000115917,0.00875225,0.132371,0.270938,1,0,,0,0,0,0,0,0,0,0,103808,104555,0,232,0
1236978,1,0,8.11416e-005,0.00701802,0.119836,0.264101,1,0,,0,0,0,0,0,0,0,0,103808,104555,0,232,0
1237078,1,0,5.67992e-005,0.00562578,0.108415,0.291865,1,0,,0,0,0,0,0,0,0,0,103808,104555,0,232,0
1237178,1,0,3.97594e-005,0.00450858,0.0980243,0.273464,1,0,,0,0,0,0,0,0,0,0,103808,104555,0,232,0
1237278,1,0,2.78316e-005,0.00361243,0.0885831,0.264863,1,0,,0,0,0,0,0,0,0,0,103808,104555,0,232,0
1237378,1,0,1.94821e-005,0.00289384,0.0800142,0.275851,1,0,,0,0,0,0,0,0,0,0,103808,104555,0,232,0
1237478,1,0,1.36375e-005,0.0023178,0.0722445,0.261277,1,0,,0,0,0,0,0,0,0,0,103808,104555,0,232,0
1237578,1,0,9.54623e-006,0.00185615,0.0652057,0.280552,1,0,,0,0,0,0,0,0,0,0,103808,104555,0,232,0
1237678,1,0,6.68236e-006,0.00148625,0.0588338,0.269877,1,0,,0,0,0,0,0,0,0,0,103808,104555,0,232,0
1237778,1,0,4.67765e-006,0.00118994,0.0530694,0.272292,1,0,,0,0,0,0,0,0,0,0,103808,104555,0,232,0
1237878,1,0,3.27436e-006,0.000952606,0.0478577,0.255557,1,0,,0,0,0,0,0,0,0,0,103808,104555,0,232,0
1237978,1,11,3.3,0.660763,0.109148,0.296329,1,0,,0,0,0,0,0,0,0,0,103808,104555,0,232,0
1238078,1,0,2.31,0.99061,0.197294,0.272193,1,0,,0,0,0,0,0,0,0,0,103808,104555,0,232,0
1238178,1,0,1.617,1.11589,0.289154,0.273604,1,0,,0,0,0,0,0,0,0,0,103808,104555,0,232,0
1238278,1,0,1.1319,1.11909,0.372148,0.293343,1,0,,0,0,0,0,0,0,0,0,103808,104555,0,232,0
1238378,1,0,0.792331,1.05374,0.440307,0.257483,1,0,,0,0,0,0,0,0,0,0,103808,104555,0,232,0
1238478,1,0,0.554631,0.953917,0.491668,0.285895,1,0,,0,0,0,0,0,0,0,0,103808,104555,0,232,0
1238578,1,0,0.388242,0.840782,0.526579,0.289725,1,0,,0,0,0,0,0,0,0,0,103808,104555,0,232,0
1238678,1,0,0.271769,0.72698,0.546619,0.3048,1,0,,0,0,0,0,0,0,0,0,103808,104555,0,232,0
1238778,1,0,0.190239,0.619632,0.55392,0.264613,1,0,,0,0,0,0,0,0,0,0,103808,104555,0,232,0
1238878,1,0,0.133167,0.522339,0.550762,0.290412,1,0,,0,0,0,0,0,0,0,0,103808,104555,0,232,0
1238978,1,0,0.0932169,0.436514,0.539337,0.293035,1,0,,0,0,0,0,0,0,0,0,103808,104555,0,232,0
1239078,1,0,0.0652518,0.362262,0.52163,0.291848,1,0,,0,0,0,0,0,0,0,0,103808,104555,0,232,0
1239178,1,0,0.0456763,0.298945,0.499361,0.326474,1,0,,0,0,0,0,0,0,0,0,103808,104555,0,232,0
1239278,1,0,0.0319734,0.24555,0.47398,0.285374,1,0,,0,0,0,0,0,0,0,0,103808,104555,0,232,0
1239378,1,0,0.0223814,0.200917,0.446674,0.292802,1,0,,0,0,0,0,0,0,0,0,103808,104555,0,232,0
1239478,1,0,0.015667,0.163867,0.418393,0.280965,1,0,,0,0,0,0,0,0,0,0,103808,104555,0,232,0
1239578,1,0,0.0109669,0.133287,0.389882,0.265265,1,0,,0,0,0,0,0,0,0,0,103808,104555,0,232,0
1239678,1,0,0.00767681,0.108165,0.361711,0.260052,1,0,,0,0,0,0,0,0,0,0,103808,104555,0,232,0
1239778,1,0,0.00537377,0.0876066,0.3343,0.249024,1,0,,0,0,0,0,0,0,0,0,103808,104555,0,232,0
1239878,1,0,0.00376164,0.0708376,0.307954,0.274025,1,0,,0,0,0,0,0,0,0,0,103808,104555,0,232,0
1239978,1,0,0.00263315,0.0571967,0.282878,0.25205,1,0,,0,0,0,0,0,0,0,0,103808,104555,0,232,0
1240078,1,0,0.0018432,0.046126,0.259203,0.271636,1,0,,0,0,0,0,0,0,0,0,103808,104555,0,232,0
1240178,1,0,0.00129024,0.0371588,0.236999,0.267412,1,0,,0,0,0,0,0,0,0,0,103808,104555,0,232,0
1240278,1,0,0.000903169,0.0299077,0.21629,0.300187,1,0,,0,0,0,0,0,0,0,0,103808,104555,0,232,0
1240378,1,0,0.000632218,0.0240526,0.197066,0.260347,1,0,,0,0,0,0,0,0,0,0,103808,104555,0,232,0
1240478,1,0,0.000442553,0.0193306,0.179292,0.287547,1,0,,0,0,0,0,0,0,0,0,103808,104555,0,232,0
1240578,1,0,0.000309787,0.0155264,0.162916,0.268949,1,0,,0,0,0,0,0,0,0,0,103808,104555,0,232,0
1240678,1,0,0.000216851,0.0124645,0.147871,0.253635,1,0,,0,0,0,0,0,0,0,0,103808,104555,0,232,0
1240778,1,0,0.000151796,0.010002,0.134084,0.273773,1,0,,0,0,0,0,0,0,0,0,103808,104555,0,232,0
1240878,1,0,0.000106257,0.00802283,0.121478,0.277974,1,0,,0,0,0,0,0,0,0,0,103808,104555,0,232,0
1240978,1,0,7.43799e-005,0.00643314,0.109973,0.279964,1,0,,0,0,0,0,0,0,0,0,103808,104555,0,232,0
1241078,1,0,5.20659e-005,0.00515693,0.0994915,0.290376,1,0,,0,0,0,0,0,0,0,0,103808,104555,0,232,0
1241178,1,0,3.64461e-005,0.00413283,0.0899557,0.302037,1,0,,0,0,0,0,0,0,0,0,103808,104555,0,232,0
1241278,1,0,2.55123e-005,0.00331137,0.0812912,0.276949,1,0,,0,0,0,0,0,0,0,0,103808,104555,0,232,0
1241378,1,0,1.78586e-005,0.00265267,0.0734274,0.24881,1,0,,0,0,0,0,0,0,0,0,103808,104555,0,232,0
1241478,1,0,1.2501e-005,0.00212463,0.0662971,0.286222,1,0,,0,0,0,0,0,0,0,0,103808,104555,0,232,0
1241578,1,0,8.75072e-006,0.00170146,0.0598375,0.293861,1,0,,0,0,0,0,0,0,0,0,103808,104555,0,232,0
1241678,1,0,6.1255e-006,0.00136239,0.05399,0.316973,1,0,,0,0,0,0,0,0,0,0,103808,104555,0,232,0
1241778,1,0,4.28785e-006,0.00109077,0.0487001,0.265835,1,0,,0,0,0,0,0,0,0,0,103808,104555,0,232,0
1241878,1,11,3.3,0.660873,0.109917,0.303312,1,0,,0,0,0,0,0,0,0,0,103808,104555,0,232,0
1241978,1,0,2.31,0.990699,0.197996,0.265136,1,0,,0,0,0,0,0,0,0,0,103808,104555,0,232,0
1242078,1,0,1.617,1.11596,0.289792,0.267873,1,0,,0,0,0,0,0,0,0,0,103808,104555,0,232,0
1242178,1,0,1.1319,1.11915,0.372728,0.272174,1,0,,0,0,0,0,0,0,0,0,103808,104555,0,232,0
1242278,1,0,0.792331,1.05378,0.440833,0.268961,1,0,,0,0,0,0,0,0,0,0,103808,104555,0,232,0
1242378,1,0,0.554632,0.953954,0.492145,0.272588,1,0,,0,0,0,0,0,0,0,0,103808,104555,0,232,0
1242478,1,0,0.388242,0.840812,0.527012,0.253813,1,0,,0,0,0,0,0,0,0,0,103808,104555,0,232,0
1242578,1,0,0.271769,0.727003,0.547011,0.287613,1,0,,0,0,0,0,0,0,0,0,103808,104555,0,232,0
1242678,1,0,0.190239,0.61965,0.554275,0.294089,1,0,,0,0,0,0,0,0,0,0,103808,104555,0,232,0
1242778,1,0,0.133167,0.522354,0.551083,0.264226,1,0,,0,0,0,0,0,0,0,0,103808,104555,0,232,0
1242878,1,0,0.0932169,0.436526,0.539627,0.257376,1,0,,0,0,0,0,0,0,0,0,103808,104555,0,232,0
1242978,1,0,0.0652518,0.362271,0.521892,0.267713,1,0,,0,0,0,0,0,0,0,0,103808,104555,0,232,0
1243078,1,0,0.0456763,0.298952,0.499598,0.272714,1,0,,0,0,0,0,0,0,0,0,103808,104555,0,232,0
1243178,1,0,0.0319734,0.245557,0.474194,0.290827,1,0,,0,0,0,0,0,0,0,0,103808,104555,0,232,0
1243278,1,0,0.0223814,0.200922,0.446866,0.288728,1,0,,0,0,0,0,0,0,0,0,103808,104555,0,232,0
1243378,1,0,0.015667,0.163871,0.418567,0.290079,1,0,,0,0,0,0,0,0,0,0,103808,104555,0,232,0
1243478,1,0,0.0109669,0.13329,0.390039,0.309616,1,0,,0,0,0,0,0,0,0,0,103808,104555,0,232,0
1243578,1,0,0.00767681,0.108167,0.361852,0.276141,1,0,,0,0,0,0,0,0,0,0,103808,104555,0,232,0
1243678,1,0,0.00537377,0.0876086,0.334428,0.303092,1,0,,0,0,0,0,0,0,0,0,103808,104555,0,232,0
1243778,1,0,0.00376164,0.0708392,0.308069,0.28558,1,0,,0,0,0,0,0,0,0,0,103808,104555,0,232,0
1243878,1,0,0.00263315,0.057198,0.282982,0.266806,1,0,,0,0,0,0,0,0,0,0,103808,104555,0,232,0
1243978,1,0,0.0018432,0.046127,0.259296,0.286142,1,0,,0,0,0,0,0,0,0,0,103808,104555,0,232,0
1244078,1,0,0.00129024,0.0371597,0.237083,0.277453,1,0,,0,0,0,0,0,0,0,0,103808,104555,0,232,0
1244178,1,0,0.000903169,0.0299084,0.216365,0.294001,1,0,,0,0,0,0,0,0,0,0,103808,104555,0,232,0
1244278,1,0,0.000632218,0.0240531,0.197134,0.278452,1,0,,0,0,0,0,0,0,0,0,103808,104555,0,232,0
1244378,1,0,0.000442553,0.019331,0.179354,0.283503,1,0,,0,0,0,0,0,0,0,0,103808,104555,0,232,0
1244478,1,0,0.000309787,0.0155268,0.162971,0.285992,1,0,,0,0,0,0,0,0,0,0,103808,104555,0,232,0
1244578,1,0,0.000216851,0.0124648,0.14792,0.280793,1,0,,0,0,0,0,0,0,0,0,103808,104555,0,232,0
1244678,1,0,0.000151796,0.0100022,0.134128,0.289119,1,0,,0,0,0,0,0,0,0,0,103808,104555,0,232,0
1244778,1,0,0.000106257,0.00802301,0.121518,0.348618,1,0,,0,0,0,0,0,0,0,0,103808,104555,0,232,0
1244878,1,0,7.43799e-005,0.00643328,0.110009,0.279145,1,0,,0,0,0,0,0,0,0,0,103808,104555,0,232,0
1244978,1,0,5.20659e-005,0.00515704,0.0995242,0.292009,1,0,,0,0,0,0,0,0,0,0,103808,104555,0,232,0
1245078,1,0,3.64461e-005,0.00413292,0.0899851,0.280747,1,0,,0,0,0,0,0,0,0,0,103808,104555,0,232,0
1245178,1,0,2.55123e-005,0.00331144,0.0813177,0.255649,1,0,,0,0,0,0,0,0,0,0,103808,104555,0,232,0
1245278,1,0,1.78586e-005,0.00265272,0.0734512,0.284026,1,0,,0,0,0,0,0,0,0,0,103808,104555,0,232,0
1245378,1,0,1.2501e-005,0.00212468,0.0663186,0.331075,1,0,,0,0,0,0,0,0,0,0,103808,104555,0,232,0
1245478,1,0,8.75072e-006,0.00170149,0.0598569,0.304038,1,0,,0,0,0,0,0,0,0,0,103808,104555,0,232,0
1245578,1,0,6.1255e-006,0.00136242,0.0540074,0.270563,1,0,,0,0,0,0,0,0,0,0,103808,104555,0,232,0
1245678,1,0,4.28785e-006,0.00109079,0.0487157,0.257738,1,0,,0,0,0,0,0,0,0,0,103808,104555,0,232,0
1245778,1,0,3.0015e-006,0.000873235,0.0439315,0.295143,1,0,,0,0,0,0,0,0,0,0,103808,104555,0,232,0
1245878,1,11,3.3,0.660699,0.105608,0.26026,1,0,,0,0,0,0,0,0,0,0,103808,104555,0,232,0
1245978,1,0,2.31,0.99056,0.194103,0.346184,1,0,,0,0,0,0,0,0,0,0,103808,104555,0,232,0
1246078,1,0,1.617,1.11585,0.286278,0.324897,1,0,,0,0,0,0,0,0,0,0,103808,104555,0,232,0
1246178,1,0,1.1319,1.11906,0.369556,0.288097,1,0,,0,0,0,0,0,0,0,0,103808,104555,0,232,0
1246278,1,0,0.79233,1.05371,0.437972,0.31981,1,0,,0,0,0,0,0,0,0,0,103808,104555,0,232,0
1246378,1,0,0.554631,0.953897,0.489564,0.288323,1,0,,0,0,0,0,0,0,0,0,103808,104555,0,232,0
1246478,1,0,0.388242,0.840766,0.524684,0.280298,1,0,,0,0,0,0,0,0,0,0,103808,104555,0,232,0
1246578,1,0,0.271769,0.726966,0.544912,0.306399,1,0,,0,0,0,0,0,0,0,0,103808,104555,0,232,0
1246678,1,0,0.190239,0.619621,0.552383,0.283484,1,0,,0,0,0,0,0,0,0,0,103808,104555,0,232,0
1246778,1,0,0.133167,0.52233,0.549378,0.311072,1,0,,0,0,0,0,0,0,0,0,103808,104555,0,232,0
1246878,1,0,0.0932169,0.436507,0.538091,0.284458,1,0,,0,0,0,0,0,0,0,0,103808,104555,0,232,0
1246978,1,0,0.0652518,0.362256,0.520507,0.290133,1,0,,0,0,0,0,0,0,0,0,103808,104555,0,232,0
1247078,1,0,0.0456763,0.29894,0.498351,0.279021,1,0,,0,0,0,0,0,0,0,0,103808,104555,0,232,0
1247178,1,0,0.0319734,0.245547,0.47307,0.275208,1,0,,0,0,0,0,0,0,0,0,103808,104555,0,232,0
1247278,1,0,0.0223814,0.200914,0.445855,0.292158,1,0,,0,0,0,0,0,0,0,0,103808,104555,0,232,0
1247378,1,0,0.015667,0.163864,0.417656,0.273695,1,0,,0,0,0,0,0,0,0,0,103808,104555,0,232,0
1247478,1,0,0.0109669,0.133285,0.389219,0.286534,1,0,,0,0,0,0,0,0,0,0,103808,104555,0,232,0
1247578,1,0,0.00767681,0.108163,0.361113,0.301861,1,0,,0,0,0,0,0,0,0,0,103808,104555,0,232,0
1247678,1,0,0.00537377,0.0876054,0.333762,0.284173,1,0,,0,0,0,0,0,0,0,0,103808,104555,0,232,0
1247778,1,0,0.00376164,0.0708367,0.30747,0.272586,1,0,,0,0,0,0,0,0,0,0,103808,104555,0,232,0
1247878,1,0,0.00263315,0.057196,0.282442,0.276635,1,0,,0,0,0,0,0,0,0,0,103808,104555,0,232,0
1247978,1,0,0.0018432,0.0461254,0.258811,0.265111,1,0,,0,0,0,0,0,0,0,0,103808,104555,0,232,0
1248078,1,0,0.00129024,0.0371584,0.236645,0.281647,1,0,,0,0,0,0,0,0,0,0,103808,104555,0,232,0
1248178,1,0,0.000903169,0.0299073,0.215972,0.262873,1,0,,0,0,0,0,0,0,0,0,103808,104555,0,232,0
1248278,1,0,0.000632218,0.0240523,0.19678,0.282884,1,0,,0,0,0,0,0,0,0,0,103808,104555,0,232,0
1248378,1,0,0.000442553,0.0193304,0.179035,0.251421,1,0,,0,0,0,0,0,0,0,0,103808,104555,0,232,0
1248478,1,0,0.000309787,0.0155262,0.162684,0.273044,1,0,,0,0,0,0,0,0,0,0,103808,104555,0,232,0
1248578,1,0,0.000216851,0.0124644,0.147662,0.296439,1,0,,0,0,0,0,0,0,0,0,103808,104555,0,232,0
1248678,1,0,0.000151796,0.0100019,0.133896,0.270403,1,0,,0,0,0,0,0,0,0,0,103808,104555,0,232,0
1248778,1,0,0.000106257,0.00802273,0.121309,0.312412,1,0,,0,0,0,0,0,0,0,0,103808,104555,0,232,0
1248878,1,0,7.43798e-005,0.00643306,0.109821,0.254326,1,0,,0,0,0,0,0,0,0,0,103808,104555,0,232,0
1248978,1,0,5.20659e-005,0.00515686,0.0993546,0.289364,1,0,,0,0,0,0,0,0,0,0,103808,104555,0,232,0
1249078,1,0,3.64461e-005,0.00413278,0.0898324,0.292551,1,0,,0,0,0,0,0,0,0,0,103808,104555,0,232,0
1249178,1,0,2.55123e-005,0.00331133,0.0811803,0.299765,1,0,,0,0,0,0,0,0,0,0,103808,104555,0,232,0
1249278,1,0,1.78586e-005,0.00265263,0.0733275,0.269814,1,0,,0,0,0,0,0,0,0,0,103808,104555,0,232,0
1249378,1,0,1.2501e-005,0.00212461,0.0662072,0.265707,1,0,,0,0,0,0,0,0,0,0,103808,104555,0,232,0
1249478,1,0,8.75071e-006,0.00170144,0.0597567,0.262845,1,0,,0,0,0,0,0,0,0,0,103808,104555,0,232,0
1249578,1,0,6.1255e-006,0.00136237,0.0539172,0.299656,1,0,,0,0,0,0,0,0,0,0,103808,104555,0,232,0
1249678,1,0,4.28785e-006,0.00109076,0.0486346,0.283081,1,0,,0,0,0,0,0,0,0,0,103808,104555,0,232,0
1249778,1,11,3.3,0.660873,0.109858,0.277965,1,0,,0,0,0,0,0,0,0,0,103808,104555,0,232,0
1249878,1,0,2.31,0.990699,0.197943,0.280901,1,0,,0,0,0,0,0,0,0,0,103808,104555,0,232,0
1249978,1,0,1.617,1.11596,0.289744,0.2959,1,0,,0,0,0,0,0,0,0,0,103808,104555,0,232,0
1250078,1,0,1.1319,1.11915,0.372685,0.253174,1,0,,0,0,0,0,0,0,0,0,103808,104555,0,232,0
1250178,1,0,0.792331,1.05378,0.440795,0.273136,1,0,,0,0,0,0,0,0,0,0,103808,104555,0,232,0
1250278,1,0,0.554632,0.953954,0.492111,0.260137,1,0,,0,0,0,0,0,0,0,0,103808,104555,0,232,0
1250378,1,0,0.388242,0.840812,0.526981,0.264336,1,0,,0,0,0,0,0,0,0,0,103808,104555,0,232,0
1250478,1,0,0.271769,0.727003,0.546983,0.298924,1,0,,0,0,0,0,0,0,0,0,103808,104555,0,232,0
1250578,1,0,0.190239,0.61965,0.55425,0.246422,1,0,,0,0,0,0,0,0,0,0,103808,104555,0,232,0
1250678,1,0,0.133167,0.522354,0.55106,0.288936,1,0,,0,0,0,0,0,0,0,0,103808,104555,0,232,0
1250778,1,0,0.0932169,0.436526,0.539607,0.254037,1,0,,0,0,0,0,0,0,0,0,103808,104555,0,232,0
1250878,1,0,0.0652518,0.362271,0.521873,0.312374,1,0,,0,0,0,0,0,0,0,0,103808,104555,0,232,0
1250978,1,0,0.0456763,0.298952,0.499581,0.289761,1,0,,0,0,0,0,0,0,0,0,103808,104555,0,232,0
1251078,1,0,0.0319734,0.245557,0.474179,0.2889,1,0,,0,0,0,0,0,0,0,0,103808,104555,0,232,0
1251178,1,0,0.0223814,0.200922,0.446853,0.282428,1,0,,0,0,0,0,0,0,0,0,103808,104555,0,232,0
1251278,1,0,0.015667,0.163871,0.418555,0.283842,1,0,,0,0,0,0,0,0,0,0,103808,104555,0,232,0
1251378,1,0,0.0109669,0.13329,0.390028,0.276391,1,0,,0,0,0,0,0,0,0,0,103808,104555,0,232,0
1251478,1,0,0.00767681,0.108167,0.361842,0.296377,1,0,,0,0,0,0,0,0,0,0,103808,104555,0,232,0
1251578,1,0,0.00537377,0.0876086,0.334419,0.253178,1,0,,0,0,0,0,0,0,0,0,103808,104555,0,232,0
1251678,1,0,0.00376164,0.0708392,0.308061,0.333153,1,0,,0,0,0,0,0,0,0,0,103808,104555,0,232,0
1251778,1,0,0.00263315,0.057198,0.282974,0.303589,1,0,,0,0,0,0,0,0,0,0,103808,104555,0,232,0
1251878,1,0,0.0018432,0.046127,0.25929,0.294879,1,0,,0,0,0,0,0,0,0,0,103808,104555,0,232,0
1251978,1,0,0.00129024,0.0371597,0.237077,0.312444,1,0,,0,0,0,0,0,0,0,0,103808,104555,0,232,0
1252078,1,0,0.000903169,0.0299084,0.21636,0.273958,1,0,,0,0,0,0,0,0,0,0,103808,104555,0,232,0
1252178,1,0,0.000632218,0.0240531,0.197129,0.274783,1,0,,0,0,0,0,0,0,0,0,103808,104555,0,232,0
1252278,1,0,0.000442553,0.019331,0.179349,0.269397,1,0,,0,0,0,0,0,0,0,0,103808,104555,0,232,0
1252378,1,0,0.000309787,0.0155268,0.162967,0.285698,1,0,,0,0,0,0,0,0,0,0,103808,104555,0,232,0
1252478,1,0,0.000216851,0.0124648,0.147917,0.305586,1,0,,0,0,0,0,0,0,0,0,103808,104555,0,232,0
1252578,1,0,0.000151796,0.0100022,0.134125,0.28621,1,0,,0,0,0,0,0,0,0,0,103808,104555,0,232,0
1252678,1,0,0.000106257,0.00802301,0.121515,0.292386,1,0,,0,0,0,0,0,0,0,0,103808,104555,0,232,0
1252778,1,0,7.43799e-005,0.00643328,0.110007,0.30286,1,0,,0,0,0,0,0,0,0,0,103808,104555,0,232,0
1252878,1,0,5.20659e-005,0.00515704,0.099522,0.274535,1,0,,0,0,0,0,0,0,0,0,103808,104555,0,232,0
1252978,1,0,3.64461e-005,0.00413292,0.0899831,0.301987,1,0,,0,0,0,0,0,0,0,0,103808,104555,0,232,0
1253078,1,0,2.55123e-005,0.00331144,0.0813159,0.284748,1,0,,0,0,0,0,0,0,0,0,103808,104555,0,232,0
1253178,1,0,1.78586e-005,0.00265272,0.0734496,0.293186,1,0,,0,0,0,0,0,0,0,0,103808,104555,0,232,0
1253278,1,0,1.2501e-005,0.00212468,0.0663171,0.313339,1,0,,0,0,0,0,0,0,0,0,103808,104555,0,232,0
1253378,1,0,8.75072e-006,0.00170149,0.0598555,0.292889,1,0,,0,0,0,0,0,0,0,0,103808,104555,0,232,0
1253478,1,0,6.1255e-006,0.00136242,0.0540062,0.301539,1,0,,0,0,0,0,0,0,0,0,103808,104555,0,232,0
1253578,1,0,4.28785e-006,0.00109079,0.0487147,0.245301,1,0,,0,0,0,0,0,0,0,0,103808,104555,0,232,0
1253678,1,0,3.0015e-006,0.000873235,0.0439305,0.252263,1,0,,0,0,0,0,0,0,0,0,103808,104555,0,232,0
1253778,1,11,3.3,0.660699,0.105607,0.276211,1,0,,0,0,0,0,0,0,0,0,103808,104555,0,232,0
1253878,1,0,2.31,0.99056,0.194103,0.312561,1,0,,0,0,0,0,0,0,0,0,103808,104555,0,232,0
1253978,1,0,1.617,1.11585,0.286277,0.283473,1,0,,0,0,0,0,0,0,0,0,103808,104555,0,232,0
1254078,1,0,1.1319,1.11906,0.369555,0.294511,1,0,,0,0,0,0,0,0,0,0,103808,104555,0,232,0
1254178,1,0,0.79233,1.05371,0.437971,0.343187,1,0,,0,0,0,0,0,0,0,0,103808,104555,0,232,0
1254278,1,0,0.554631,0.953897,0.489564,0.282436,1,0,,0,0,0,0,0,0,0,0,103808,104555,0,232,0
1254378,1,0,0.388242,0.840766,0.524684,0.322823,1,0,,0,0,0,0,0,0,0,0,103808,104555,0,232,0
1254478,1,0,0.271769,0.726966,0.544912,0.306749,1,0,,0,0,0,0,0,0,0,0,103808,104555,0,232,0
1254578,1,0,0.190239,0.619621,0.552383,0.300124,1,0,,0,0,0,0,0,0,0,0,103808,104555,0,232,0
1254678,1,0,0.133167,0.52233,0.549378,0.319849,1,0,,0,0,0,0,0,0,0,0,103808,104555,0,232,0
1254778,1,0,0.0932169,0.436507,0.538091,0.268422,1,0,,0,0,0,0,0,0,0,0,103808,104555,0,232,0
1254878,1,0,0.0652518,0.362256,0.520507,0.307108,1,0,,0,0,0,0,0,0,0,0,103808,104555,0,232,0
1254978,1,0,0.0456763,0.29894,0.49835,0.288321,1,0,,0,0,0,0,0,0,0,0,103808,104555,0,232,0
1255078,1,0,0.0319734,0.245547,0.47307,0.299049,1,0,,0,0,0,0,0,0,0,0,103808,104555,0,232,0
1255178,1,0,0.0223814,0.200914,0.445854,0.268523,1,0,,0,0,0,0,0,0,0,0,103808,104555,0,232,0
1255278,1,0,0.015667,0.163864,0.417655,0.288973,1,0,,0,0,0,0,0,0,0,0,103808,104555,0,232,0
1255378,1,0,0.0109669,0.133285,0.389218,0.326236,1,0,,0,0,0,0,0,0,0,0,103808,104555,0,232,0
1255478,1,0,0.00767681,0.108163,0.361113,0.301098,1,0,,0,0,0,0,0,0,0,0,103808,104555,0,232,0
1255578,1,0,0.00537377,0.0876054,0.333762,0.265987,1,0,,0,0,0,0,0,0,0,0,103808,104555,0,232,0
1255678,1,0,0.00376164,0.0708367,0.30747,0.293637,1,0,,0,0,0,0,0,0,0,0,103808,104555,0,232,0
1255778,1,0,0.00263315,0.057196,0.282442,0.264722,1,0,,0,0,0,0,0,0,0,0,103808,104555,0,232,0
1255878,1,0,0.0018432,0.0461254,0.25881,0.267771,1,0,,0,0,0,0,0,0,0,0,103808,104555,0,232,0
1255978,1,0,0.00129024,0.0371584,0.236645,0.303202,1,0,,0,0,0,0,0,0,0,0,103808,104555,0,232,0
1256078,1,0,0.000903169,0.0299073,0.215971,0.295088,1,0,,0,0,0,0,0,0,0,0,103808,104555,0,232,0
1256178,1,0,0.000632218,0.0240523,0.19678,0.277036,1,0,,0,0,0,0,0,0,0,0,103808,104555,0,232,0
1256278,1,0,0.000442553,0.0193304,0.179035,0.271737,1,0,,0,0,0,0,0,0,0,0,103808,104555,0,232,0
1256378,1,0,0.000309787,0.0155262,0.162684,0.279888,1,0,,0,0,0,0,0,0,0,0,103808,104555,0,232,0
1256478,1,0,0.000216851,0.0124644,0.147662,0.285551,1,0,,0,0,0,0,0,0,0,0,103808,104555,0,232,0
1256578,1,0,0.000151796,0.0100019,0.133896,0.267209,1,0,,0,0,0,0,0,0,0,0,103808,104555,0,232,0
1256678,1,0,0.000106257,0.00802273,0.121309,0.289809,1,0,,0,0,0,0,0,0,0,0,103808,104555,0,232,0
1256778,1,0,7.43798e-005,0.00643306,0.109821,0.295519,1,0,,0,0,0,0,0,0,0,0,103808,104555,0,232,0
1256878,1,0,5.20659e-005,0.00515686,0.0993546,0.308455,1,0,,0,0,0,0,0,0,0,0,103808,104555,0,232,0
1256978,1,0,3.64461e-005,0.00413278,0.0898324,0.276368,1,0,,0,0,0,0,0,0,0,0,103808,104555,0,232,0
1257078,1,0,2.55123e-005,0.00331133,0.0811803,0.292068,1,0,,0,0,0,0,0,0,0,0,103808,104555,0,232,0
1257178,1,0,1.78586e-005,0.00265263,0.0733275,0.267455,1,0,,0,0,0,0,0,0,0,0,103808,104555,0,232,0
1257278,1,0,1.2501e-005,0.00212461,0.0662072,0.294004,1,0,,0,0,0,0,0,0,0,0,103808,104555,0,232,0
1257378,1,0,8.75071e-006,0.00170144,0.0597566,0.272303,1,0,,0,0,0,0,0,0,0,0,103808,104555,0,232,0
1257478,1,0,6.1255e-006,0.00136237,0.0539172,0.282215,1,0,,0,0,0,0,0,0,0,0,103808,104555,0,232,0
1257578,1,0,4.28785e-006,0.00109076,0.0486346,0.27624,1,0,,0,0,0,0,0,0,0,0,103808,104555,0,232,0
1257678,1,12,3.6,0.720873,0.115858,0.291322,1,0,,0,0,0,0,0,0,0,0,103808,104555,0,232,0
1257778,1,0,2.52,1.0807,0.212343,0.282005,1,0,,0,0,0,0,0,0,0,0,103808,104555,0,232,0
1257878,1,0,1.764,1.21736,0.312844,0.262518,1,0,,0,0,0,0,0,0,0,0,103808,104555,0,232,0
1257978,1,0,1.2348,1.22085,0.403645,0.309031,1,0,,0,0,0,0,0,0,0,0,103808,104555,0,232,0
1258078,1,0,0.864361,1.14955,0.478235,0.265669,1,0,,0,0,0,0,0,0,0,0,103808,104555,0,232,0
1258178,1,0,0.605053,1.04065,0.534477,0.321593,1,0,,0,0,0,0,0,0,0,0,103808,104555,0,232,0
1258278,1,0,0.423537,0.917228,0.572752,0.300507,1,0,,0,0,0,0,0,0,0,0,103808,104555,0,232,0
1258378,1,0,0.296476,0.793078,0.594784,0.26766,1,0,,0,0,0,0,0,0,0,0,103808,104555,0,232,0
1258478,1,0,0.207533,0.675969,0.602903,0.250547,1,0,,0,0,0,0,0,0,0,0,103808,104555,0,232,0
1258578,1,0,0.145273,0.56983,0.599595,0.293922,1,0,,0,0,0,0,0,0,0,0,103808,104555,0,232,0
1258678,1,0,0.101691,0.476202,0.587256,0.296572,1,0,,0,0,0,0,0,0,0,0,103808,104555,0,232,0
1258778,1,0,0.0711838,0.395198,0.56805,0.28821,1,0,,0,0,0,0,0,0,0,0,103808,104555,0,232,0
1258878,1,0,0.0498287,0.326124,0.543858,0.278947,1,0,,0,0,0,0,0,0,0,0,103808,104555,0,232,0
1258978,1,0,0.0348801,0.267876,0.516259,0.277008,1,0,,0,0,0,0,0,0,0,0,103808,104555,0,232,0
1259078,1,0,0.024416,0.219184,0.486552,0.313796,1,0,,0,0,0,0,0,0,0,0,103808,104555,0,232,0
1259178,1,0,0.0170912,0.178765,0.455773,0.268235,1,0,,0,0,0,0,0,0,0,0,103808,104555,0,232,0
1259278,1,0,0.0119639,0.145405,0.424736,0.268021,1,0,,0,0,0,0,0,0,0,0,103808,104555,0,232,0
1259378,1,0,0.0083747,0.117999,0.394063,0.27041,1,0,,0,0,0,0,0,0,0,0,103808,104555,0,232,0
1259478,1,0,0.00586229,0.0955716,0.364213,0.265986,1,0,,0,0,0,0,0,0,0,0,103808,104555,0,232,0
1259578,1,0,0.0041036,0.077278,0.33552,0.289419,1,0,,0,0,0,0,0,0,0,0,103808,104555,0,232,0
1259678,1,0,0.00287252,0.0623969,0.308208,0.272343,1,0,,0,0,0,0,0,0,0,0,103808,104555,0,232,0
1259778,1,0,0.00201077,0.0503197,0.282419,0.273143,1,0,,0,0,0,0,0,0,0,0,103808,104555,0,232,0
1259878,1,0,0.00140754,0.0405372,0.258231,0.280018,1,0,,0,0,0,0,0,0,0,0,103808,104555,0,232,0
1259978,1,0,0.000985275,0.0326268,0.23567,0.27393,1,0,,0,0,0,0,0,0,0,0,103808,104555,0,232,0
1260078,1,0,0.000689693,0.0262394,0.214727,0.276667,1,0,,0,0,0,0,0,0,0,0,103808,104555,0,232,0
1260178,1,0,0.000482785,0.0210881,0.195363,0.291273,1,0,,0,0,0,0,0,0,0,0,103808,104555,0,232,0
1260278,1,0,0.000337949,0.0169381,0.177521,0.294662,1,0,,0,0,0,0,0,0,0,0,103808,104555,0,232,0
1260378,1,0,0.000236565,0.0135978,0.161128,0.3086,1,0,,0,0,0,0,0,0,0,0,103808,104555,0,232,0
1260478,1,0,0.000165595,0.0109113,0.146107,0.269588,1,0,,0,0,0,0,0,0,0,0,103808,104555,0,232,0
1260578,1,0,0.000115917,0.00875225,0.132371,0.286002,1,0,,0,0,0,0,0,0,0,0,103808,104555,0,232,0
1260678,1,0,8.11416e-005,0.00701802,0.119836,0.32645,1,0,,0,0,0,0,0,0,0,0,103808,104555,0,232,0
1260778,1,0,5.67992e-005,0.00562578,0.108415,0.267326,1,0,,0,0,0,0,0,0,0,0,103808,104555,0,232,0
1260878,1,0,3.97594e-005,0.00450858,0.0980243,0.295513,1,0,,0,0,0,0,0,0,0,0,103808,104555,0,232,0
1260978,1,0,2.78316e-005,0.00361243,0.0885831,0.25069,1,0,,0,0,0,0,0,0,0,0,103808,104555,0,232,0
1261078,1,0,1.94821e-005,0.00289384,0.0800141,0.26469,1,0,,0,0,0,0,0,0,0,0,103808,104555,0,232,0
1261178,1,0,1.36375e-005,0.0023178,0.0722445,0.308066,1,0,,0,0,0,0,0,0,0,0,103808,104555,0,232,0
1261278,1,0,9.54623e-006,0.00185615,0.0652057,0.25464,1,0,,0,0,0,0,0,0,0,0,103808,104555,0,232,0
1261378,1,0,6.68236e-006,0.00148625,0.0588337,0.271327,1,0,,0,0,0,0,0,0,0,0,103808,104555,0,232,0
1261478,1,0,4.67765e-006,0.00118994,0.0530693,0.307039,1,0,,0,0,0,0,0,0,0,0,103808,104555,0,232,0
1261578,1,0,3.27436e-006,0.000952606,0.0478577,0.300675,1,0,,0,0,0,0,0,0,0,0,103808,104555,0,232,0
1261678,1,11,3.3,0.660763,0.109148,0.296922,1,0,,0,0,0,0,0,0,0,0,103808,104555,0,232,0
1261778,1,0,2.31,0.99061,0.197294,0.333397,1,0,,0,0,0,0,0,0,0,0,103808,104555,0,232,0
1261878,1,0,1.617,1.11589,0.289154,0.307046,1,0,,0,0,0,0,0,0,0,0,103808,104555,0,232,0
1261978,1,0,1.1319,1.11909,0.372148,0.308464,1,0,,0,0,0,0,0,0,0,0,103808,104555,0,232,0
1262078,1,0,0.792331,1.05374,0.440307,0.275578,1,0,,0,0,0,0,0,0,0,0,103808,104555,0,232,0
1262178,1,0,0.554631,0.953917,0.491668,0.301955,1,0,,0,0,0,0,0,0,0,0,103808,104555,0,232,0
1262278,1,0,0.388242,0.840782,0.526579,0.288393,1,0,,0,0,0,0,0,0,0,0,103808,104555,0,232,0
1262378,1,0,0.271769,0.72698,0.546619,0.294105,1,0,,0,0,0,0,0,0,0,0,103808,104555,0,232,0
1262478,1,0,0.190239,0.619632,0.55392,0.295292,1,0,,0,0,0,0,0,0,0,0,103808,104555,0,232,0
1262578,1,0,0.133167,0.522339,0.550762,0.275491,1,0,,0,0,0,0,0,0,0,0,103808,104555,0,232,0
1262678,1,0,0.0932169,0.436514,0.539337,0.285029,1,0,,0,0,0,0,0,0,0,0,103808,104555,0,232,0
1262778,1,0,0.0652518,0.362262,0.52163,0.265667,1,0,,0,0,0,0,0,0,0,0,103808,104555,0,232,0
1262878,1,0,0.0456763,0.298945,0.499361,0.315354,1,0,,0,0,0,0,0,0,0,0,103808,104555,0,232,0
1262978,1,0,0.0319734,0.24555,0.47398,0.267542,1,0,,0,0,0,0,0,0,0,0,103808,104555,0,232,0
1263078,1,0,0.0223814,0.200917,0.446674,0.27859,1,0,,0,0,0,0,0,0,0,0,103808,104555,0,232,0
1263178,1,0,0.015667,0.163867,0.418393,0.297066,1,0,,0,0,0,0,0,0,0,0,103808,104555,0,232,0
1263278,1,0,0.0109669,0.133287,0.389882,0.285042,1,0,,0,0,0,0,0,0,0,0,103808,104555,0,232,0
1263378,1,0,0.00767681,0.108165,0.361711,0.34014,1,0,,0,0,0,0,0,0,0,0,103808,104555,0,232,0
1263478,1,0,0.00537377,0.0876066,0.3343,0.26879,1,0,,0,0,0,0,0,0,0,0,103808,104555,0,232,0
1263578,1,0,0.00376164,0.0708376,0.307954,0.276214,1,0,,0,0,0,0,0,0,0,0,103808,104555,0,232,0
1263678,1,0,0.00263315,0.0571967,0.282878,0.289339,1,0,,0,0,0,0,0,0,0,0,103808,104555,0,232,0
1263778,1,0,0.0018432,0.046126,0.259203,0.296032,1,0,,0,0,0,0,0,0,0,0,103808,104555,0,232,0
1263878,1,0,0.00129024,0.0371588,0.236999,0.263955,1,0,,0,0,0,0,0,0,0,0,103808,104555,0,232,0
1263978,1,0,0.000903169,0.0299077,0.21629,0.267955,1,0,,0,0,0,0,0,0,0,0,103808,104555,0,232,0
1264078,1,0,0.000632218,0.0240526,0.197066,0.276755,1,0,,0,0,0,0,0,0,0,0,103808,104555,0,232,0
1264178,1,0,0.000442553,0.0193306,0.179292,0.308854,1,0,,0,0,0,0,0,0,0,0,103808,104555,0,232,0
1264278,1,0,0.000309787,0.0155264,0.162916,0.332518,1,0,,0,0,0,0,0,0,0,0,103808,104555,0,232,0
1264378,1,0,0.000216851,0.0124645,0.147871,0.302729,1,0,,0,0,0,0,0,0,0,0,103808,104555,0,232,0
1264478,1,0,0.000151796,0.010002,0.134084,0.301319,1,0,,0,0,0,0,0,0,0,0,103808,104555,0,232,0
1264578,1,0,0.000106257,0.00802283,0.121478,0.267919,1,0,,0,0,0,0,0,0,0,0,103808,104555,0,232,0
1264678,1,0,7.43799e-005,0.00643314,0.109973,0.289905,1,0,,0,0,0,0,0,0,0,0,103808,104555,0,232,0
1264778,1,0,5.20659e-005,0.00515693,0.0994915,0.297228,1,0,,0,0,0,0,0,0,0,0,103808,104555,0,232,0
1264878,1,0,3.64461e-005,0.00413283,0.0899557,0.295316,1,0,,0,0,0,0,0,0,0,0,103808,104555,0,232,0
1264978,1,0,2.55123e-005,0.00331137,0.0812912,0.281508,1,0,,0,0,0,0,0,0,0,0,103808,104555,0,232,0
1265078,1,0,1.78586e-005,0.00265267,0.0734274,0.282546,1,0,,0,0,0,0,0,0,0,0,103808,104555,0,232,0
1265178,1,0,1.2501e-005,0.00212463,0.0662971,0.319396,1,0,,0,0,0,0,0,0,0,0,103808,104555,0,232,0
1265278,1,0,8.75072e-006,0.00170146,0.0598375,0.271046,1,0,,0,0,0,0,0,0,0,0,103808,104555,0,232,0
1265378,1,0,6.1255e-006,0.00136239,0.05399,0.334459,1,0,,0,0,0,0,0,0,0,0,103808,104555,0,232,0
1265478,1,0,4.28785e-006,0.00109077,0.0487001,0.312383,1,0,,0,0,0,0,0,0,0,0,103808,104555,0,232,0
1265578,1,11,3.3,0.660873,0.109917,0.277188,1,0,,0,0,0,0,0,0,0,0,103808,104555,0,232,0
1265678,1,1,2.61,1.0507,0.203996,0.269153,1,0,,0,0,0,0,0,0,0,0,103808,104555,0,232,0
1265778,1,0,1.827,1.20596,0.304192,0.264501,1,0,,0,0,0,0,0,0,0,0,103808,104555,0,232,0
1265878,1,0,1.2789,1.22055,0.395828,0.285076,1,0,,0,0,0,0,0,0,0,0,103808,104555,0,232,0
1265978,1,0,0.895231,1.15548,0.471793,0.298299,1,0,,0,0,0,0,0,0,0,0,103808,104555,0,232,0
1266078,1,0,0.626662,1.04972,0.529586,0.2917,1,0,,0,0,0,0,0,0,0,0,103808,104555,0,232,0
1266178,1,0,0.438663,0.927509,0.569378,0.276201,1,0,,0,0,0,0,0,0,0,0,103808,104555,0,232,0
1266278,1,0,0.307064,0.80342,0.592782,0.278404,1,0,,0,0,0,0,0,0,0,0,103808,104555,0,232,0
1266378,1,0,0.214945,0.685725,0.602077,0.27648,1,0,,0,0,0,0,0,0,0,0,103808,104555,0,232,0
1266478,1,0,0.150461,0.578672,0.599736,0.291794,1,0,,0,0,0,0,0,0,0,0,103808,104555,0,232,0
1266578,1,0,0.105323,0.484002,0.588163,0.279007,1,0,,0,0,0,0,0,0,0,0,103808,104555,0,232,0
1266678,1,0,0.0737261,0.401947,0.569541,0.28077,1,0,,0,0,0,0,0,0,0,0,103808,104555,0,232,0
1266778,1,0,0.0516083,0.331879,0.545775,0.271886,1,0,,0,0,0,0,0,0,0,0,103808,104555,0,232,0
1266878,1,0,0.0361258,0.272729,0.51847,0.309874,1,0,,0,0,0,0,0,0,0,0,103808,104555,0,232,0
1266978,1,0,0.025288,0.22324,0.488947,0.281387,1,0,,0,0,0,0,0,0,0,0,103808,104555,0,232,0
1267078,1,0,0.0177016,0.182133,0.458266,0.285524,1,0,,0,0,0,0,0,0,0,0,103808,104555,0,232,0
1267178,1,0,0.0123911,0.148184,0.427258,0.275048,1,0,,0,0,0,0,0,0,0,0,103808,104555,0,232,0
1267278,1,0,0.0086738,0.120282,0.39656,0.291037,1,0,,0,0,0,0,0,0,0,0,103808,104555,0,232,0
1267378,1,0,0.00607166,0.0974402,0.366648,0.290778,1,0,,0,0,0,0,0,0,0,0,103808,104555,0,232,0
1267478,1,0,0.00425016,0.0788022,0.337863,0.281929,1,0,,0,0,0,0,0,0,0,0,103808,104555,0,232,0
1267578,1,0,0.00297511,0.0636367,0.310441,0.291477,1,0,,0,0,0,0,0,0,0,0,103808,104555,0,232,0
1267678,1,0,0.00208258,0.0513259,0.284529,0.288615,1,0,,0,0,0,0,0,0,0,0,103808,104555,0,232,0
1267778,1,0,0.00145781,0.0413523,0.260212,0.25875,1,0,,0,0,0,0,0,0,0,0,103808,104555,0,232,0
1267878,1,0,0.00102046,0.0332859,0.237519,0.2855,1,0,,0,0,0,0,0,0,0,0,103808,104555,0,232,0
1267978,1,0,0.000714325,0.0267716,0.216444,0.313199,1,0,,0,0,0,0,0,0,0,0,103808,104555,0,232,0
1268078,1,0,0.000500027,0.0215173,0.196952,0.289363,1,0,,0,0,0,0,0,0,0,0,103808,104555,0,232,0
1268178,1,0,0.000350019,0.0172838,0.178985,0.290249,1,0,,0,0,0,0,0,0,0,0,103808,104555,0,232,0
1268278,1,0,0.000245013,0.0138761,0.162474,0.28915,1,0,,0,0,0,0,0,0,0,0,103808,104555,0,232,0
1268378,1,0,0.000171509,0.0111352,0.14734,0.338901,1,0,,0,0,0,0,0,0,0,0,103808,104555,0,232,0
1268478,1,0,0.000120057,0.00893214,0.133499,0.288115,1,0,,0,0,0,0,0,0,0,0,103808,104555,0,232,0
1268578,1,0,8.40396e-005,0.00716252,0.120866,0.275968,1,0,,0,0,0,0,0,0,0,0,103808,104555,0,232,0
1268678,1,0,5.88277e-005,0.00574178,0.109353,0.271993,1,0,,0,0,0,0,0,0,0,0,103808,104555,0,232,0
1268778,1,0,4.11794e-005,0.00460166,0.098878,0.308779,1,0,,0,0,0,0,0,0,0,0,103808,104555,0,232,0
1268878,1,0,2.88256e-005,0.00368709,0.0893589,0.288265,1,0,,0,0,0,0,0,0,0,0,103808,104555,0,232,0
1268978,1,0,2.01779e-005,0.00295371,0.0807184,0.281991,1,0,,0,0,0,0,0,0,0,0,103808,104555,0,232,0
1269078,1,0,1.41245e-005,0.00236579,0.0728831,0.26264,1,0,,0,0,0,0,0,0,0,0,103808,104555,0,232,0
1269178,1,0,9.88717e-006,0.00189461,0.0657843,0.266103,1,0,,0,0,0,0,0,0,0,0,103808,104555,0,232,0
1269278,1,0,6.92102e-006,0.00151707,0.0593576,0.267479,1,0,,0,0,0,0,0,0,0,0,103808,104555,0,232,0
1269378,1,0,4.84471e-006,0.00121463,0.0535433,0.304592,1,0,,0,0,0,0,0,0,0,0,103808,104555,0,232,0
1269478,1,0,3.3913e-006,0.000972381,0.0482862,0.307131,1,0,,0,0,0,0,0,0,0,0,103808,104555,0,232,0
1269578,1,12,3.6,0.720778,0.115535,0.265511,1,0,,0,0,0,0,0,0,0,0,103808,104555,0,232,0
1269678,1,0,2.52,1.08062,0.212044,0.282033,1,0,,0,0,0,0,0,0,0,0,103808,104555,0,232,0
1269778,1,0,1.764,1.2173,0.31257,0.255147,1,0,,0,0,0,0,0,0,0,0,103808,104555,0,232,0
1269878,1,0,1.2348,1.2208,0.403393,0.307618,1,0,,0,0,0,0,0,0,0,0,103808,104555,0,232,0
1269978,1,0,0.864361,1.14951,0.478004,0.295406,1,0,,0,0,0,0,0,0,0,0,103808,104555,0,232,0
1270078,1,0,0.605052,1.04062,0.534266,0.272984,1,0,,0,0,0,0,0,0,0,0,103808,104555,0,232,0
1270178,1,0,0.423537,0.917203,0.57256,0.284146,1,0,,0,0,0,0,0,0,0,0,103808,104555,0,232,0
1270278,1,0,0.296476,0.793058,0.594609,0.308196,1,0,,0,0,0,0,0,0,0,0,103808,104555,0,232,0
1270378,1,0,0.207533,0.675953,0.602744,0.272412,1,0,,0,0,0,0,0,0,0,0,103808,104555,0,232,0
1270478,1,0,0.145273,0.569817,0.599451,0.279124,1,0,,0,0,0,0,0,0,0,0,103808,104555,0,232,0
1270578,1,0,0.101691,0.476192,0.587125,0.271486,1,0,,0,0,0,0,0,0,0,0,103808,104555,0,232,0
1270678,1,0,0.0711838,0.39519,0.567932,0.253912,1,0,,0,0,0,0,0,0,0,0,103808,104555,0,232,0
1270778,1,0,0.0498287,0.326118,0.54375,0.298611,1,0,,0,0,0,0,0,0,0,0,103808,104555,0,232,0
1270878,1,0,0.0348801,0.26787,0.516162,0.2734,1,0,,0,0,0,0,0,0,0,0,103808,104555,0,232,0
1270978,1,0,0.024416,0.219179,0.486464,0.289126,1,0,,0,0,0,0,0,0,0,0,103808,104555,0,232,0
1271078,1,0,0.0170912,0.178762,0.455694,0.283013,1,0,,0,0,0,0,0,0,0,0,103808,104555,0,232,0
1271178,1,0,0.0119639,0.145402,0.424665,0.287964,1,0,,0,0,0,0,0,0,0,0,103808,104555,0,232,0
1271278,1,0,0.0083747,0.117997,0.393998,0.286376,1,0,,0,0,0,0,0,0,0,0,103808,104555,0,232,0
1271378,1,0,0.00586229,0.0955698,0.364155,0.285752,1,0,,0,0,0,0,0,0,0,0,103808,104555,0,232,0
1271478,1,0,0.0041036,0.0772766,0.335467,0.272379,1,0,,0,0,0,0,0,0,0,0,103808,104555,0,232,0
1271578,1,0,0.00287252,0.0623958,0.30816,0.278693,1,0,,0,0,0,0,0,0,0,0,103808,104555,0,232,0
1271678,1,0,0.00201077,0.0503188,0.282376,0.276431,1,0,,0,0,0,0,0,0,0,0,103808,104555,0,232,0
1271778,1,0,0.00140754,0.0405365,0.258192,0.283843,1,0,,0,0,0,0,0,0,0,0,103808,104555,0,232,0
1271878,1,0,0.000985275,0.0326263,0.235635,0.282617,1,0,,0,0,0,0,0,0,0,0,103808,104555,0,232,0
1271978,1,0,0.000689693,0.026239,0.214696,0.284155,1,0,,0,0,0,0,0,0,0,0,103808,104555,0,232,0
1272078,1,0,0.000482785,0.0210877,0.195335,0.283155,1,0,,0,0,0,0,0,0,0,0,103808,104555,0,232,0
1272178,1,0,0.000337949,0.0169378,0.177495,0.280646,1,0,,0,0,0,0,0,0,0,0,103808,104555,0,232,0
1272278,1,0,0.000236565,0.0135975,0.161105,0.314171,1,0,,0,0,0,0,0,0,0,0,103808,104555,0,232,0
1272378,1,0,0.000165595,0.0109111,0.146086,0.324133,1,0,,0,0,0,0,0,0,0,0,103808,104555,0,232,0
1272478,1,0,0.000115917,0.0087521,0.132353,0.278484,1,0,,0,0,0,0,0,0,0,0,103808,104555,0,232,0
1272578,1,0,8.11416e-005,0.00701791,0.119819,0.270294,1,0,,0,0,0,0,0,0,0,0,103808,104555,0,232,0
1272678,1,0,5.67992e-005,0.00562568,0.1084,0.286757,1,0,,0,0,0,0,0,0,0,0,103808,104555,0,232,0
1272778,1,0,3.97594e-005,0.0045085,0.0980106,0.324357,1,0,,0,0,0,0,0,0,0,0,103808,104555,0,232,0
1272878,1,0,2.78316e-005,0.00361237,0.0885708,0.27167,1,0,,0,0,0,0,0,0,0,0,103808,104555,0,232,0
1272978,1,0,1.94821e-005,0.00289379,0.0800031,0.265069,1,0,,0,0,0,0,0,0,0,0,103808,104555,0,232,0
1273078,1,0,1.36375e-005,0.00231776,0.0722346,0.280681,1,0,,0,0,0,0,0,0,0,0,103808,104555,0,232,0
1273178,1,0,9.54623e-006,0.00185612,0.0651967,0.315932,1,0,,0,0,0,0,0,0,0,0,103808,104555,0,232,0
1273278,1,0,6.68236e-006,0.00148623,0.0588257,0.307271,1,0,,0,0,0,0,0,0,0,0,103808,104555,0,232,0
1273378,1,0,4.67765e-006,0.00118992,0.0530621,0.276233,1,0,,0,0,0,0,0,0,0,0,103808,104555,0,232,0
1273478,1,12,3.6,0.720953,0.119851,0.28028,1,0,,0,0,0,0,0,0,0,0,103808,104555,0,232,0
1273578,1,0,2.52,1.08076,0.215942,0.292707,1,0,,0,0,0,0,0,0,0,0,103808,104555,0,232,0
1273678,1,0,1.764,1.21741,0.316089,0.286932,1,0,,0,0,0,0,0,0,0,0,103808,104555,0,232,0
1273778,1,0,1.2348,1.22089,0.406569,0.279745,1,0,,0,0,0,0,0,0,0,0,103808,104555,0,232,0
1273878,1,0,0.864361,1.14958,0.48087,0.298096,1,0,,0,0,0,0,0,0,0,0,103808,104555,0,232,0
1273978,1,0,0.605053,1.04068,0.536851,0.286468,1,0,,0,0,0,0,0,0,0,0,103808,104555,0,232,0
1274078,1,0,0.423537,0.917249,0.574891,0.26688,1,0,,0,0,0,0,0,0,0,0,103808,104555,0,232,0
1274178,1,0,0.296476,0.793094,0.596711,0.298604,1,0,,0,0,0,0,0,0,0,0,103808,104555,0,232,0
1274278,1,0,0.207533,0.675982,0.604638,0.332942,1,0,,0,0,0,0,0,0,0,0,103808,104555,0,232,0
1274378,1,0,0.145273,0.56984,0.601158,0.261966,1,0,,0,0,0,0,0,0,0,0,103808,104555,0,232,0
1274478,1,0,0.101691,0.47621,0.588664,0.275566,1,0,,0,0,0,0,0,0,0,0,103808,104555,0,232,0
1274578,1,0,0.0711838,0.395205,0.569318,0.273248,1,0,,0,0,0,0,0,0,0,0,103808,104555,0,232,0
1274678,1,0,0.0498287,0.32613,0.544999,0.273424,1,0,,0,0,0,0,0,0,0,0,103808,104555,0,232,0
1274778,1,0,0.0348801,0.26788,0.517287,0.278661,1,0,,0,0,0,0,0,0,0,0,103808,104555,0,232,0
1274878,1,0,0.024416,0.219187,0.487477,0.288887,1,0,,0,0,0,0,0,0,0,0,103808,104555,0,232,0
1274978,1,0,0.0170912,0.178768,0.456606,0.319611,1,0,,0,0,0,0,0,0,0,0,103808,104555,0,232,0
1275078,1,0,0.0119639,0.145407,0.425486,0.284148,1,0,,0,0,0,0,0,0,0,0,103808,104555,0,232,0
1275178,1,0,0.0083747,0.118001,0.394738,0.277059,1,0,,0,0,0,0,0,0,0,0,103808,104555,0,232,0
1275278,1,0,0.00586229,0.095573,0.364821,0.290597,1,0,,0,0,0,0,0,0,0,0,103808,104555,0,232,0
1275378,1,0,0.0041036,0.0772791,0.336067,0.258171,1,0,,0,0,0,0,0,0,0,0,103808,104555,0,232,0
1275478,1,0,0.00287252,0.0623978,0.3087,0.240434,1,0,,0,0,0,0,0,0,0,0,103808,104555,0,232,0
1275578,1,0,0.00201077,0.0503204,0.282862,0.264647,1,0,,0,0,0,0,0,0,0,0,103808,104555,0,232,0
1275678,1,0,0.00140754,0.0405378,0.25863,0.265307,1,0,,0,0,0,0,0,0,0,0,103808,104555,0,232,0
1275778,1,0,0.000985275,0.0326273,0.236029,0.278822,1,0,,0,0,0,0,0,0,0,0,103808,104555,0,232,0
1275878,1,0,0.000689693,0.0262398,0.21505,0.279772,1,0,,0,0,0,0,0,0,0,0,103808,104555,0,232,0
1275978,1,0,0.000482785,0.0210884,0.195654,0.28261,1,0,,0,0,0,0,0,0,0,0,103808,104555,0,232,0
1276078,1,0,0.000337949,0.0169383,0.177783,0.278672,1,0,,0,0,0,0,0,0,0,0,103808,104555,0,232,0
1276178,1,0,0.000236565,0.013598,0.161364,0.262623,1,0,,0,0,0,0,0,0,0,0,103808,104555,0,232,0
1276278,1,0,0.000165595,0.0109115,0.146319,0.288759,1,0,,0,0,0,0,0,0,0,0,103808,104555,0,232,0
1276378,1,0,0.000115917,0.00875237,0.132562,0.294737,1,0,,0,0,0,0,0,0,0,0,103808,104555,0,232,0
1276478,1,0,8.11416e-005,0.00701812,0.120008,0.296111,1,0,,0,0,0,0,0,0,0,0,103808,104555,0,232,0
1276578,1,0,5.67992e-005,0.00562586,0.10857,0.297761,1,0,,0,0,0,0,0,0,0,0,103808,104555,0,232,0
1276678,1,0,3.97594e-005,0.00450864,0.0981635,0.324712,1,0,,0,0,0,0,0,0,0,0,103808,104555,0,232,0
1276778,1,0,2.78316e-005,0.00361248,0.0887084,0.2715,1,0,,0,0,0,0,0,0,0,0,103808,104555,0,232,0
1276878,1,0,1.94821e-005,0.00289388,0.0801269,0.288362,1,0,,0,0,0,0,0,0,0,0,103808,104555,0,232,0
1276978,1,0,1.36375e-005,0.00231783,0.072346,0.292527,1,0,,0,0,0,0,0,0,0,0,103808,104555,0,232,0
1277078,1,0,9.54623e-006,0.00185617,0.065297,0.306425,1,0,,0,0,0,0,0,0,0,0,103808,104555,0,232,0
1277178,1,0,6.68236e-006,0.00148628,0.058916,0.303125,1,0,,0,0,0,0,0,0,0,0,103808,104555,0,232,0
1277278,1,0,4.67765e-006,0.00118996,0.0531434,0.281076,1,0,,0,0,0,0,0,0,0,0,103808,104555,0,232,0
1277378,1,0,3.27436e-006,0.00095262,0.0479243,0.28719,1,0,,0,0,0,0,0,0,0,0,103808,104555,0,232,0
1277478,1,11,3.3,0.660763,0.109208,0.284478,1,0,,0,0,0,0,0,0,0,0,103808,104555,0,232,0
1277578,1,0,2.31,0.99061,0.197348,0.289821,1,0,,0,0,0,0,0,0,0,0,103808,104555,0,232,0
1277678,1,0,1.617,1.11589,0.289202,0.275244,1,0,,0,0,0,0,0,0,0,0,103808,104555,0,232,0
1277778,1,0,1.1319,1.11909,0.372191,0.279594,1,0,,0,0,0,0,0,0,0,0,103808,104555,0,232,0
1277878,1,0,0.792331,1.05374,0.440346,0.294594,1,0,,0,0,0,0,0,0,0,0,103808,104555,0,232,0
1277978,1,0,0.554631,0.953917,0.491703,0.272794,1,0,,0,0,0,0,0,0,0,0,103808,104555,0,232,0
1278078,1,0,0.388242,0.840782,0.526611,0.288731,1,0,,0,0,0,0,0,0,0,0,103808,104555,0,232,0
1278178,1,0,0.271769,0.72698,0.546648,0.295432,1,0,,0,0,0,0,0,0,0,0,103808,104555,0,232,0
1278278,1,0,0.190239,0.619632,0.553946,0.293457,1,0,,0,0,0,0,0,0,0,0,103808,104555,0,232,0
1278378,1,0,0.133167,0.522339,0.550786,0.293709,1,0,,0,0,0,0,0,0,0,0,103808,104555,0,232,0
1278478,1,0,0.0932169,0.436514,0.539358,0.277383,1,0,,0,0,0,0,0,0,0,0,103808,104555,0,232,0
1278578,1,0,0.0652518,0.362262,0.521649,0.24727,1,0,,0,0,0,0,0,0,0,0,103808,104555,0,232,0
1278678,1,0,0.0456763,0.298945,0.499378,0.272995,1,0,,0,0,0,0,0,0,0,0,103808,104555,0,232,0
1278778,1,0,0.0319734,0.24555,0.473996,0.263618,1,0,,0,0,0,0,0,0,0,0,103808,104555,0,232,0
1278878,1,0,0.0223814,0.200917,0.446688,0.284532,1,0,,0,0,0,0,0,0,0,0,103808,104555,0,232,0
1278978,1,0,0.015667,0.163867,0.418406,0.249908,1,0,,0,0,0,0,0,0,0,0,103808,104555,0,232,0
1279078,1,0,0.0109669,0.133287,0.389894,0.28551,1,0,,0,0,0,0,0,0,0,0,103808,104555,0,232,0
1279178,1,0,0.00767681,0.108165,0.361721,0.29851,1,0,,0,0,0,0,0,0,0,0,103808,104555,0,232,0
1279278,1,0,0.00537377,0.0876066,0.334309,0.301848,1,0,,0,0,0,0,0,0,0,0,103808,104555,0,232,0
1279378,1,0,0.00376164,0.0708376,0.307962,0.234971,1,0,,0,0,0,0,0,0,0,0,103808,104555,0,232,0
1279478,1,0,0.00263315,0.0571967,0.282886,0.256133,1,0,,0,0,0,0,0,0,0,0,103808,104555,0,232,0
1279578,1,0,0.0018432,0.046126,0.25921,0.307633,1,0,,0,0,0,0,0,0,0,0,103808,104555,0,232,0
1279678,1,0,0.00129024,0.0371588,0.237005,0.28427,1,0,,0,0,0,0,0,0,0,0,103808,104555,0,232,0
1279778,1,0,0.000903169,0.0299077,0.216295,0.294972,1,0,,0,0,0,0,0,0,0,0,103808,104555,0,232,0
1279878,1,0,0.000632218,0.0240526,0.197071,0.276932,1,0,,0,0,0,0,0,0,0,0,103808,104555,0,232,0
1279978,1,0,0.000442553,0.0193306,0.179297,0.282407,1,0,,0,0,0,0,0,0,0,0,103808,104555,0,232,0
1280078,1,0,0.000309787,0.0155264,0.16292,0.270045,1,0,,0,0,0,0,0,0,0,0,103808,104555,0,232,0
1280178,1,0,0.000216851,0.0124645,0.147874,0.294847,1,0,,0,0,0,0,0,0,0,0,103808,104555,0,232,0
1280278,1,0,0.000151796,0.010002,0.134087,0.256384,1,0,,0,0,0,0,0,0,0,0,103808,104555,0,232,0
1280378,1,0,0.000106257,0.00802283,0.12148,0.299572,1,0,,0,0,0,0,0,0,0,0,103808,104555,0,232,0
1280478,1,0,7.43799e-005,0.00643314,0.109976,0.284672,1,0,,0,0,0,0,0,0,0,0,103808,104555,0,232,0
1280578,1,0,5.20659e-005,0.00515693,0.0994938,0.275672,1,0,,0,0,0,0,0,0,0,0,103808,104555,0,232,0
1280678,1,0,3.64461e-005,0.00413283,0.0899577,0.286396,1,0,,0,0,0,0,0,0,0,0,103808,104555,0,232,0
1280778,1,0,2.55123e-005,0.00331137,0.0812931,0.295985,1,0,,0,0,0,0,0,0,0,0,103808,104555,0,232,0
1280878,1,0,1.78586e-005,0.00265267,0.073429,0.26536,1,0,,0,0,0,0,0,0,0,0,103808,104555,0,232,0
1280978,1,0,1.2501e-005,0.00212463,0.0662986,0.255611,1,0,,0,0,0,0,0,0,0,0,103808,104555,0,232,0
1281078,1,0,8.75072e-006,0.00170146,0.0598389,0.275462,1,0,,0,0,0,0,0,0,0,0,103808,104555,0,232,0
1281178,1,0,6.1255e-006,0.00136239,0.0539912,0.282594,1,0,,0,0,0,0,0,0,0,0,103808,104555,0,232,0
1281278,1,0,4.28785e-006,0.00109077,0.0487012,0.274581,1,0,,0,0,0,0,0,0,0,0,103808,104555,0,232,0
1281378,1,11,3.3,0.660873,0.109918,0.293839,1,0,,0,0,0,0,0,0,0,0,103808,104555,0,232,0
1281478,1,0,2.31,0.990699,0.197996,0.297078,1,0,,0,0,0,0,0,0,0,0,103808,104555,0,232,0
1281578,1,0,1.617,1.11596,0.289793,0.277327,1,0,,0,0,0,0,0,0,0,0,103808,104555,0,232,0
1281678,1,0,1.1319,1.11915,0.372728,0.263225,1,0,,0,0,0,0,0,0,0,0,103808,104555,0,232,0
1281778,1,0,0.792331,1.05378,0.440834,0.301412,1,0,,0,0,0,0,0,0,0,0,103808,104555,0,232,0
1281878,1,0,0.554632,0.953954,0.492146,0.279863,1,0,,0,0,0,0,0,0,0,0,103808,104555,0,232,0
1281978,1,0,0.388242,0.840812,0.527012,0.295638,1,0,,0,0,0,0,0,0,0,0,103808,104555,0,232,0
1282078,1,0,0.271769,0.727003,0.547011,0.263201,1,0,,0,0,0,0,0,0,0,0,103808,104555,0,232,0
1282178,1,0,0.190239,0.61965,0.554275,0.253525,1,0,,0,0,0,0,0,0,0,0,103808,104555,0,232,0
1282278,1,0,0.133167,0.522354,0.551083,0.286775,1,0,,0,0,0,0,0,0,0,0,103808,104555,0,232,0
1282378,1,0,0.0932169,0.436526,0.539627,0.269848,1,0,,0,0,0,0,0,0,0,0,103808,104555,0,232,0
1282478,1,0,0.0652518,0.362271,0.521892,0.283586,1,0,,0,0,0,0,0,0,0,0,103808,104555,0,232,0
1282578,1,0,0.0456763,0.298952,0.499598,0.328385,1,0,,0,0,0,0,0,0,0,0,103808,104555,0,232,0
1282678,1,0,0.0319734,0.245557,0.474194,0.275185,1,0,,0,0,0,0,0,0,0,0,103808,104555,0,232,0
1282778,1,0,0.0223814,0.200922,0.446867,0.264609,1,0,,0,0,0,0,0,0,0,0,103808,104555,0,232,0
1282878,1,0,0.015667,0.163871,0.418567,0.272785,1,0,,0,0,0,0,0,0,0,0,103808,104555,0,232,0
1282978,1,0,0.0109669,0.13329,0.390039,0.283033,1,0,,0,0,0,0,0,0,0,0,103808,104555,0,232,0
1283078,1,0,0.00767681,0.108167,0.361852,0.29487,1,0,,0,0,0,0,0,0,0,0,103808,104555,0,232,0
1283178,1,0,0.00537377,0.0876086,0.334428,0.282582,1,0,,0,0,0,0,0,0,0,0,103808,104555,0,232,0
1283278,1,0,0.00376164,0.0708392,0.308069,0.277556,1,0,,0,0,0,0,0,0,0,0,103808,104555,0,232,0
1283378,1,0,0.00263315,0.057198,0.282982,0.292545,1,0,,0,0,0,0,0,0,0,0,103808,104555,0,232,0
1283478,1,0,0.0018432,0.046127,0.259296,0.288494,1,0,,0,0,0,0,0,0,0,0,103808,104555,0,232,0
1283578,1,0,0.00129024,0.0371597,0.237083,0.252612,1,0,,0,0,0,0,0,0,0,0,103808,104555,0,232,0
1283678,1,0,0.000903169,0.0299084,0.216365,0.282311,1,0,,0,0,0,0,0,0,0,0,103808,104555,0,232,0
1283778,1,0,0.000632218,0.0240531,0.197134,0.246524,1,0,,0,0,0,0,0,0,0,0,103808,104555,0,232,0
1283878,1,0,0.000442553,0.019331,0.179354,0.291125,1,0,,0,0,0,0,0,0,0,0,103808,104555,0,232,0
1283978,1,0,0.000309787,0.0155268,0.162971,0.293623,1,0,,0,0,0,0,0,0,0,0,103808,104555,0,232,0
1284078,1,0,0.000216851,0.0124648,0.14792,0.275373,1,0,,0,0,0,0,0,0,0,0,103808,104555,0,232,0
1284178,1,0,0.000151796,0.0100022,0.134129,0.280149,1,0,,0,0,0,0,0,0,0,0,103808,104555,0,232,0
1284278,1,0,0.000106257,0.00802301,0.121518,0.281835,1,0,,0,0,0,0,0,0,0,0,103808,104555,0,232,0
1284378,1,0,7.43799e-005,0.00643328,0.11001,0.269209,1,0,,0,0,0,0,0,0,0,0,103808,104555,0,232,0
1284478,1,0,5.20659e-005,0.00515704,0.0995243,0.271611,1,0,,0,0,0,0,0,0,0,0,103808,104555,0,232,0
1284578,1,0,3.64461e-005,0.00413292,0.0899851,0.286971,1,0,,0,0,0,0,0,0,0,0,103808,104555,0,232,0
1284678,1,0,2.55123e-005,0.00331144,0.0813178,0.275945,1,0,,0,0,0,0,0,0,0,0,103808,104555,0,232,0
1284778,1,0,1.78586e-005,0.00265272,0.0734513,0.298027,1,0,,0,0,0,0,0,0,0,0,103808,104555,0,232,0
1284878,1,0,1.2501e-005,0.00212468,0.0663186,0.271354,1,0,,0,0,0,0,0,0,0,0,103808,104555,0,232,0
1284978,1,0,8.75072e-006,0.00170149,0.0598569,0.288191,1,0,,0,0,0,0,0,0,0,0,103808,104555,0,232,0
1285078,1,0,6.1255e-006,0.00136242,0.0540074,0.278266,1,0,,0,0,0,0,0,0,0,0,103808,104555,0,232,0
1285178,1,0,4.28785e-006,0.00109079,0.0487158,0.266293,1,0,,0,0,0,0,0,0,0,0,103808,104555,0,232,0
1285278,1,0,3.0015e-006,0.000873235,0.0439315,0.289331,1,0,,0,0,0,0,0,0,0,0,103808,104555,0,232,0
1285378,1,11,3.3,0.660699,0.105608,0.300387,1,0,,0,0,0,0,0,0,0,0,103808,104555,0,232,0
1285478,1,0,2.31,0.99056,0.194103,0.297023,1,0,,0,0,0,0,0,0,0,0,103808,104555,0,232,0
1285578,1,0,1.617,1.11585,0.286278,0.266159,1,0,,0,0,0,0,0,0,0,0,103808,104555,0,232,0
1285678,1,0,1.1319,1.11906,0.369556,0.302823,1,0,,0,0,0,0,0,0,0,0,103808,104555,0,232,0
1285778,1,0,0.79233,1.05371,0.437972,0.278912,1,0,,0,0,0,0,0,0,0,0,103808,104555,0,232,0
1285878,1,0,0.554631,0.953897,0.489564,0.304438,1,0,,0,0,0,0,0,0,0,0,103808,104555,0,232,0
1285978,1,0,0.388242,0.840766,0.524684,0.279038,1,0,,0,0,0,0,0,0,0,0,103808,104555,0,232,0
1286078,1,0,0.271769,0.726966,0.544912,0.270189,1,0,,0,0,0,0,0,0,0,0,103808,104555,0,232,0
1286178,1,0,0.190239,0.619621,0.552383,0.279262,1,0,,0,0,0,0,0,0,0,0,103808,104555,0,232,0
1286278,1,0,0.133167,0.52233,0.549378,0.288074,1,0,,0,0,0,0,0,0,0,0,103808,104555,0,232,0
1286378,1,0,0.0932169,0.436507,0.538091,0.294499,1,0,,0,0,0,0,0,0,0,0,103808,104555,0,232,0
1286478,1,0,0.0652518,0.362256,0.520507,0.320311,1,0,,0,0,0,0,0,0,0,0,103808,104555,0,232,0
1286578,1,0,0.0456763,0.29894,0.498351,0.263344,1,0,,0,0,0,0,0,0,0,0,103808,104555,0,232,0
1286678,1,0,0.0319734,0.245547,0.47307,0.297768,1,0,,0,0,0,0,0,0,0,0,103808,104555,0,232,0
1286778,1,0,0.0223814,0.200914,0.445855,0.271644,1,0,,0,0,0,0,0,0,0,0,103808,104555,0,232,0
1286878,1,0,0.015667,0.163864,0.417656,0.294118,1,0,,0,0,0,0,0,0,0,0,103808,104555,0,232,0
1286978,1,0,0.0109669,0.133285,0.389219,0.257255,1,0,,0,0,0,0,0,0,0,0,103808,104555,0,232,0
1287078,1,0,0.00767681,0.108163,0.361113,0.285304,1,0,,0,0,0,0,0,0,0,0,103808,104555,0,232,0
1287178,1,0,0.00537377,0.0876054,0.333762,0.282303,1,0,,0,0,0,0,0,0,0,0,103808,104555,0,232,0
1287278,1,0,0.00376164,0.0708367,0.30747,0.255226,1,0,,0,0,0,0,0,0,0,0,103808,104555,0,232,0
1287378,1,0,0.00263315,0.057196,0.282442,0.265538,1,0,,0,0,0,0,0,0,0,0,103808,104555,0,232,0
1287478,1,0,0.0018432,0.0461254,0.258811,0.307589,1,0,,0,0,0,0,0,0,0,0,103808,104555,0,232,0
1287578,1,0,0.00129024,0.0371584,0.236645,0.289866,1,0,,0,0,0,0,0,0,0,0,103808,104555,0,232,0
1287678,1,0,0.000903169,0.0299073,0.215972,0.299278,1,0,,0,0,0,0,0,0,0,0,103808,104555,0,232,0
1287778,1,0,0.000632218,0.0240523,0.19678,0.30284,1,0,,0,0,0,0,0,0,0,0,103808,104555,0,232,0
1287878,1,0,0.000442553,0.0193304,0.179035,0.312389,1,0,,0,0,0,0,0,0,0,0,103808,104555,0,232,0
1287978,1,0,0.000309787,0.0155262,0.162684,0.26229,1,0,,0,0,0,0,0,0,0,0,103808,104555,0,232,0
1288078,1,0,0.000216851,0.0124644,0.147662,0.309465,1,0,,0,0,0,0,0,0,0,0,103808,104555,0,232,0
1288178,1,0,0.000151796,0.0100019,0.133896,0.268077,1,0,,0,0,0,0,0,0,0,0,103808,104555,0,232,0
1288278,1,0,0.000106257,0.00802273,0.121309,0.288803,1,0,,0,0,0,0,0,0,0,0,103808,104555,0,232,0
1288378,1,0,7.43798e-005,0.00643306,0.109821,0.289361,1,0,,0,0,0,0,0,0,0,0,103808,104555,0,232,0
1288478,1,0,5.20659e-005,0.00515686,0.0993546,0.276546,1,0,,0,0,0,0,0,0,0,0,103808,104555,0,232,0
1288578,1,0,3.64461e-005,0.00413278,0.0898324,0.28097,1,0,,0,0,0,0,0,0,0,0,103808,104555,0,232,0
1288678,1,0,2.55123e-005,0.00331133,0.0811803,0.294909,1,0,,0,0,0,0,0,0,0,0,103808,104555,0,232,0
1288778,1,0,1.78586e-005,0.00265263,0.0733275,0.277896,1,0,,0,0,0,0,0,0,0,0,103808,104555,0,232,0
1288878,1,0,1.2501e-005,0.00212461,0.0662072,0.306796,1,0,,0,0,0,0,0,0,0,0,103808,104555,0,232,0
1288978,1,0,8.75071e-006,0.00170144,0.0597567,0.258691,1,0,,0,0,0,0,0,0,0,0,103808,104555,0,232,0
1289078,1,0,6.1255e-006,0.00136237,0.0539172,0.280654,1,0,,0,0,0,0,0,0,0,0,103808,104555,0,232,0
1289178,1,0,4.28785e-006,0.00109076,0.0486346,0.29074,1,0,,0,0,0,0,0,0,0,0,103808,104555,0,232,0
1289278,1,12,3.6,0.720873,0.115858,0.270416,1,0,,0,0,0,0,0,0,0,0,103808,104555,0,232,0
1289378,1,0,2.52,1.0807,0.212343,0.264806,1,0,,0,0,0,0,0,0,0,0,103808,104555,0,232,0
1289478,1,0,1.764,1.21736,0.312844,0.27403,1,0,,0,0,0,0,0,0,0,0,103808,104555,0,232,0
1289578,1,0,1.2348,1.22085,0.403645,0.287044,1,0,,0,0,0,0,0,0,0,0,103808,104555,0,232,0
1289678,1,0,0.864361,1.14955,0.478235,0.260531,1,0,,0,0,0,0,0,0,0,0,103808,104555,0,232,0
1289778,1,0,0.605053,1.04065,0.534477,0.268194,1,0,,0,0,0,0,0,0,0,0,103808,104555,0,232,0
1289878,1,0,0.423537,0.917228,0.572752,0.285706,1,0,,0,0,0,0,0,0,0,0,103808,104555,0,232,0
1289978,1,0,0.296476,0.793078,0.594784,0.318268,1,0,,0,0,0,0,0,0,0,0,103808,104555,0,232,0
1290078,1,0,0.207533,0.675969,0.602903,0.284091,1,0,,0,0,0,0,0,0,0,0,103808,104555,0,232,0
1290178,1,0,0.145273,0.56983,0.599595,0.297743,1,0,,0,0,0,0,0,0,0,0,103808,104555,0,232,0
1290278,1,0,0.101691,0.476202,0.587256,0.292793,1,0,,0,0,0,0,0,0,0,0,103808,104555,0,232,0
1290378,1,0,0.0711838,0.395198,0.56805,0.304179,1,0,,0,0,0,0,0,0,0,0,103808,104555,0,232,0
1290478,1,0,0.0498287,0.326124,0.543858,0.249179,1,0,,0,0,0,0,0,0,0,0,103808,104555,0,232,0
1290578,1,0,0.0348801,0.267876,0.516259,0.282267,1,0,,0,0,0,0,0,0,0,0,103808,104555,0,232,0
1290678,1,0,0.024416,0.219184,0.486552,0.25489,1,0,,0,0,0,0,0,0,0,0,103808,104555,0,232,0
1290778,1,0,0.0170912,0.178765,0.455773,0.296572,1,0,,0,0,0,0,0,0,0,0,103808,104555,0,232,0
1290878,1,0,0.0119639,0.145405,0.424736,0.301272,1,0,,0,0,0,0,0,0,0,0,103808,104555,0,232,0
1290978,1,0,0.0083747,0.117999,0.394063,0.291708,1,0,,0,0,0,0,0,0,0,0,103808,104555,0,232,0
1291078,1,0,0.00586229,0.0955716,0.364213,0.288907,1,0,,0,0,0,0,0,0,0,0,103808,104555,0,232,0
1291178,1,0,0.0041036,0.077278,0.33552,0.286345,1,0,,0,0,0,0,0,0,0,0,103808,104555,0,232,0
1291278,1,0,0.00287252,0.0623969,0.308208,0.272833,1,0,,0,0,0,0,0,0,0,0,103808,104555,0,232,0
1291378,1,0,0.00201077,0.0503197,0.282419,0.253859,1,0,,0,0,0,0,0,0,0,0,103808,104555,0,232,0
1291478,1,0,0.00140754,0.0405372,0.258231,0.291459,1,0,,0,0,0,0,0,0,0,0,103808,104555,0,232,0
1291578,1,0,0.000985275,0.0326268,0.23567,0.291983,1,0,,0,0,0,0,0,0,0,0,103808,104555,0,232,0
1291678,1,0,0.000689693,0.0262394,0.214727,0.280323,1,0,,0,0,0,0,0,0,0,0,103808,104555,0,232,0
1291778,1,0,0.000482785,0.0210881,0.195363,0.282811,1,0,,0,0,0,0,0,0,0,0,103808,104555,0,232,0
1291878,1,0,0.000337949,0.0169381,0.177521,0.254437,1,0,,0,0,0,0,0,0,0,0,103808,104555,0,232,0
1291978,1,0,0.000236565,0.0135978,0.161128,0.288114,1,0,,0,0,0,0,0,0,0,0,103808,104555,0,232,0
1292078,1,0,0.000165595,0.0109113,0.146107,0.262391,1,0,,0,0,0,0,0,0,0,0,103808,104555,0,232,0
1292178,1,0,0.000115917,0.00875225,0.132371,0.299041,1,0,,0,0,0,0,0,0,0,0,103808,104555,0,232,0
1292278,1,0,8.11416e-005,0.00701802,0.119836,0.283228,1,0,,0,0,0,0,0,0,0,0,103808,104555,0,232,0
1292378,1,0,5.67992e-005,0.00562578,0.108415,0.282791,1,0,,0,0,0,0,0,0,0,0,103808,104555,0,232,0
1292478,1,0,3.97594e-005,0.00450858,0.0980243,0.256429,1,0,,0,0,0,0,0,0,0,0,103808,104555,0,232,0
1292578,1,0,2.78316e-005,0.00361243,0.0885831,0.26984,1,0,,0,0,0,0,0,0,0,0,103808,104555,0,232,0
1292678,1,0,1.94821e-005,0.00289384,0.0800141,0.274904,1,0,,0,0,0,0,0,0,0,0,103808,104555,0,232,0
1292778,1,0,1.36375e-005,0.0023178,0.0722445,0.259493,1,0,,0,0,0,0,0,0,0,0,103808,104555,0,232,0
1292878,1,0,9.54623e-006,0.00185615,0.0652057,0.270744,1,0,,0,0,0,0,0,0,0,0,103808,104555,0,232,0
1292978,1,0,6.68236e-006,0.00148625,0.0588337,0.29458,1,0,,0,0,0,0,0,0,0,0,103808,104555,0,232,0
1293078,1,0,4.67765e-006,0.00118994,0.0530693,0.273417,1,0,,0,0,0,0,0,0,0,0,103808,104555,0,232,0
1293178,1,0,3.27436e-006,0.000952606,0.0478577,0.269765,1,0,,0,0,0,0,0,0,0,0,103808,104555,0,232,0
1293278,1,11,3.3,0.660763,0.109148,0.292227,1,0,,0,0,0,0,0,0,0,0,103808,104555,0,232,0
1293378,1,0,2.31,0.99061,0.197294,0.295965,1,0,,0,0,0,0,0,0,0,0,103808,104555,0,232,0
1293478,1,0,1.617,1.11589,0.289154,0.283255,1,0,,0,0,0,0,0,0,0,0,103808,104555,0,232,0
1293578,1,0,1.1319,1.11909,0.372148,0.26328,1,0,,0,0,0,0,0,0,0,0,103808,104555,0,232,0
1293678,1,0,0.792331,1.05374,0.440307,0.349455,1,0,,0,0,0,0,0,0,0,0,103808,104555,0,232,0
1293778,1,0,0.554631,0.953917,0.491668,0.287191,1,0,,0,0,0,0,0,0,0,0,103808,104555,0,232,0
1293878,1,0,0.388242,0.840782,0.526579,0.314641,1,0,,0,0,0,0,0,0,0,0,103808,104555,0,232,0
1293978,1,0,0.271769,0.72698,0.546619,0.326892,1,0,,0,0,0,0,0,0,0,0,103808,104555,0,232,0
1294078,1,0,0.190239,0.619632,0.55392,0.297366,1,0,,0,0,0,0,0,0,0,0,103808,104555,0,232,0
1294178,1,0,0.133167,0.522339,0.550762,0.310666,1,0,,0,0,0,0,0,0,0,0,103808,104555,0,232,0
1294278,1,0,0.0932169,0.436514,0.539337,0.304452,1,0,,0,0,0,0,0,0,0,0,103808,104555,0,232,0
1294378,1,0,0.0652518,0.362262,0.52163,0.291596,1,0,,0,0,0,0,0,0,0,0,103808,104555,0,232,0
1294478,1,0,0.0456763,0.298945,0.499361,0.272794,1,0,,0,0,0,0,0,0,0,0,103808,104555,0,232,0
1294578,1,0,0.0319734,0.24555,0.47398,0.242818,1,0,,0,0,0,0,0,0,0,0,103808,104555,0,232,0
1294678,1,0,0.0223814,0.200917,0.446674,0.313308,1,0,,0,0,0,0,0,0,0,0,103808,104555,0,232,0
1294778,1,0,0.015667,0.163867,0.418393,0.31951,1,0,,0,0,0,0,0,0,0,0,103808,104555,0,232,0
1294878,1,0,0.0109669,0.133287,0.389882,0.282411,1,0,,0,0,0,0,0,0,0,0,103808,104555,0,232,0
1294978,1,0,0.00767681,0.108165,0.361711,0.286424,1,0,,0,0,0,0,0,0,0,0,103808,104555,0,232,0
1295078,1,0,0.00537377,0.0876066,0.3343,0.25435,1,0,,0,0,0,0,0,0,0,0,103808,104555,0,232,0
1295178,1,0,0.00376164,0.0708376,0.307954,0.307813,1,0,,0,0,0,0,0,0,0,0,103808,104555,0,232,0
1295278,1,0,0.00263315,0.0571967,0.282878,0.264877,1,0,,0,0,0,0,0,0,0,0,103808,104555,0,232,0
1295378,1,0,0.0018432,0.046126,0.259203,0.285926,1,0,,0,0,0,0,0,0,0,0,103808,104555,0,232,0
1295478,1,0,0.00129024,0.0371588,0.236999,0.295738,1,0,,0,0,0,0,0,0,0,0,103808,104555,0,232,0
1295578,1,0,0.000903169,0.0299077,0.21629,0.288953,1,0,,0,0,0,0,0,0,0,0,103808,104555,0,232,0
1295678,1,0,0.000632218,0.0240526,0.197066,0.27543,1,0,,0,0,0,0,0,0,0,0,103808,104555,0,232,0
1295778,1,0,0.000442553,0.0193306,0.179292,0.294904,1,0,,0,0,0,0,0,0,0,0,103808,104555,0,232,0
1295878,1,0,0.000309787,0.0155264,0.162916,0.295279,1,0,,0,0,0,0,0,0,0,0,103808,104555,0,232,0
1295978,1,0,0.000216851,0.0124645,0.147871,0.263092,1,0,,0,0,0,0,0,0,0,0,103808,104555,0,232,0
1296078,1,0,0.000151796,0.010002,0.134084,0.291529,1,0,,0,0,0,0,0,0,0,0,103808,104555,0,232,0
1296178,1,0,0.000106257,0.00802283,0.121478,0.271023,1,0,,0,0,0,0,0,0,0,0,103808,104555,0,232,0
1296278,1,0,7.43799e-005,0.00643314,0.109973,0.279473,1,0,,0,0,0,0,0,0,0,0,103808,104555,0,232,0
1296378,1,0,5.20659e-005,0.00515693,0.0994915,0.293323,1,0,,0,0,0,0,0,0,0,0,103808,104555,0,232,0
1296478,1,0,3.64461e-005,0.00413283,0.0899557,0.284561,1,0,,0,0,0,0,0,0,0,0,103808,104555,0,232,0
1296578,1,0,2.55123e-005,0.00331137,0.0812912,0.296426,1,0,,0,0,0,0,0,0,0,0,103808,104555,0,232,0
1296678,1,0,1.78586e-005,0.00265267,0.0734274,0.290564,1,0,,0,0,0,0,0,0,0,0,103808,104555,0,232,0
1296778,1,0,1.2501e-005,0.00212463,0.0662971,0.28184,1,0,,0,0,0,0,0,0,0,0,103808,104555,0,232,0
1296878,1,0,8.75072e-006,0.00170146,0.0598375,0.264287,1,0,,0,0,0,0,0,0,0,0,103808,104555,0,232,0
1296978,1,0,6.1255e-006,0.00136239,0.05399,0.301363,1,0,,0,0,0,0,0,0,0,0,103808,104555,0,232,0
1297078,1,0,4.28785e-006,0.00109077,0.0487001,0.267152,1,0,,0,0,0,0,0,0,0,0,103808,104555,0,232,0
1297178,1,12,3.6,0.720873,0.115917,0.29863,1,0,,0,0,0,0,0,0,0,0,103808,104555,0,232,0
1297278,1,0,2.52,1.0807,0.212396,0.301917,1,0,,0,0,0,0,0,0,0,0,103808,104555,0,232,0
1297378,1,0,1.764,1.21736,0.312892,0.272691,1,0,,0,0,0,0,0,0,0,0,103808,104555,0,232,0
1297478,1,0,1.2348,1.22085,0.403688,0.272455,1,0,,0,0,0,0,0,0,0,0,103808,104555,0,232,0
1297578,1,0,0.864361,1.14955,0.478274,0.281428,1,0,,0,0,0,0,0,0,0,0,103808,104555,0,232,0
1297678,1,0,0.605053,1.04065,0.534512,0.300654,1,0,,0,0,0,0,0,0,0,0,103808,104555,0,232,0
1297778,1,0,0.423537,0.917228,0.572783,0.302841,1,0,,0,0,0,0,0,0,0,0,103808,104555,0,232,0
1297878,1,0,0.296476,0.793078,0.594813,0.259389,1,0,,0,0,0,0,0,0,0,0,103808,104555,0,232,0
1297978,1,0,0.207533,0.675969,0.602928,0.310241,1,0,,0,0,0,0,0,0,0,0,103808,104555,0,232,0
1298078,1,0,0.145273,0.56983,0.599618,0.267413,1,0,,0,0,0,0,0,0,0,0,103808,104555,0,232,0
1298178,1,0,0.101691,0.476202,0.587277,0.312639,1,0,,0,0,0,0,0,0,0,0,103808,104555,0,232,0
1298278,1,0,0.0711838,0.395198,0.568069,0.281152,1,0,,0,0,0,0,0,0,0,0,103808,104555,0,232,0
1298378,1,0,0.0498287,0.326124,0.543874,0.274966,1,0,,0,0,0,0,0,0,0,0,103808,104555,0,232,0
1298478,1,0,0.0348801,0.267876,0.516274,0.275779,1,0,,0,0,0,0,0,0,0,0,103808,104555,0,232,0
1298578,1,0,0.024416,0.219184,0.486565,0.307579,1,0,,0,0,0,0,0,0,0,0,103808,104555,0,232,0
1298678,1,0,0.0170912,0.178765,0.455785,0.236891,1,0,,0,0,0,0,0,0,0,0,103808,104555,0,232,0
1298778,1,0,0.0119639,0.145405,0.424747,0.266315,1,0,,0,0,0,0,0,0,0,0,103808,104555,0,232,0
1298878,1,0,0.0083747,0.117999,0.394072,0.261213,1,0,,0,0,0,0,0,0,0,0,103808,104555,0,232,0
1298978,1,0,0.00586229,0.0955716,0.364222,0.283952,1,0,,0,0,0,0,0,0,0,0,103808,104555,0,232,0
1299078,1,0,0.0041036,0.077278,0.335528,0.28094,1,0,,0,0,0,0,0,0,0,0,103808,104555,0,232,0
1299178,1,0,0.00287252,0.0623969,0.308215,0.302123,1,0,,0,0,0,0,0,0,0,0,103808,104555,0,232,0
1299278,1,0,0.00201077,0.0503197,0.282425,0.286399,1,0,,0,0,0,0,0,0,0,0,103808,104555,0,232,0
1299378,1,0,0.00140754,0.0405372,0.258236,0.285835,1,0,,0,0,0,0,0,0,0,0,103808,104555,0,232,0
1299478,1,0,0.000985275,0.0326268,0.235675,0.257058,1,0,,0,0,0,0,0,0,0,0,103808,104555,0,232,0
1299578,1,0,0.000689693,0.0262394,0.214732,0.263558,1,0,,0,0,0,0,0,0,0,0,103808,104555,0,232,0
1299678,1,0,0.000482785,0.0210881,0.195367,0.288096,1,0,,0,0,0,0,0,0,0,0,103808,104555,0,232,0
1299778,1,0,0.000337949,0.0169381,0.177525,0.278208,1,0,,0,0,0,0,0,0,0,0,103808,104555,0,232,0
1299878,1,0,0.000236565,0.0135978,0.161132,0.29527,1,0,,0,0,0,0,0,0,0,0,103808,104555,0,232,0
1299978,1,0,0.000165595,0.0109113,0.14611,0.32392,1,0,,0,0,0,0,0,0,0,0,103808,104555,0,232,0
1300078,1,0,0.000115917,0.00875225,0.132374,0.268133,1,0,,0,0,0,0,0,0,0,0,103808,104555,0,232,0
1300178,1,0,8.11416e-005,0.00701802,0.119838,0.302409,1,0,,0,0,0,0,0,0,0,0,103808,104555,0,232,0
1300278,1,0,5.67992e-005,0.00562578,0.108417,0.304471,1,0,,0,0,0,0,0,0,0,0,103808,104555,0,232,0
1300378,1,0,3.97594e-005,0.00450858,0.0980263,0.283819,1,0,,0,0,0,0,0,0,0,0,103808,104555,0,232,0
1300478,1,0,2.78316e-005,0.00361243,0.0885849,0.265905,1,0,,0,0,0,0,0,0,0,0,103808,104555,0,232,0
1300578,1,0,1.94821e-005,0.00289384,0.0800158,0.266743,1,0,,0,0,0,0,0,0,0,0,103808,104555,0,232,0
1300678,1,0,1.36375e-005,0.0023178,0.072246,0.28428,1,0,,0,0,0,0,0,0,0,0,103808,104555,0,232,0
1300778,1,0,9.54623e-006,0.00185615,0.065207,0.272867,1,0,,0,0,0,0,0,0,0,0,103808,104555,0,232,0
1300878,1,0,6.68236e-006,0.00148625,0.0588349,0.265779,1,0,,0,0,0,0,0,0,0,0,103808,104555,0,232,0
1300978,1,0,4.67765e-006,0.00118994,0.0530704,0.311579,1,0,,0,0,0,0,0,0,0,0,103808,104555,0,232,0
1301078,1,0,3.27436e-006,0.000952606,0.0478586,0.306652,1,0,,0,0,0,0,0,0,0,0,103808,104555,0,232,0
1301178,1,11,3.3,0.660763,0.109149,0.269636,1,0,,0,0,0,0,0,0,0,0,103808,104555,0,232,0
1301278,1,0,2.31,0.99061,0.197295,0.25526,1,0,,0,0,0,0,0,0,0,0,103808,104555,0,232,0
1301378,1,0,1.617,1.11589,0.289155,0.286623,1,0,,0,0,0,0,0,0,0,0,103808,104555,0,232,0
1301478,1,0,1.1319,1.11909,0.372148,0.273812,1,0,,0,0,0,0,0,0,0,0,103808,104555,0,232,0
1301578,1,0,0.792331,1.05374,0.440307,0.265869,1,0,,0,0,0,0,0,0,0,0,103808,104555,0,232,0
1301678,1,0,0.554631,0.953917,0.491668,0.273242,1,0,,0,0,0,0,0,0,0,0,103808,104555,0,232,0
1301778,1,0,0.388242,0.840782,0.52658,0.296581,1,0,,0,0,0,0,0,0,0,0,103808,104555,0,232,0
1301878,1,0,0.271769,0.72698,0.54662,0.269631,1,0,,0,0,0,0,0,0,0,0,103808,104555,0,232,0
1301978,1,0,0.190239,0.619632,0.553921,0.25812,1,0,,0,0,0,0,0,0,0,0,103808,104555,0,232,0
1302078,1,0,0.133167,0.522339,0.550763,0.278757,1,0,,0,0,0,0,0,0,0,0,103808,104555,0,232,0
1302178,1,0,0.0932169,0.436514,0.539338,0.297782,1,0,,0,0,0,0,0,0,0,0,103808,104555,0,232,0
1302278,1,0,0.0652518,0.362262,0.52163,0.300504,1,0,,0,0,0,0,0,0,0,0,103808,104555,0,232,0
1302378,1,0,0.0456763,0.298945,0.499362,0.285016,1,0,,0,0,0,0,0,0,0,0,103808,104555,0,232,0
1302478,1,0,0.0319734,0.24555,0.47398,0.298829,1,0,,0,0,0,0,0,0,0,0,103808,104555,0,232,0
1302578,1,0,0.0223814,0.200917,0.446674,0.249955,1,0,,0,0,0,0,0,0,0,0,103808,104555,0,232,0
1302678,1,0,0.015667,0.163867,0.418393,0.299345,1,0,,0,0,0,0,0,0,0,0,103808,104555,0,232,0
1302778,1,0,0.0109669,0.133287,0.389883,0.26197,1,0,,0,0,0,0,0,0,0,0,103808,104555,0,232,0
1302878,1,0,0.00767681,0.108165,0.361711,0.27462,1,0,,0,0,0,0,0,0,0,0,103808,104555,0,232,0
1302978,1,0,0.00537377,0.0876066,0.3343,0.270019,1,0,,0,0,0,0,0,0,0,0,103808,104555,0,232,0
1303078,1,0,0.00376164,0.0708376,0.307954,0.256757,1,0,,0,0,0,0,0,0,0,0,103808,104555,0,232,0
1303178,1,0,0.00263315,0.0571967,0.282878,0.343621,1,0,,0,0,0,0,0,0,0,0,103808,104555,0,232,0
1303278,1,0,0.0018432,0.046126,0.259203,0.296646,1,0,,0,0,0,0,0,0,0,0,103808,104555,0,232,0
1303378,1,0,0.00129024,0.0371588,0.236999,0.310709,1,0,,0,0,0,0,0,0,0,0,103808,104555,0,232,0
1303478,1,0,0.000903169,0.0299077,0.21629,0.319124,1,0,,0,0,0,0,0,0,0,0,103808,104555,0,232,0
1303578,1,0,0.000632218,0.0240526,0.197066,0.274372,1,0,,0,0,0,0,0,0,0,0,103808,104555,0,232,0
1303678,1,0,0.000442553,0.0193306,0.179292,0.294208,1,0,,0,0,0,0,0,0,0,0,103808,104555,0,232,0
1303778,1,0,0.000309787,0.0155264,0.162916,0.265471,1,0,,0,0,0,0,0,0,0,0,103808,104555,0,232,0
1303878,1,0,0.000216851,0.0124645,0.147871,0.262971,1,0,,0,0,0,0,0,0,0,0,103808,104555,0,232,0
1303978,1,0,0.000151796,0.010002,0.134084,0.304459,1,0,,0,0,0,0,0,0,0,0,103808,104555,0,232,0
1304078,1,0,0.000106257,0.00802283,0.121478,0.328245,1,0,,0,0,0,0,0,0,0,0,103808,104555,0,232,0
1304178,1,0,7.43799e-005,0.00643314,0.109973,0.253993,1,0,,0,0,0,0,0,0,0,0,103808,104555,0,232,0
1304278,1,0,5.20659e-005,0.00515693,0.0994916,0.282529,1,0,,0,0,0,0,0,0,0,0,103808,104555,0,232,0
1304378,1,0,3.64461e-005,0.00413283,0.0899557,0.279104,1,0,,0,0,0,0,0,0,0,0,103808,104555,0,232,0
1304478,1,0,2.55123e-005,0.00331137,0.0812913,0.262354,1,0,,0,0,0,0,0,0,0,0,103808,104555,0,232,0
1304578,1,0,1.78586e-005,0.00265267,0.0734274,0.301318,1,0,,0,0,0,0,0,0,0,0,103808,104555,0,232,0
1304678,1,0,1.2501e-005,0.00212463,0.0662971,0.288606,1,0,,0,0,0,0,0,0,0,0,103808,104555,0,232,0
1304778,1,0,8.75072e-006,0.00170146,0.0598375,0.280317,1,0,,0,0,0,0,0,0,0,0,103808,104555,0,232,0
1304878,1,0,6.1255e-006,0.00136239,0.05399,0.294618,1,0,,0,0,0,0,0,0,0,0,103808,104555,0,232,0
1304978,1,0,4.28785e-006,0.00109077,0.0487001,0.299744,1,0,,0,0,0,0,0,0,0,0,103808,104555,0,232,0
1.30508e+006,1,11.4428,3.43284,0.68744,0.112574,0.282806,1,0,,0,0,0,0,0,0,0,0,103808,104555,0,232,0
1305178,1,0.502513,2.55374,1.0607,0.207387,0.276721,1,0,,0,0,0,0,0,0,0,0,103808,104555,0,232,0
1305278,1,0,1.78762,1.20608,0.307257,0.29901,1,0,,0,0,0,0,0,0,0,0,103808,104555,0,232,0
1305378,1,0,1.25133,1.21513,0.398044,0.285397,1,0,,0,0,0,0,0,0,0,0,103808,104555,0,232,0
1305478,1,0,0.875933,1.14729,0.472969,0.27256,1,0,,0,0,0,0,0,0,0,0,103808,104555,0,232,0
1305578,1,0,0.613153,1.04047,0.529719,0.279122,1,0,,0,0,0,0,0,0,0,0,103808,104555,0,232,0
1305678,1,0,0.429207,0.918214,0.568568,0.302497,1,0,,0,0,0,0,0,0,0,0,103808,104555,0,232,0
1305778,1,0,0.300445,0.79466,0.591178,0.291146,1,0,,0,0,0,0,0,0,0,0,103808,104555,0,232,0
1305878,1,0,0.210312,0.67779,0.599839,0.297433,1,0,,0,0,0,0,0,0,0,0,103808,104555,0,232,0
1305978,1,0,0.147218,0.571676,0.597022,0.266232,1,0,,0,0,0,0,0,0,0,0,103808,104555,0,232,0
1306078,1,0,0.103053,0.477951,0.585115,0.288821,1,0,,0,0,0,0,0,0,0,0,103808,104555,0,232,0
1306178,1,0,0.0721368,0.396788,0.566283,0.29247,1,0,,0,0,0,0,0,0,0,0,103808,104555,0,232,0
1306278,1,0,0.0504958,0.32753,0.542407,0.268146,1,0,,0,0,0,0,0,0,0,0,103808,104555,0,232,0
1306378,1,0,0.0353471,0.269093,0.515076,0.274147,1,0,,0,0,0,0,0,0,0,0,103808,104555,0,232,0
1306478,1,0,0.0247429,0.220223,0.485591,0.266234,1,0,,0,0,0,0,0,0,0,0,103808,104555,0,232,0
1306578,1,0,0.0173201,0.179643,0.454996,0.295723,1,0,,0,0,0,0,0,0,0,0,103808,104555,0,232,0
1306678,1,0,0.012124,0.146139,0.42411,0.273937,1,0,,0,0,0,0,0,0,0,0,103808,104555,0,232,0
1306778,1,0,0.00848683,0.118609,0.39356,0.266227,1,0,,0,0,0,0,0,0,0,0,103808,104555,0,232,0
1306878,1,0,0.00594078,0.096075,0.363811,0.282913,1,0,,0,0,0,0,0,0,0,0,103808,104555,0,232,0
1306978,1,0,0.00415855,0.0776917,0.335199,0.289823,1,0,,0,0,0,0,0,0,0,0,103808,104555,0,232,0
1307078,1,0,0.00291098,0.0627355,0.307953,0.282921,1,0,,0,0,0,0,0,0,0,0,103808,104555,0,232,0
1307178,1,0,0.00203769,0.050596,0.282217,0.278684,1,0,,0,0,0,0,0,0,0,0,103808,104555,0,232,0
1307278,1,0,0.00142638,0.0407621,0.258072,0.327908,1,0,,0,0,0,0,0,0,0,0,103808,104555,0,232,0
1307378,1,0,0.000998467,0.0328093,0.235546,0.285632,1,0,,0,0,0,0,0,0,0,0,103808,104555,0,232,0
1307478,1,0,0.000698927,0.0263873,0.21463,0.256819,1,0,,0,0,0,0,0,0,0,0,103808,104555,0,232,0
1307578,1,0,0.000489249,0.0212077,0.195288,0.269319,1,0,,0,0,0,0,0,0,0,0,103808,104555,0,232,0
1307678,1,0,0.000342474,0.0170346,0.177462,0.264431,1,0,,0,0,0,0,0,0,0,0,103808,104555,0,232,0
1307778,1,0,0.000239732,0.0136756,0.161084,0.318333,1,0,,0,0,0,0,0,0,0,0,103808,104555,0,232,0
1307878,1,0,0.000167812,0.0109741,0.146073,0.303095,1,0,,0,0,0,0,0,0,0,0,103808,104555,0,232,0
1307978,1,0,0.000117469,0.00880275,0.132346,0.305781,1,0,,0,0,0,0,0,0,0,0,103808,104555,0,232,0
1308078,1,0,8.2228e-005,0.00705865,0.119817,0.285145,1,0,,0,0,0,0,0,0,0,0,103808,104555,0,232,0
1308178,1,0,5.75596e-005,0.00565843,0.108401,0.257171,1,0,,0,0,0,0,0,0,0,0,103808,104555,0,232,0
1308278,1,0,4.02917e-005,0.0045348,0.0980145,0.296396,1,0,,0,0,0,0,0,0,0,0,103808,104555,0,232,0
1308378,1,0,2.82042e-005,0.00363348,0.0885764,0.319107,1,0,,0,0,0,0,0,0,0,0,103808,104555,0,232,0
1308478,1,0,1.97429e-005,0.00291074,0.0800098,0.27207,1,0,,0,0,0,0,0,0,0,0,103808,104555,0,232,0
1308578,1,0,1.38201e-005,0.00233135,0.0722419,0.275733,1,0,,0,0,0,0,0,0,0,0,103808,104555,0,232,0
1308678,1,0,9.67404e-006,0.00186702,0.0652045,0.309896,1,0,,0,0,0,0,0,0,0,0,103808,104555,0,232,0
1308778,1,0,6.77183e-006,0.00149497,0.0588335,0.273917,1,0,,0,0,0,0,0,0,0,0,103808,104555,0,232,0
1308878,1,0,4.74028e-006,0.00119692,0.0530698,0.307416,1,0,,0,0,0,0,0,0,0,0,103808,104555,0,232,0
1308978,1,0,3.3182e-006,0.000958201,0.0478587,0.283289,1,0,,0,0,0,0,0,0,0,0,103808,104555,0,232,0
1309078,1,12,3.6,0.720767,0.11515,0.292783,1,0,,0,0,0,0,0,0,0,0,103808,104555,0,232,0
1309178,1,0,2.52,1.08061,0.211696,0.279121,1,0,,0,0,0,0,0,0,0,0,103808,104555,0,232,0
1309278,1,0,1.764,1.21729,0.312256,0.263695,1,0,,0,0,0,0,0,0,0,0,103808,104555,0,232,0
1309378,1,0,1.2348,1.22079,0.403109,0.307244,1,0,,0,0,0,0,0,0,0,0,103808,104555,0,232,0
1309478,1,0,0.864361,1.14951,0.477749,0.320545,1,0,,0,0,0,0,0,0,0,0,103808,104555,0,232,0
1309578,1,0,0.605052,1.04062,0.534036,0.276557,1,0,,0,0,0,0,0,0,0,0,103808,104555,0,232,0
1309678,1,0,0.423537,0.9172,0.572352,0.268546,1,0,,0,0,0,0,0,0,0,0,103808,104555,0,232,0
1309778,1,0,0.296476,0.793055,0.594422,0.321895,1,0,,0,0,0,0,0,0,0,0,103808,104555,0,232,0
1309878,1,0,0.207533,0.675951,0.602575,0.260019,1,0,,0,0,0,0,0,0,0,0,103808,104555,0,232,0
1309978,1,0,0.145273,0.569815,0.599299,0.267379,1,0,,0,0,0,0,0,0,0,0,103808,104555,0,232,0
1310078,1,0,0.101691,0.47619,0.586988,0.318091,1,0,,0,0,0,0,0,0,0,0,103808,104555,0,232,0
1310178,1,0,0.0711838,0.395189,0.567808,0.30603,1,0,,0,0,0,0,0,0,0,0,103808,104555,0,232,0
1310278,1,0,0.0498287,0.326117,0.543639,0.302443,1,0,,0,0,0,0,0,0,0,0,103808,104555,0,232,0
1310378,1,0,0.0348801,0.26787,0.516062,0.307466,1,0,,0,0,0,0,0,0,0,0,103808,104555,0,232,0
1310478,1,0,0.024416,0.219179,0.486374,0.273103,1,0,,0,0,0,0,0,0,0,0,103808,104555,0,232,0
1310578,1,0,0.0170912,0.178761,0.455613,0.307436,1,0,,0,0,0,0,0,0,0,0,103808,104555,0,232,0
1310678,1,0,0.0119639,0.145402,0.424592,0.281135,1,0,,0,0,0,0,0,0,0,0,103808,104555,0,232,0
1310778,1,0,0.0083747,0.117996,0.393932,0.269161,1,0,,0,0,0,0,0,0,0,0,103808,104555,0,232,0
1310878,1,0,0.00586229,0.0955696,0.364096,0.289399,1,0,,0,0,0,0,0,0,0,0,103808,104555,0,232,0
1310978,1,0,0.0041036,0.0772764,0.335414,0.26985,1,0,,0,0,0,0,0,0,0,0,103808,104555,0,232,0
1311078,1,0,0.00287252,0.0623956,0.308112,0.264388,1,0,,0,0,0,0,0,0,0,0,103808,104555,0,232,0
1311178,1,0,0.00201077,0.0503187,0.282333,0.28351,1,0,,0,0,0,0,0,0,0,0,103808,104555,0,232,0
1311278,1,0,0.00140754,0.0405364,0.258153,0.283798,1,0,,0,0,0,0,0,0,0,0,103808,104555,0,232,0
1311378,1,0,0.000985275,0.0326262,0.2356,0.299799,1,0,,0,0,0,0,0,0,0,0,103808,104555,0,232,0
1311478,1,0,0.000689693,0.0262389,0.214664,0.32276,1,0,,0,0,0,0,0,0,0,0,103808,104555,0,232,0
1311578,1,0,0.000482785,0.0210877,0.195307,0.291662,1,0,,0,0,0,0,0,0,0,0,103808,104555,0,232,0
1311678,1,0,0.000337949,0.0169377,0.17747,0.260549,1,0,,0,0,0,0,0,0,0,0,103808,104555,0,232,0
1311778,1,0,0.000236565,0.0135975,0.161082,0.269522,1,0,,0,0,0,0,0,0,0,0,103808,104555,0,232,0
1311878,1,0,0.000165595,0.0109111,0.146065,0.288971,1,0,,0,0,0,0,0,0,0,0,103808,104555,0,232,0
1311978,1,0,0.000115917,0.00875208,0.132334,0.284396,1,0,,0,0,0,0,0,0,0,0,103808,104555,0,232,0
1312078,1,0,8.11416e-005,0.00701789,0.119802,0.255721,1,0,,0,0,0,0,0,0,0,0,103808,104555,0,232,0
1312178,1,0,5.67992e-005,0.00562567,0.108385,0.289033,1,0,,0,0,0,0,0,0,0,0,103808,104555,0,232,0
1312278,1,0,3.97594e-005,0.00450849,0.0979971,0.321497,1,0,,0,0,0,0,0,0,0,0,103808,104555,0,232,0
1312378,1,0,2.78316e-005,0.00361236,0.0885586,0.280991,1,0,,0,0,0,0,0,0,0,0,103808,104555,0,232,0
1312478,1,0,1.94821e-005,0.00289378,0.0799921,0.282366,1,0,,0,0,0,0,0,0,0,0,103808,104555,0,232,0
1312578,1,0,1.36375e-005,0.00231776,0.0722247,0.261366,1,0,,0,0,0,0,0,0,0,0,103808,104555,0,232,0
1312678,1,0,9.54623e-006,0.00185611,0.0651878,0.268104,1,0,,0,0,0,0,0,0,0,0,103808,104555,0,232,0
1312778,1,0,6.68236e-006,0.00148623,0.0588177,0.340693,1,0,,0,0,0,0,0,0,0,0,103808,104555,0,232,0
1312878,1,0,4.67765e-006,0.00118992,0.0530549,0.287254,1,0,,0,0,0,0,0,0,0,0,103808,104555,0,232,0
1312978,1,0,3.27436e-006,0.000952589,0.0478447,0.274919,1,0,,0,0,0,0,0,0,0,0,103808,104555,0,232,0
1313078,1,11,3.3,0.660763,0.109136,0.286227,1,0,,0,0,0,0,0,0,0,0,103808,104555,0,232,0
1313178,1,0,2.31,0.99061,0.197284,0.277177,1,0,,0,0,0,0,0,0,0,0,103808,104555,0,232,0
1313278,1,0,1.617,1.11589,0.289144,0.279377,1,0,,0,0,0,0,0,0,0,0,103808,104555,0,232,0
1313378,1,0,1.1319,1.11909,0.372139,0.284603,1,0,,0,0,0,0,0,0,0,0,103808,104555,0,232,0
1313478,1,0,0.792331,1.05374,0.440299,0.275076,1,0,,0,0,0,0,0,0,0,0,103808,104555,0,232,0
1313578,1,0,0.554631,0.953917,0.491661,0.276376,1,0,,0,0,0,0,0,0,0,0,103808,104555,0,232,0
1313678,1,0,0.388242,0.840782,0.526573,0.284798,1,0,,0,0,0,0,0,0,0,0,103808,104555,0,232,0
1313778,1,0,0.271769,0.72698,0.546614,0.286548,1,0,,0,0,0,0,0,0,0,0,103808,104555,0,232,0
1313878,1,0,0.190239,0.619632,0.553915,0.287062,1,0,,0,0,0,0,0,0,0,0,103808,104555,0,232,0
1313978,1,0,0.133167,0.522339,0.550758,0.283561,1,0,,0,0,0,0,0,0,0,0,103808,104555,0,232,0
1314078,1,0,0.0932169,0.436514,0.539333,0.291575,1,0,,0,0,0,0,0,0,0,0,103808,104555,0,232,0
1314178,1,0,0.0652518,0.362262,0.521626,0.288249,1,0,,0,0,0,0,0,0,0,0,103808,104555,0,232,0
1314278,1,0,0.0456763,0.298945,0.499358,0.276512,1,0,,0,0,0,0,0,0,0,0,103808,104555,0,232,0
1314378,1,0,0.0319734,0.24555,0.473977,0.275311,1,0,,0,0,0,0,0,0,0,0,103808,104555,0,232,0
1314478,1,0,0.0223814,0.200917,0.446671,0.279185,1,0,,0,0,0,0,0,0,0,0,103808,104555,0,232,0
1314578,1,0,0.015667,0.163867,0.418391,0.2705,1,0,,0,0,0,0,0,0,0,0,103808,104555,0,232,0
1314678,1,0,0.0109669,0.133287,0.38988,0.304412,1,0,,0,0,0,0,0,0,0,0,103808,104555,0,232,0
1314778,1,0,0.00767681,0.108165,0.361709,0.311823,1,0,,0,0,0,0,0,0,0,0,103808,104555,0,232,0
1314878,1,0,0.00537377,0.0876066,0.334299,0.267822,1,0,,0,0,0,0,0,0,0,0,103808,104555,0,232,0
1314978,1,0,0.00376164,0.0708376,0.307952,0.281158,1,0,,0,0,0,0,0,0,0,0,103808,104555,0,232,0
1315078,1,0,0.00263315,0.0571967,0.282877,0.270396,1,0,,0,0,0,0,0,0,0,0,103808,104555,0,232,0
1315178,1,0,0.0018432,0.046126,0.259202,0.297895,1,0,,0,0,0,0,0,0,0,0,103808,104555,0,232,0
1315278,1,0,0.00129024,0.0371588,0.236997,0.271157,1,0,,0,0,0,0,0,0,0,0,103808,104555,0,232,0
1315378,1,0,0.000903169,0.0299077,0.216288,0.26822,1,0,,0,0,0,0,0,0,0,0,103808,104555,0,232,0
1315478,1,0,0.000632218,0.0240526,0.197065,0.288634,1,0,,0,0,0,0,0,0,0,0,103808,104555,0,232,0
1315578,1,0,0.000442553,0.0193306,0.179291,0.282861,1,0,,0,0,0,0,0,0,0,0,103808,104555,0,232,0
1315678,1,0,0.000309787,0.0155264,0.162915,0.299389,1,0,,0,0,0,0,0,0,0,0,103808,104555,0,232,0
1315778,1,0,0.000216851,0.0124645,0.14787,0.283214,1,0,,0,0,0,0,0,0,0,0,103808,104555,0,232,0
1315878,1,0,0.000151796,0.010002,0.134083,0.292351,1,0,,0,0,0,0,0,0,0,0,103808,104555,0,232,0
1315978,1,0,0.000106257,0.00802283,0.121477,0.293492,1,0,,0,0,0,0,0,0,0,0,103808,104555,0,232,0
1316078,1,0,7.43799e-005,0.00643314,0.109973,0.26688,1,0,,0,0,0,0,0,0,0,0,103808,104555,0,232,0
1316178,1,0,5.20659e-005,0.00515693,0.0994911,0.279656,1,0,,0,0,0,0,0,0,0,0,103808,104555,0,232,0
1316278,1,0,3.64461e-005,0.00413283,0.0899553,0.279144,1,0,,0,0,0,0,0,0,0,0,103808,104555,0,232,0
1316378,1,0,2.55123e-005,0.00331137,0.0812909,0.269505,1,0,,0,0,0,0,0,0,0,0,103808,104555,0,232,0
1316478,1,0,1.78586e-005,0.00265267,0.0734271,0.279829,1,0,,0,0,0,0,0,0,0,0,103808,104555,0,232,0
1316578,1,0,1.2501e-005,0.00212463,0.0662968,0.332729,1,0,,0,0,0,0,0,0,0,0,103808,104555,0,232,0
1316678,1,0,8.75072e-006,0.00170146,0.0598373,0.274216,1,0,,0,0,0,0,0,0,0,0,103808,104555,0,232,0
1316778,1,0,6.1255e-006,0.00136239,0.0539898,0.268977,1,0,,0,0,0,0,0,0,0,0,103808,104555,0,232,0
1316878,1,0,4.28785e-006,0.00109077,0.0486999,0.295041,1,0,,0,0,0,0,0,0,0,0,103808,104555,0,232,0
1316978,1,12,3.6,0.720873,0.115917,0.300481,1,0,,0,0,0,0,0,0,0,0,103808,104555,0,232,0
1317078,1,0,2.52,1.0807,0.212395,0.332856,1,0,,0,0,0,0,0,0,0,0,103808,104555,0,232,0
1317178,1,0,1.764,1.21736,0.312892,0.291068,1,0,,0,0,0,0,0,0,0,0,103808,104555,0,232,0
1317278,1,0,1.2348,1.22085,0.403687,0.294169,1,0,,0,0,0,0,0,0,0,0,103808,104555,0,232,0
1317378,1,0,0.864361,1.14955,0.478274,0.283407,1,0,,0,0,0,0,0,0,0,0,103808,104555,0,232,0
1317478,1,0,0.605053,1.04065,0.534511,0.247682,1,0,,0,0,0,0,0,0,0,0,103808,104555,0,232,0
1317578,1,0,0.423537,0.917228,0.572783,0.25577,1,0,,0,0,0,0,0,0,0,0,103808,104555,0,232,0
1317678,1,0,0.296476,0.793078,0.594812,0.298607,1,0,,0,0,0,0,0,0,0,0,103808,104555,0,232,0
1317778,1,0,0.207533,0.675969,0.602928,0.296229,1,0,,0,0,0,0,0,0,0,0,103808,104555,0,232,0
1317878,1,0,0.145273,0.56983,0.599618,0.273005,1,0,,0,0,0,0,0,0,0,0,103808,104555,0,232,0
1317978,1,0,0.101691,0.476202,0.587276,0.332392,1,0,,0,0,0,0,0,0,0,0,103808,104555,0,232,0
1318078,1,0,0.0711838,0.395198,0.568069,0.309654,1,0,,0,0,0,0,0,0,0,0,103808,104555,0,232,0
1318178,1,0,0.0498287,0.326124,0.543874,0.319952,1,0,,0,0,0,0,0,0,0,0,103808,104555,0,232,0
1318278,1,0,0.0348801,0.267876,0.516274,0.285263,1,0,,0,0,0,0,0,0,0,0,103808,104555,0,232,0
1318378,1,0,0.024416,0.219184,0.486565,0.286726,1,0,,0,0,0,0,0,0,0,0,103808,104555,0,232,0
1318478,1,0,0.0170912,0.178765,0.455785,0.300437,1,0,,0,0,0,0,0,0,0,0,103808,104555,0,232,0
1318578,1,0,0.0119639,0.145405,0.424747,0.278362,1,0,,0,0,0,0,0,0,0,0,103808,104555,0,232,0
1318678,1,0,0.0083747,0.117999,0.394072,0.276776,1,0,,0,0,0,0,0,0,0,0,103808,104555,0,232,0
1318778,1,0,0.00586229,0.0955716,0.364222,0.271526,1,0,,0,0,0,0,0,0,0,0,103808,104555,0,232,0
1318878,1,0,0.0041036,0.077278,0.335528,0.284276,1,0,,0,0,0,0,0,0,0,0,103808,104555,0,232,0
1318978,1,0,0.00287252,0.0623969,0.308215,0.284772,1,0,,0,0,0,0,0,0,0,0,103808,104555,0,232,0
1319078,1,0,0.00201077,0.0503197,0.282425,0.325558,1,0,,0,0,0,0,0,0,0,0,103808,104555,0,232,0
1319178,1,0,0.00140754,0.0405372,0.258236,0.302396,1,0,,0,0,0,0,0,0,0,0,103808,104555,0,232,0
1319278,1,0,0.000985275,0.0326268,0.235675,0.264083,1,0,,0,0,0,0,0,0,0,0,103808,104555,0,232,0
1319378,1,0,0.000689693,0.0262394,0.214732,0.290494,1,0,,0,0,0,0,0,0,0,0,103808,104555,0,232,0
1319478,1,0,0.000482785,0.0210881,0.195367,0.242632,1,0,,0,0,0,0,0,0,0,0,103808,104555,0,232,0
1319578,1,0,0.000337949,0.0169381,0.177525,0.267316,1,0,,0,0,0,0,0,0,0,0,103808,104555,0,232,0
1319678,1,0,0.000236565,0.0135978,0.161132,0.298902,1,0,,0,0,0,0,0,0,0,0,103808,104555,0,232,0
1319778,1,0,0.000165595,0.0109113,0.14611,0.25165,1,0,,0,0,0,0,0,0,0,0,103808,104555,0,232,0
1319878,1,0,0.000115917,0.00875225,0.132374,0.278188,1,0,,0,0,0,0,0,0,0,0,103808,104555,0,232,0
1319978,1,0,8.11416e-005,0.00701802,0.119838,0.2884,1,0,,0,0,0,0,0,0,0,0,103808,104555,0,232,0
1320078,1,0,5.67992e-005,0.00562578,0.108417,0.259649,1,0,,0,0,0,0,0,0,0,0,103808,104555,0,232,0
1320178,1,0,3.97594e-005,0.00450858,0.0980263,0.304287,1,0,,0,0,0,0,0,0,0,0,103808,104555,0,232,0
1320278,1,0,2.78316e-005,0.00361243,0.0885849,0.333825,1,0,,0,0,0,0,0,0,0,0,103808,104555,0,232,0
1320378,1,0,1.94821e-005,0.00289384,0.0800158,0.270064,1,0,,0,0,0,0,0,0,0,0,103808,104555,0,232,0
1320478,1,0,1.36375e-005,0.0023178,0.072246,0.254714,1,0,,0,0,0,0,0,0,0,0,103808,104555,0,232,0
1320578,1,0,9.54623e-006,0.00185615,0.065207,0.279202,1,0,,0,0,0,0,0,0,0,0,103808,104555,0,232,0
1320678,1,0,6.68236e-006,0.00148625,0.0588349,0.300203,1,0,,0,0,0,0,0,0,0,0,103808,104555,0,232,0
1320778,1,0,4.67765e-006,0.00118994,0.0530704,0.301107,1,0,,0,0,0,0,0,0,0,0,103808,104555,0,232,0
1320878,1,0,3.27436e-006,0.000952606,0.0478586,0.28757,1,0,,0,0,0,0,0,0,0,0,103808,104555,0,232,0
1320978,1,11,3.3,0.660763,0.109149,0.306831,1,0,,0,0,0,0,0,0,0,0,103808,104555,0,232,0
1321078,1,0,2.31,0.99061,0.197295,0.279132,1,0,,0,0,0,0,0,0,0,0,103808,104555,0,232,0
1321178,1,0,1.617,1.11589,0.289155,0.270581,1,0,,0,0,0,0,0,0,0,0,103808,104555,0,232,0
1321278,1,0,1.1319,1.11909,0.372148,0.272042,1,0,,0,0,0,0,0,0,0,0,103808,104555,0,232,0
1321378,1,0,0.792331,1.05374,0.440307,0.260462,1,0,,0,0,0,0,0,0,0,0,103808,104555,0,232,0
1321478,1,0,0.554631,0.953917,0.491668,0.28795,1,0,,0,0,0,0,0,0,0,0,103808,104555,0,232,0
1321578,1,0,0.388242,0.840782,0.52658,0.251238,1,0,,0,0,0,0,0,0,0,0,103808,104555,0,232,0
1321678,1,0,0.271769,0.72698,0.54662,0.324649,1,0,,0,0,0,0,0,0,0,0,103808,104555,0,232,0
1321778,1,0,0.190239,0.619632,0.553921,0.278774,1,0,,0,0,0,0,0,0,0,0,103808,104555,0,232,0
1321878,1,0,0.133167,0.522339,0.550763,0.300513,1,0,,0,0,0,0,0,0,0,0,103808,104555,0,232,0
1321978,1,0,0.0932169,0.436514,0.539338,0.262526,1,0,,0,0,0,0,0,0,0,0,103808,104555,0,232,0
1322078,1,0,0.0652518,0.362262,0.52163,0.291902,1,0,,0,0,0,0,0,0,0,0,103808,104555,0,232,0
1322178,1,0,0.0456763,0.298945,0.499362,0.296814,1,0,,0,0,0,0,0,0,0,0,103808,104555,0,232,0
1322278,1,0,0.0319734,0.24555,0.47398,0.285152,1,0,,0,0,0,0,0,0,0,0,103808,104555,0,232,0
1322378,1,0,0.0223814,0.200917,0.446674,0.272079,1,0,,0,0,0,0,0,0,0,0,103808,104555,0,232,0
1322478,1,0,0.015667,0.163867,0.418393,0.296702,1,0,,0,0,0,0,0,0,0,0,103808,104555,0,232,0
1322578,1,0,0.0109669,0.133287,0.389883,0.278474,1,0,,0,0,0,0,0,0,0,0,103808,104555,0,232,0
1322678,1,0,0.00767681,0.108165,0.361711,0.260873,1,0,,0,0,0,0,0,0,0,0,103808,104555,0,232,0
1322778,1,0,0.00537377,0.0876066,0.3343,0.30146,1,0,,0,0,0,0,0,0,0,0,103808,104555,0,232,0
1322878,1,0,0.00376164,0.0708376,0.307954,0.281571,1,0,,0,0,0,0,0,0,0,0,103808,104555,0,232,0
1322978,1,0,0.00263315,0.0571967,0.282878,0.286682,1,0,,0,0,0,0,0,0,0,0,103808,104555,0,232,0
1323078,1,0,0.0018432,0.046126,0.259203,0.259822,1,0,,0,0,0,0,0,0,0,0,103808,104555,0,232,0
1323178,1,0,0.00129024,0.0371588,0.236999,0.272533,1,0,,0,0,0,0,0,0,0,0,103808,104555,0,232,0
1323278,1,0,0.000903169,0.0299077,0.21629,0.271934,1,0,,0,0,0,0,0,0,0,0,103808,104555,0,232,0
1323378,1,0,0.000632218,0.0240526,0.197066,0.295245,1,0,,0,0,0,0,0,0,0,0,103808,104555,0,232,0
1323478,1,0,0.000442553,0.0193306,0.179292,0.266384,1,0,,0,0,0,0,0,0,0,0,103808,104555,0,232,0
1323578,1,0,0.000309787,0.0155264,0.162916,0.278623,1,0,,0,0,0,0,0,0,0,0,103808,104555,0,232,0
1323678,1,0,0.000216851,0.0124645,0.147871,0.290111,1,0,,0,0,0,0,0,0,0,0,103808,104555,0,232,0
1323778,1,0,0.000151796,0.010002,0.134084,0.319848,1,0,,0,0,0,0,0,0,0,0,103808,104555,0,232,0
1323878,1,0,0.000106257,0.00802283,0.121478,0.281323,1,0,,0,0,0,0,0,0,0,0,103808,104555,0,232,0
1323978,1,0,7.43799e-005,0.00643314,0.109973,0.253084,1,0,,0,0,0,0,0,0,0,0,103808,104555,0,232,0
1324078,1,0,5.20659e-005,0.00515693,0.0994916,0.278861,1,0,,0,0,0,0,0,0,0,0,103808,104555,0,232,0
1324178,1,0,3.64461e-005,0.00413283,0.0899557,0.306471,1,0,,0,0,0,0,0,0,0,0,103808,104555,0,232,0
1324278,1,0,2.55123e-005,0.00331137,0.0812913,0.30272,1,0,,0,0,0,0,0,0,0,0,103808,104555,0,232,0
1324378,1,0,1.78586e-005,0.00265267,0.0734274,0.266044,1,0,,0,0,0,0,0,0,0,0,103808,104555,0,232,0
1324478,1,0,1.2501e-005,0.00212463,0.0662971,0.277555,1,0,,0,0,0,0,0,0,0,0,103808,104555,0,232,0
1324578,1,0,8.75072e-006,0.00170146,0.0598375,0.274156,1,0,,0,0,0,0,0,0,0,0,103808,104555,0,232,0
1324678,1,0,6.1255e-006,0.00136239,0.05399,0.307556,1,0,,0,0,0,0,0,0,0,0,103808,104555,0,232,0
1324778,1,0,4.28785e-006,0.00109077,0.0487001,0.287955,1,0,,0,0,0,0,0,0,0,0,103808,104555,0,232,0
1324878,1,12,3.6,0.720873,0.115917,0.298155,1,0,,0,0,0,0,0,0,0,0,103808,104555,0,232,0
1324978,1,0,2.52,1.0807,0.212396,0.280417,1,0,,0,0,0,0,0,0,0,0,103808,104555,0,232,0
1325078,1,0,1.764,1.21736,0.312892,0.298317,1,0,,0,0,0,0,0,0,0,0,103808,104555,0,232,0
1325178,1,0,1.2348,1.22085,0.403688,0.27528,1,0,,0,0,0,0,0,0,0,0,103808,104555,0,232,0
1325278,1,0,0.864361,1.14955,0.478274,0.271731,1,0,,0,0,0,0,0,0,0,0,103808,104555,0,232,0
1325378,1,0,0.605053,1.04065,0.534512,0.28568,1,0,,0,0,0,0,0,0,0,0,103808,104555,0,232,0
1325478,1,0,0.423537,0.917228,0.572783,0.268106,1,0,,0,0,0,0,0,0,0,0,103808,104555,0,232,0
1325578,1,0,0.296476,0.793078,0.594813,0.322383,1,0,,0,0,0,0,0,0,0,0,103808,104555,0,232,0
1325678,1,0,0.207533,0.675969,0.602928,0.265422,1,0,,0,0,0,0,0,0,0,0,103808,104555,0,232,0
1325778,1,0,0.145273,0.56983,0.599618,0.270648,1,0,,0,0,0,0,0,0,0,0,103808,104555,0,232,0
1325878,1,0,0.101691,0.476202,0.587277,0.270024,1,0,,0,0,0,0,0,0,0,0,103808,104555,0,232,0
1325978,1,0,0.0711838,0.395198,0.568069,0.277298,1,0,,0,0,0,0,0,0,0,0,103808,104555,0,232,0
1326078,1,0,0.0498287,0.326124,0.543874,0.282973,1,0,,0,0,0,0,0,0,0,0,103808,104555,0,232,0
1326178,1,0,0.0348801,0.267876,0.516274,0.279887,1,0,,0,0,0,0,0,0,0,0,103808,104555,0,232,0
1326278,1,0,0.024416,0.219184,0.486565,0.258737,1,0,,0,0,0,0,0,0,0,0,103808,104555,0,232,0
1326378,1,0,0.0170912,0.178765,0.455785,0.271512,1,0,,0,0,0,0,0,0,0,0,103808,104555,0,232,0
1326478,1,0,0.0119639,0.145405,0.424747,0.262886,1,0,,0,0,0,0,0,0,0,0,103808,104555,0,232,0
1326578,1,0,0.0083747,0.117999,0.394072,0.247424,1,0,,0,0,0,0,0,0,0,0,103808,104555,0,232,0
1326678,1,0,0.00586229,0.0955716,0.364222,0.278599,1,0,,0,0,0,0,0,0,0,0,103808,104555,0,232,0
1326778,1,0,0.0041036,0.077278,0.335528,0.284833,1,0,,0,0,0,0,0,0,0,0,103808,104555,0,232,0
1326878,1,0,0.00287252,0.0623969,0.308215,0.260821,1,0,,0,0,0,0,0,0,0,0,103808,104555,0,232,0
1326978,1,0,0.00201077,0.0503197,0.282425,0.272171,1,0,,0,0,0,0,0,0,0,0,103808,104555,0,232,0
1327078,1,0,0.00140754,0.0405372,0.258236,0.283033,1,0,,0,0,0,0,0,0,0,0,103808,104555,0,232,0
1327178,1,0,0.000985275,0.0326268,0.235675,0.307196,1,0,,0,0,0,0,0,0,0,0,103808,104555,0,232,0
1327278,1,0,0.000689693,0.0262394,0.214732,0.311834,1,0,,0,0,0,0,0,0,0,0,103808,104555,0,232,0
1327378,1,0,0.000482785,0.0210881,0.195367,0.302444,1,0,,0,0,0,0,0,0,0,0,103808,104555,0,232,0
1327478,1,0,0.000337949,0.0169381,0.177525,0.296856,1,0,,0,0,0,0,0,0,0,0,103808,104555,0,232,0
1327578,1,0,0.000236565,0.0135978,0.161132,0.287743,1,0,,0,0,0,0,0,0,0,0,103808,104555,0,232,0
1327678,1,0,0.000165595,0.0109113,0.14611,0.268304,1,0,,0,0,0,0,0,0,0,0,103808,104555,0,232,0
1327778,1,0,0.000115917,0.00875225,0.132374,0.264656,1,0,,0,0,0,0,0,0,0,0,103808,104555,0,232,0
1327878,1,0,8.11416e-005,0.00701802,0.119838,0.266342,1,0,,0,0,0,0,0,0,0,0,103808,104555,0,232,0
1327978,1,0,5.67992e-005,0.00562578,0.108417,0.305732,1,0,,0,0,0,0,0,0,0,0,103808,104555,0,232,0
1328078,1,0,3.97594e-005,0.00450858,0.0980263,0.257445,1,0,,0,0,0,0,0,0,0,0,103808,104555,0,232,0
1328178,1,0,2.78316e-005,0.00361243,0.0885849,0.267481,1,0,,0,0,0,0,0,0,0,0,103808,104555,0,232,0
1328278,1,0,1.94821e-005,0.00289384,0.0800158,0.252547,1,0,,0,0,0,0,0,0,0,0,103808,104555,0,232,0
1328378,1,0,1.36375e-005,0.0023178,0.072246,0.298256,1,0,,0,0,0,0,0,0,0,0,103808,104555,0,232,0
1328478,1,0,9.54623e-006,0.00185615,0.065207,0.307055,1,0,,0,0,0,0,0,0,0,0,103808,104555,0,232,0
1328578,1,0,6.68236e-006,0.00148625,0.0588349,0.263708,1,0,,0,0,0,0,0,0,0,0,103808,104555,0,232,0
1328678,1,0,4.67765e-006,0.00118994,0.0530704,0.293695,1,0,,0,0,0,0,0,0,0,0,103808,104555,0,232,0
1328778,1,0,3.27436e-006,0.000952606,0.0478586,0.301719,1,0,,0,0,0,0,0,0,0,0,103808,104555,0,232,0
1328878,1,12,3.6,0.720763,0.115149,0.264262,1,0,,0,0,0,0,0,0,0,0,103808,104555,0,232,0
1328978,1,0,2.52,1.08061,0.211695,0.292962,1,0,,0,0,0,0,0,0,0,0,103808,104555,0,232,0
1329078,1,0,1.764,1.21729,0.312255,0.280351,1,0,,0,0,0,0,0,0,0,0,103808,104555,0,232,0
1329178,1,0,1.2348,1.22079,0.403108,0.275952,1,0,,0,0,0,0,0,0,0,0,103808,104555,0,232,0
1329278,1,0,0.864361,1.14951,0.477748,0.272453,1,0,,0,0,0,0,0,0,0,0,103808,104555,0,232,0
1329378,1,1,0.905052,1.10061,0.540034,0.316352,1,0,,0,0,0,0,0,0,0,0,103808,104555,0,232,0
1329478,1,0,0.633537,1.0072,0.586751,0.269627,1,0,,0,0,0,0,0,0,0,0,103808,104555,0,232,0
1329578,1,0,0.443476,0.894454,0.617521,0.267728,1,0,,0,0,0,0,0,0,0,0,103808,104555,0,232,0
1329678,1,0,0.310433,0.77765,0.633534,0.278653,1,0,,0,0,0,0,0,0,0,0,103808,104555,0,232,0
1329778,1,1,0.517303,0.725581,0.642739,0.289007,1,0,,0,0,0,0,0,0,0,0,103808,104555,0,232,0
1329878,1,0,0.362112,0.652887,0.643754,0.313695,1,0,,0,0,0,0,0,0,0,0,103808,104555,0,232,0
1329978,1,0,0.253478,0.573005,0.636679,0.319896,1,0,,0,0,0,0,0,0,0,0,103808,104555,0,232,0
1330078,1,0,0.177435,0.493891,0.6224,0.275546,1,0,,0,0,0,0,0,0,0,0,103808,104555,0,232,0
1330178,1,1,0.424204,0.479954,0.608155,0.275747,1,0,,0,0,0,0,0,0,0,0,103808,104555,0,232,0
1330278,1,0,0.296943,0.443352,0.591675,0.285235,1,0,,0,0,0,0,0,0,0,0,103808,104555,0,232,0
1330378,1,0,0.20786,0.396253,0.572133,0.252494,1,0,,0,0,0,0,0,0,0,0,103808,104555,0,232,0
1330478,1,1,0.445502,0.406103,0.55553,0.249618,1,0,,0,0,0,0,0,0,0,0,103808,104555,0,232,0
1330578,1,0,0.311852,0.387253,0.538702,0.26873,1,0,,0,0,0,0,0,0,0,0,103808,104555,0,232,0
1330678,1,0,0.218296,0.353462,0.520178,0.310314,1,0,,0,0,0,0,0,0,0,0,103808,104555,0,232,0
1330778,1,1,0.452807,0.373331,0.505493,0.26605,1,0,,0,0,0,0,0,0,0,0,103808,104555,0,232,0
1330878,1,0,0.316965,0.362058,0.49115,0.273327,1,0,,0,0,0,0,0,0,0,0,103808,104555,0,232,0
1330978,1,1,0.521876,0.394021,0.481437,0.261929,1,0,,0,0,0,0,0,0,0,0,103808,104555,0,232,0
1331078,1,0,0.365313,0.38828,0.472121,0.249229,1,0,,0,0,0,0,0,0,0,0,103808,104555,0,232,0
1331178,1,0,0.255719,0.361767,0.461086,0.251329,1,0,,0,0,0,0,0,0,0,0,103808,104555,0,232,0
1331278,1,0,0.179003,0.325215,0.447499,0.278257,1,0,,0,0,0,0,0,0,0,0,103808,104555,0,232,0
1331378,1,0,0.125302,0.285232,0.431272,0.286945,1,0,,0,0,0,0,0,0,0,0,103808,104555,0,232,0
1331478,1,0,0.0877116,0.245728,0.412718,0.27207,1,0,,0,0,0,0,0,0,0,0,103808,104555,0,232,0
1331578,1,0,0.0613981,0.208862,0.392332,0.277256,1,0,,0,0,0,0,0,0,0,0,103808,104555,0,232,0
1331678,1,1,0.342979,0.235685,0.376667,0.261457,1,0,,0,0,0,0,0,0,0,0,103808,104555,0,232,0
1331778,1,0,0.240085,0.236565,0.362657,0.284832,1,0,,0,0,0,0,0,0,0,0,103808,104555,0,232,0
1331878,1,0,0.16806,0.222864,0.348678,0.275019,1,0,,0,0,0,0,0,0,0,0,103808,104555,0,232,0
1331978,1,0,0.117642,0.20182,0.333992,0.263943,1,0,,0,0,0,0,0,0,0,0,103808,104555,0,232,0
1332078,1,1,0.382349,0.237926,0.324385,0.276994,1,0,,0,0,0,0,0,0,0,0,103808,104555,0,232,0
1332178,1,0,0.267644,0.243869,0.316334,0.282995,1,0,,0,0,0,0,0,0,0,0,103808,104555,0,232,0
1332278,1,0,0.187351,0.232566,0.307957,0.271322,1,0,,0,0,0,0,0,0,0,0,103808,104555,0,232,0
1332378,1,1,0.431146,0.272282,0.304389,0.278,1,0,,0,0,0,0,0,0,0,0,103808,104555,0,232,0
1332478,1,0,0.301802,0.278186,0.301769,0.284226,1,0,,0,0,0,0,0,0,0,0,103808,104555,0,232,0
1332578,1,0,0.211261,0.264801,0.298072,0.281925,1,0,,0,0,0,0,0,0,0,0,103808,104555,0,232,0
1332678,1,0,0.147883,0.241417,0.292407,0.289587,1,0,,0,0,0,0,0,0,0,0,103808,104555,0,232,0
1332778,1,13,4.00352,0.993838,0.36255,0.270631,1,0,,0,0,0,0,0,0,0,0,103808,104555,0,232,0
1332878,1,0,2.80246,1.35556,0.461851,0.284504,1,0,,0,0,0,0,0,0,0,0,103808,104555,0,232,0
1332978,1,0,1.96172,1.47679,0.563345,0.243629,1,0,,0,0,0,0,0,0,0,0,103808,104555,0,232,0
1333078,1,0,1.37321,1.45608,0.652619,0.27024,1,0,,0,0,0,0,0,0,0,0,103808,104555,0,232,0
1333178,1,0,0.961245,1.35711,0.723068,0.264028,1,0,,0,0,0,0,0,0,0,0,103808,104555,0,232,0
1333278,1,0,0.672871,1.22026,0.772787,0.247965,1,0,,0,0,0,0,0,0,0,0,103808,104555,0,232,0
1333378,1,0,0.47101,1.07041,0.80255,0.273127,1,0,,0,0,0,0,0,0,0,0,103808,104555,0,232,0
1333478,1,0,0.329707,0.922271,0.814522,0.260351,1,0,,0,0,0,0,0,0,0,0,103808,104555,0,232,0
1333578,1,0,0.230795,0.783976,0.811467,0.291938,1,0,,0,0,0,0,0,0,0,0,103808,104555,0,232,0
1333678,1,0,0.161556,0.659492,0.79627,0.273024,1,0,,0,0,0,0,0,0,0,0,103808,104555,0,232,0
1333778,1,0,0.113089,0.550212,0.771664,0.281112,1,0,,0,0,0,0,0,0,0,0,103808,104555,0,232,0
1333878,1,0,0.0791626,0.456002,0.740098,0.251061,1,0,,0,0,0,0,0,0,0,0,103808,104555,0,232,0
1333978,1,0,0.0554138,0.375884,0.703676,0.309882,1,0,,0,0,0,0,0,0,0,0,103808,104555,0,232,0
1334078,1,0,0.0387897,0.308465,0.664155,0.283155,1,0,,0,0,0,0,0,0,0,0,103808,104555,0,232,0
1334178,1,0,0.0271528,0.252203,0.62296,0.27539,1,0,,0,0,0,0,0,0,0,0,103808,104555,0,232,0
1334278,1,0,0.0190069,0.205564,0.58122,0.316703,1,0,,0,0,0,0,0,0,0,0,103808,104555,0,232,0
1334378,1,0,0.0133049,0.167112,0.539809,0.301915,1,0,,0,0,0,0,0,0,0,0,103808,104555,0,232,0
1334478,1,0,0.0093134,0.135552,0.499384,0.293002,1,0,,0,0,0,0,0,0,0,0,103808,104555,0,232,0
1334578,1,0,0.00651938,0.109746,0.46042,0.25574,1,0,,0,0,0,0,0,0,0,0,103808,104555,0,232,0
1334678,1,0,0.00456357,0.0887092,0.423249,0.288716,1,0,,0,0,0,0,0,0,0,0,103808,104555,0,232,0
1334778,1,0,0.0031945,0.0716063,0.388085,0.288803,1,0,,0,0,0,0,0,0,0,0,103808,104555,0,232,0
1334878,1,0,0.00223615,0.0577322,0.355049,0.270016,1,0,,0,0,0,0,0,0,0,0,103808,104555,0,232,0
1334978,1,0,0.0015653,0.0464989,0.324194,0.286215,1,0,,0,0,0,0,0,0,0,0,103808,104555,0,232,0
1335078,1,1,0.301096,0.0974182,0.301517,0.298663,1,0,,0,0,0,0,0,0,0,0,103808,104555,0,232,0
1335178,1,0,0.210767,0.120088,0.283374,0.253977,1,0,,0,0,0,0,0,0,0,0,103808,104555,0,232,0
1335278,1,0,0.147537,0.125578,0.267594,0.321063,1,0,,0,0,0,0,0,0,0,0,103808,104555,0,232,0
1335378,1,0,0.103276,0.121117,0.252946,0.287786,1,0,,0,0,0,0,0,0,0,0,103808,104555,0,232,0
1335478,1,0,0.0722931,0.111353,0.238787,0.286637,1,0,,0,0,0,0,0,0,0,0,103808,104555,0,232,0
1335578,1,0,0.0506052,0.0992031,0.224829,0.289375,1,0,,0,0,0,0,0,0,0,0,103808,104555,0,232,0
1335678,1,0,0.0354236,0.0864472,0.21099,0.280312,1,0,,0,0,0,0,0,0,0,0,103808,104555,0,232,0
1335778,1,0,0.0247965,0.074117,0.197303,0.268369,1,0,,0,0,0,0,0,0,0,0,103808,104555,0,232,0
1335878,1,0,0.0173576,0.0627652,0.183849,0.280018,1,0,,0,0,0,0,0,0,0,0,103808,104555,0,232,0
1335978,1,0,0.0121503,0.0526422,0.170729,0.296481,1,0,,0,0,0,0,0,0,0,0,103808,104555,0,232,0
1336078,1,0,0.00850521,0.0438148,0.158037,0.259218,1,0,,0,0,0,0,0,0,0,0,103808,104555,0,232,0
1336178,1,0,0.00595365,0.0362426,0.145858,0.255669,1,0,,0,0,0,0,0,0,0,0,103808,104555,0,232,0
1336278,1,0,0.00416755,0.0298276,0.134255,0.262794,1,0,,0,0,0,0,0,0,0,0,103808,104555,0,232,0
1336378,1,0,0.00291729,0.0244455,0.123274,0.242019,1,0,,0,0,0,0,0,0,0,0,103808,104555,0,232,0
1336478,1,0,0.0020421,0.0199648,0.112943,0.248318,1,0,,0,0,0,0,0,0,0,0,103808,104555,0,232,0
1336578,1,0,0.00142947,0.0162578,0.103274,0.292831,1,0,,0,0,0,0,0,0,0,0,103808,104555,0,232,0
1336678,1,0,0.00100063,0.0132063,0.0942676,0.245156,1,0,,0,0,0,0,0,0,0,0,103808,104555,0,232,0
1336778,1,13,3.9007,0.790705,0.163911,0.256368,1,0,,0,0,0,0,0,0,0,0,103808,104555,0,232,0
1336878,1,0,2.73049,1.17866,0.265386,0.31388,1,0,,0,0,0,0,0,0,0,0,103808,104555,0,232,0
1336978,1,0,1.91134,1.3252,0.371368,0.314541,1,0,,0,0,0,0,0,0,0,0,103808,104555,0,232,0
1337078,1,0,1.33794,1.32775,0.467006,0.297104,1,0,,0,0,0,0,0,0,0,0,103808,104555,0,232,0
1337178,1,0,0.936558,1.24951,0.545256,0.281968,1,0,,0,0,0,0,0,0,0,0,103808,104555,0,232,0
1337278,1,0,0.655591,1.13073,0.603803,0.302156,1,0,,0,0,0,0,0,0,0,0,103808,104555,0,232,0
1337378,1,0,0.458914,0.996363,0.643059,0.260094,1,0,,0,0,0,0,0,0,0,0,103808,104555,0,232,0
1337478,1,0,0.321239,0.861338,0.664887,0.273417,1,0,,0,0,0,0,0,0,0,0,103808,104555,0,232,0
1337578,1,0,0.224868,0.734044,0.671803,0.287791,1,0,,0,0,0,0,0,0,0,0,103808,104555,0,232,0
1337678,1,0,0.157407,0.618717,0.666494,0.307378,1,0,,0,0,0,0,0,0,0,0,103808,104555,0,232,0
1337778,1,0,0.110185,0.517011,0.651546,0.279,1,0,,0,0,0,0,0,0,0,0,103808,104555,0,232,0
1337878,1,0,0.0771296,0.429034,0.629295,0.289361,1,0,,0,0,0,0,0,0,0,0,103808,104555,0,232,0
1337978,1,0,0.0539907,0.354026,0.601768,0.2659,1,0,,0,0,0,0,0,0,0,0,103808,104555,0,232,0
1338078,1,0,0.0377935,0.290779,0.570669,0.307549,1,0,,0,0,0,0,0,0,0,0,103808,104555,0,232,0
1338178,1,0,0.0264554,0.237914,0.537393,0.274838,1,0,,0,0,0,0,0,0,0,0,103808,104555,0,232,0
1338278,1,0,0.0185188,0.194035,0.503057,0.274088,1,0,,0,0,0,0,0,0,0,0,103808,104555,0,232,0
1338378,1,0,0.0129632,0.157821,0.468534,0.340588,1,0,,0,0,0,0,0,0,0,0,103808,104555,0,232,0
1338478,1,0,0.00907422,0.128072,0.434488,0.275601,1,0,,0,0,0,0,0,0,0,0,103808,104555,0,232,0
1338578,1,0,0.00635195,0.103728,0.401412,0.312739,1,0,,0,0,0,0,0,0,0,0,103808,104555,0,232,0
1338678,1,0,0.00444637,0.0838714,0.369658,0.327275,1,0,,0,0,0,0,0,0,0,0,103808,104555,0,232,0
1338778,1,0,0.00311246,0.0677196,0.339464,0.310704,1,0,,0,0,0,0,0,0,0,0,103808,104555,0,232,0
1338878,1,0,0.00217872,0.0546114,0.310979,0.302316,1,0,,0,0,0,0,0,0,0,0,103808,104555,0,232,0
1338978,1,0,0.0015251,0.0439942,0.28428,0.342855,1,0,,0,0,0,0,0,0,0,0,103808,104555,0,232,0
1339078,1,0,0.00106757,0.0354088,0.259393,0.292667,1,0,,0,0,0,0,0,0,0,0,103808,104555,0,232,0
1339178,1,0,0.000747301,0.0284765,0.236301,0.271742,1,0,,0,0,0,0,0,0,0,0,103808,104555,0,232,0
1339278,1,0,0.000523111,0.0228859,0.21496,0.281467,1,0,,0,0,0,0,0,0,0,0,103808,104555,0,232,0
1339378,1,0,0.000366177,0.0183819,0.195302,0.273781,1,0,,0,0,0,0,0,0,0,0,103808,104555,0,232,0
1339478,1,0,0.000256324,0.0147568,0.177247,0.298844,1,0,,0,0,0,0,0,0,0,0,103808,104555,0,232,0
1339578,1,0,0.000179427,0.0118413,0.160707,0.267534,1,0,,0,0,0,0,0,0,0,0,103808,104555,0,232,0
1339678,1,0,0.000125599,0.00949818,0.145586,0.293846,1,0,,0,0,0,0,0,0,0,0,103808,104555,0,232,0
1339778,1,0,8.79192e-005,0.00761613,0.131789,0.302608,1,0,,0,0,0,0,0,0,0,0,103808,104555,0,232,0
1339878,1,0,6.15434e-005,0.00610521,0.119221,0.286996,1,0,,0,0,0,0,0,0,0,0,103808,104555,0,232,0
1339978,1,0,4.30804e-005,0.00489279,0.107788,0.271144,1,0,,0,0,0,0,0,0,0,0,103808,104555,0,232,0
1340078,1,0,3.01563e-005,0.00392026,0.097401,0.305645,1,0,,0,0,0,0,0,0,0,0,103808,104555,0,232,0
1340178,1,0,2.11094e-005,0.00314043,0.087975,0.274619,1,0,,0,0,0,0,0,0,0,0,103808,104555,0,232,0
1340278,1,0,1.47766e-005,0.0025153,0.079429,0.288956,1,0,,0,0,0,0,0,0,0,0,103808,104555,0,232,0
1340378,1,0,1.03436e-005,0.00201431,0.0716875,0.265683,1,0,,0,0,0,0,0,0,0,0,103808,104555,0,232,0
1340478,1,0,7.24052e-006,0.00161289,0.0646801,0.32072,1,0,,0,0,0,0,0,0,0,0,103808,104555,0,232,0
1340578,1,0,5.06836e-006,0.00129133,0.0583412,0.300642,1,0,,0,0,0,0,0,0,0,0,103808,104555,0,232,0
1340678,1,12,3.6,0.721034,0.12461,0.279165,1,0,,0,0,0,0,0,0,0,0,103808,104555,0,232,0
1340778,1,0,2.52,1.08083,0.220232,0.271241,1,0,,0,0,0,0,0,0,0,0,103808,104555,0,232,0
1340878,1,0,1.764,1.21746,0.319955,0.263404,1,0,,0,0,0,0,0,0,0,0,103808,104555,0,232,0
1340978,1,0,1.2348,1.22093,0.410053,0.269365,1,0,,0,0,0,0,0,0,0,0,103808,104555,0,232,0
1341078,1,0,0.864361,1.14962,0.484009,0.262576,1,0,,0,0,0,0,0,0,0,0,103808,104555,0,232,0
1341178,1,0,0.605053,1.0407,0.539679,0.270111,1,0,,0,0,0,0,0,0,0,0,103808,104555,0,232,0
1341278,1,0,0.423537,0.91727,0.577438,0.308774,1,0,,0,0,0,0,0,0,0,0,103808,104555,0,232,0
1341378,1,0,0.296476,0.793111,0.599005,0.304474,1,0,,0,0,0,0,0,0,0,0,103808,104555,0,232,0
1341478,1,0,0.207533,0.675996,0.606704,0.258349,1,0,,0,0,0,0,0,0,0,0,103808,104555,0,232,0
1341578,1,0,0.145273,0.569851,0.603019,0.271985,1,0,,0,0,0,0,0,0,0,0,103808,104555,0,232,0
1341678,1,0,0.101691,0.476219,0.590339,0.301235,1,0,,0,0,0,0,0,0,0,0,103808,104555,0,232,0
1341778,1,0,0.0711838,0.395212,0.570826,0.272122,1,0,,0,0,0,0,0,0,0,0,103808,104555,0,232,0
1341878,1,0,0.0498287,0.326136,0.546357,0.30027,1,0,,0,0,0,0,0,0,0,0,103808,104555,0,232,0
1341978,1,0,0.0348801,0.267884,0.51851,0.299833,1,0,,0,0,0,0,0,0,0,0,103808,104555,0,232,0
1342078,1,0,0.024416,0.219191,0.488578,0.324709,1,0,,0,0,0,0,0,0,0,0,103808,104555,0,232,0
1342178,1,0,0.0170912,0.178771,0.457597,0.251336,1,0,,0,0,0,0,0,0,0,0,103808,104555,0,232,0
1342278,1,0,0.0119639,0.145409,0.426378,0.262049,1,0,,0,0,0,0,0,0,0,0,103808,104555,0,232,0
1342378,1,0,0.0083747,0.118003,0.395541,0.285223,1,0,,0,0,0,0,0,0,0,0,103808,104555,0,232,0
1342478,1,0,0.00586229,0.0955745,0.365544,0.299888,1,0,,0,0,0,0,0,0,0,0,103808,104555,0,232,0
1342578,1,0,0.00410361,0.0772803,0.336718,0.306613,1,0,,0,0,0,0,0,0,0,0,103808,104555,0,232,0
1342678,1,0,0.00287252,0.0623987,0.309286,0.286862,1,0,,0,0,0,0,0,0,0,0,103808,104555,0,232,0
1342778,1,0,0.00201077,0.0503211,0.283389,0.26055,1,0,,0,0,0,0,0,0,0,0,103808,104555,0,232,0
1342878,1,0,0.00140754,0.0405384,0.259104,0.292749,1,0,,0,0,0,0,0,0,0,0,103808,104555,0,232,0
1342978,1,0,0.000985275,0.0326278,0.236457,0.328032,1,0,,0,0,0,0,0,0,0,0,103808,104555,0,232,0
1343078,1,0,0.000689693,0.0262402,0.215435,0.292696,1,0,,0,0,0,0,0,0,0,0,103808,104555,0,232,0
1343178,1,0,0.000482785,0.0210887,0.196,0.305873,1,0,,0,0,0,0,0,0,0,0,103808,104555,0,232,0
1343278,1,0,0.000337949,0.0169386,0.178094,0.29496,1,0,,0,0,0,0,0,0,0,0,103808,104555,0,232,0
1343378,1,0,0.000236565,0.0135982,0.161645,0.298861,1,0,,0,0,0,0,0,0,0,0,103808,104555,0,232,0
1343478,1,0,0.000165595,0.0109116,0.146571,0.264512,1,0,,0,0,0,0,0,0,0,0,103808,104555,0,232,0
1343578,1,0,0.000115917,0.0087525,0.132789,0.275412,1,0,,0,0,0,0,0,0,0,0,103808,104555,0,232,0
1343678,1,0,8.11417e-005,0.00701823,0.120212,0.294799,1,0,,0,0,0,0,0,0,0,0,103808,104555,0,232,0
1343778,1,0,5.67992e-005,0.00562594,0.108754,0.275135,1,0,,0,0,0,0,0,0,0,0,103808,104555,0,232,0
1343878,1,0,3.97594e-005,0.0045087,0.0983291,0.28551,1,0,,0,0,0,0,0,0,0,0,103808,104555,0,232,0
1343978,1,0,2.78316e-005,0.00361253,0.0888575,0.279347,1,0,,0,0,0,0,0,0,0,0,103808,104555,0,232,0
1344078,1,0,1.94821e-005,0.00289392,0.0802611,0.305497,1,0,,0,0,0,0,0,0,0,0,103808,104555,0,232,0
1344178,1,0,1.36375e-005,0.00231786,0.0724668,0.271598,1,0,,0,0,0,0,0,0,0,0,103808,104555,0,232,0
1344278,1,0,9.54623e-006,0.0018562,0.0654057,0.313812,1,0,,0,0,0,0,0,0,0,0,103808,104555,0,232,0
1344378,1,0,6.68236e-006,0.0014863,0.0590138,0.295398,1,0,,0,0,0,0,0,0,0,0,103808,104555,0,232,0
1344478,1,0,4.67765e-006,0.00118997,0.0532314,0.261946,1,0,,0,0,0,0,0,0,0,0,103808,104555,0,232,0
1344578,1,0,3.27436e-006,0.000952633,0.0480035,0.269782,1,0,,0,0,0,0,0,0,0,0,103808,104555,0,232,0
1344678,1,12,3.6,0.720763,0.115279,0.268297,1,0,,0,0,0,0,0,0,0,0,103808,104555,0,232,0
1344778,1,0,2.52,1.08061,0.211813,0.24933,1,0,,0,0,0,0,0,0,0,0,103808,104555,0,232,0
1344878,1,0,1.764,1.21729,0.31236,0.274242,1,0,,0,0,0,0,0,0,0,0,103808,104555,0,232,0
1344978,1,0,1.2348,1.22079,0.403203,0.301757,1,0,,0,0,0,0,0,0,0,0,103808,104555,0,232,0
1345078,1,0,0.864361,1.14951,0.477833,0.311559,1,0,,0,0,0,0,0,0,0,0,103808,104555,0,232,0
1345178,1,0,0.605052,1.04061,0.534111,0.306434,1,0,,0,0,0,0,0,0,0,0,103808,104555,0,232,0
1345278,1,0,0.423537,0.917199,0.57242,0.314897,1,0,,0,0,0,0,0,0,0,0,103808,104555,0,232,0
1345378,1,0,0.296476,0.793054,0.594484,0.308421,1,0,,0,0,0,0,0,0,0,0,103808,104555,0,232,0
1345478,1,0,0.207533,0.67595,0.60263,0.25987,1,0,,0,0,0,0,0,0,0,0,103808,104555,0,232,0
1345578,1,0,0.145273,0.569815,0.599349,0.271582,1,0,,0,0,0,0,0,0,0,0,103808,104555,0,232,0
1345678,1,0,0.101691,0.47619,0.587033,0.278731,1,0,,0,0,0,0,0,0,0,0,103808,104555,0,232,0
1345778,1,0,0.0711838,0.395189,0.567848,0.29283,1,0,,0,0,0,0,0,0,0,0,103808,104555,0,232,0
1345878,1,0,0.0498287,0.326117,0.543675,0.25423,1,0,,0,0,0,0,0,0,0,0,103808,104555,0,232,0
1345978,1,0,0.0348801,0.267869,0.516095,0.312133,1,0,,0,0,0,0,0,0,0,0,103808,104555,0,232,0
1346078,1,0,0.024416,0.219179,0.486403,0.31102,1,0,,0,0,0,0,0,0,0,0,103808,104555,0,232,0
1346178,1,0,0.0170912,0.178761,0.455639,0.309431,1,0,,0,0,0,0,0,0,0,0,103808,104555,0,232,0
1346278,1,0,0.0119639,0.145402,0.424615,0.28378,1,0,,0,0,0,0,0,0,0,0,103808,104555,0,232,0
1346378,1,0,0.0083747,0.117996,0.393953,0.265131,1,0,,0,0,0,0,0,0,0,0,103808,104555,0,232,0
1346478,1,0,0.00586229,0.0955695,0.364115,0.302431,1,0,,0,0,0,0,0,0,0,0,103808,104555,0,232,0
1346578,1,0,0.0041036,0.0772764,0.335431,0.25232,1,0,,0,0,0,0,0,0,0,0,103808,104555,0,232,0
1346678,1,0,0.00287252,0.0623956,0.308127,0.288184,1,0,,0,0,0,0,0,0,0,0,103808,104555,0,232,0
1346778,1,0,0.00201077,0.0503186,0.282347,0.285197,1,0,,0,0,0,0,0,0,0,0,103808,104555,0,232,0
1346878,1,0,0.00140754,0.0405364,0.258166,0.29301,1,0,,0,0,0,0,0,0,0,0,103808,104555,0,232,0
1346978,1,0,0.000985275,0.0326262,0.235612,0.28291,1,0,,0,0,0,0,0,0,0,0,103808,104555,0,232,0
1347078,1,0,0.000689693,0.0262389,0.214674,0.308873,1,0,,0,0,0,0,0,0,0,0,103808,104555,0,232,0
1347178,1,0,0.000482785,0.0210877,0.195316,0.280821,1,0,,0,0,0,0,0,0,0,0,103808,104555,0,232,0
1347278,1,0,0.000337949,0.0169377,0.177478,0.299068,1,0,,0,0,0,0,0,0,0,0,103808,104555,0,232,0
1347378,1,0,0.000236565,0.0135975,0.16109,0.289469,1,0,,0,0,0,0,0,0,0,0,103808,104555,0,232,0
1347478,1,0,0.000165595,0.0109111,0.146072,0.271433,1,0,,0,0,0,0,0,0,0,0,103808,104555,0,232,0
1347578,1,0,0.000115917,0.00875207,0.13234,0.314607,1,0,,0,0,0,0,0,0,0,0,103808,104555,0,232,0
1347678,1,0,8.11416e-005,0.00701789,0.119808,0.261218,1,0,,0,0,0,0,0,0,0,0,103808,104555,0,232,0
1347778,1,0,5.67992e-005,0.00562567,0.10839,0.272092,1,0,,0,0,0,0,0,0,0,0,103808,104555,0,232,0
1347878,1,0,3.97594e-005,0.00450849,0.0980014,0.297881,1,0,,0,0,0,0,0,0,0,0,103808,104555,0,232,0
1347978,1,0,2.78316e-005,0.00361236,0.0885625,0.275157,1,0,,0,0,0,0,0,0,0,0,103808,104555,0,232,0
1348078,1,0,1.94821e-005,0.00289378,0.0799956,0.309495,1,0,,0,0,0,0,0,0,0,0,103808,104555,0,232,0
1348178,1,0,1.36375e-005,0.00231775,0.0722278,0.287345,1,0,,0,0,0,0,0,0,0,0,103808,104555,0,232,0
1348278,1,0,9.54623e-006,0.00185611,0.0651907,0.280745,1,0,,0,0,0,0,0,0,0,0,103808,104555,0,232,0
1348378,1,0,6.68236e-006,0.00148623,0.0588202,0.296931,1,0,,0,0,0,0,0,0,0,0,103808,104555,0,232,0
1348478,1,0,4.67765e-006,0.00118992,0.0530572,0.270891,1,0,,0,0,0,0,0,0,0,0,103808,104555,0,232,0
1348578,1,12,3.6,0.720953,0.119847,0.317379,1,0,,0,0,0,0,0,0,0,0,103808,104555,0,232,0
1348678,1,0,2.52,1.08076,0.215938,0.290254,1,0,,0,0,0,0,0,0,0,0,103808,104555,0,232,0
1348778,1,0,1.764,1.21741,0.316086,0.269302,1,0,,0,0,0,0,0,0,0,0,103808,104555,0,232,0
1348878,1,0,1.2348,1.22089,0.406566,0.283127,1,0,,0,0,0,0,0,0,0,0,103808,104555,0,232,0
1348978,1,0,0.864361,1.14958,0.480868,0.283527,1,0,,0,0,0,0,0,0,0,0,103808,104555,0,232,0
1349078,1,0,0.605053,1.04068,0.536848,0.295502,1,0,,0,0,0,0,0,0,0,0,103808,104555,0,232,0
1349178,1,0,0.423537,0.917249,0.574889,0.335489,1,0,,0,0,0,0,0,0,0,0,103808,104555,0,232,0
1349278,1,0,0.296476,0.793094,0.596709,0.321062,1,0,,0,0,0,0,0,0,0,0,103808,104555,0,232,0
1349378,1,0,0.207533,0.675982,0.604636,0.288637,1,0,,0,0,0,0,0,0,0,0,103808,104555,0,232,0
1349478,1,0,0.145273,0.56984,0.601157,0.301337,1,0,,0,0,0,0,0,0,0,0,103808,104555,0,232,0
1349578,1,0,0.101691,0.47621,0.588662,0.293188,1,0,,0,0,0,0,0,0,0,0,103808,104555,0,232,0
1349678,1,0,0.0711838,0.395205,0.569316,0.274514,1,0,,0,0,0,0,0,0,0,0,103808,104555,0,232,0
1349778,1,0,0.0498287,0.32613,0.544998,0.278887,1,0,,0,0,0,0,0,0,0,0,103808,104555,0,232,0
1349878,1,0,0.0348801,0.26788,0.517286,0.299438,1,0,,0,0,0,0,0,0,0,0,103808,104555,0,232,0
1349978,1,0,0.024416,0.219187,0.487476,0.291801,1,0,,0,0,0,0,0,0,0,0,103808,104555,0,232,0
1350078,1,0,0.0170912,0.178768,0.456605,0.312237,1,0,,0,0,0,0,0,0,0,0,103808,104555,0,232,0
1350178,1,0,0.0119639,0.145407,0.425485,0.268635,1,0,,0,0,0,0,0,0,0,0,103808,104555,0,232,0
1350278,1,0,0.0083747,0.118001,0.394737,0.293983,1,0,,0,0,0,0,0,0,0,0,103808,104555,0,232,0
1350378,1,0,0.00586229,0.095573,0.36482,0.27457,1,0,,0,0,0,0,0,0,0,0,103808,104555,0,232,0
1350478,1,0,0.0041036,0.0772791,0.336066,0.276147,1,0,,0,0,0,0,0,0,0,0,103808,104555,0,232,0
1350578,1,0,0.00287252,0.0623978,0.308699,0.301309,1,0,,0,0,0,0,0,0,0,0,103808,104555,0,232,0
1350678,1,0,0.00201077,0.0503204,0.282862,0.301307,1,0,,0,0,0,0,0,0,0,0,103808,104555,0,232,0
1350778,1,0,0.00140754,0.0405378,0.258629,0.258622,1,0,,0,0,0,0,0,0,0,0,103808,104555,0,232,0
1350878,1,0,0.000985275,0.0326273,0.236029,0.284983,1,0,,0,0,0,0,0,0,0,0,103808,104555,0,232,0
1350978,1,0,0.000689693,0.0262398,0.21505,0.289395,1,0,,0,0,0,0,0,0,0,0,103808,104555,0,232,0
1351078,1,0,0.000482785,0.0210884,0.195654,0.301846,1,0,,0,0,0,0,0,0,0,0,103808,104555,0,232,0
1351178,1,0,0.000337949,0.0169383,0.177782,0.312921,1,0,,0,0,0,0,0,0,0,0,103808,104555,0,232,0
1351278,1,0,0.000236565,0.013598,0.161364,0.277983,1,0,,0,0,0,0,0,0,0,0,103808,104555,0,232,0
1351378,1,0,0.000165595,0.0109115,0.146319,0.283696,1,0,,0,0,0,0,0,0,0,0,103808,104555,0,232,0
1351478,1,0,0.000115917,0.00875237,0.132562,0.268258,1,0,,0,0,0,0,0,0,0,0,103808,104555,0,232,0
1351578,1,0,8.11416e-005,0.00701812,0.120008,0.265008,1,0,,0,0,0,0,0,0,0,0,103808,104555,0,232,0
1351678,1,0,5.67992e-005,0.00562586,0.108569,0.269757,1,0,,0,0,0,0,0,0,0,0,103808,104555,0,232,0
1351778,1,0,3.97594e-005,0.00450864,0.0981633,0.324507,1,0,,0,0,0,0,0,0,0,0,103808,104555,0,232,0
1351878,1,0,2.78316e-005,0.00361248,0.0887083,0.298245,1,0,,0,0,0,0,0,0,0,0,103808,104555,0,232,0
1351978,1,0,1.94821e-005,0.00289388,0.0801268,0.279799,1,0,,0,0,0,0,0,0,0,0,103808,104555,0,232,0
1352078,1,0,1.36375e-005,0.00231783,0.0723459,0.28751,1,0,,0,0,0,0,0,0,0,0,103808,104555,0,232,0
1352178,1,0,9.54623e-006,0.00185617,0.0652969,0.309361,1,0,,0,0,0,0,0,0,0,0,103808,104555,0,232,0
1352278,1,0,6.68236e-006,0.00148628,0.0589159,0.26031,1,0,,0,0,0,0,0,0,0,0,103808,104555,0,232,0
1352378,1,0,4.67765e-006,0.00118996,0.0531433,0.287884,1,0,,0,0,0,0,0,0,0,0,103808,104555,0,232,0
1352478,1,0,3.27436e-006,0.00095262,0.0479242,0.313559,1,0,,0,0,0,0,0,0,0,0,103808,104555,0,232,0
1352578,1,12,3.6,0.720763,0.115208,0.274488,1,0,,0,0,0,0,0,0,0,0,103808,104555,0,232,0
1352678,1,0,2.52,1.08061,0.211748,0.267827,1,0,,0,0,0,0,0,0,0,0,103808,104555,0,232,0
1352778,1,0,1.764,1.21729,0.312302,0.264326,1,0,,0,0,0,0,0,0,0,0,103808,104555,0,232,0
1352878,1,0,1.2348,1.22079,0.403151,0.301651,1,0,,0,0,0,0,0,0,0,0,103808,104555,0,232,0
1352978,1,0,0.864361,1.14951,0.477787,0.260639,1,0,,0,0,0,0,0,0,0,0,103808,104555,0,232,0
1353078,1,0,0.605052,1.04061,0.534069,0.275126,1,0,,0,0,0,0,0,0,0,0,103808,104555,0,232,0
1353178,1,0,0.423537,0.917199,0.572382,0.258937,1,0,,0,0,0,0,0,0,0,0,103808,104555,0,232,0
1353278,1,0,0.296476,0.793054,0.594449,0.278813,1,0,,0,0,0,0,0,0,0,0,103808,104555,0,232,0
1353378,1,0,0.207533,0.67595,0.6026,0.300414,1,0,,0,0,0,0,0,0,0,0,103808,104555,0,232,0
1353478,1,0,0.145273,0.569815,0.599321,0.282963,1,0,,0,0,0,0,0,0,0,0,103808,104555,0,232,0
1353578,1,0,0.101691,0.47619,0.587008,0.2708,1,0,,0,0,0,0,0,0,0,0,103808,104555,0,232,0
1353678,1,0,0.0711838,0.395189,0.567826,0.286188,1,0,,0,0,0,0,0,0,0,0,103808,104555,0,232,0
1353778,1,0,0.0498287,0.326117,0.543655,0.306962,1,0,,0,0,0,0,0,0,0,0,103808,104555,0,232,0
1353878,1,0,0.0348801,0.267869,0.516076,0.281625,1,0,,0,0,0,0,0,0,0,0,103808,104555,0,232,0
1353978,1,0,0.024416,0.219179,0.486387,0.292187,1,0,,0,0,0,0,0,0,0,0,103808,104555,0,232,0
1354078,1,0,0.0170912,0.178761,0.455624,0.279564,1,0,,0,0,0,0,0,0,0,0,103808,104555,0,232,0
1354178,1,0,0.0119639,0.145402,0.424602,0.307677,1,0,,0,0,0,0,0,0,0,0,103808,104555,0,232,0
1354278,1,0,0.0083747,0.117996,0.393941,0.307964,1,0,,0,0,0,0,0,0,0,0,103808,104555,0,232,0
1354378,1,0,0.00586229,0.0955695,0.364104,0.270061,1,0,,0,0,0,0,0,0,0,0,103808,104555,0,232,0
1354478,1,0,0.0041036,0.0772764,0.335421,0.288774,1,0,,0,0,0,0,0,0,0,0,103808,104555,0,232,0
1354578,1,0,0.00287252,0.0623956,0.308119,0.309423,1,0,,0,0,0,0,0,0,0,0,103808,104555,0,232,0
1354678,1,0,0.00201077,0.0503186,0.282339,0.288098,1,0,,0,0,0,0,0,0,0,0,103808,104555,0,232,0
1354778,1,0,0.00140754,0.0405364,0.258158,0.262189,1,0,,0,0,0,0,0,0,0,0,103808,104555,0,232,0
1354878,1,0,0.000985275,0.0326262,0.235605,0.265101,1,0,,0,0,0,0,0,0,0,0,103808,104555,0,232,0
1354978,1,0,0.000689693,0.0262389,0.214669,0.274531,1,0,,0,0,0,0,0,0,0,0,103808,104555,0,232,0
1355078,1,0,0.000482785,0.0210877,0.195311,0.271029,1,0,,0,0,0,0,0,0,0,0,103808,104555,0,232,0
1355178,1,0,0.000337949,0.0169377,0.177473,0.300155,1,0,,0,0,0,0,0,0,0,0,103808,104555,0,232,0
1355278,1,0,0.000236565,0.0135975,0.161086,0.298478,1,0,,0,0,0,0,0,0,0,0,103808,104555,0,232,0
1355378,1,0,0.000165595,0.0109111,0.146068,0.27968,1,0,,0,0,0,0,0,0,0,0,103808,104555,0,232,0
1355478,1,0,0.000115917,0.00875207,0.132337,0.292203,1,0,,0,0,0,0,0,0,0,0,103808,104555,0,232,0
1355578,1,0,8.11416e-005,0.00701789,0.119805,0.267451,1,0,,0,0,0,0,0,0,0,0,103808,104555,0,232,0
1355678,1,0,5.67992e-005,0.00562567,0.108387,0.279562,1,0,,0,0,0,0,0,0,0,0,103808,104555,0,232,0
1355778,1,0,3.97594e-005,0.00450849,0.0979989,0.31829,1,0,,0,0,0,0,0,0,0,0,103808,104555,0,232,0
1355878,1,0,2.78316e-005,0.00361236,0.0885603,0.299452,1,0,,0,0,0,0,0,0,0,0,103808,104555,0,232,0
1355978,1,0,1.94821e-005,0.00289378,0.0799936,0.265163,1,0,,0,0,0,0,0,0,0,0,103808,104555,0,232,0
1356078,1,0,1.36375e-005,0.00231775,0.072226,0.290275,1,0,,0,0,0,0,0,0,0,0,103808,104555,0,232,0
1356178,1,0,9.54623e-006,0.00185611,0.065189,0.300787,1,0,,0,0,0,0,0,0,0,0,103808,104555,0,232,0
1356278,1,0,6.68236e-006,0.00148623,0.0588188,0.25576,1,0,,0,0,0,0,0,0,0,0,103808,104555,0,232,0
1356378,1,0,4.67765e-006,0.00118992,0.0530559,0.27911,1,0,,0,0,0,0,0,0,0,0,103808,104555,0,232,0
1356478,1,13,3.9,0.780953,0.125846,0.285112,1,0,,0,0,0,0,0,0,0,0,103808,104555,0,232,0
1356578,1,0,2.73,1.17076,0.230337,0.278198,1,0,,0,0,0,0,0,0,0,0,103808,104555,0,232,0
1356678,1,0,1.911,1.31881,0.339185,0.260473,1,0,,0,0,0,0,0,0,0,0,103808,104555,0,232,0
1356778,1,0,1.3377,1.32259,0.437525,0.27012,1,0,,0,0,0,0,0,0,0,0,103808,104555,0,232,0
1356878,1,0,0.936391,1.24535,0.518307,0.320319,1,0,,0,0,0,0,0,0,0,0,103808,104555,0,232,0
1356978,1,0,0.655474,1.12737,0.579214,0.285643,1,0,,0,0,0,0,0,0,0,0,103808,104555,0,232,0
1357078,1,0,0.458832,0.993665,0.620659,0.266168,1,0,,0,0,0,0,0,0,0,0,103808,104555,0,232,0
1357178,1,0,0.321182,0.859169,0.64451,0.301406,1,0,,0,0,0,0,0,0,0,0,103808,104555,0,232,0
1357278,1,0,0.224827,0.732301,0.653289,0.273656,1,0,,0,0,0,0,0,0,0,0,103808,104555,0,232,0
1357378,1,0,0.157379,0.617316,0.649692,0.289833,1,0,,0,0,0,0,0,0,0,0,103808,104555,0,232,0
1357478,1,0,0.110165,0.515886,0.636311,0.260145,1,0,,0,0,0,0,0,0,0,0,103808,104555,0,232,0
1357578,1,0,0.0771158,0.428132,0.615493,0.274834,1,0,,0,0,0,0,0,0,0,0,103808,104555,0,232,0
1357678,1,0,0.0539811,0.353302,0.589274,0.290171,1,0,,0,0,0,0,0,0,0,0,103808,104555,0,232,0
1357778,1,0,0.0377867,0.290199,0.559367,0.301784,1,0,,0,0,0,0,0,0,0,0,103808,104555,0,232,0
1357878,1,0,0.0264507,0.237449,0.527175,0.303221,1,0,,0,0,0,0,0,0,0,0,103808,104555,0,232,0
1357978,1,0,0.0185155,0.193662,0.493824,0.30091,1,0,,0,0,0,0,0,0,0,0,103808,104555,0,232,0
1358078,1,0,0.0129609,0.157522,0.460193,0.267072,1,0,,0,0,0,0,0,0,0,0,103808,104555,0,232,0
1358178,1,0,0.0090726,0.127832,0.426957,0.278698,1,0,,0,0,0,0,0,0,0,0,103808,104555,0,232,0
1358278,1,0,0.00635082,0.103536,0.394615,0.282298,1,0,,0,0,0,0,0,0,0,0,103808,104555,0,232,0
1358378,1,0,0.00444557,0.0837179,0.363525,0.293487,1,0,,0,0,0,0,0,0,0,0,103808,104555,0,232,0
1358478,1,0,0.0031119,0.0675967,0.333933,0.299173,1,0,,0,0,0,0,0,0,0,0,103808,104555,0,232,0
1358578,1,0,0.00217833,0.054513,0.305991,0.330189,1,0,,0,0,0,0,0,0,0,0,103808,104555,0,232,0
1358678,1,0,0.00152483,0.0439154,0.279783,0.305612,1,0,,0,0,0,0,0,0,0,0,103808,104555,0,232,0
1358778,1,0,0.00106738,0.0353458,0.255339,0.264012,1,0,,0,0,0,0,0,0,0,0,103808,104555,0,232,0
1358878,1,0,0.000747167,0.0284261,0.232648,0.282884,1,0,,0,0,0,0,0,0,0,0,103808,104555,0,232,0
1358978,1,0,0.000523017,0.0228454,0.211668,0.282395,1,0,,0,0,0,0,0,0,0,0,103808,104555,0,232,0
1359078,1,0,0.000366112,0.0183496,0.192336,0.266584,1,0,,0,0,0,0,0,0,0,0,103808,104555,0,232,0
1359178,1,0,0.000256278,0.0147309,0.174575,0.258335,1,0,,0,0,0,0,0,0,0,0,103808,104555,0,232,0
1359278,1,0,0.000179395,0.0118206,0.1583,0.2736,1,0,,0,0,0,0,0,0,0,0,103808,104555,0,232,0
1359378,1,0,0.000125576,0.00948161,0.143418,0.283063,1,0,,0,0,0,0,0,0,0,0,103808,104555,0,232,0
1359478,1,0,8.79035e-005,0.00760287,0.129837,0.277439,1,0,,0,0,0,0,0,0,0,0,103808,104555,0,232,0
1359578,1,0,6.15324e-005,0.0060946,0.117462,0.267851,1,0,,0,0,0,0,0,0,0,0,103808,104555,0,232,0
1359678,1,0,4.30727e-005,0.0048843,0.106205,0.261038,1,0,,0,0,0,0,0,0,0,0,103808,104555,0,232,0
1359778,1,0,3.01509e-005,0.00391347,0.0959755,0.277038,1,0,,0,0,0,0,0,0,0,0,103808,104555,0,232,0
1359878,1,0,2.11056e-005,0.00313499,0.0866914,0.272462,1,0,,0,0,0,0,0,0,0,0,103808,104555,0,232,0
1359978,1,0,1.47739e-005,0.00251095,0.0782733,0.28546,1,0,,0,0,0,0,0,0,0,0,103808,104555,0,232,0
1360078,1,0,1.03418e-005,0.00201083,0.0706471,0.278271,1,0,,0,0,0,0,0,0,0,0,103808,104555,0,232,0
1360178,1,0,7.23923e-006,0.00161011,0.0637434,0.277381,1,0,,0,0,0,0,0,0,0,0,103808,104555,0,232,0
1360278,1,0,5.06746e-006,0.0012891,0.057498,0.288569,1,0,,0,0,0,0,0,0,0,0,103808,104555,0,232,0
1360378,1,0,3.54722e-006,0.00103199,0.0518514,0.270784,1,0,,0,0,0,0,0,0,0,0,103808,104555,0,232,0
1360478,1,11,3.3,0.660826,0.112749,0.256868,1,0,,0,0,0,0,0,0,0,0,103808,104555,0,232,0
1360578,1,0,2.31,0.990661,0.20054,0.304056,1,0,,0,0,0,0,0,0,0,0,103808,104555,0,232,0
1360678,1,0,1.617,1.11593,0.292079,0.292818,1,0,,0,0,0,0,0,0,0,0,103808,104555,0,232,0
1360778,1,0,1.1319,1.11912,0.374783,0.267481,1,0,,0,0,0,0,0,0,0,0,103808,104555,0,232,0
1360878,1,0,0.792331,1.05377,0.442682,0.276807,1,0,,0,0,0,0,0,0,0,0,103808,104555,0,232,0
1360978,1,0,0.554631,0.953938,0.493807,0.305521,1,0,,0,0,0,0,0,0,0,0,103808,104555,0,232,0
1361078,1,0,0.388242,0.840799,0.528506,0.266971,1,0,,0,0,0,0,0,0,0,0,103808,104555,0,232,0
1361178,1,0,0.271769,0.726993,0.548355,0.359821,1,0,,0,0,0,0,0,0,0,0,103808,104555,0,232,0
1361278,1,0,0.190239,0.619642,0.555484,0.33416,1,0,,0,0,0,0,0,0,0,0,103808,104555,0,232,0
1361378,1,0,0.133167,0.522347,0.55217,0.301109,1,0,,0,0,0,0,0,0,0,0,103808,104555,0,232,0
1361478,1,0,0.0932169,0.436521,0.540605,0.280371,1,0,,0,0,0,0,0,0,0,0,103808,104555,0,232,0
1361578,1,0,0.0652518,0.362267,0.522771,0.339608,1,0,,0,0,0,0,0,0,0,0,103808,104555,0,232,0
1361678,1,0,0.0456763,0.298949,0.500389,0.334372,1,0,,0,0,0,0,0,0,0,0,103808,104555,0,232,0
1361778,1,0,0.0319734,0.245554,0.474906,0.307074,1,0,,0,0,0,0,0,0,0,0,103808,104555,0,232,0
1361878,1,0,0.0223814,0.200919,0.447507,0.278949,1,0,,0,0,0,0,0,0,0,0,103808,104555,0,232,0
1361978,1,0,0.015667,0.163869,0.419143,0.278224,1,0,,0,0,0,0,0,0,0,0,103808,104555,0,232,0
1362078,1,0,0.0109669,0.133289,0.390558,0.282587,1,0,,0,0,0,0,0,0,0,0,103808,104555,0,232,0
1362178,1,0,0.00767681,0.108166,0.362319,0.259708,1,0,,0,0,0,0,0,0,0,0,103808,104555,0,232,0
1362278,1,0,0.00537377,0.0876077,0.334847,0.361421,1,0,,0,0,0,0,0,0,0,0,103808,104555,0,232,0
1362378,1,0,0.00376164,0.0708385,0.308447,0.297284,1,0,,0,0,0,0,0,0,0,0,103808,104555,0,232,0
1362478,1,0,0.00263315,0.0571974,0.283322,0.271472,1,0,,0,0,0,0,0,0,0,0,103808,104555,0,232,0
1362578,1,0,0.0018432,0.0461266,0.259602,0.292174,1,0,,0,0,0,0,0,0,0,0,103808,104555,0,232,0
1362678,1,0,0.00129024,0.0371593,0.237358,0.299537,1,0,,0,0,0,0,0,0,0,0,103808,104555,0,232,0
1362778,1,0,0.000903169,0.0299081,0.216613,0.34395,1,0,,0,0,0,0,0,0,0,0,103808,104555,0,232,0
1362878,1,0,0.000632218,0.0240529,0.197357,0.324813,1,0,,0,0,0,0,0,0,0,0,103808,104555,0,232,0
1362978,1,0,0.000442553,0.0193308,0.179554,0.29094,1,0,,0,0,0,0,0,0,0,0,103808,104555,0,232,0
1363078,1,0,0.000309787,0.0155266,0.163151,0.291404,1,0,,0,0,0,0,0,0,0,0,103808,104555,0,232,0
1363178,1,0,0.000216851,0.0124647,0.148083,0.274715,1,0,,0,0,0,0,0,0,0,0,103808,104555,0,232,0
1363278,1,0,0.000151796,0.0100021,0.134275,0.296289,1,0,,0,0,0,0,0,0,0,0,103808,104555,0,232,0
1363378,1,0,0.000106257,0.00802293,0.12165,0.303876,1,0,,0,0,0,0,0,0,0,0,103808,104555,0,232,0
1363478,1,0,7.43799e-005,0.00643322,0.110128,0.30085,1,0,,0,0,0,0,0,0,0,0,103808,104555,0,232,0
1363578,1,0,5.20659e-005,0.00515699,0.0996308,0.290089,1,0,,0,0,0,0,0,0,0,0,103808,104555,0,232,0
1363678,1,0,3.64461e-005,0.00413288,0.090081,0.295789,1,0,,0,0,0,0,0,0,0,0,103808,104555,0,232,0
1363778,1,0,2.55123e-005,0.00331141,0.0814041,0.275027,1,0,,0,0,0,0,0,0,0,0,103808,104555,0,232,0
1363878,1,0,1.78586e-005,0.0026527,0.0735289,0.269528,1,0,,0,0,0,0,0,0,0,0,103808,104555,0,232,0
1363978,1,0,1.2501e-005,0.00212466,0.0663885,0.299955,1,0,,0,0,0,0,0,0,0,0,103808,104555,0,232,0
1364078,1,0,8.75072e-006,0.00170148,0.0599198,0.281145,1,0,,0,0,0,0,0,0,0,0,103808,104555,0,232,0
1364178,1,0,6.1255e-006,0.00136241,0.0540641,0.271157,1,0,,0,0,0,0,0,0,0,0,103808,104555,0,232,0
1364278,1,0,4.28785e-006,0.00109078,0.0487667,0.306919,1,0,,0,0,0,0,0,0,0,0,103808,104555,0,232,0
1364378,1,12,3.6,0.720873,0.115977,0.265564,1,0,,0,0,0,0,0,0,0,0,103808,104555,0,232,0
1364478,1,0,2.52,1.0807,0.21245,0.28898,1,0,,0,0,0,0,0,0,0,0,103808,104555,0,232,0
1364578,1,0,1.764,1.21736,0.312941,0.259506,1,0,,0,0,0,0,0,0,0,0,103808,104555,0,232,0
1364678,1,0,1.2348,1.22085,0.403731,0.278331,1,0,,0,0,0,0,0,0,0,0,103808,104555,0,232,0
1364778,1,0,0.864361,1.14955,0.478313,0.29953,1,0,,0,0,0,0,0,0,0,0,103808,104555,0,232,0
1364878,1,0,0.605053,1.04065,0.534547,0.306918,1,0,,0,0,0,0,0,0,0,0,103808,104555,0,232,0
1364978,1,0,0.423537,0.917228,0.572815,0.283956,1,0,,0,0,0,0,0,0,0,0,103808,104555,0,232,0
1365078,1,0,0.296476,0.793078,0.594841,0.331954,1,0,,0,0,0,0,0,0,0,0,103808,104555,0,232,0
1365178,1,0,0.207533,0.675969,0.602954,0.28438,1,0,,0,0,0,0,0,0,0,0,103808,104555,0,232,0
1365278,1,0,0.145273,0.56983,0.599642,0.268367,1,0,,0,0,0,0,0,0,0,0,103808,104555,0,232,0
1365378,1,0,0.101691,0.476202,0.587297,0.284618,1,0,,0,0,0,0,0,0,0,0,103808,104555,0,232,0
1365478,1,0,0.0711838,0.395198,0.568088,0.261619,1,0,,0,0,0,0,0,0,0,0,103808,104555,0,232,0
1365578,1,0,0.0498287,0.326124,0.543891,0.319044,1,0,,0,0,0,0,0,0,0,0,103808,104555,0,232,0
1365678,1,0,0.0348801,0.267876,0.51629,0.281956,1,0,,0,0,0,0,0,0,0,0,103808,104555,0,232,0
1365778,1,0,0.024416,0.219184,0.486579,0.289653,1,0,,0,0,0,0,0,0,0,0,103808,104555,0,232,0
1365878,1,0,0.0170912,0.178765,0.455798,0.27349,1,0,,0,0,0,0,0,0,0,0,103808,104555,0,232,0
1365978,1,0,0.0119639,0.145405,0.424758,0.285564,1,0,,0,0,0,0,0,0,0,0,103808,104555,0,232,0
1366078,1,0,0.0083747,0.117999,0.394082,0.269714,1,0,,0,0,0,0,0,0,0,0,103808,104555,0,232,0
1366178,1,0,0.00586229,0.0955716,0.364231,0.268202,1,0,,0,0,0,0,0,0,0,0,103808,104555,0,232,0
1366278,1,0,0.0041036,0.077278,0.335536,0.269265,1,0,,0,0,0,0,0,0,0,0,103808,104555,0,232,0
1366378,1,0,0.00287252,0.0623969,0.308222,0.275416,1,0,,0,0,0,0,0,0,0,0,103808,104555,0,232,0
1366478,1,0,0.00201077,0.0503197,0.282432,0.284679,1,0,,0,0,0,0,0,0,0,0,103808,104555,0,232,0
1366578,1,0,0.00140754,0.0405372,0.258242,0.276231,1,0,,0,0,0,0,0,0,0,0,103808,104555,0,232,0
1366678,1,0,0.000985275,0.0326268,0.235681,0.277392,1,0,,0,0,0,0,0,0,0,0,103808,104555,0,232,0
1366778,1,0,0.000689693,0.0262394,0.214737,0.285207,1,0,,0,0,0,0,0,0,0,0,103808,104555,0,232,0
1366878,1,0,0.000482785,0.0210881,0.195372,0.277309,1,0,,0,0,0,0,0,0,0,0,103808,104555,0,232,0
1366978,1,0,0.000337949,0.0169381,0.177528,0.317149,1,0,,0,0,0,0,0,0,0,0,103808,104555,0,232,0
1367078,1,0,0.000236565,0.0135978,0.161135,0.314474,1,0,,0,0,0,0,0,0,0,0,103808,104555,0,232,0
1367178,1,0,0.000165595,0.0109113,0.146113,0.289511,1,0,,0,0,0,0,0,0,0,0,103808,104555,0,232,0
1367278,1,0,0.000115917,0.00875225,0.132377,0.273712,1,0,,0,0,0,0,0,0,0,0,103808,104555,0,232,0
1367378,1,0,8.11416e-005,0.00701802,0.119841,0.280138,1,0,,0,0,0,0,0,0,0,0,103808,104555,0,232,0
1367478,1,0,5.67992e-005,0.00562578,0.108419,0.282139,1,0,,0,0,0,0,0,0,0,0,103808,104555,0,232,0
1367578,1,0,3.97594e-005,0.00450858,0.0980284,0.260628,1,0,,0,0,0,0,0,0,0,0,103808,104555,0,232,0
1367678,1,0,2.78316e-005,0.00361243,0.0885868,0.294665,1,0,,0,0,0,0,0,0,0,0,103808,104555,0,232,0
1367778,1,0,1.94821e-005,0.00289384,0.0800175,0.283178,1,0,,0,0,0,0,0,0,0,0,103808,104555,0,232,0
1367878,1,0,1.36375e-005,0.0023178,0.0722475,0.276514,1,0,,0,0,0,0,0,0,0,0,103808,104555,0,232,0
1367978,1,0,9.54623e-006,0.00185615,0.0652084,0.265503,1,0,,0,0,0,0,0,0,0,0,103808,104555,0,232,0
1368078,1,0,6.68236e-006,0.00148625,0.0588361,0.280392,1,0,,0,0,0,0,0,0,0,0,103808,104555,0,232,0
1368178,1,0,4.67765e-006,0.00118994,0.0530715,0.286119,1,0,,0,0,0,0,0,0,0,0,103808,104555,0,232,0
1368278,1,0,3.27436e-006,0.000952606,0.0478596,0.276095,1,0,,0,0,0,0,0,0,0,0,103808,104555,0,232,0
1368378,1,12,3.6,0.720763,0.11515,0.303438,1,0,,0,0,0,0,0,0,0,0,103808,104555,0,232,0
1368478,1,0,2.52,1.08061,0.211696,0.351811,1,0,,0,0,0,0,0,0,0,0,103808,104555,0,232,0
1368578,1,0,1.764,1.21729,0.312255,0.264298,1,0,,0,0,0,0,0,0,0,0,103808,104555,0,232,0
1368678,1,0,1.2348,1.22079,0.403109,0.293747,1,0,,0,0,0,0,0,0,0,0,103808,104555,0,232,0
1368778,1,0,0.864361,1.14951,0.477748,0.269458,1,0,,0,0,0,0,0,0,0,0,103808,104555,0,232,0
1368878,1,0,0.605052,1.04061,0.534035,0.269585,1,0,,0,0,0,0,0,0,0,0,103808,104555,0,232,0
1368978,1,0,0.423537,0.917199,0.572351,0.317422,1,0,,0,0,0,0,0,0,0,0,103808,104555,0,232,0
1369078,1,0,0.296476,0.793054,0.594422,0.332785,1,0,,0,0,0,0,0,0,0,0,103808,104555,0,232,0
1369178,1,0,0.207533,0.67595,0.602574,0.351098,1,0,,0,0,0,0,0,0,0,0,103808,104555,0,232,0
1369278,1,0,0.145273,0.569815,0.599298,0.254212,1,0,,0,0,0,0,0,0,0,0,103808,104555,0,232,0
1369378,1,0,0.101691,0.47619,0.586988,0.288789,1,0,,0,0,0,0,0,0,0,0,103808,104555,0,232,0
1369478,1,0,0.0711838,0.395189,0.567808,0.276601,1,0,,0,0,0,0,0,0,0,0,103808,104555,0,232,0
1369578,1,0,0.0498287,0.326117,0.543639,0.284039,1,0,,0,0,0,0,0,0,0,0,103808,104555,0,232,0
1369678,1,0,0.0348801,0.267869,0.516062,0.268138,1,0,,0,0,0,0,0,0,0,0,103808,104555,0,232,0
1369778,1,0,0.024416,0.219179,0.486373,0.265074,1,0,,0,0,0,0,0,0,0,0,103808,104555,0,232,0
1369878,1,0,0.0170912,0.178761,0.455612,0.274012,1,0,,0,0,0,0,0,0,0,0,103808,104555,0,232,0
1369978,1,0,0.0119639,0.145402,0.424591,0.320829,1,0,,0,0,0,0,0,0,0,0,103808,104555,0,232,0
1370078,1,0,0.0083747,0.117996,0.393932,0.266893,1,0,,0,0,0,0,0,0,0,0,103808,104555,0,232,0
1370178,1,0,0.00586229,0.0955695,0.364095,0.275005,1,0,,0,0,0,0,0,0,0,0,103808,104555,0,232,0
1370278,1,0,0.0041036,0.0772764,0.335413,0.293429,1,0,,0,0,0,0,0,0,0,0,103808,104555,0,232,0
1370378,1,0,0.00287252,0.0623956,0.308112,0.295566,1,0,,0,0,0,0,0,0,0,0,103808,104555,0,232,0
1370478,1,0,0.00201077,0.0503186,0.282332,0.263041,1,0,,0,0,0,0,0,0,0,0,103808,104555,0,232,0
1370578,1,0,0.00140754,0.0405364,0.258153,0.291353,1,0,,0,0,0,0,0,0,0,0,103808,104555,0,232,0
1370678,1,0,0.000985275,0.0326262,0.2356,0.28669,1,0,,0,0,0,0,0,0,0,0,103808,104555,0,232,0
1370778,1,0,0.000689693,0.0262389,0.214664,0.270404,1,0,,0,0,0,0,0,0,0,0,103808,104555,0,232,0
1370878,1,0,0.000482785,0.0210877,0.195306,0.279641,1,0,,0,0,0,0,0,0,0,0,103808,104555,0,232,0
1370978,1,0,0.000337949,0.0169377,0.177469,0.297004,1,0,,0,0,0,0,0,0,0,0,103808,104555,0,232,0
1371078,1,0,0.000236565,0.0135975,0.161082,0.293929,1,0,,0,0,0,0,0,0,0,0,103808,104555,0,232,0
1371178,1,0,0.000165595,0.0109111,0.146065,0.295681,1,0,,0,0,0,0,0,0,0,0,103808,104555,0,232,0
1371278,1,0,0.000115917,0.00875207,0.132334,0.270791,1,0,,0,0,0,0,0,0,0,0,103808,104555,0,232,0
1371378,1,0,8.11416e-005,0.00701789,0.119802,0.292554,1,0,,0,0,0,0,0,0,0,0,103808,104555,0,232,0
1371478,1,0,5.67992e-005,0.00562567,0.108385,0.333227,1,0,,0,0,0,0,0,0,0,0,103808,104555,0,232,0
1371578,1,0,3.97594e-005,0.00450849,0.097997,0.264366,1,0,,0,0,0,0,0,0,0,0,103808,104555,0,232,0
1371678,1,0,2.78316e-005,0.00361236,0.0885585,0.296941,1,0,,0,0,0,0,0,0,0,0,103808,104555,0,232,0
1371778,1,0,1.94821e-005,0.00289378,0.079992,0.303176,1,0,,0,0,0,0,0,0,0,0,103808,104555,0,232,0
1371878,1,0,1.36375e-005,0.00231775,0.0722246,0.293236,1,0,,0,0,0,0,0,0,0,0,103808,104555,0,232,0
1371978,1,0,9.54623e-006,0.00185611,0.0651877,0.284373,1,0,,0,0,0,0,0,0,0,0,103808,104555,0,232,0
1372078,1,0,6.68236e-006,0.00148623,0.0588176,0.301863,1,0,,0,0,0,0,0,0,0,0,103808,104555,0,232,0
1372178,1,0,4.67765e-006,0.00118992,0.0530548,0.286576,1,0,,0,0,0,0,0,0,0,0,103808,104555,0,232,0
1372278,1,0,3.27436e-006,0.000952588,0.0478446,0.311386,1,0,,0,0,0,0,0,0,0,0,103808,104555,0,232,0
1372378,1,13,3.9,0.780763,0.121136,0.29052,1,0,,0,0,0,0,0,0,0,0,103808,104555,0,232,0
1372478,1,0,2.73,1.17061,0.226084,0.246509,1,0,,0,0,0,0,0,0,0,0,103808,104555,0,232,0
1372578,1,0,1.911,1.31869,0.335344,0.269321,1,0,,0,0,0,0,0,0,0,0,103808,104555,0,232,0
1372678,1,0,1.3377,1.32249,0.434059,0.261883,1,0,,0,0,0,0,0,0,0,0,103808,104555,0,232,0
1372778,1,0,0.936391,1.24527,0.51518,0.286984,1,0,,0,0,0,0,0,0,0,0,103808,104555,0,232,0
1372878,1,0,0.655473,1.12731,0.576393,0.287183,1,0,,0,0,0,0,0,0,0,0,103808,104555,0,232,0
1372978,1,0,0.458831,0.993616,0.618115,0.252806,1,0,,0,0,0,0,0,0,0,0,103808,104555,0,232,0
1373078,1,0,0.321182,0.859129,0.642217,0.267532,1,0,,0,0,0,0,0,0,0,0,103808,104555,0,232,0
1373178,1,0,0.224827,0.732269,0.651222,0.262695,1,0,,0,0,0,0,0,0,0,0,103808,104555,0,232,0
1373278,1,0,0.157379,0.617291,0.647829,0.30497,1,0,,0,0,0,0,0,0,0,0,103808,104555,0,232,0
1373378,1,0,0.110165,0.515866,0.634633,0.260045,1,0,,0,0,0,0,0,0,0,0,103808,104555,0,232,0
1373478,1,0,0.0771158,0.428116,0.613981,0.300345,1,0,,0,0,0,0,0,0,0,0,103808,104555,0,232,0
1373578,1,0,0.053981,0.353289,0.587912,0.293846,1,0,,0,0,0,0,0,0,0,0,103808,104555,0,232,0
1373678,1,0,0.0377867,0.290188,0.558139,0.248258,1,0,,0,0,0,0,0,0,0,0,103808,104555,0,232,0
1373778,1,0,0.0264507,0.237441,0.526069,0.261533,1,0,,0,0,0,0,0,0,0,0,103808,104555,0,232,0
1373878,1,0,0.0185155,0.193656,0.492828,0.301194,1,0,,0,0,0,0,0,0,0,0,103808,104555,0,232,0
1373978,1,0,0.0129608,0.157517,0.459297,0.27617,1,0,,0,0,0,0,0,0,0,0,103808,104555,0,232,0
1374078,1,0,0.00907259,0.127828,0.42615,0.293369,1,0,,0,0,0,0,0,0,0,0,103808,104555,0,232,0
1374178,1,0,0.00635082,0.103533,0.393888,0.311495,1,0,,0,0,0,0,0,0,0,0,103808,104555,0,232,0
1374278,1,0,0.00444557,0.0837151,0.362871,0.27613,1,0,,0,0,0,0,0,0,0,0,103808,104555,0,232,0
1374378,1,0,0.0031119,0.0675945,0.333343,0.285745,1,0,,0,0,0,0,0,0,0,0,103808,104555,0,232,0
1374478,1,0,0.00217833,0.0545113,0.30546,0.288443,1,0,,0,0,0,0,0,0,0,0,103808,104555,0,232,0
1374578,1,0,0.00152483,0.043914,0.279305,0.278404,1,0,,0,0,0,0,0,0,0,0,103808,104555,0,232,0
1374678,1,0,0.00106738,0.0353447,0.254909,0.255481,1,0,,0,0,0,0,0,0,0,0,103808,104555,0,232,0
1374778,1,0,0.000747167,0.0284252,0.232261,0.305436,1,0,,0,0,0,0,0,0,0,0,103808,104555,0,232,0
1374878,1,0,0.000523017,0.0228447,0.211319,0.265112,1,0,,0,0,0,0,0,0,0,0,103808,104555,0,232,0
1374978,1,0,0.000366112,0.018349,0.192022,0.255875,1,0,,0,0,0,0,0,0,0,0,103808,104555,0,232,0
1375078,1,0,0.000256278,0.0147305,0.174293,0.249863,1,0,,0,0,0,0,0,0,0,0,103808,104555,0,232,0
1375178,1,0,0.000179395,0.0118203,0.158046,0.283876,1,0,,0,0,0,0,0,0,0,0,103808,104555,0,232,0
1375278,1,0,0.000125576,0.00948132,0.143189,0.27164,1,0,,0,0,0,0,0,0,0,0,103808,104555,0,232,0
1375378,1,0,8.79034e-005,0.00760263,0.129631,0.288689,1,0,,0,0,0,0,0,0,0,0,103808,104555,0,232,0
1375478,1,0,6.15324e-005,0.00609441,0.117277,0.300514,1,0,,0,0,0,0,0,0,0,0,103808,104555,0,232,0
1375578,1,0,4.30727e-005,0.00488415,0.106038,0.276877,1,0,,0,0,0,0,0,0,0,0,103808,104555,0,232,0
1375678,1,0,3.01509e-005,0.00391335,0.0958253,0.273077,1,0,,0,0,0,0,0,0,0,0,103808,104555,0,232,0
1375778,1,0,2.11056e-005,0.0031349,0.0865562,0.268901,1,0,,0,0,0,0,0,0,0,0,103808,104555,0,232,0
1375878,1,0,1.47739e-005,0.00251087,0.0781517,0.258413,1,0,,0,0,0,0,0,0,0,0,103808,104555,0,232,0
1375978,1,0,1.03417e-005,0.00201077,0.0705376,0.293638,1,0,,0,0,0,0,0,0,0,0,103808,104555,0,232,0
1376078,1,0,7.23922e-006,0.00161006,0.0636448,0.266614,1,0,,0,0,0,0,0,0,0,0,103808,104555,0,232,0
1376178,1,0,5.06746e-006,0.00128906,0.0574093,0.2625,1,0,,0,0,0,0,0,0,0,0,103808,104555,0,232,0
1376278,1,12,3.6,0.721032,0.123772,0.273549,1,0,,0,0,0,0,0,0,0,0,103808,104555,0,232,0
1376378,1,0,2.52,1.08083,0.219477,0.317074,1,0,,0,0,0,0,0,0,0,0,103808,104555,0,232,0
1376478,1,0,1.764,1.21746,0.319275,0.2894,1,0,,0,0,0,0,0,0,0,0,103808,104555,0,232,0
1376578,1,0,1.2348,1.22093,0.409441,0.317311,1,0,,0,0,0,0,0,0,0,0,103808,104555,0,232,0
1376678,1,0,0.864361,1.14962,0.483458,0.266924,1,0,,0,0,0,0,0,0,0,0,103808,104555,0,232,0
1376778,1,0,0.605053,1.0407,0.539183,0.312897,1,0,,0,0,0,0,0,0,0,0,103808,104555,0,232,0
1376878,1,0,0.423537,0.91727,0.576991,0.272035,1,0,,0,0,0,0,0,0,0,0,103808,104555,0,232,0
1376978,1,0,0.296476,0.793111,0.598603,0.284636,1,0,,0,0,0,0,0,0,0,0,103808,104555,0,232,0
1377078,1,0,0.207533,0.675995,0.606343,0.293922,1,0,,0,0,0,0,0,0,0,0,103808,104555,0,232,0
1377178,1,0,0.145273,0.569851,0.602693,0.286727,1,0,,0,0,0,0,0,0,0,0,103808,104555,0,232,0
1377278,1,0,0.101691,0.476219,0.590046,0.278801,1,0,,0,0,0,0,0,0,0,0,103808,104555,0,232,0
1377378,1,0,0.0711838,0.395212,0.570563,0.300041,1,0,,0,0,0,0,0,0,0,0,103808,104555,0,232,0
1377478,1,0,0.0498287,0.326135,0.54612,0.282703,1,0,,0,0,0,0,0,0,0,0,103808,104555,0,232,0
1377578,1,0,0.0348801,0.267884,0.518296,0.289453,1,0,,0,0,0,0,0,0,0,0,103808,104555,0,232,0
1377678,1,0,0.024416,0.219191,0.488386,0.271305,1,0,,0,0,0,0,0,0,0,0,103808,104555,0,232,0
1377778,1,0,0.0170912,0.178771,0.457424,0.253432,1,0,,0,0,0,0,0,0,0,0,103808,104555,0,232,0
1377878,1,0,0.0119639,0.145409,0.426223,0.306059,1,0,,0,0,0,0,0,0,0,0,103808,104555,0,232,0
1377978,1,0,0.0083747,0.118002,0.395401,0.313046,1,0,,0,0,0,0,0,0,0,0,103808,104555,0,232,0
1378078,1,0,0.00586229,0.0955744,0.365418,0.300675,1,0,,0,0,0,0,0,0,0,0,103808,104555,0,232,0
1378178,1,0,0.00410361,0.0772803,0.336604,0.307849,1,0,,0,0,0,0,0,0,0,0,103808,104555,0,232,0
1378278,1,0,0.00287252,0.0623987,0.309184,0.280049,1,0,,0,0,0,0,0,0,0,0,103808,104555,0,232,0
1378378,1,0,0.00201077,0.0503211,0.283297,0.296689,1,0,,0,0,0,0,0,0,0,0,103808,104555,0,232,0
1378478,1,0,0.00140754,0.0405384,0.259021,0.278788,1,0,,0,0,0,0,0,0,0,0,103808,104555,0,232,0
1378578,1,0,0.000985275,0.0326278,0.236382,0.321152,1,0,,0,0,0,0,0,0,0,0,103808,104555,0,232,0
1378678,1,0,0.000689693,0.0262402,0.215368,0.294691,1,0,,0,0,0,0,0,0,0,0,103808,104555,0,232,0
1378778,1,0,0.000482785,0.0210887,0.19594,0.263079,1,0,,0,0,0,0,0,0,0,0,103808,104555,0,232,0
1378878,1,0,0.000337949,0.0169385,0.17804,0.298568,1,0,,0,0,0,0,0,0,0,0,103808,104555,0,232,0
1378978,1,0,0.000236565,0.0135981,0.161596,0.324508,1,0,,0,0,0,0,0,0,0,0,103808,104555,0,232,0
1379078,1,0,0.000165595,0.0109116,0.146527,0.303508,1,0,,0,0,0,0,0,0,0,0,103808,104555,0,232,0
1379178,1,0,0.000115917,0.00875249,0.13275,0.303521,1,0,,0,0,0,0,0,0,0,0,103808,104555,0,232,0
1379278,1,0,8.11417e-005,0.00701822,0.120177,0.322419,1,0,,0,0,0,0,0,0,0,0,103808,104555,0,232,0
1379378,1,0,5.67992e-005,0.00562594,0.108722,0.317281,1,0,,0,0,0,0,0,0,0,0,103808,104555,0,232,0
1379478,1,0,3.97594e-005,0.0045087,0.0983003,0.283019,1,0,,0,0,0,0,0,0,0,0,103808,104555,0,232,0
1379578,1,0,2.78316e-005,0.00361253,0.0888315,0.288957,1,0,,0,0,0,0,0,0,0,0,103808,104555,0,232,0
1379678,1,0,1.94821e-005,0.00289392,0.0802377,0.289281,1,0,,0,0,0,0,0,0,0,0,103808,104555,0,232,0
1379778,1,0,1.36375e-005,0.00231786,0.0724458,0.328531,1,0,,0,0,0,0,0,0,0,0,103808,104555,0,232,0
1379878,1,0,9.54623e-006,0.0018562,0.0653868,0.303744,1,0,,0,0,0,0,0,0,0,0,103808,104555,0,232,0
1379978,1,0,6.68236e-006,0.0014863,0.0589967,0.267647,1,0,,0,0,0,0,0,0,0,0,103808,104555,0,232,0
1380078,1,0,4.67765e-006,0.00118997,0.0532161,0.286459,1,0,,0,0,0,0,0,0,0,0,103808,104555,0,232,0
1380178,1,0,3.27436e-006,0.000952633,0.0479897,0.287637,1,0,,0,0,0,0,0,0,0,0,103808,104555,0,232,0
1380278,1,12,3.6,0.720763,0.115267,0.277969,1,0,,0,0,0,0,0,0,0,0,103808,104555,0,232,0
1380378,1,0,2.52,1.08061,0.211801,0.282144,1,0,,0,0,0,0,0,0,0,0,103808,104555,0,232,0
1380478,1,0,1.764,1.21729,0.31235,0.374745,1,0,,0,0,0,0,0,0,0,0,103808,104555,0,232,0
1380578,1,0,1.2348,1.22079,0.403194,0.265571,1,0,,0,0,0,0,0,0,0,0,103808,104555,0,232,0
1380678,1,0,0.864361,1.14951,0.477825,0.301194,1,0,,0,0,0,0,0,0,0,0,103808,104555,0,232,0
1380778,1,0,0.605052,1.04061,0.534104,0.273575,1,0,,0,0,0,0,0,0,0,0,103808,104555,0,232,0
1380878,1,0,0.423537,0.917199,0.572414,0.266714,1,0,,0,0,0,0,0,0,0,0,103808,104555,0,232,0
1380978,1,0,0.296476,0.793054,0.594478,0.263714,1,0,,0,0,0,0,0,0,0,0,103808,104555,0,232,0
1381078,1,0,0.207533,0.67595,0.602625,0.276851,1,0,,0,0,0,0,0,0,0,0,103808,104555,0,232,0
1381178,1,0,0.145273,0.569815,0.599344,0.279413,1,0,,0,0,0,0,0,0,0,0,103808,104555,0,232,0
1381278,1,0,0.101691,0.47619,0.587028,0.290689,1,0,,0,0,0,0,0,0,0,0,103808,104555,0,232,0
1381378,1,0,0.0711838,0.395189,0.567844,0.284952,1,0,,0,0,0,0,0,0,0,0,103808,104555,0,232,0
1381478,1,0,0.0498287,0.326117,0.543672,0.291565,1,0,,0,0,0,0,0,0,0,0,103808,104555,0,232,0
1381578,1,0,0.0348801,0.267869,0.516091,0.311603,1,0,,0,0,0,0,0,0,0,0,103808,104555,0,232,0
1381678,1,0,0.024416,0.219179,0.4864,0.290541,1,0,,0,0,0,0,0,0,0,0,103808,104555,0,232,0
1381778,1,0,0.0170912,0.178761,0.455636,0.25149,1,0,,0,0,0,0,0,0,0,0,103808,104555,0,232,0
1381878,1,0,0.0119639,0.145402,0.424613,0.295102,1,0,,0,0,0,0,0,0,0,0,103808,104555,0,232,0
1381978,1,0,0.0083747,0.117996,0.393951,0.270532,1,0,,0,0,0,0,0,0,0,0,103808,104555,0,232,0
1382078,1,0,0.00586229,0.0955695,0.364113,0.305284,1,0,,0,0,0,0,0,0,0,0,103808,104555,0,232,0
1382178,1,0,0.0041036,0.0772764,0.335429,0.282457,1,0,,0,0,0,0,0,0,0,0,103808,104555,0,232,0
1382278,1,0,0.00287252,0.0623956,0.308126,0.293709,1,0,,0,0,0,0,0,0,0,0,103808,104555,0,232,0
1382378,1,0,0.00201077,0.0503186,0.282345,0.263798,1,0,,0,0,0,0,0,0,0,0,103808,104555,0,232,0
1382478,1,0,0.00140754,0.0405364,0.258164,0.269334,1,0,,0,0,0,0,0,0,0,0,103808,104555,0,232,0
1382578,1,0,0.000985275,0.0326262,0.23561,0.261851,1,0,,0,0,0,0,0,0,0,0,103808,104555,0,232,0
1382678,1,0,0.000689693,0.0262389,0.214673,0.275026,1,0,,0,0,0,0,0,0,0,0,103808,104555,0,232,0
1382778,1,0,0.000482785,0.0210877,0.195315,0.271799,1,0,,0,0,0,0,0,0,0,0,103808,104555,0,232,0
1382878,1,0,0.000337949,0.0169377,0.177477,0.286563,1,0,,0,0,0,0,0,0,0,0,103808,104555,0,232,0
1382978,1,0,0.000236565,0.0135975,0.161089,0.260049,1,0,,0,0,0,0,0,0,0,0,103808,104555,0,232,0
1383078,1,0,0.000165595,0.0109111,0.146071,0.275948,1,0,,0,0,0,0,0,0,0,0,103808,104555,0,232,0
1383178,1,0,0.000115917,0.00875207,0.132339,0.303449,1,0,,0,0,0,0,0,0,0,0,103808,104555,0,232,0
1383278,1,0,8.11416e-005,0.00701789,0.119807,0.348849,1,0,,0,0,0,0,0,0,0,0,103808,104555,0,232,0
1383378,1,0,5.67992e-005,0.00562567,0.108389,0.314897,1,0,,0,0,0,0,0,0,0,0,103808,104555,0,232,0
1383478,1,0,3.97594e-005,0.00450849,0.098001,0.294996,1,0,,0,0,0,0,0,0,0,0,103808,104555,0,232,0
1383578,1,0,2.78316e-005,0.00361236,0.0885621,0.260808,1,0,,0,0,0,0,0,0,0,0,103808,104555,0,232,0
1383678,1,0,1.94821e-005,0.00289378,0.0799953,0.251681,1,0,,0,0,0,0,0,0,0,0,103808,104555,0,232,0
1383778,1,0,1.36375e-005,0.00231775,0.0722275,0.308178,1,0,,0,0,0,0,0,0,0,0,103808,104555,0,232,0
1383878,1,0,9.54623e-006,0.00185611,0.0651904,0.282541,1,0,,0,0,0,0,0,0,0,0,103808,104555,0,232,0
1383978,1,0,6.68236e-006,0.00148623,0.05882,0.261403,1,0,,0,0,0,0,0,0,0,0,103808,104555,0,232,0
1384078,1,0,4.67765e-006,0.00118992,0.053057,0.292227,1,0,,0,0,0,0,0,0,0,0,103808,104555,0,232,0
1384178,1,13,3.9,0.780953,0.125847,0.308421,1,0,,0,0,0,0,0,0,0,0,103808,104555,0,232,0
1384278,1,0,2.73,1.17076,0.230338,0.284811,1,0,,0,0,0,0,0,0,0,0,103808,104555,0,232,0
1384378,1,0,1.911,1.31881,0.339185,0.285168,1,0,,0,0,0,0,0,0,0,0,103808,104555,0,232,0
1384478,1,0,1.3377,1.32259,0.437526,0.263168,1,0,,0,0,0,0,0,0,0,0,103808,104555,0,232,0
1384578,1,0,0.936391,1.24535,0.518308,0.290631,1,0,,0,0,0,0,0,0,0,0,103808,104555,0,232,0
1384678,1,0,0.655474,1.12737,0.579215,0.278983,1,0,,0,0,0,0,0,0,0,0,103808,104555,0,232,0
1384778,1,0,0.458832,0.993665,0.62066,0.275083,1,0,,0,0,0,0,0,0,0,0,103808,104555,0,232,0
1384878,1,0,0.321182,0.859169,0.644511,0.329459,1,0,,0,0,0,0,0,0,0,0,103808,104555,0,232,0
1384978,1,0,0.224827,0.732301,0.65329,0.286011,1,0,,0,0,0,0,0,0,0,0,103808,104555,0,232,0
1385078,1,0,0.157379,0.617316,0.649692,0.279448,1,0,,0,0,0,0,0,0,0,0,103808,104555,0,232,0
1385178,1,0,0.110165,0.515886,0.636312,0.309787,1,0,,0,0,0,0,0,0,0,0,103808,104555,0,232,0
1385278,1,0,0.0771158,0.428132,0.615494,0.2701,1,0,,0,0,0,0,0,0,0,0,103808,104555,0,232,0
1385378,1,0,0.0539811,0.353302,0.589274,0.293174,1,0,,0,0,0,0,0,0,0,0,103808,104555,0,232,0
1385478,1,0,0.0377867,0.290199,0.559367,0.313538,1,0,,0,0,0,0,0,0,0,0,103808,104555,0,232,0
1385578,1,0,0.0264507,0.237449,0.527175,0.292247,1,0,,0,0,0,0,0,0,0,0,103808,104555,0,232,0
1385678,1,0,0.0185155,0.193662,0.493824,0.299098,1,0,,0,0,0,0,0,0,0,0,103808,104555,0,232,0
1385778,1,0,0.0129609,0.157522,0.460194,0.290874,1,0,,0,0,0,0,0,0,0,0,103808,104555,0,232,0
1385878,1,0,0.0090726,0.127832,0.426957,0.288062,1,0,,0,0,0,0,0,0,0,0,103808,104555,0,232,0
1385978,1,0,0.00635082,0.103536,0.394615,0.306762,1,0,,0,0,0,0,0,0,0,0,103808,104555,0,232,0
1386078,1,0,0.00444557,0.0837179,0.363526,0.311412,1,0,,0,0,0,0,0,0,0,0,103808,104555,0,232,0
1386178,1,0,0.0031119,0.0675967,0.333933,0.285877,1,0,,0,0,0,0,0,0,0,0,103808,104555,0,232,0
1386278,1,0,0.00217833,0.054513,0.305991,0.286089,1,0,,0,0,0,0,0,0,0,0,103808,104555,0,232,0
1386378,1,0,0.00152483,0.0439154,0.279783,0.297665,1,0,,0,0,0,0,0,0,0,0,103808,104555,0,232,0
1386478,1,0,0.00106738,0.0353458,0.255339,0.295065,1,0,,0,0,0,0,0,0,0,0,103808,104555,0,232,0
1386578,1,0,0.000747167,0.0284261,0.232648,0.282427,1,0,,0,0,0,0,0,0,0,0,103808,104555,0,232,0
1386678,1,0,0.000523017,0.0228454,0.211668,0.315291,1,0,,0,0,0,0,0,0,0,0,103808,104555,0,232,0
1386778,1,0,0.000366112,0.0183496,0.192336,0.288529,1,0,,0,0,0,0,0,0,0,0,103808,104555,0,232,0
1386878,1,0,0.000256278,0.0147309,0.174575,0.282241,1,0,,0,0,0,0,0,0,0,0,103808,104555,0,232,0
1386978,1,0,0.000179395,0.0118206,0.1583,0.289966,1,0,,0,0,0,0,0,0,0,0,103808,104555,0,232,0
1387078,1,0,0.000125576,0.00948161,0.143418,0.305667,1,0,,0,0,0,0,0,0,0,0,103808,104555,0,232,0
1387178,1,0,8.79035e-005,0.00760287,0.129837,0.283716,1,0,,0,0,0,0,0,0,0,0,103808,104555,0,232,0
1387278,1,0,6.15324e-005,0.0060946,0.117462,0.314392,1,0,,0,0,0,0,0,0,0,0,103808,104555,0,232,0
1387378,1,0,4.30727e-005,0.0048843,0.106205,0.290457,1,0,,0,0,0,0,0,0,0,0,103808,104555,0,232,0
1387478,1,0,3.01509e-005,0.00391347,0.0959755,0.284194,1,0,,0,0,0,0,0,0,0,0,103808,104555,0,232,0
1387578,1,0,2.11056e-005,0.00313499,0.0866914,0.256096,1,0,,0,0,0,0,0,0,0,0,103808,104555,0,232,0
1387678,1,0,1.47739e-005,0.00251095,0.0782734,0.323381,1,0,,0,0,0,0,0,0,0,0,103808,104555,0,232,0
1387778,1,0,1.03418e-005,0.00201083,0.0706471,0.299055,1,0,,0,0,0,0,0,0,0,0,103808,104555,0,232,0
1387878,1,0,7.23923e-006,0.00161011,0.0637434,0.280994,1,0,,0,0,0,0,0,0,0,0,103808,104555,0,232,0
1387978,1,0,5.06746e-006,0.0012891,0.057498,0.274385,1,0,,0,0,0,0,0,0,0,0,103808,104555,0,232,0
1388078,1,0,3.54722e-006,0.00103199,0.0518514,0.315463,1,0,,0,0,0,0,0,0,0,0,103808,104555,0,232,0
1388178,1,13,3.9,0.780826,0.124749,0.276599,1,0,,0,0,0,0,0,0,0,0,103808,104555,0,232,0
1388278,1,0,2.73,1.17066,0.22934,0.269612,1,0,,0,0,0,0,0,0,0,0,103808,104555,0,232,0
1388378,1,0,1.911,1.31873,0.338279,0.270224,1,0,,0,0,0,0,0,0,0,0,103808,104555,0,232,0
1388478,1,0,1.3377,1.32252,0.436703,0.288425,1,0,,0,0,0,0,0,0,0,0,103808,104555,0,232,0
1388578,1,0,0.936391,1.2453,0.517563,0.270637,1,0,,0,0,0,0,0,0,0,0,103808,104555,0,232,0
1388678,1,0,0.655473,1.12733,0.57854,0.298261,1,0,,0,0,0,0,0,0,0,0,103808,104555,0,232,0
1388778,1,0,0.458831,0.993632,0.620049,0.271198,1,0,,0,0,0,0,0,0,0,0,103808,104555,0,232,0
1388878,1,0,0.321182,0.859142,0.643958,0.275175,1,0,,0,0,0,0,0,0,0,0,103808,104555,0,232,0
1388978,1,0,0.224827,0.732279,0.65279,0.266825,1,0,,0,0,0,0,0,0,0,0,103808,104555,0,232,0
1389078,1,0,0.157379,0.617299,0.649241,0.295921,1,0,,0,0,0,0,0,0,0,0,103808,104555,0,232,0
1389178,1,0,0.110165,0.515872,0.635904,0.283619,1,0,,0,0,0,0,0,0,0,0,103808,104555,0,232,0
1389278,1,0,0.0771158,0.428121,0.615126,0.303493,1,0,,0,0,0,0,0,0,0,0,103808,104555,0,232,0
1389378,1,0,0.053981,0.353293,0.588943,0.287619,1,0,,0,0,0,0,0,0,0,0,103808,104555,0,232,0
1389478,1,0,0.0377867,0.290192,0.559067,0.279432,1,0,,0,0,0,0,0,0,0,0,103808,104555,0,232,0
1389578,1,0,0.0264507,0.237444,0.526905,0.291606,1,0,,0,0,0,0,0,0,0,0,103808,104555,0,232,0
1389678,1,0,0.0185155,0.193658,0.49358,0.265469,1,0,,0,0,0,0,0,0,0,0,103808,104555,0,232,0
1389778,1,0,0.0129608,0.157519,0.459974,0.278807,1,0,,0,0,0,0,0,0,0,0,103808,104555,0,232,0
1389878,1,0,0.00907259,0.127829,0.42676,0.301571,1,0,,0,0,0,0,0,0,0,0,103808,104555,0,232,0
1389978,1,0,0.00635082,0.103534,0.394437,0.305062,1,0,,0,0,0,0,0,0,0,0,103808,104555,0,232,0
1390078,1,0,0.00444557,0.083716,0.363365,0.280037,1,0,,0,0,0,0,0,0,0,0,103808,104555,0,232,0
1390178,1,0,0.0031119,0.0675952,0.333788,0.327812,1,0,,0,0,0,0,0,0,0,0,103808,104555,0,232,0
1390278,1,0,0.00217833,0.0545118,0.30586,0.281388,1,0,,0,0,0,0,0,0,0,0,103808,104555,0,232,0
1390378,1,0,0.00152483,0.0439144,0.279666,0.289739,1,0,,0,0,0,0,0,0,0,0,103808,104555,0,232,0
1390478,1,0,0.00106738,0.035345,0.255234,0.299877,1,0,,0,0,0,0,0,0,0,0,103808,104555,0,232,0
1390578,1,0,0.000747167,0.0284255,0.232553,0.287678,1,0,,0,0,0,0,0,0,0,0,103808,104555,0,232,0
1390678,1,0,0.000523017,0.022845,0.211582,0.333167,1,0,,0,0,0,0,0,0,0,0,103808,104555,0,232,0
1390778,1,0,0.000366112,0.0183492,0.192259,0.286429,1,0,,0,0,0,0,0,0,0,0,103808,104555,0,232,0
1390878,1,0,0.000256278,0.0147306,0.174506,0.27258,1,0,,0,0,0,0,0,0,0,0,103808,104555,0,232,0
1390978,1,0,0.000179395,0.0118204,0.158237,0.272208,1,0,,0,0,0,0,0,0,0,0,103808,104555,0,232,0
1391078,1,0,0.000125576,0.00948141,0.143362,0.281556,1,0,,0,0,0,0,0,0,0,0,103808,104555,0,232,0
1391178,1,0,8.79034e-005,0.00760271,0.129786,0.290806,1,0,,0,0,0,0,0,0,0,0,103808,104555,0,232,0
1391278,1,0,6.15324e-005,0.00609447,0.117417,0.269533,1,0,,0,0,0,0,0,0,0,0,103808,104555,0,232,0
1391378,1,0,4.30727e-005,0.00488419,0.106163,0.311307,1,0,,0,0,0,0,0,0,0,0,103808,104555,0,232,0
1391478,1,0,3.01509e-005,0.00391339,0.0959384,0.264931,1,0,,0,0,0,0,0,0,0,0,103808,104555,0,232,0
1391578,1,0,2.11056e-005,0.00313493,0.0866581,0.269323,1,0,,0,0,0,0,0,0,0,0,103808,104555,0,232,0
1391678,1,0,1.47739e-005,0.0025109,0.0782434,0.298862,1,0,,0,0,0,0,0,0,0,0,103808,104555,0,232,0
1391778,1,0,1.03417e-005,0.00201079,0.0706201,0.286823,1,0,,0,0,0,0,0,0,0,0,103808,104555,0,232,0
1391878,1,0,7.23922e-006,0.00161008,0.0637191,0.272724,1,0,,0,0,0,0,0,0,0,0,103808,104555,0,232,0
1391978,1,0,5.06746e-006,0.00128908,0.0574761,0.320399,1,0,,0,0,0,0,0,0,0,0,103808,104555,0,232,0
1392078,1,12,3.6,0.721032,0.123832,0.265109,1,0,,0,0,0,0,0,0,0,0,103808,104555,0,232,0
1392178,1,0,2.52,1.08083,0.219531,0.270744,1,0,,0,0,0,0,0,0,0,0,103808,104555,0,232,0
1392278,1,0,1.764,1.21746,0.319324,0.269355,1,0,,0,0,0,0,0,0,0,0,103808,104555,0,232,0
1392378,1,0,1.2348,1.22093,0.409485,0.28309,1,0,,0,0,0,0,0,0,0,0,103808,104555,0,232,0
1392478,1,0,0.864361,1.14962,0.483498,0.270765,1,0,,0,0,0,0,0,0,0,0,103808,104555,0,232,0
1392578,1,0,0.605053,1.0407,0.539218,0.309589,1,0,,0,0,0,0,0,0,0,0,103808,104555,0,232,0
1392678,1,0,0.423537,0.91727,0.577023,0.298753,1,0,,0,0,0,0,0,0,0,0,103808,104555,0,232,0
1392778,1,0,0.296476,0.793111,0.598632,0.263401,1,0,,0,0,0,0,0,0,0,0,103808,104555,0,232,0
1392878,1,0,0.207533,0.675995,0.606368,0.281063,1,0,,0,0,0,0,0,0,0,0,103808,104555,0,232,0
1392978,1,0,0.145273,0.569851,0.602717,0.277077,1,0,,0,0,0,0,0,0,0,0,103808,104555,0,232,0
1393078,1,0,0.101691,0.476219,0.590067,0.284927,1,0,,0,0,0,0,0,0,0,0,103808,104555,0,232,0
1393178,1,0,0.0711838,0.395212,0.570581,0.293415,1,0,,0,0,0,0,0,0,0,0,103808,104555,0,232,0
1393278,1,0,0.0498287,0.326135,0.546137,0.293403,1,0,,0,0,0,0,0,0,0,0,103808,104555,0,232,0
1393378,1,0,0.0348801,0.267884,0.518312,0.285011,1,0,,0,0,0,0,0,0,0,0,103808,104555,0,232,0
1393478,1,0,0.024416,0.219191,0.488399,0.27941,1,0,,0,0,0,0,0,0,0,0,103808,104555,0,232,0
1393578,1,0,0.0170912,0.178771,0.457437,0.30671,1,0,,0,0,0,0,0,0,0,0,103808,104555,0,232,0
1393678,1,0,0.0119639,0.145409,0.426234,0.326622,1,0,,0,0,0,0,0,0,0,0,103808,104555,0,232,0
1393778,1,0,0.0083747,0.118002,0.395411,0.288147,1,0,,0,0,0,0,0,0,0,0,103808,104555,0,232,0
1393878,1,0,0.00586229,0.0955744,0.365427,0.290684,1,0,,0,0,0,0,0,0,0,0,103808,104555,0,232,0
1393978,1,0,0.00410361,0.0772803,0.336612,0.290284,1,0,,0,0,0,0,0,0,0,0,103808,104555,0,232,0
1394078,1,0,0.00287252,0.0623987,0.309191,0.262609,1,0,,0,0,0,0,0,0,0,0,103808,104555,0,232,0
1394178,1,0,0.00201077,0.0503211,0.283304,0.290808,1,0,,0,0,0,0,0,0,0,0,103808,104555,0,232,0
1394278,1,0,0.00140754,0.0405384,0.259027,0.265745,1,0,,0,0,0,0,0,0,0,0,103808,104555,0,232,0
1394378,1,0,0.000985275,0.0326278,0.236387,0.299646,1,0,,0,0,0,0,0,0,0,0,103808,104555,0,232,0
1394478,1,0,0.000689693,0.0262402,0.215373,0.292434,1,0,,0,0,0,0,0,0,0,0,103808,104555,0,232,0
1394578,1,0,0.000482785,0.0210887,0.195944,0.286184,1,0,,0,0,0,0,0,0,0,0,103808,104555,0,232,0
1394678,1,0,0.000337949,0.0169385,0.178044,0.289973,1,0,,0,0,0,0,0,0,0,0,103808,104555,0,232,0
1394778,1,0,0.000236565,0.0135981,0.161599,0.260099,1,0,,0,0,0,0,0,0,0,0,103808,104555,0,232,0
1394878,1,0,0.000165595,0.0109116,0.14653,0.297336,1,0,,0,0,0,0,0,0,0,0,103808,104555,0,232,0
1394978,1,0,0.000115917,0.00875249,0.132753,0.293722,1,0,,0,0,0,0,0,0,0,0,103808,104555,0,232,0
1395078,1,0,8.11417e-005,0.00701822,0.120179,0.263746,1,0,,0,0,0,0,0,0,0,0,103808,104555,0,232,0
1395178,1,0,5.67992e-005,0.00562594,0.108724,0.266889,1,0,,0,0,0,0,0,0,0,0,103808,104555,0,232,0
1395278,1,0,3.97594e-005,0.0045087,0.0983023,0.270453,1,0,,0,0,0,0,0,0,0,0,103808,104555,0,232,0
1395378,1,0,2.78316e-005,0.00361253,0.0888334,0.273914,1,0,,0,0,0,0,0,0,0,0,103808,104555,0,232,0
1395478,1,0,1.94821e-005,0.00289392,0.0802394,0.285213,1,0,,0,0,0,0,0,0,0,0,103808,104555,0,232,0
1395578,1,0,1.36375e-005,0.00231786,0.0724473,0.295189,1,0,,0,0,0,0,0,0,0,0,103808,104555,0,232,0
1395678,1,0,9.54623e-006,0.0018562,0.0653882,0.288715,1,0,,0,0,0,0,0,0,0,0,103808,104555,0,232,0
1395778,1,0,6.68236e-006,0.0014863,0.058998,0.292089,1,0,,0,0,0,0,0,0,0,0,103808,104555,0,232,0
1395878,1,0,4.67765e-006,0.00118997,0.0532172,0.27289,1,0,,0,0,0,0,0,0,0,0,103808,104555,0,232,0
1395978,1,0,3.27436e-006,0.000952633,0.0479907,0.255489,1,0,,0,0,0,0,0,0,0,0,103808,104555,0,232,0
1396078,1,13,3.9,0.780763,0.121268,0.269118,1,0,,0,0,0,0,0,0,0,0,103808,104555,0,232,0
1396178,1,0,2.73,1.17061,0.226202,0.286155,1,0,,0,0,0,0,0,0,0,0,103808,104555,0,232,0
1396278,1,0,1.911,1.31869,0.335451,0.284842,1,0,,0,0,0,0,0,0,0,0,103808,104555,0,232,0
1396378,1,0,1.3377,1.32249,0.434155,0.269499,1,0,,0,0,0,0,0,0,0,0,103808,104555,0,232,0
1396478,1,0,0.936391,1.24527,0.515266,0.264574,1,0,,0,0,0,0,0,0,0,0,103808,104555,0,232,0
1396578,1,0,0.655473,1.12731,0.576471,0.28816,1,0,,0,0,0,0,0,0,0,0,103808,104555,0,232,0
1396678,1,0,0.458831,0.993616,0.618185,0.284261,1,0,,0,0,0,0,0,0,0,0,103808,104555,0,232,0
1396778,1,0,0.321182,0.859129,0.64228,0.269086,1,0,,0,0,0,0,0,0,0,0,103808,104555,0,232,0
1396878,1,0,0.224827,0.732269,0.651279,0.266747,1,0,,0,0,0,0,0,0,0,0,103808,104555,0,232,0
1396978,1,0,0.157379,0.617291,0.64788,0.280664,1,0,,0,0,0,0,0,0,0,0,103808,104555,0,232,0
1397078,1,0,0.110165,0.515866,0.634678,0.284553,1,0,,0,0,0,0,0,0,0,0,103808,104555,0,232,0
1397178,1,0,0.0771158,0.428116,0.614022,0.280167,1,0,,0,0,0,0,0,0,0,0,103808,104555,0,232,0
1397278,1,0,0.053981,0.353289,0.587949,0.268717,1,0,,0,0,0,0,0,0,0,0,103808,104555,0,232,0
1397378,1,0,0.0377867,0.290188,0.558173,0.288679,1,0,,0,0,0,0,0,0,0,0,103808,104555,0,232,0
1397478,1,0,0.0264507,0.237441,0.5261,0.291354,1,0,,0,0,0,0,0,0,0,0,103808,104555,0,232,0
1397578,1,0,0.0185155,0.193656,0.492855,0.323052,1,0,,0,0,0,0,0,0,0,0,103808,104555,0,232,0
1397678,1,0,0.0129608,0.157517,0.459321,0.314852,1,0,,0,0,0,0,0,0,0,0,103808,104555,0,232,0
1397778,1,0,0.00907259,0.127828,0.426172,0.253327,1,0,,0,0,0,0,0,0,0,0,103808,104555,0,232,0
1397878,1,0,0.00635082,0.103533,0.393908,0.272802,1,0,,0,0,0,0,0,0,0,0,103808,104555,0,232,0
1397978,1,0,0.00444557,0.0837151,0.362889,0.300326,1,0,,0,0,0,0,0,0,0,0,103808,104555,0,232,0
1398078,1,0,0.0031119,0.0675945,0.333359,0.271303,1,0,,0,0,0,0,0,0,0,0,103808,104555,0,232,0
1398178,1,0,0.00217833,0.0545113,0.305474,0.282102,1,0,,0,0,0,0,0,0,0,0,103808,104555,0,232,0
1398278,1,0,0.00152483,0.043914,0.279318,0.29204,1,0,,0,0,0,0,0,0,0,0,103808,104555,0,232,0
1398378,1,0,0.00106738,0.0353447,0.254921,0.286253,1,0,,0,0,0,0,0,0,0,0,103808,104555,0,232,0
1398478,1,0,0.000747167,0.0284252,0.232271,0.26823,1,0,,0,0,0,0,0,0,0,0,103808,104555,0,232,0
1398578,1,0,0.000523017,0.0228447,0.211329,0.330468,1,0,,0,0,0,0,0,0,0,0,103808,104555,0,232,0
1398678,1,0,0.000366112,0.018349,0.192031,0.269618,1,0,,0,0,0,0,0,0,0,0,103808,104555,0,232,0
1398778,1,0,0.000256278,0.0147305,0.174301,0.244448,1,0,,0,0,0,0,0,0,0,0,103808,104555,0,232,0
1398878,1,0,0.000179395,0.0118203,0.158053,0.286834,1,0,,0,0,0,0,0,0,0,0,103808,104555,0,232,0
1398978,1,0,0.000125576,0.00948132,0.143196,0.274123,1,0,,0,0,0,0,0,0,0,0,103808,104555,0,232,0
1399078,1,0,8.79034e-005,0.00760263,0.129636,0.281098,1,0,,0,0,0,0,0,0,0,0,103808,104555,0,232,0
1399178,1,0,6.15324e-005,0.00609441,0.117282,0.287809,1,0,,0,0,0,0,0,0,0,0,103808,104555,0,232,0
1399278,1,0,4.30727e-005,0.00488415,0.106042,0.28182,1,0,,0,0,0,0,0,0,0,0,103808,104555,0,232,0
1399378,1,0,3.01509e-005,0.00391335,0.0958294,0.283771,1,0,,0,0,0,0,0,0,0,0,103808,104555,0,232,0
1399478,1,0,2.11056e-005,0.0031349,0.0865599,0.275959,1,0,,0,0,0,0,0,0,0,0,103808,104555,0,232,0
1399578,1,0,1.47739e-005,0.00251087,0.078155,0.300834,1,0,,0,0,0,0,0,0,0,0,103808,104555,0,232,0
1399678,1,0,1.03417e-005,0.00201077,0.0705406,0.27916,1,0,,0,0,0,0,0,0,0,0,103808,104555,0,232,0
1399778,1,0,7.23922e-006,0.00161006,0.0636475,0.272435,1,0,,0,0,0,0,0,0,0,0,103808,104555,0,232,0
1399878,1,0,5.06746e-006,0.00128906,0.0574117,0.282411,1,0,,0,0,0,0,0,0,0,0,103808,104555,0,232,0
1399978,1,11,3.3,0.661032,0.117774,0.269757,1,0,,0,0,0,0,0,0,0,0,103808,104555,0,232,0
1400078,1,0,2.31,0.990826,0.205079,0.305507,1,0,,0,0,0,0,0,0,0,0,103808,104555,0,232,0
1400178,1,0,1.617,1.11606,0.296177,0.274606,1,0,,0,0,0,0,0,0,0,0,103808,104555,0,232,0
1400278,1,0,1.1319,1.11923,0.378482,0.298979,1,0,,0,0,0,0,0,0,0,0,103808,104555,0,232,0
1400378,1,0,0.792331,1.05385,0.446019,0.286304,1,0,,0,0,0,0,0,0,0,0,103808,104555,0,232,0
1400478,1,0,0.554632,0.954006,0.496818,0.273428,1,0,,0,0,0,0,0,0,0,0,103808,104555,0,232,0
1400578,1,0,0.388242,0.840853,0.531221,0.260018,1,0,,0,0,0,0,0,0,0,0,103808,104555,0,232,0
1400678,1,0,0.271769,0.727036,0.550803,0.278616,1,0,,0,0,0,0,0,0,0,0,103808,104555,0,232,0
1400778,1,0,0.190239,0.619677,0.55769,0.274614,1,0,,0,0,0,0,0,0,0,0,103808,104555,0,232,0
1400878,1,0,0.133167,0.522375,0.554159,0.266191,1,0,,0,0,0,0,0,0,0,0,103808,104555,0,232,0
1400978,1,0,0.0932169,0.436543,0.542397,0.297478,1,0,,0,0,0,0,0,0,0,0,103808,104555,0,232,0
1401078,1,0,0.0652518,0.362285,0.524386,0.299103,1,0,,0,0,0,0,0,0,0,0,103808,104555,0,232,0
1401178,1,0,0.0456763,0.298963,0.501844,0.293304,1,0,,0,0,0,0,0,0,0,0,103808,104555,0,232,0
1401278,1,0,0.0319734,0.245565,0.476216,0.297004,1,0,,0,0,0,0,0,0,0,0,103808,104555,0,232,0
1401378,1,0,0.0223814,0.200929,0.448687,0.271068,1,0,,0,0,0,0,0,0,0,0,103808,104555,0,232,0
1401478,1,0,0.015667,0.163876,0.420206,0.283007,1,0,,0,0,0,0,0,0,0,0,103808,104555,0,232,0
1401578,1,0,0.0109669,0.133294,0.391515,0.30482,1,0,,0,0,0,0,0,0,0,0,103808,104555,0,232,0
1401678,1,0,0.00767681,0.108171,0.36318,0.281372,1,0,,0,0,0,0,0,0,0,0,103808,104555,0,232,0
1401778,1,0,0.00537377,0.0876115,0.335624,0.317161,1,0,,0,0,0,0,0,0,0,0,103808,104555,0,232,0
1401878,1,0,0.00376164,0.0708415,0.309145,0.280461,1,0,,0,0,0,0,0,0,0,0,103808,104555,0,232,0
1401978,1,0,0.00263315,0.0571998,0.283951,0.28501,1,0,,0,0,0,0,0,0,0,0,103808,104555,0,232,0
1402078,1,0,0.0018432,0.0461285,0.260169,0.290487,1,0,,0,0,0,0,0,0,0,0,103808,104555,0,232,0
1402178,1,0,0.00129024,0.0371608,0.237868,0.286913,1,0,,0,0,0,0,0,0,0,0,103808,104555,0,232,0
1402278,1,0,0.000903169,0.0299093,0.217072,0.278763,1,0,,0,0,0,0,0,0,0,0,103808,104555,0,232,0
1402378,1,0,0.000632218,0.0240539,0.19777,0.274848,1,0,,0,0,0,0,0,0,0,0,103808,104555,0,232,0
1402478,1,0,0.000442553,0.0193316,0.179926,0.300785,1,0,,0,0,0,0,0,0,0,0,103808,104555,0,232,0
1402578,1,0,0.000309787,0.0155273,0.163486,0.267898,1,0,,0,0,0,0,0,0,0,0,103808,104555,0,232,0
1402678,1,0,0.000216851,0.0124652,0.148384,0.271035,1,0,,0,0,0,0,0,0,0,0,103808,104555,0,232,0
1402778,1,0,0.000151796,0.0100025,0.134546,0.284224,1,0,,0,0,0,0,0,0,0,0,103808,104555,0,232,0
1402878,1,0,0.000106257,0.00802325,0.121894,0.300702,1,0,,0,0,0,0,0,0,0,0,103808,104555,0,232,0
1402978,1,0,7.43799e-005,0.00643348,0.110348,0.311778,1,0,,0,0,0,0,0,0,0,0,103808,104555,0,232,0
1403078,1,0,5.20659e-005,0.0051572,0.0998287,0.293752,1,0,,0,0,0,0,0,0,0,0,103808,104555,0,232,0
1403178,1,0,3.64461e-005,0.00413305,0.0902591,0.306916,1,0,,0,0,0,0,0,0,0,0,103808,104555,0,232,0
1403278,1,0,2.55123e-005,0.00331154,0.0815644,0.292717,1,0,,0,0,0,0,0,0,0,0,103808,104555,0,232,0
1403378,1,0,1.78586e-005,0.0026528,0.0736732,0.293978,1,0,,0,0,0,0,0,0,0,0,103808,104555,0,232,0
1403478,1,0,1.2501e-005,0.00212474,0.0665184,0.294292,1,0,,0,0,0,0,0,0,0,0,103808,104555,0,232,0
1403578,1,0,8.75072e-006,0.00170154,0.0600367,0.282169,1,0,,0,0,0,0,0,0,0,0,103808,104555,0,232,0
1403678,1,0,6.1255e-006,0.00136246,0.0541692,0.276643,1,0,,0,0,0,0,0,0,0,0,103808,104555,0,232,0
1403778,1,0,4.28785e-006,0.00109083,0.0488614,0.283993,1,0,,0,0,0,0,0,0,0,0,103808,104555,0,232,0
1403878,1,0,3.0015e-006,0.000873261,0.0440626,0.259492,1,0,,0,0,0,0,0,0,0,0,103808,104555,0,232,0
1403978,1,13,3.9,0.780699,0.117726,0.272223,1,0,,0,0,0,0,0,0,0,0,103808,104555,0,232,0
1404078,1,0,2.73,1.17056,0.22301,0.276273,1,0,,0,0,0,0,0,0,0,0,103808,104555,0,232,0
1404178,1,0,1.911,1.31865,0.332573,0.288874,1,0,,0,0,0,0,0,0,0,0,103808,104555,0,232,0
1404278,1,0,1.3377,1.32246,0.431562,0.304323,1,0,,0,0,0,0,0,0,0,0,103808,104555,0,232,0
1404378,1,0,0.93639,1.24524,0.51293,0.283137,1,0,,0,0,0,0,0,0,0,0,103808,104555,0,232,0
1404478,1,0,0.655473,1.12729,0.574366,0.301635,1,0,,0,0,0,0,0,0,0,0,103808,104555,0,232,0
1404578,1,0,0.458831,0.993599,0.616289,0.272358,1,0,,0,0,0,0,0,0,0,0,103808,104555,0,232,0
1404678,1,0,0.321182,0.859115,0.640572,0.285373,1,0,,0,0,0,0,0,0,0,0,103808,104555,0,232,0
1404778,1,0,0.224827,0.732258,0.649741,0.279861,1,0,,0,0,0,0,0,0,0,0,103808,104555,0,232,0
1404878,1,0,0.157379,0.617282,0.646495,0.26741,1,0,,0,0,0,0,0,0,0,0,103808,104555,0,232,0
1404978,1,0,0.110165,0.515859,0.633431,0.275123,1,0,,0,0,0,0,0,0,0,0,103808,104555,0,232,0
1405078,1,0,0.0771158,0.42811,0.612899,0.296558,1,0,,0,0,0,0,0,0,0,0,103808,104555,0,232,0
1405178,1,0,0.053981,0.353284,0.586938,0.333331,1,0,,0,0,0,0,0,0,0,0,103808,104555,0,232,0
1405278,1,0,0.0377867,0.290185,0.557262,0.285281,1,0,,0,0,0,0,0,0,0,0,103808,104555,0,232,0
1405378,1,0,0.0264507,0.237438,0.52528,0.276343,1,0,,0,0,0,0,0,0,0,0,103808,104555,0,232,0
1405478,1,0,0.0185155,0.193653,0.492117,0.279642,1,0,,0,0,0,0,0,0,0,0,103808,104555,0,232,0
1405578,1,0,0.0129608,0.157515,0.458657,0.27593,1,0,,0,0,0,0,0,0,0,0,103808,104555,0,232,0
1405678,1,0,0.00907259,0.127826,0.425574,0.279817,1,0,,0,0,0,0,0,0,0,0,103808,104555,0,232,0
1405778,1,0,0.00635081,0.103531,0.39337,0.289742,1,0,,0,0,0,0,0,0,0,0,103808,104555,0,232,0
1405878,1,0,0.00444557,0.0837142,0.362404,0.296004,1,0,,0,0,0,0,0,0,0,0,103808,104555,0,232,0
1405978,1,0,0.0031119,0.0675937,0.332923,0.282212,1,0,,0,0,0,0,0,0,0,0,103808,104555,0,232,0
1406078,1,0,0.00217833,0.0545107,0.305082,0.303788,1,0,,0,0,0,0,0,0,0,0,103808,104555,0,232,0
1406178,1,0,0.00152483,0.0439135,0.278965,0.279188,1,0,,0,0,0,0,0,0,0,0,103808,104555,0,232,0
1406278,1,0,0.00106738,0.0353443,0.254603,0.306311,1,0,,0,0,0,0,0,0,0,0,103808,104555,0,232,0
1406378,1,0,0.000747167,0.0284249,0.231985,0.295149,1,0,,0,0,0,0,0,0,0,0,103808,104555,0,232,0
1406478,1,0,0.000523017,0.0228445,0.211071,0.277398,1,0,,0,0,0,0,0,0,0,0,103808,104555,0,232,0
1406578,1,0,0.000366112,0.0183488,0.191799,0.290524,1,0,,0,0,0,0,0,0,0,0,103808,104555,0,232,0
1406678,1,0,0.000256278,0.0147303,0.174092,0.305023,1,0,,0,0,0,0,0,0,0,0,103808,104555,0,232,0
1406778,1,0,0.000179395,0.0118201,0.157865,0.293585,1,0,,0,0,0,0,0,0,0,0,103808,104555,0,232,0
1406878,1,0,0.000125576,0.00948121,0.143026,0.313534,1,0,,0,0,0,0,0,0,0,0,103808,104555,0,232,0
1406978,1,0,8.79034e-005,0.00760255,0.129484,0.297686,1,0,,0,0,0,0,0,0,0,0,103808,104555,0,232,0
1407078,1,0,6.15324e-005,0.00609435,0.117145,0.270736,1,0,,0,0,0,0,0,0,0,0,103808,104555,0,232,0
1407178,1,0,4.30727e-005,0.00488409,0.105919,0.273362,1,0,,0,0,0,0,0,0,0,0,103808,104555,0,232,0
1407278,1,0,3.01509e-005,0.0039133,0.0957184,0.257637,1,0,,0,0,0,0,0,0,0,0,103808,104555,0,232,0
1407378,1,0,2.11056e-005,0.00313486,0.08646,0.28415,1,0,,0,0,0,0,0,0,0,0,103808,104555,0,232,0
1407478,1,0,1.47739e-005,0.00251085,0.0780651,0.277198,1,0,,0,0,0,0,0,0,0,0,103808,104555,0,232,0
1407578,1,0,1.03417e-005,0.00201075,0.0704597,0.257912,1,0,,0,0,0,0,0,0,0,0,103808,104555,0,232,0
1407678,1,0,7.23922e-006,0.00161004,0.0635747,0.282574,1,0,,0,0,0,0,0,0,0,0,103808,104555,0,232,0
1407778,1,0,5.06746e-006,0.00128905,0.0573461,0.291485,1,0,,0,0,0,0,0,0,0,0,103808,104555,0,232,0
1407878,1,13,3.9,0.781032,0.129715,0.309691,1,0,,0,0,0,0,0,0,0,0,103808,104555,0,232,0
1407978,1,0,2.73,1.17083,0.233826,0.266367,1,0,,0,0,0,0,0,0,0,0,103808,104555,0,232,0
1408078,1,0,1.911,1.31886,0.342329,0.304591,1,0,,0,0,0,0,0,0,0,0,103808,104555,0,232,0
1408178,1,0,1.3377,1.32263,0.440359,0.293015,1,0,,0,0,0,0,0,0,0,0,103808,104555,0,232,0
1408278,1,0,0.936391,1.24538,0.520862,0.341664,1,0,,0,0,0,0,0,0,0,0,103808,104555,0,232,0
1408378,1,0,0.655474,1.1274,0.581515,0.297275,1,0,,0,0,0,0,0,0,0,0,103808,104555,0,232,0
1408478,1,0,0.458832,0.993686,0.622732,0.321161,1,0,,0,0,0,0,0,0,0,0,103808,104555,0,232,0
1408578,1,0,0.321182,0.859185,0.646378,0.28906,1,0,,0,0,0,0,0,0,0,0,103808,104555,0,232,0
1408678,1,0,0.224827,0.732314,0.654971,0.317111,1,0,,0,0,0,0,0,0,0,0,103808,104555,0,232,0
1408778,1,0,0.157379,0.617327,0.651207,0.297211,1,0,,0,0,0,0,0,0,0,0,103808,104555,0,232,0
1408878,1,0,0.110165,0.515895,0.637676,0.274885,1,0,,0,0,0,0,0,0,0,0,103808,104555,0,232,0
1408978,1,0,0.0771158,0.428139,0.616722,0.316598,1,0,,0,0,0,0,0,0,0,0,103808,104555,0,232,0
1409078,1,0,0.0539811,0.353307,0.59038,0.295973,1,0,,0,0,0,0,0,0,0,0,103808,104555,0,232,0
1409178,1,0,0.0377867,0.290203,0.560363,0.278973,1,0,,0,0,0,0,0,0,0,0,103808,104555,0,232,0
1409278,1,0,0.0264507,0.237453,0.528072,0.299045,1,0,,0,0,0,0,0,0,0,0,103808,104555,0,232,0
1409378,1,0,0.0185155,0.193665,0.494631,0.260184,1,0,,0,0,0,0,0,0,0,0,103808,104555,0,232,0
1409478,1,0,0.0129609,0.157524,0.46092,0.370706,1,0,,0,0,0,0,0,0,0,0,103808,104555,0,232,0
1409578,1,0,0.0090726,0.127834,0.427612,0.266096,1,0,,0,0,0,0,0,0,0,0,103808,104555,0,232,0
1409678,1,0,0.00635082,0.103537,0.395204,0.338448,1,0,,0,0,0,0,0,0,0,0,103808,104555,0,232,0
1409778,1,0,0.00444557,0.083719,0.364056,0.273621,1,0,,0,0,0,0,0,0,0,0,103808,104555,0,232,0
1409878,1,0,0.0031119,0.0675976,0.33441,0.275459,1,0,,0,0,0,0,0,0,0,0,103808,104555,0,232,0
1409978,1,0,0.00217833,0.0545137,0.30642,0.287307,1,0,,0,0,0,0,0,0,0,0,103808,104555,0,232,0
1410078,1,0,0.00152483,0.043916,0.28017,0.290096,1,0,,0,0,0,0,0,0,0,0,103808,104555,0,232,0
1410178,1,0,0.00106738,0.0353463,0.255688,0.288608,1,0,,0,0,0,0,0,0,0,0,103808,104555,0,232,0
1410278,1,0,0.000747167,0.0284264,0.232961,0.292919,1,0,,0,0,0,0,0,0,0,0,103808,104555,0,232,0
1410378,1,0,0.000523017,0.0228458,0.21195,0.28293,1,0,,0,0,0,0,0,0,0,0,103808,104555,0,232,0
1410478,1,0,0.000366112,0.0183498,0.19259,0.291319,1,0,,0,0,0,0,0,0,0,0,103808,104555,0,232,0
1410578,1,0,0.000256278,0.0147311,0.174804,0.298368,1,0,,0,0,0,0,0,0,0,0,103808,104555,0,232,0
1410678,1,0,0.000179395,0.0118208,0.158506,0.315645,1,0,,0,0,0,0,0,0,0,0,103808,104555,0,232,0
1410778,1,0,0.000125576,0.00948173,0.143603,0.279995,1,0,,0,0,0,0,0,0,0,0,103808,104555,0,232,0
1410878,1,0,8.79035e-005,0.00760297,0.130003,0.295081,1,0,,0,0,0,0,0,0,0,0,103808,104555,0,232,0
1410978,1,0,6.15324e-005,0.00609468,0.117612,0.287657,1,0,,0,0,0,0,0,0,0,0,103808,104555,0,232,0
1411078,1,0,4.30727e-005,0.00488436,0.10634,0.301005,1,0,,0,0,0,0,0,0,0,0,103808,104555,0,232,0
1411178,1,0,3.01509e-005,0.00391352,0.096097,0.29193,1,0,,0,0,0,0,0,0,0,0,103808,104555,0,232,0
1411278,1,0,2.11056e-005,0.00313504,0.0868008,0.311154,1,0,,0,0,0,0,0,0,0,0,103808,104555,0,232,0
1411378,1,0,1.47739e-005,0.00251098,0.0783718,0.338271,1,0,,0,0,0,0,0,0,0,0,103808,104555,0,232,0
1411478,1,0,1.03418e-005,0.00201086,0.0707357,0.295771,1,0,,0,0,0,0,0,0,0,0,103808,104555,0,232,0
1411578,1,0,7.23923e-006,0.00161013,0.0638231,0.283884,1,0,,0,0,0,0,0,0,0,0,103808,104555,0,232,0
1411678,1,0,5.06746e-006,0.00128912,0.0575697,0.31032,1,0,,0,0,0,0,0,0,0,0,103808,104555,0,232,0
1411778,1,0,3.54722e-006,0.001032,0.051916,0.305207,1,0,,0,0,0,0,0,0,0,0,103808,104555,0,232,0
1411878,1,12,3.6,0.720826,0.118807,0.288291,1,0,,0,0,0,0,0,0,0,0,103808,104555,0,232,0
1411978,1,0,2.52,1.08066,0.214992,0.26988,1,0,,0,0,0,0,0,0,0,0,103808,104555,0,232,0
1412078,1,0,1.764,1.21733,0.315226,0.279655,1,0,,0,0,0,0,0,0,0,0,103808,104555,0,232,0
1412178,1,0,1.2348,1.22082,0.405786,0.307416,1,0,,0,0,0,0,0,0,0,0,103808,104555,0,232,0
1412278,1,0,0.864361,1.14953,0.48016,0.277092,1,0,,0,0,0,0,0,0,0,0,103808,104555,0,232,0
1412378,1,0,0.605052,1.04064,0.536208,0.279356,1,0,,0,0,0,0,0,0,0,0,103808,104555,0,232,0
1412478,1,0,0.423537,0.917216,0.574309,0.287692,1,0,,0,0,0,0,0,0,0,0,103808,104555,0,232,0
1412578,1,0,0.296476,0.793068,0.596184,0.268725,1,0,,0,0,0,0,0,0,0,0,103808,104555,0,232,0
1412678,1,0,0.207533,0.675961,0.604162,0.288061,1,0,,0,0,0,0,0,0,0,0,103808,104555,0,232,0
1412778,1,0,0.145273,0.569823,0.600728,0.325675,1,0,,0,0,0,0,0,0,0,0,103808,104555,0,232,0
1412878,1,0,0.101691,0.476197,0.588275,0.2881,1,0,,0,0,0,0,0,0,0,0,103808,104555,0,232,0
1412978,1,0,0.0711838,0.395194,0.568967,0.274488,1,0,,0,0,0,0,0,0,0,0,103808,104555,0,232,0
1413078,1,0,0.0498287,0.326121,0.544682,0.27474,1,0,,0,0,0,0,0,0,0,0,103808,104555,0,232,0
1413178,1,0,0.0348801,0.267873,0.517001,0.318472,1,0,,0,0,0,0,0,0,0,0,103808,104555,0,232,0
1413278,1,0,0.024416,0.219182,0.487219,0.302624,1,0,,0,0,0,0,0,0,0,0,103808,104555,0,232,0
1413378,1,0,0.0170912,0.178763,0.456374,0.288536,1,0,,0,0,0,0,0,0,0,0,103808,104555,0,232,0
1413478,1,0,0.0119639,0.145404,0.425277,0.258774,1,0,,0,0,0,0,0,0,0,0,103808,104555,0,232,0
1413578,1,0,0.0083747,0.117998,0.394549,0.28845,1,0,,0,0,0,0,0,0,0,0,103808,104555,0,232,0
1413678,1,0,0.00586229,0.0955707,0.364651,0.273986,1,0,,0,0,0,0,0,0,0,0,103808,104555,0,232,0
1413778,1,0,0.0041036,0.0772773,0.335914,0.287085,1,0,,0,0,0,0,0,0,0,0,103808,104555,0,232,0
1413878,1,0,0.00287252,0.0623963,0.308562,0.264009,1,0,,0,0,0,0,0,0,0,0,103808,104555,0,232,0
1413978,1,0,0.00201077,0.0503192,0.282738,0.260033,1,0,,0,0,0,0,0,0,0,0,103808,104555,0,232,0
1414078,1,0,0.00140754,0.0405369,0.258518,0.284508,1,0,,0,0,0,0,0,0,0,0,103808,104555,0,232,0
1414178,1,0,0.000985275,0.0326266,0.235928,0.248633,1,0,,0,0,0,0,0,0,0,0,103808,104555,0,232,0
1414278,1,0,0.000689693,0.0262392,0.21496,0.261834,1,0,,0,0,0,0,0,0,0,0,103808,104555,0,232,0
1414378,1,0,0.000482785,0.0210879,0.195572,0.299916,1,0,,0,0,0,0,0,0,0,0,103808,104555,0,232,0
1414478,1,0,0.000337949,0.0169379,0.177709,0.290165,1,0,,0,0,0,0,0,0,0,0,103808,104555,0,232,0
1414578,1,0,0.000236565,0.0135976,0.161298,0.273752,1,0,,0,0,0,0,0,0,0,0,103808,104555,0,232,0
1414678,1,0,0.000165595,0.0109112,0.146259,0.29659,1,0,,0,0,0,0,0,0,0,0,103808,104555,0,232,0
1414778,1,0,0.000115917,0.00875217,0.132508,0.287979,1,0,,0,0,0,0,0,0,0,0,103808,104555,0,232,0
1414878,1,0,8.11416e-005,0.00701796,0.119959,0.281181,1,0,,0,0,0,0,0,0,0,0,103808,104555,0,232,0
1414978,1,0,5.67992e-005,0.00562573,0.108526,0.306068,1,0,,0,0,0,0,0,0,0,0,103808,104555,0,232,0
1415078,1,0,3.97594e-005,0.00450854,0.0981243,0.313383,1,0,,0,0,0,0,0,0,0,0,103808,104555,0,232,0
1415178,1,0,2.78316e-005,0.0036124,0.0886731,0.288995,1,0,,0,0,0,0,0,0,0,0,103808,104555,0,232,0
1415278,1,0,1.94821e-005,0.00289381,0.0800951,0.278033,1,0,,0,0,0,0,0,0,0,0,103808,104555,0,232,0
1415378,1,0,1.36375e-005,0.00231778,0.0723174,0.287271,1,0,,0,0,0,0,0,0,0,0,103808,104555,0,232,0
1415478,1,0,9.54623e-006,0.00185613,0.0652713,0.274694,1,0,,0,0,0,0,0,0,0,0,103808,104555,0,232,0
1415578,1,0,6.68236e-006,0.00148624,0.0588928,0.263797,1,0,,0,0,0,0,0,0,0,0,103808,104555,0,232,0
1415678,1,0,4.67765e-006,0.00118993,0.0531225,0.284121,1,0,,0,0,0,0,0,0,0,0,103808,104555,0,232,0
1415778,1,13,3.9,0.780953,0.125906,0.274178,1,0,,0,0,0,0,0,0,0,0,103808,104555,0,232,0
1415878,1,0,2.73,1.17076,0.230391,0.276251,1,0,,0,0,0,0,0,0,0,0,103808,104555,0,232,0
1415978,1,0,1.911,1.31881,0.339233,0.272889,1,0,,0,0,0,0,0,0,0,0,103808,104555,0,232,0
1416078,1,0,1.3377,1.32259,0.437569,0.2651,1,0,,0,0,0,0,0,0,0,0,103808,104555,0,232,0
1416178,1,0,0.936391,1.24535,0.518347,0.253907,1,0,,0,0,0,0,0,0,0,0,103808,104555,0,232,0
1416278,1,0,0.655474,1.12737,0.579249,0.296906,1,0,,0,0,0,0,0,0,0,0,103808,104555,0,232,0
1416378,1,0,0.458832,0.993665,0.620691,0.27773,1,0,,0,0,0,0,0,0,0,0,103808,104555,0,232,0
1416478,1,0,0.321182,0.859169,0.644539,0.26253,1,0,,0,0,0,0,0,0,0,0,103808,104555,0,232,0
1416578,1,0,0.224827,0.732301,0.653315,0.304792,1,0,,0,0,0,0,0,0,0,0,103808,104555,0,232,0
1416678,1,0,0.157379,0.617316,0.649715,0.27793,1,0,,0,0,0,0,0,0,0,0,103808,104555,0,232,0
1416778,1,0,0.110165,0.515886,0.636332,0.356424,1,0,,0,0,0,0,0,0,0,0,103808,104555,0,232,0
1416878,1,0,0.0771158,0.428132,0.615512,0.274886,1,0,,0,0,0,0,0,0,0,0,103808,104555,0,232,0
1416978,1,0,0.0539811,0.353302,0.589291,0.277449,1,0,,0,0,0,0,0,0,0,0,103808,104555,0,232,0
1417078,1,0,0.0377867,0.290199,0.559382,0.28575,1,0,,0,0,0,0,0,0,0,0,103808,104555,0,232,0
1417178,1,0,0.0264507,0.237449,0.527189,0.294437,1,0,,0,0,0,0,0,0,0,0,103808,104555,0,232,0
1417278,1,0,0.0185155,0.193662,0.493836,0.323374,1,0,,0,0,0,0,0,0,0,0,103808,104555,0,232,0
1417378,1,0,0.0129609,0.157522,0.460205,0.296749,1,0,,0,0,0,0,0,0,0,0,103808,104555,0,232,0
1417478,1,0,0.0090726,0.127832,0.426967,0.302251,1,0,,0,0,0,0,0,0,0,0,103808,104555,0,232,0
1417578,1,0,0.00635082,0.103536,0.394624,0.294913,1,0,,0,0,0,0,0,0,0,0,103808,104555,0,232,0
1417678,1,0,0.00444557,0.0837179,0.363534,0.313387,1,0,,0,0,0,0,0,0,0,0,103808,104555,0,232,0
1417778,1,0,0.0031119,0.0675967,0.33394,0.307124,1,0,,0,0,0,0,0,0,0,0,103808,104555,0,232,0
1417878,1,0,0.00217833,0.054513,0.305997,0.270574,1,0,,0,0,0,0,0,0,0,0,103808,104555,0,232,0
1417978,1,0,0.00152483,0.0439154,0.279789,0.266253,1,0,,0,0,0,0,0,0,0,0,103808,104555,0,232,0
1418078,1,0,0.00106738,0.0353458,0.255345,0.292565,1,0,,0,0,0,0,0,0,0,0,103808,104555,0,232,0
1418178,1,0,0.000747167,0.0284261,0.232653,0.308891,1,0,,0,0,0,0,0,0,0,0,103808,104555,0,232,0
1418278,1,0,0.000523017,0.0228454,0.211672,0.286052,1,0,,0,0,0,0,0,0,0,0,103808,104555,0,232,0
1418378,1,0,0.000366112,0.0183496,0.19234,0.307701,1,0,,0,0,0,0,0,0,0,0,103808,104555,0,232,0
1418478,1,0,0.000256278,0.0147309,0.174579,0.279314,1,0,,0,0,0,0,0,0,0,0,103808,104555,0,232,0
1418578,1,0,0.000179395,0.0118206,0.158303,0.248394,1,0,,0,0,0,0,0,0,0,0,103808,104555,0,232,0
1418678,1,0,0.000125576,0.00948161,0.143421,0.31743,1,0,,0,0,0,0,0,0,0,0,103808,104555,0,232,0
1418778,1,0,8.79035e-005,0.00760287,0.129839,0.282304,1,0,,0,0,0,0,0,0,0,0,103808,104555,0,232,0
1418878,1,0,6.15324e-005,0.0060946,0.117465,0.273389,1,0,,0,0,0,0,0,0,0,0,103808,104555,0,232,0
1418978,1,0,4.30727e-005,0.0048843,0.106207,0.319778,1,0,,0,0,0,0,0,0,0,0,103808,104555,0,232,0
1419078,1,0,3.01509e-005,0.00391347,0.0959773,0.314067,1,0,,0,0,0,0,0,0,0,0,103808,104555,0,232,0
1419178,1,0,2.11056e-005,0.00313499,0.0866931,0.303617,1,0,,0,0,0,0,0,0,0,0,103808,104555,0,232,0
1419278,1,0,1.47739e-005,0.00251095,0.0782749,0.273843,1,0,,0,0,0,0,0,0,0,0,103808,104555,0,232,0
1419378,1,0,1.03418e-005,0.00201083,0.0706484,0.304366,1,0,,0,0,0,0,0,0,0,0,103808,104555,0,232,0
1419478,1,0,7.23923e-006,0.00161011,0.0637446,0.278878,1,0,,0,0,0,0,0,0,0,0,103808,104555,0,232,0
1419578,1,0,5.06746e-006,0.0012891,0.0574991,0.271666,1,0,,0,0,0,0,0,0,0,0,103808,104555,0,232,0
1419678,1,0,3.54722e-006,0.00103199,0.0518523,0.293955,1,0,,0,0,0,0,0,0,0,0,103808,104555,0,232,0
1419778,1,13,3.9,0.780826,0.12475,0.323669,1,0,,0,0,0,0,0,0,0,0,103808,104555,0,232,0
1419878,1,0,2.73,1.17066,0.229341,0.304234,1,0,,0,0,0,0,0,0,0,0,103808,104555,0,232,0
1419978,1,0,1.911,1.31873,0.33828,0.295822,1,0,,0,0,0,0,0,0,0,0,103808,104555,0,232,0
1420078,1,0,1.3377,1.32252,0.436704,0.245972,1,0,,0,0,0,0,0,0,0,0,103808,104555,0,232,0
1420178,1,0,0.936391,1.2453,0.517563,0.290223,1,0,,0,0,0,0,0,0,0,0,103808,104555,0,232,0
1420278,1,0,0.655473,1.12733,0.57854,0.293172,1,0,,0,0,0,0,0,0,0,0,103808,104555,0,232,0
1420378,1,0,0.458831,0.993632,0.620049,0.345631,1,0,,0,0,0,0,0,0,0,0,103808,104555,0,232,0
1420478,1,0,0.321182,0.859142,0.643959,0.275293,1,0,,0,0,0,0,0,0,0,0,103808,104555,0,232,0
1420578,1,0,0.224827,0.732279,0.652791,0.296543,1,0,,0,0,0,0,0,0,0,0,103808,104555,0,232,0
1420678,1,0,0.157379,0.617299,0.649242,0.315693,1,0,,0,0,0,0,0,0,0,0,103808,104555,0,232,0
1420778,1,0,0.110165,0.515872,0.635905,0.296605,1,0,,0,0,0,0,0,0,0,0,103808,104555,0,232,0
1420878,1,0,0.0771158,0.428121,0.615126,0.281793,1,0,,0,0,0,0,0,0,0,0,103808,104555,0,232,0
1420978,1,0,0.053981,0.353293,0.588943,0.314505,1,0,,0,0,0,0,0,0,0,0,103808,104555,0,232,0
1421078,1,0,0.0377867,0.290192,0.559068,0.269505,1,0,,0,0,0,0,0,0,0,0,103808,104555,0,232,0
1421178,1,0,0.0264507,0.237444,0.526905,0.294166,1,0,,0,0,0,0,0,0,0,0,103808,104555,0,232,0
1421278,1,0,0.0185155,0.193658,0.493581,0.307128,1,0,,0,0,0,0,0,0,0,0,103808,104555,0,232,0
1421378,1,0,0.0129608,0.157519,0.459974,0.285039,1,0,,0,0,0,0,0,0,0,0,103808,104555,0,232,0
1421478,1,0,0.00907259,0.127829,0.42676,0.286251,1,0,,0,0,0,0,0,0,0,0,103808,104555,0,232,0
1421578,1,0,0.00635082,0.103534,0.394437,0.307664,1,0,,0,0,0,0,0,0,0,0,103808,104555,0,232,0
1421678,1,0,0.00444557,0.083716,0.363365,0.297028,1,0,,0,0,0,0,0,0,0,0,103808,104555,0,232,0
1421778,1,0,0.0031119,0.0675952,0.333788,0.301064,1,0,,0,0,0,0,0,0,0,0,103808,104555,0,232,0
1421878,1,0,0.00217833,0.0545118,0.30586,0.282315,1,0,,0,0,0,0,0,0,0,0,103808,104555,0,232,0
1421978,1,0,0.00152483,0.0439144,0.279666,0.274826,1,0,,0,0,0,0,0,0,0,0,103808,104555,0,232,0
1422078,1,0,0.00106738,0.035345,0.255234,0.2564,1,0,,0,0,0,0,0,0,0,0,103808,104555,0,232,0
1422178,1,0,0.000747167,0.0284255,0.232553,0.260966,1,0,,0,0,0,0,0,0,0,0,103808,104555,0,232,0
1422278,1,0,0.000523017,0.022845,0.211582,0.302628,1,0,,0,0,0,0,0,0,0,0,103808,104555,0,232,0
1422378,1,0,0.000366112,0.0183492,0.192259,0.248678,1,0,,0,0,0,0,0,0,0,0,103808,104555,0,232,0
1422478,1,0,0.000256278,0.0147306,0.174506,0.267639,1,0,,0,0,0,0,0,0,0,0,103808,104555,0,232,0
1422578,1,0,0.000179395,0.0118204,0.158237,0.289564,1,0,,0,0,0,0,0,0,0,0,103808,104555,0,232,0
1422678,1,0,0.000125576,0.00948141,0.143362,0.301216,1,0,,0,0,0,0,0,0,0,0,103808,104555,0,232,0
1422778,1,0,8.79034e-005,0.00760271,0.129786,0.308664,1,0,,0,0,0,0,0,0,0,0,103808,104555,0,232,0
1422878,1,0,6.15324e-005,0.00609447,0.117417,0.284152,1,0,,0,0,0,0,0,0,0,0,103808,104555,0,232,0
1422978,1,0,4.30727e-005,0.00488419,0.106163,0.27749,1,0,,0,0,0,0,0,0,0,0,103808,104555,0,232,0
1423078,1,0,3.01509e-005,0.00391339,0.0959385,0.318263,1,0,,0,0,0,0,0,0,0,0,103808,104555,0,232,0
1423178,1,0,2.11056e-005,0.00313493,0.0866581,0.262264,1,0,,0,0,0,0,0,0,0,0,103808,104555,0,232,0
1423278,1,0,1.47739e-005,0.0025109,0.0782434,0.271178,1,0,,0,0,0,0,0,0,0,0,103808,104555,0,232,0
1423378,1,0,1.03417e-005,0.00201079,0.0706201,0.29324,1,0,,0,0,0,0,0,0,0,0,103808,104555,0,232,0
1423478,1,0,7.23922e-006,0.00161008,0.0637191,0.279289,1,0,,0,0,0,0,0,0,0,0,103808,104555,0,232,0
1423578,1,0,5.06746e-006,0.00128908,0.0574761,0.266964,1,0,,0,0,0,0,0,0,0,0,103808,104555,0,232,0
1423678,1,14,4.2,0.841032,0.135832,0.275742,1,0,,0,0,0,0,0,0,0,0,103808,104555,0,232,0
1423778,1,0,2.94,1.26083,0.248331,0.299042,1,0,,0,0,0,0,0,0,0,0,103808,104555,0,232,0
1423878,1,0,2.058,1.42026,0.365524,0.286591,1,0,,0,0,0,0,0,0,0,0,103808,104555,0,232,0
1423978,1,0,1.4406,1.42433,0.471405,0.283389,1,0,,0,0,0,0,0,0,0,0,103808,104555,0,232,0
1424078,1,0,1.00842,1.34115,0.558379,0.304453,1,0,,0,0,0,0,0,0,0,0,103808,104555,0,232,0
1424178,1,0,0.705895,1.2141,0.623951,0.347292,1,0,,0,0,0,0,0,0,0,0,103808,104555,0,232,0
1424278,1,0,0.494126,1.0701,0.668566,0.291755,1,0,,0,0,0,0,0,0,0,0,103808,104555,0,232,0
1424378,1,0,0.345888,0.92526,0.694235,0.352518,1,0,,0,0,0,0,0,0,0,0,103808,104555,0,232,0
1424478,1,0,0.242122,0.788632,0.703675,0.275631,1,0,,0,0,0,0,0,0,0,0,103808,104555,0,232,0
1424578,1,0,0.169485,0.664803,0.699788,0.296744,1,0,,0,0,0,0,0,0,0,0,103808,104555,0,232,0
1424678,1,0,0.11864,0.55557,0.685366,0.287832,1,0,,0,0,0,0,0,0,0,0,103808,104555,0,232,0
1424778,1,0,0.0830478,0.461066,0.662936,0.28957,1,0,,0,0,0,0,0,0,0,0,103808,104555,0,232,0
1424878,1,0,0.0581335,0.380479,0.63469,0.26972,1,0,,0,0,0,0,0,0,0,0,103808,104555,0,232,0
1424978,1,0,0.0406934,0.312522,0.602473,0.265073,1,0,,0,0,0,0,0,0,0,0,103808,104555,0,232,0
1425078,1,0,0.0284854,0.255715,0.567798,0.28705,1,0,,0,0,0,0,0,0,0,0,103808,104555,0,232,0
1425178,1,0,0.0199398,0.20856,0.531874,0.2633,1,0,,0,0,0,0,0,0,0,0,103808,104555,0,232,0
1425278,1,0,0.0139578,0.169639,0.49565,0.298315,1,0,,0,0,0,0,0,0,0,0,103808,104555,0,232,0
1425378,1,0,0.00977049,0.137666,0.459852,0.327163,1,0,,0,0,0,0,0,0,0,0,103808,104555,0,232,0
1425478,1,0,0.00683934,0.1115,0.425017,0.282774,1,0,,0,0,0,0,0,0,0,0,103808,104555,0,232,0
1425578,1,0,0.00478754,0.0901578,0.391531,0.278264,1,0,,0,0,0,0,0,0,0,0,103808,104555,0,232,0
1425678,1,0,0.00335128,0.0727965,0.359657,0.26483,1,0,,0,0,0,0,0,0,0,0,103808,104555,0,232,0
1425778,1,0,0.00234589,0.0587064,0.329562,0.25183,1,0,,0,0,0,0,0,0,0,0,103808,104555,0,232,0
1425878,1,0,0.00164213,0.0472935,0.301335,0.268355,1,0,,0,0,0,0,0,0,0,0,103808,104555,0,232,0
1425978,1,0,0.00114949,0.0380647,0.275008,0.272929,1,0,,0,0,0,0,0,0,0,0,103808,104555,0,232,0
1426078,1,0,0.000804642,0.0306127,0.250569,0.29327,1,0,,0,0,0,0,0,0,0,0,103808,104555,0,232,0
1426178,1,0,0.000563249,0.0246028,0.227972,0.291792,1,0,,0,0,0,0,0,0,0,0,103808,104555,0,232,0
1426278,1,0,0.000394274,0.0197611,0.207151,0.286057,1,0,,0,0,0,0,0,0,0,0,103808,104555,0,232,0
1426378,1,0,0.000275992,0.0158641,0.188022,0.279606,1,0,,0,0,0,0,0,0,0,0,103808,104555,0,232,0
1426478,1,0,0.000193194,0.0127299,0.170493,0.132293,1,0,,0,0,0,0,0,0,0,0,103808,104555,0,232,0
1426578,1,0,0.000135236,0.010211,0.154465,0.277918,1,0,,0,0,0,0,0,0,0,0,103808,104555,0,232,0
1426678,1,0,9.46653e-005,0.00818771,0.139837,0.326543,1,0,,0,0,0,0,0,0,0,0,103808,104555,0,232,0
1426778,1,0,6.62657e-005,0.00656342,0.12651,0.306992,1,0,,0,0,0,0,0,0,0,0,103808,104555,0,232,0
1426878,1,0,4.6386e-005,0.00526002,0.114385,0.304944,1,0,,0,0,0,0,0,0,0,0,103808,104555,0,232,0
1426978,1,0,3.24702e-005,0.00421451,0.103368,0.268759,1,0,,0,0,0,0,0,0,0,0,103808,104555,0,232,0
1427078,1,0,2.27291e-005,0.00337615,0.0933686,0.30692,1,0,,0,0,0,0,0,0,0,0,103808,104555,0,232,0
1427178,1,0,1.59104e-005,0.0027041,0.0843021,0.272071,1,0,,0,0,0,0,0,0,0,0,103808,104555,0,232,0
1427278,1,0,1.11373e-005,0.00216551,0.0760885,0.291146,1,0,,0,0,0,0,0,0,0,0,103808,104555,0,232,0
1427378,1,0,7.79609e-006,0.00173397,0.068653,0.325534,1,0,,0,0,0,0,0,0,0,0,103808,104555,0,232,0
1427478,1,0,5.45726e-006,0.00138827,0.0619265,0.297098,1,0,,0,0,0,0,0,0,0,0,103808,104555,0,232,0
1427578,1,0,3.82009e-006,0.00111138,0.055845,0.293532,1,0,,0,0,0,0,0,0,0,0,103808,104555,0,232,0
1427678,1,12,3.6,0.72089,0.12235,0.276843,1,0,,0,0,0,0,0,0,0,0,103808,104555,0,232,0
1427778,1,0,2.52,1.08071,0.218186,0.265892,1,0,,0,0,0,0,0,0,0,0,103808,104555,0,232,0
1427878,1,0,1.764,1.21737,0.318104,0.297017,1,0,,0,0,0,0,0,0,0,0,103808,104555,0,232,0
1427978,1,0,1.2348,1.22086,0.408379,0.295591,1,0,,0,0,0,0,0,0,0,0,103808,104555,0,232,0
1428078,1,0,0.864361,1.14956,0.482497,0.293505,1,0,,0,0,0,0,0,0,0,0,103808,104555,0,232,0
1428178,1,0,0.605052,1.04066,0.538313,0.324492,1,0,,0,0,0,0,0,0,0,0,103808,104555,0,232,0
1428278,1,0,0.423537,0.917232,0.576205,0.281591,1,0,,0,0,0,0,0,0,0,0,103808,104555,0,232,0
1428378,1,0,0.296476,0.793081,0.597893,0.278829,1,0,,0,0,0,0,0,0,0,0,103808,104555,0,232,0
1428478,1,0,0.207533,0.675971,0.6057,0.287943,1,0,,0,0,0,0,0,0,0,0,103808,104555,0,232,0
1428578,1,0,0.145273,0.569832,0.602114,0.255218,1,0,,0,0,0,0,0,0,0,0,103808,104555,0,232,0
1428678,1,0,0.101691,0.476204,0.589523,0.297744,1,0,,0,0,0,0,0,0,0,0,103808,104555,0,232,0
1428778,1,0,0.0711838,0.3952,0.57009,0.305883,1,0,,0,0,0,0,0,0,0,0,103808,104555,0,232,0
1428878,1,0,0.0498287,0.326125,0.545694,0.309234,1,0,,0,0,0,0,0,0,0,0,103808,104555,0,232,0
1428978,1,0,0.0348801,0.267876,0.517912,0.273371,1,0,,0,0,0,0,0,0,0,0,103808,104555,0,232,0
1429078,1,0,0.024416,0.219184,0.488039,0.287296,1,0,,0,0,0,0,0,0,0,0,103808,104555,0,232,0
1429178,1,0,0.0170912,0.178766,0.457112,0.273046,1,0,,0,0,0,0,0,0,0,0,103808,104555,0,232,0
1429278,1,0,0.0119639,0.145405,0.425941,0.305519,1,0,,0,0,0,0,0,0,0,0,103808,104555,0,232,0
1429378,1,0,0.0083747,0.117999,0.395147,0.283026,1,0,,0,0,0,0,0,0,0,0,103808,104555,0,232,0
1429478,1,0,0.00586229,0.0955718,0.365189,0.285913,1,0,,0,0,0,0,0,0,0,0,103808,104555,0,232,0
1429578,1,0,0.0041036,0.0772782,0.336398,0.272751,1,0,,0,0,0,0,0,0,0,0,103808,104555,0,232,0
1429678,1,0,0.00287252,0.062397,0.308998,0.273002,1,0,,0,0,0,0,0,0,0,0,103808,104555,0,232,0
1429778,1,0,0.00201077,0.0503198,0.28313,0.292378,1,0,,0,0,0,0,0,0,0,0,103808,104555,0,232,0
1429878,1,0,0.00140754,0.0405373,0.258871,0.258977,1,0,,0,0,0,0,0,0,0,0,103808,104555,0,232,0
1429978,1,0,0.000985275,0.0326269,0.236247,0.281751,1,0,,0,0,0,0,0,0,0,0,103808,104555,0,232,0
1430078,1,0,0.000689693,0.0262395,0.215246,0.261002,1,0,,0,0,0,0,0,0,0,0,103808,104555,0,232,0
1430178,1,0,0.000482785,0.0210881,0.19583,0.264815,1,0,,0,0,0,0,0,0,0,0,103808,104555,0,232,0
1430278,1,0,0.000337949,0.0169381,0.177941,0.250702,1,0,,0,0,0,0,0,0,0,0,103808,104555,0,232,0
1430378,1,0,0.000236565,0.0135978,0.161507,0.278604,1,0,,0,0,0,0,0,0,0,0,103808,104555,0,232,0
1430478,1,0,0.000165595,0.0109114,0.146447,0.255803,1,0,,0,0,0,0,0,0,0,0,103808,104555,0,232,0
1430578,1,0,0.000115917,0.00875227,0.132678,0.275208,1,0,,0,0,0,0,0,0,0,0,103808,104555,0,232,0
1430678,1,0,8.11416e-005,0.00701804,0.120112,0.292007,1,0,,0,0,0,0,0,0,0,0,103808,104555,0,232,0
1430778,1,0,5.67992e-005,0.00562579,0.108663,0.264233,1,0,,0,0,0,0,0,0,0,0,103808,104555,0,232,0
1430878,1,0,3.97594e-005,0.00450859,0.0982476,0.268818,1,0,,0,0,0,0,0,0,0,0,103808,104555,0,232,0
1430978,1,0,2.78316e-005,0.00361244,0.0887841,0.294169,1,0,,0,0,0,0,0,0,0,0,103808,104555,0,232,0
1431078,1,0,1.94821e-005,0.00289385,0.080195,0.295233,1,0,,0,0,0,0,0,0,0,0,103808,104555,0,232,0
1431178,1,0,1.36375e-005,0.0023178,0.0724073,0.26857,1,0,,0,0,0,0,0,0,0,0,103808,104555,0,232,0
1431278,1,0,9.54623e-006,0.00185615,0.0653522,0.289257,1,0,,0,0,0,0,0,0,0,0,103808,104555,0,232,0
1431378,1,0,6.68236e-006,0.00148626,0.0589656,0.267719,1,0,,0,0,0,0,0,0,0,0,103808,104555,0,232,0
1431478,1,0,4.67765e-006,0.00118994,0.053188,0.278444,1,0,,0,0,0,0,0,0,0,0,103808,104555,0,232,0
1431578,1,0,3.27436e-006,0.000952609,0.0479645,0.253082,1,0,,0,0,0,0,0,0,0,0,103808,104555,0,232,0
1431678,1,13,3.9,0.780763,0.121244,0.288277,1,0,,0,0,0,0,0,0,0,0,103808,104555,0,232,0
1431778,1,0,2.73,1.17061,0.226181,0.278965,1,0,,0,0,0,0,0,0,0,0,103808,104555,0,232,0
1431878,1,0,1.911,1.31869,0.335432,0.321251,1,0,,0,0,0,0,0,0,0,0,103808,104555,0,232,0
1431978,1,0,1.3377,1.32249,0.434138,0.297101,1,0,,0,0,0,0,0,0,0,0,103808,104555,0,232,0
1432078,1,0,0.936391,1.24527,0.515251,0.291615,1,0,,0,0,0,0,0,0,0,0,103808,104555,0,232,0
1432178,1,0,0.655473,1.12731,0.576457,0.297526,1,0,,0,0,0,0,0,0,0,0,103808,104555,0,232,0
1432278,1,0,0.458831,0.993616,0.618173,0.281401,1,0,,0,0,0,0,0,0,0,0,103808,104555,0,232,0
1432378,1,0,0.321182,0.859129,0.642268,0.281211,1,0,,0,0,0,0,0,0,0,0,103808,104555,0,232,0
1432478,1,0,0.224827,0.732269,0.651268,0.3026,1,0,,0,0,0,0,0,0,0,0,103808,104555,0,232,0
1432578,1,0,0.157379,0.617291,0.647871,0.267787,1,0,,0,0,0,0,0,0,0,0,103808,104555,0,232,0
1432678,1,0,0.110165,0.515866,0.63467,0.287437,1,0,,0,0,0,0,0,0,0,0,103808,104555,0,232,0
1432778,1,0,0.0771158,0.428116,0.614015,0.276186,1,0,,0,0,0,0,0,0,0,0,103808,104555,0,232,0
1432878,1,0,0.053981,0.353289,0.587942,0.288036,1,0,,0,0,0,0,0,0,0,0,103808,104555,0,232,0
1432978,1,0,0.0377867,0.290188,0.558167,0.277697,1,0,,0,0,0,0,0,0,0,0,103808,104555,0,232,0
1433078,1,0,0.0264507,0.237441,0.526094,0.272995,1,0,,0,0,0,0,0,0,0,0,103808,104555,0,232,0
1433178,1,0,0.0185155,0.193656,0.49285,0.263008,1,0,,0,0,0,0,0,0,0,0,103808,104555,0,232,0
1433278,1,0,0.0129608,0.157517,0.459317,0.264584,1,0,,0,0,0,0,0,0,0,0,103808,104555,0,232,0
1433378,1,0,0.00907259,0.127828,0.426168,0.31191,1,0,,0,0,0,0,0,0,0,0,103808,104555,0,232,0
1433478,1,0,0.00635082,0.103533,0.393904,0.281797,1,0,,0,0,0,0,0,0,0,0,103808,104555,0,232,0
1433578,1,0,0.00444557,0.0837151,0.362886,0.306109,1,0,,0,0,0,0,0,0,0,0,103808,104555,0,232,0
1433678,1,0,0.0031119,0.0675945,0.333356,0.290236,1,0,,0,0,0,0,0,0,0,0,103808,104555,0,232,0
1433778,1,0,0.00217833,0.0545113,0.305472,0.316773,1,0,,0,0,0,0,0,0,0,0,103808,104555,0,232,0
1433878,1,0,0.00152483,0.043914,0.279316,0.287049,1,0,,0,0,0,0,0,0,0,0,103808,104555,0,232,0
1433978,1,0,0.00106738,0.0353447,0.254919,0.297398,1,0,,0,0,0,0,0,0,0,0,103808,104555,0,232,0
1434078,1,0,0.000747167,0.0284252,0.23227,0.299799,1,0,,0,0,0,0,0,0,0,0,103808,104555,0,232,0
1434178,1,0,0.000523017,0.0228447,0.211327,0.297759,1,0,,0,0,0,0,0,0,0,0,103808,104555,0,232,0
1434278,1,0,0.000366112,0.018349,0.192029,0.265233,1,0,,0,0,0,0,0,0,0,0,103808,104555,0,232,0
1434378,1,0,0.000256278,0.0147305,0.174299,0.274422,1,0,,0,0,0,0,0,0,0,0,103808,104555,0,232,0
1434478,1,0,0.000179395,0.0118203,0.158051,0.264386,1,0,,0,0,0,0,0,0,0,0,103808,104555,0,232,0
1434578,1,0,0.000125576,0.00948132,0.143194,0.279586,1,0,,0,0,0,0,0,0,0,0,103808,104555,0,232,0
1434678,1,0,8.79034e-005,0.00760263,0.129635,0.259898,1,0,,0,0,0,0,0,0,0,0,103808,104555,0,232,0
1434778,1,0,6.15324e-005,0.00609441,0.117281,0.27506,1,0,,0,0,0,0,0,0,0,0,103808,104555,0,232,0
1434878,1,0,4.30727e-005,0.00488415,0.106041,0.276487,1,0,,0,0,0,0,0,0,0,0,103808,104555,0,232,0
1434978,1,0,3.01509e-005,0.00391335,0.0958286,0.265914,1,0,,0,0,0,0,0,0,0,0,103808,104555,0,232,0
1435078,1,0,2.11056e-005,0.0031349,0.0865593,0.290089,1,0,,0,0,0,0,0,0,0,0,103808,104555,0,232,0
1435178,1,0,1.47739e-005,0.00251087,0.0781544,0.270602,1,0,,0,0,0,0,0,0,0,0,103808,104555,0,232,0
1435278,1,0,1.03417e-005,0.00201077,0.07054,0.259015,1,0,,0,0,0,0,0,0,0,0,103808,104555,0,232,0
1435378,1,0,7.23922e-006,0.00161006,0.063647,0.308939,1,0,,0,0,0,0,0,0,0,0,103808,104555,0,232,0
1435478,1,0,5.06746e-006,0.00128906,0.0574112,0.270941,1,0,,0,0,0,0,0,0,0,0,103808,104555,0,232,0
1435578,1,13,3.9,0.781032,0.129773,0.275083,1,0,,0,0,0,0,0,0,0,0,103808,104555,0,232,0
1435678,1,0,2.73,1.17083,0.233879,0.299533,1,0,,0,0,0,0,0,0,0,0,103808,104555,0,232,0
1435778,1,0,1.911,1.31886,0.342377,0.282222,1,0,,0,0,0,0,0,0,0,0,103808,104555,0,232,0
1435878,1,0,1.3377,1.32263,0.440402,0.263884,1,0,,0,0,0,0,0,0,0,0,103808,104555,0,232,0
1435978,1,0,0.936391,1.24538,0.5209,0.304075,1,0,,0,0,0,0,0,0,0,0,103808,104555,0,232,0
1436078,1,0,0.655474,1.1274,0.58155,0.254386,1,0,,0,0,0,0,0,0,0,0,103808,104555,0,232,0
1436178,1,0,0.458832,0.993686,0.622764,0.287413,1,0,,0,0,0,0,0,0,0,0,103808,104555,0,232,0
1436278,1,0,0.321182,0.859185,0.646406,0.301762,1,0,,0,0,0,0,0,0,0,0,103808,104555,0,232,0
1436378,1,0,0.224827,0.732314,0.654997,0.277973,1,0,,0,0,0,0,0,0,0,0,103808,104555,0,232,0
1436478,1,0,0.157379,0.617327,0.65123,0.263023,1,0,,0,0,0,0,0,0,0,0,103808,104555,0,232,0
1436578,1,0,0.110165,0.515895,0.637696,0.291762,1,0,,0,0,0,0,0,0,0,0,103808,104555,0,232,0
1436678,1,0,0.0771158,0.428139,0.616741,0.265075,1,0,,0,0,0,0,0,0,0,0,103808,104555,0,232,0
1436778,1,0,0.0539811,0.353307,0.590397,0.288011,1,0,,0,0,0,0,0,0,0,0,103808,104555,0,232,0
1436878,1,0,0.0377867,0.290203,0.560378,0.268199,1,0,,0,0,0,0,0,0,0,0,103808,104555,0,232,0
1436978,1,0,0.0264507,0.237453,0.528085,0.269748,1,0,,0,0,0,0,0,0,0,0,103808,104555,0,232,0
1437078,1,0,0.0185155,0.193665,0.494643,0.285822,1,0,,0,0,0,0,0,0,0,0,103808,104555,0,232,0
1437178,1,0,0.0129609,0.157524,0.460931,0.270846,1,0,,0,0,0,0,0,0,0,0,103808,104555,0,232,0
1437278,1,0,0.0090726,0.127834,0.427622,0.29062,1,0,,0,0,0,0,0,0,0,0,103808,104555,0,232,0
1437378,1,0,0.00635082,0.103537,0.395213,0.262732,1,0,,0,0,0,0,0,0,0,0,103808,104555,0,232,0
1437478,1,0,0.00444557,0.083719,0.364064,0.26917,1,0,,0,0,0,0,0,0,0,0,103808,104555,0,232,0
1437578,1,0,0.0031119,0.0675976,0.334417,0.268407,1,0,,0,0,0,0,0,0,0,0,103808,104555,0,232,0
1437678,1,0,0.00217833,0.0545137,0.306427,0.302595,1,0,,0,0,0,0,0,0,0,0,103808,104555,0,232,0
1437778,1,0,0.00152483,0.043916,0.280176,0.275576,1,0,,0,0,0,0,0,0,0,0,103808,104555,0,232,0
1437878,1,0,0.00106738,0.0353463,0.255693,0.28305,1,0,,0,0,0,0,0,0,0,0,103808,104555,0,232,0
1437978,1,0,0.000747167,0.0284264,0.232966,0.290639,1,0,,0,0,0,0,0,0,0,0,103808,104555,0,232,0
1438078,1,0,0.000523017,0.0228458,0.211954,0.294016,1,0,,0,0,0,0,0,0,0,0,103808,104555,0,232,0
1438178,1,0,0.000366112,0.0183498,0.192594,0.300503,1,0,,0,0,0,0,0,0,0,0,103808,104555,0,232,0
1438278,1,0,0.000256278,0.0147311,0.174807,0.276076,1,0,,0,0,0,0,0,0,0,0,103808,104555,0,232,0
1438378,1,0,0.000179395,0.0118208,0.158509,0.281354,1,0,,0,0,0,0,0,0,0,0,103808,104555,0,232,0
1438478,1,0,0.000125576,0.00948173,0.143606,0.27948,1,0,,0,0,0,0,0,0,0,0,103808,104555,0,232,0
1438578,1,0,8.79035e-005,0.00760297,0.130006,0.261604,1,0,,0,0,0,0,0,0,0,0,103808,104555,0,232,0
1438678,1,0,6.15324e-005,0.00609468,0.117615,0.313266,1,0,,0,0,0,0,0,0,0,0,103808,104555,0,232,0
1438778,1,0,4.30727e-005,0.00488436,0.106342,0.278404,1,0,,0,0,0,0,0,0,0,0,103808,104555,0,232,0
1438878,1,0,3.01509e-005,0.00391352,0.0960988,0.266315,1,0,,0,0,0,0,0,0,0,0,103808,104555,0,232,0
1438978,1,0,2.11056e-005,0.00313504,0.0868024,0.297489,1,0,,0,0,0,0,0,0,0,0,103808,104555,0,232,0
1439078,1,0,1.47739e-005,0.00251098,0.0783733,0.301837,1,0,,0,0,0,0,0,0,0,0,103808,104555,0,232,0
1439178,1,0,1.03418e-005,0.00201086,0.070737,0.274873,1,0,,0,0,0,0,0,0,0,0,103808,104555,0,232,0
1439278,1,0,7.23923e-006,0.00161013,0.0638243,0.297034,1,0,,0,0,0,0,0,0,0,0,103808,104555,0,232,0
1439378,1,0,5.06746e-006,0.00128912,0.0575708,0.294382,1,0,,0,0,0,0,0,0,0,0,103808,104555,0,232,0
1439478,1,0,3.54722e-006,0.001032,0.0519169,0.280105,1,0,,0,0,0,0,0,0,0,0,103808,104555,0,232,0
1439578,1,13,3.9,0.780826,0.124808,0.29228,1,0,,0,0,0,0,0,0,0,0,103808,104555,0,232,0
1439678,1,0,2.73,1.17066,0.229393,0.267006,1,0,,0,0,0,0,0,0,0,0,103808,104555,0,232,0
1439778,1,0,1.911,1.31873,0.338327,0.266855,1,0,,0,0,0,0,0,0,0,0,103808,104555,0,232,0
1439878,1,0,1.3377,1.32252,0.436746,0.293081,1,0,,0,0,0,0,0,0,0,0,103808,104555,0,232,0
1439978,1,0,0.936391,1.2453,0.517601,0.262706,1,0,,0,0,0,0,0,0,0,0,103808,104555,0,232,0
1440078,1,0,0.655473,1.12733,0.578575,0.298882,1,0,,0,0,0,0,0,0,0,0,103808,104555,0,232,0
1440178,1,0,0.458831,0.993632,0.62008,0.310339,1,0,,0,0,0,0,0,0,0,0,103808,104555,0,232,0
1440278,1,0,0.321182,0.859142,0.643986,0.278639,1,0,,0,0,0,0,0,0,0,0,103808,104555,0,232,0
1440378,1,0,0.224827,0.732279,0.652816,0.295564,1,0,,0,0,0,0,0,0,0,0,103808,104555,0,232,0
1440478,1,0,0.157379,0.617299,0.649264,0.266652,1,0,,0,0,0,0,0,0,0,0,103808,104555,0,232,0
1440578,1,0,0.110165,0.515872,0.635925,0.290551,1,0,,0,0,0,0,0,0,0,0,103808,104555,0,232,0
1440678,1,0,0.0771158,0.428121,0.615144,0.286415,1,0,,0,0,0,0,0,0,0,0,103808,104555,0,232,0
1440778,1,0,0.053981,0.353293,0.588959,0.285854,1,0,,0,0,0,0,0,0,0,0,103808,104555,0,232,0
1440878,1,0,0.0377867,0.290192,0.559083,0.277317,1,0,,0,0,0,0,0,0,0,0,103808,104555,0,232,0
1440978,1,0,0.0264507,0.237444,0.526919,0.311417,1,0,,0,0,0,0,0,0,0,0,103808,104555,0,232,0
1441078,1,0,0.0185155,0.193658,0.493593,0.25988,1,0,,0,0,0,0,0,0,0,0,103808,104555,0,232,0
1441178,1,0,0.0129608,0.157519,0.459985,0.322006,1,0,,0,0,0,0,0,0,0,0,103808,104555,0,232,0
1441278,1,0,0.00907259,0.127829,0.42677,0.279794,1,0,,0,0,0,0,0,0,0,0,103808,104555,0,232,0
1441378,1,0,0.00635082,0.103534,0.394446,0.2871,1,0,,0,0,0,0,0,0,0,0,103808,104555,0,232,0
1441478,1,0,0.00444557,0.083716,0.363373,0.310674,1,0,,0,0,0,0,0,0,0,0,103808,104555,0,232,0
1441578,1,0,0.0031119,0.0675952,0.333795,0.304772,1,0,,0,0,0,0,0,0,0,0,103808,104555,0,232,0
1441678,1,0,0.00217833,0.0545118,0.305867,0.255335,1,0,,0,0,0,0,0,0,0,0,103808,104555,0,232,0
1441778,1,0,0.00152483,0.0439144,0.279672,0.284487,1,0,,0,0,0,0,0,0,0,0,103808,104555,0,232,0
1441878,1,0,0.00106738,0.035345,0.255239,0.263472,1,0,,0,0,0,0,0,0,0,0,103808,104555,0,232,0
1441978,1,0,0.000747167,0.0284255,0.232558,0.272563,1,0,,0,0,0,0,0,0,0,0,103808,104555,0,232,0
1442078,1,0,0.000523017,0.022845,0.211586,0.281888,1,0,,0,0,0,0,0,0,0,0,103808,104555,0,232,0
1442178,1,0,0.000366112,0.0183492,0.192263,0.265976,1,0,,0,0,0,0,0,0,0,0,103808,104555,0,232,0
1442278,1,0,0.000256278,0.0147306,0.174509,0.264788,1,0,,0,0,0,0,0,0,0,0,103808,104555,0,232,0
1442378,1,0,0.000179395,0.0118204,0.15824,0.269587,1,0,,0,0,0,0,0,0,0,0,103808,104555,0,232,0
1442478,1,0,0.000125576,0.00948141,0.143365,0.315062,1,0,,0,0,0,0,0,0,0,0,103808,104555,0,232,0
1442578,1,0,8.79034e-005,0.00760271,0.129788,0.263185,1,0,,0,0,0,0,0,0,0,0,103808,104555,0,232,0
1442678,1,0,6.15324e-005,0.00609447,0.117419,0.35056,1,0,,0,0,0,0,0,0,0,0,103808,104555,0,232,0
1442778,1,0,4.30727e-005,0.00488419,0.106166,0.282183,1,0,,0,0,0,0,0,0,0,0,103808,104555,0,232,0
1442878,1,0,3.01509e-005,0.00391339,0.0959403,0.271821,1,0,,0,0,0,0,0,0,0,0,103808,104555,0,232,0
1442978,1,0,2.11056e-005,0.00313493,0.0866598,0.298122,1,0,,0,0,0,0,0,0,0,0,103808,104555,0,232,0
1443078,1,0,1.47739e-005,0.0025109,0.0782449,0.299046,1,0,,0,0,0,0,0,0,0,0,103808,104555,0,232,0
1443178,1,0,1.03417e-005,0.00201079,0.0706215,0.29371,1,0,,0,0,0,0,0,0,0,0,103808,104555,0,232,0
1443278,1,0,7.23922e-006,0.00161008,0.0637203,0.273447,1,0,,0,0,0,0,0,0,0,0,103808,104555,0,232,0
1443378,1,0,5.06746e-006,0.00128908,0.0574772,0.268687,1,0,,0,0,0,0,0,0,0,0,103808,104555,0,232,0
1443478,1,13,3.9,0.781032,0.129833,0.296725,1,0,,0,0,0,0,0,0,0,0,103808,104555,0,232,0
1443578,1,0,2.73,1.17083,0.233932,0.299349,1,0,,0,0,0,0,0,0,0,0,103808,104555,0,232,0
1443678,1,0,1.911,1.31886,0.342425,0.332413,1,0,,0,0,0,0,0,0,0,0,103808,104555,0,232,0
1443778,1,0,1.3377,1.32263,0.440445,0.319314,1,0,,0,0,0,0,0,0,0,0,103808,104555,0,232,0
1443878,1,0,0.936391,1.24538,0.520939,0.300902,1,0,,0,0,0,0,0,0,0,0,103808,104555,0,232,0
1443978,1,0,0.655474,1.1274,0.581585,0.310201,1,0,,0,0,0,0,0,0,0,0,103808,104555,0,232,0
1444078,1,0,0.458832,0.993686,0.622795,0.278926,1,0,,0,0,0,0,0,0,0,0,103808,104555,0,232,0
1444178,1,0,0.321182,0.859185,0.646434,0.2937,1,0,,0,0,0,0,0,0,0,0,103808,104555,0,232,0
1444278,1,0,0.224827,0.732314,0.655022,0.290677,1,0,,0,0,0,0,0,0,0,0,103808,104555,0,232,0
1444378,1,0,0.157379,0.617327,0.651253,0.299278,1,0,,0,0,0,0,0,0,0,0,103808,104555,0,232,0
1444478,1,0,0.110165,0.515895,0.637717,0.28209,1,0,,0,0,0,0,0,0,0,0,103808,104555,0,232,0
1444578,1,0,0.0771158,0.428139,0.616759,0.284704,1,0,,0,0,0,0,0,0,0,0,103808,104555,0,232,0
1444678,1,0,0.0539811,0.353307,0.590414,0.27729,1,0,,0,0,0,0,0,0,0,0,103808,104555,0,232,0
1444778,1,0,0.0377867,0.290203,0.560393,0.26884,1,0,,0,0,0,0,0,0,0,0,103808,104555,0,232,0
1444878,1,0,0.0264507,0.237453,0.528099,0.287288,1,0,,0,0,0,0,0,0,0,0,103808,104555,0,232,0
1444978,1,0,0.0185155,0.193665,0.494655,0.302463,1,0,,0,0,0,0,0,0,0,0,103808,104555,0,232,0
1445078,1,0,0.0129609,0.157524,0.460942,0.289376,1,0,,0,0,0,0,0,0,0,0,103808,104555,0,232,0
1445178,1,0,0.0090726,0.127834,0.427631,0.320312,1,0,,0,0,0,0,0,0,0,0,103808,104555,0,232,0
1445278,1,0,0.00635082,0.103537,0.395222,0.274614,1,0,,0,0,0,0,0,0,0,0,103808,104555,0,232,0
1445378,1,0,0.00444557,0.083719,0.364072,0.286376,1,0,,0,0,0,0,0,0,0,0,103808,104555,0,232,0
1445478,1,0,0.0031119,0.0675976,0.334424,0.275787,1,0,,0,0,0,0,0,0,0,0,103808,104555,0,232,0
1445578,1,0,0.00217833,0.0545137,0.306433,0.272761,1,0,,0,0,0,0,0,0,0,0,103808,104555,0,232,0
1445678,1,0,0.00152483,0.043916,0.280182,0.272185,1,0,,0,0,0,0,0,0,0,0,103808,104555,0,232,0
1445778,1,0,0.00106738,0.0353463,0.255698,0.305097,1,0,,0,0,0,0,0,0,0,0,103808,104555,0,232,0
1445878,1,0,0.000747167,0.0284264,0.232971,0.289411,1,0,,0,0,0,0,0,0,0,0,103808,104555,0,232,0
1445978,1,0,0.000523017,0.0228458,0.211958,0.306147,1,0,,0,0,0,0,0,0,0,0,103808,104555,0,232,0
1446078,1,0,0.000366112,0.0183498,0.192597,0.276411,1,0,,0,0,0,0,0,0,0,0,103808,104555,0,232,0
1446178,1,0,0.000256278,0.0147311,0.174811,0.292523,1,0,,0,0,0,0,0,0,0,0,103808,104555,0,232,0
1446278,1,0,0.000179395,0.0118208,0.158512,0.261999,1,0,,0,0,0,0,0,0,0,0,103808,104555,0,232,0
1446378,1,0,0.000125576,0.00948173,0.143609,0.298887,1,0,,0,0,0,0,0,0,0,0,103808,104555,0,232,0
1446478,1,0,8.79035e-005,0.00760297,0.130008,0.307863,1,0,,0,0,0,0,0,0,0,0,103808,104555,0,232,0
1446578,1,0,6.15324e-005,0.00609468,0.117617,0.280301,1,0,,0,0,0,0,0,0,0,0,103808,104555,0,232,0
1446678,1,0,4.30727e-005,0.00488436,0.106344,0.260289,1,0,,0,0,0,0,0,0,0,0,103808,104555,0,232,0
1446778,1,0,3.01509e-005,0.00391352,0.0961006,0.260324,1,0,,0,0,0,0,0,0,0,0,103808,104555,0,232,0
1446878,1,0,2.11056e-005,0.00313504,0.086804,0.2805,1,0,,0,0,0,0,0,0,0,0,103808,104555,0,232,0
1446978,1,0,1.47739e-005,0.00251098,0.0783747,0.288276,1,0,,0,0,0,0,0,0,0,0,103808,104555,0,232,0
1447078,1,0,1.03418e-005,0.00201086,0.0707383,0.294875,1,0,,0,0,0,0,0,0,0,0,103808,104555,0,232,0
1447178,1,0,7.23923e-006,0.00161013,0.0638255,0.269276,1,0,,0,0,0,0,0,0,0,0,103808,104555,0,232,0
1447278,1,0,5.06746e-006,0.00128912,0.0575719,0.255888,1,0,,0,0,0,0,0,0,0,0,103808,104555,0,232,0
1447378,1,0,3.54722e-006,0.001032,0.0519179,0.264842,1,0,,0,0,0,0,0,0,0,0,103808,104555,0,232,0
1447478,1,13,3.9,0.780826,0.124809,0.328935,1,0,,0,0,0,0,0,0,0,0,103808,104555,0,232,0
1447578,1,0,2.73,1.17066,0.229394,0.261423,1,0,,0,0,0,0,0,0,0,0,103808,104555,0,232,0
1447678,1,0,1.911,1.31873,0.338327,0.28,1,0,,0,0,0,0,0,0,0,0,103808,104555,0,232,0
1447778,1,0,1.3377,1.32252,0.436747,0.244038,1,0,,0,0,0,0,0,0,0,0,103808,104555,0,232,0
1447878,1,0,0.936391,1.2453,0.517602,0.279902,1,0,,0,0,0,0,0,0,0,0,103808,104555,0,232,0
1447978,1,0,0.655473,1.12733,0.578575,0.28495,1,0,,0,0,0,0,0,0,0,0,103808,104555,0,232,0
1448078,1,0,0.458831,0.993632,0.620081,0.324409,1,0,,0,0,0,0,0,0,0,0,103808,104555,0,232,0
1448178,1,0,0.321182,0.859142,0.643987,0.27281,1,0,,0,0,0,0,0,0,0,0,103808,104555,0,232,0
1448278,1,0,0.224827,0.732279,0.652816,0.322822,1,0,,0,0,0,0,0,0,0,0,103808,104555,0,232,0
1448378,1,0,0.157379,0.617299,0.649264,0.304084,1,0,,0,0,0,0,0,0,0,0,103808,104555,0,232,0
1448478,1,0,0.110165,0.515872,0.635925,0.273369,1,0,,0,0,0,0,0,0,0,0,103808,104555,0,232,0
1448578,1,0,0.0771158,0.428121,0.615145,0.268444,1,0,,0,0,0,0,0,0,0,0,103808,104555,0,232,0
1448678,1,0,0.053981,0.353293,0.58896,0.277731,1,0,,0,0,0,0,0,0,0,0,103808,104555,0,232,0
1448778,1,0,0.0377867,0.290192,0.559083,0.315168,1,0,,0,0,0,0,0,0,0,0,103808,104555,0,232,0
1448878,1,0,0.0264507,0.237444,0.526919,0.269741,1,0,,0,0,0,0,0,0,0,0,103808,104555,0,232,0
1448978,1,0,0.0185155,0.193658,0.493593,0.26104,1,0,,0,0,0,0,0,0,0,0,103808,104555,0,232,0
1449078,1,0,0.0129608,0.157519,0.459985,0.319301,1,0,,0,0,0,0,0,0,0,0,103808,104555,0,232,0
1449178,1,0,0.00907259,0.127829,0.42677,0.266456,1,0,,0,0,0,0,0,0,0,0,103808,104555,0,232,0
1449278,1,0,0.00635082,0.103534,0.394446,0.282646,1,0,,0,0,0,0,0,0,0,0,103808,104555,0,232,0
1449378,1,0,0.00444557,0.083716,0.363373,0.265934,1,0,,0,0,0,0,0,0,0,0,103808,104555,0,232,0
1449478,1,0,0.0031119,0.0675952,0.333795,0.275271,1,0,,0,0,0,0,0,0,0,0,103808,104555,0,232,0
1449578,1,0,0.00217833,0.0545118,0.305867,0.298419,1,0,,0,0,0,0,0,0,0,0,103808,104555,0,232,0
1449678,1,0,0.00152483,0.0439144,0.279672,0.241519,1,0,,0,0,0,0,0,0,0,0,103808,104555,0,232,0
1449778,1,0,0.00106738,0.035345,0.255239,0.264294,1,0,,0,0,0,0,0,0,0,0,103808,104555,0,232,0
1449878,1,0,0.000747167,0.0284255,0.232558,0.278932,1,0,,0,0,0,0,0,0,0,0,103808,104555,0,232,0
1449978,1,0,0.000523017,0.022845,0.211586,0.276246,1,0,,0,0,0,0,0,0,0,0,103808,104555,0,232,0
1450078,1,0,0.000366112,0.0183492,0.192263,0.306623,1,0,,0,0,0,0,0,0,0,0,103808,104555,0,232,0
1450178,1,0,0.000256278,0.0147306,0.174509,0.265687,1,0,,0,0,0,0,0,0,0,0,103808,104555,0,232,0
1450278,1,0,0.000179395,0.0118204,0.15824,0.274673,1,0,,0,0,0,0,0,0,0,0,103808,104555,0,232,0
1450378,1,0,0.000125576,0.00948141,0.143365,0.284368,1,0,,0,0,0,0,0,0,0,0,103808,104555,0,232,0
1450478,1,0,8.79034e-005,0.00760271,0.129788,0.310319,1,0,,0,0,0,0,0,0,0,0,103808,104555,0,232,0
1450578,1,0,6.15324e-005,0.00609447,0.117419,0.26692,1,0,,0,0,0,0,0,0,0,0,103808,104555,0,232,0
1450678,1,0,4.30727e-005,0.00488419,0.106166,0.290944,1,0,,0,0,0,0,0,0,0,0,103808,104555,0,232,0
1450778,1,0,3.01509e-005,0.00391339,0.0959403,0.289332,1,0,,0,0,0,0,0,0,0,0,103808,104555,0,232,0
1450878,1,0,2.11056e-005,0.00313493,0.0866598,0.274457,1,0,,0,0,0,0,0,0,0,0,103808,104555,0,232,0
1450978,1,0,1.47739e-005,0.0025109,0.0782449,0.325079,1,0,,0,0,0,0,0,0,0,0,103808,104555,0,232,0
1451078,1,0,1.03417e-005,0.00201079,0.0706215,0.317044,1,0,,0,0,0,0,0,0,0,0,103808,104555,0,232,0
1451178,1,0,7.23922e-006,0.00161008,0.0637203,0.269993,1,0,,0,0,0,0,0,0,0,0,103808,104555,0,232,0
1451278,1,0,5.06746e-006,0.00128908,0.0574772,0.296644,1,0,,0,0,0,0,0,0,0,0,103808,104555,0,232,0
1451378,1,12,3.6,0.721032,0.123833,0.28455,1,0,,0,0,0,0,0,0,0,0,103808,104555,0,232,0
1451478,1,0,2.52,1.08083,0.219532,0.301475,1,0,,0,0,0,0,0,0,0,0,103808,104555,0,232,0
1451578,1,0,1.764,1.21746,0.319325,0.309412,1,0,,0,0,0,0,0,0,0,0,103808,104555,0,232,0
1451678,1,0,1.2348,1.22093,0.409485,0.343837,1,0,,0,0,0,0,0,0,0,0,103808,104555,0,232,0
1451778,1,0,0.864361,1.14962,0.483498,0.363425,1,0,,0,0,0,0,0,0,0,0,103808,104555,0,232,0
1451878,1,0,0.605053,1.0407,0.539219,0.293488,1,0,,0,0,0,0,0,0,0,0,103808,104555,0,232,0
1451978,1,0,0.423537,0.91727,0.577024,0.288139,1,0,,0,0,0,0,0,0,0,0,103808,104555,0,232,0
1452078,1,0,0.296476,0.793111,0.598633,0.296702,1,0,,0,0,0,0,0,0,0,0,103808,104555,0,232,0
1452178,1,0,0.207533,0.675995,0.606369,0.302805,1,0,,0,0,0,0,0,0,0,0,103808,104555,0,232,0
1452278,1,0,0.145273,0.569851,0.602717,0.299705,1,0,,0,0,0,0,0,0,0,0,103808,104555,0,232,0
1452378,1,0,0.101691,0.476219,0.590067,0.287854,1,0,,0,0,0,0,0,0,0,0,103808,104555,0,232,0
1452478,1,0,0.0711838,0.395212,0.570582,0.287303,1,0,,0,0,0,0,0,0,0,0,103808,104555,0,232,0
1452578,1,0,0.0498287,0.326135,0.546137,0.273667,1,0,,0,0,0,0,0,0,0,0,103808,104555,0,232,0
1452678,1,0,0.0348801,0.267884,0.518312,0.261767,1,0,,0,0,0,0,0,0,0,0,103808,104555,0,232,0
1452778,1,0,0.024416,0.219191,0.4884,0.285749,1,0,,0,0,0,0,0,0,0,0,103808,104555,0,232,0
1452878,1,0,0.0170912,0.178771,0.457437,0.293637,1,0,,0,0,0,0,0,0,0,0,103808,104555,0,232,0
1452978,1,0,0.0119639,0.145409,0.426234,0.282536,1,0,,0,0,0,0,0,0,0,0,103808,104555,0,232,0
1453078,1,0,0.0083747,0.118002,0.395411,0.288474,1,0,,0,0,0,0,0,0,0,0,103808,104555,0,232,0
1453178,1,0,0.00586229,0.0955744,0.365427,0.284073,1,0,,0,0,0,0,0,0,0,0,103808,104555,0,232,0
1453278,1,0,0.00410361,0.0772803,0.336613,0.28051,1,0,,0,0,0,0,0,0,0,0,103808,104555,0,232,0
1453378,1,0,0.00287252,0.0623987,0.309191,0.297159,1,0,,0,0,0,0,0,0,0,0,103808,104555,0,232,0
1453478,1,0,0.00201077,0.0503211,0.283304,0.294345,1,0,,0,0,0,0,0,0,0,0,103808,104555,0,232,0
1453578,1,0,0.00140754,0.0405384,0.259028,0.287469,1,0,,0,0,0,0,0,0,0,0,103808,104555,0,232,0
1453678,1,0,0.000985275,0.0326278,0.236388,0.288493,1,0,,0,0,0,0,0,0,0,0,103808,104555,0,232,0
1453778,1,0,0.000689693,0.0262402,0.215373,0.287868,1,0,,0,0,0,0,0,0,0,0,103808,104555,0,232,0
1453878,1,0,0.000482785,0.0210887,0.195944,0.250868,1,0,,0,0,0,0,0,0,0,0,103808,104555,0,232,0
1453978,1,0,0.000337949,0.0169385,0.178044,0.306145,1,0,,0,0,0,0,0,0,0,0,103808,104555,0,232,0
1454078,1,0,0.000236565,0.0135981,0.161599,0.25982,1,0,,0,0,0,0,0,0,0,0,103808,104555,0,232,0
1454178,1,0,0.000165595,0.0109116,0.14653,0.299182,1,0,,0,0,0,0,0,0,0,0,103808,104555,0,232,0
1454278,1,0,0.000115917,0.00875249,0.132753,0.293094,1,0,,0,0,0,0,0,0,0,0,103808,104555,0,232,0
1454378,1,0,8.11417e-005,0.00701822,0.120179,0.275667,1,0,,0,0,0,0,0,0,0,0,103808,104555,0,232,0
1454478,1,0,5.67992e-005,0.00562594,0.108724,0.276192,1,0,,0,0,0,0,0,0,0,0,103808,104555,0,232,0
1454578,1,0,3.97594e-005,0.0045087,0.0983024,0.300597,1,0,,0,0,0,0,0,0,0,0,103808,104555,0,232,0
1454678,1,0,2.78316e-005,0.00361253,0.0888334,0.292011,1,0,,0,0,0,0,0,0,0,0,103808,104555,0,232,0
1454778,1,0,1.94821e-005,0.00289392,0.0802394,0.309197,1,0,,0,0,0,0,0,0,0,0,103808,104555,0,232,0
1454878,1,0,1.36375e-005,0.00231786,0.0724473,0.295022,1,0,,0,0,0,0,0,0,0,0,103808,104555,0,232,0
1454978,1,0,9.54623e-006,0.0018562,0.0653882,0.313036,1,0,,0,0,0,0,0,0,0,0,103808,104555,0,232,0
1455078,1,0,6.68236e-006,0.0014863,0.058998,0.274587,1,0,,0,0,0,0,0,0,0,0,103808,104555,0,232,0
1455178,1,0,4.67765e-006,0.00118997,0.0532172,0.297987,1,0,,0,0,0,0,0,0,0,0,103808,104555,0,232,0
1455278,1,0,3.27436e-006,0.000952633,0.0479907,0.272525,1,0,,0,0,0,0,0,0,0,0,103808,104555,0,232,0
1455378,1,13,3.9,0.780763,0.121268,0.275977,1,0,,0,0,0,0,0,0,0,0,103808,104555,0,232,0
1455478,1,0,2.73,1.17061,0.226202,0.291927,1,0,,0,0,0,0,0,0,0,0,103808,104555,0,232,0
1455578,1,0,1.911,1.31869,0.335451,0.279902,1,0,,0,0,0,0,0,0,0,0,103808,104555,0,232,0
1455678,1,0,1.3377,1.32249,0.434155,0.293175,1,0,,0,0,0,0,0,0,0,0,103808,104555,0,232,0
1455778,1,0,0.936391,1.24527,0.515266,0.261813,1,0,,0,0,0,0,0,0,0,0,103808,104555,0,232,0
1455878,1,0,0.655473,1.12731,0.576471,0.303551,1,0,,0,0,0,0,0,0,0,0,103808,104555,0,232,0
1455978,1,0,0.458831,0.993616,0.618185,0.254951,1,0,,0,0,0,0,0,0,0,0,103808,104555,0,232,0
1456078,1,0,0.321182,0.859129,0.64228,0.250638,1,0,,0,0,0,0,0,0,0,0,103808,104555,0,232,0
1456178,1,0,0.224827,0.732269,0.651279,0.310803,1,0,,0,0,0,0,0,0,0,0,103808,104555,0,232,0
1456278,1,0,0.157379,0.617291,0.64788,0.271152,1,0,,0,0,0,0,0,0,0,0,103808,104555,0,232,0
1456378,1,0,0.110165,0.515866,0.634678,0.260067,1,0,,0,0,0,0,0,0,0,0,103808,104555,0,232,0
1456478,1,0,0.0771158,0.428116,0.614022,0.279604,1,0,,0,0,0,0,0,0,0,0,103808,104555,0,232,0
1456578,1,0,0.053981,0.353289,0.587949,0.267604,1,0,,0,0,0,0,0,0,0,0,103808,104555,0,232,0
1456678,1,0,0.0377867,0.290188,0.558173,0.334355,1,0,,0,0,0,0,0,0,0,0,103808,104555,0,232,0
1456778,1,0,0.0264507,0.237441,0.5261,0.300917,1,0,,0,0,0,0,0,0,0,0,103808,104555,0,232,0
1456878,1,0,0.0185155,0.193656,0.492855,0.265528,1,0,,0,0,0,0,0,0,0,0,103808,104555,0,232,0
1456978,1,0,0.0129608,0.157517,0.459321,0.260379,1,0,,0,0,0,0,0,0,0,0,103808,104555,0,232,0
1457078,1,0,0.00907259,0.127828,0.426172,0.266015,1,0,,0,0,0,0,0,0,0,0,103808,104555,0,232,0
1457178,1,0,0.00635082,0.103533,0.393908,0.281054,1,0,,0,0,0,0,0,0,0,0,103808,104555,0,232,0
1457278,1,0,0.00444557,0.0837151,0.362889,0.302629,1,0,,0,0,0,0,0,0,0,0,103808,104555,0,232,0
1457378,1,0,0.0031119,0.0675945,0.333359,0.278064,1,0,,0,0,0,0,0,0,0,0,103808,104555,0,232,0
1457478,1,0,0.00217833,0.0545113,0.305474,0.268777,1,0,,0,0,0,0,0,0,0,0,103808,104555,0,232,0
1457578,1,0,0.00152483,0.043914,0.279318,0.306968,1,0,,0,0,0,0,0,0,0,0,103808,104555,0,232,0
1457678,1,0,0.00106738,0.0353447,0.254921,0.280657,1,0,,0,0,0,0,0,0,0,0,103808,104555,0,232,0
1457778,1,0,0.000747167,0.0284252,0.232271,0.27598,1,0,,0,0,0,0,0,0,0,0,103808,104555,0,232,0
1457878,1,0,0.000523017,0.0228447,0.211329,0.298844,1,0,,0,0,0,0,0,0,0,0,103808,104555,0,232,0
1457978,1,0,0.000366112,0.018349,0.192031,0.290232,1,0,,0,0,0,0,0,0,0,0,103808,104555,0,232,0
1458078,1,0,0.000256278,0.0147305,0.174301,0.267696,1,0,,0,0,0,0,0,0,0,0,103808,104555,0,232,0
1458178,1,0,0.000179395,0.0118203,0.158053,0.281571,1,0,,0,0,0,0,0,0,0,0,103808,104555,0,232,0
1458278,1,0,0.000125576,0.00948132,0.143196,0.287183,1,0,,0,0,0,0,0,0,0,0,103808,104555,0,232,0
1458378,1,0,8.79034e-005,0.00760263,0.129636,0.257457,1,0,,0,0,0,0,0,0,0,0,103808,104555,0,232,0
1458478,1,0,6.15324e-005,0.00609441,0.117282,0.271144,1,0,,0,0,0,0,0,0,0,0,103808,104555,0,232,0
1458578,1,0,4.30727e-005,0.00488415,0.106042,0.262505,1,0,,0,0,0,0,0,0,0,0,103808,104555,0,232,0
1458678,1,0,3.01509e-005,0.00391335,0.0958294,0.279281,1,0,,0,0,0,0,0,0,0,0,103808,104555,0,232,0
1458778,1,0,2.11056e-005,0.0031349,0.0865599,0.298194,1,0,,0,0,0,0,0,0,0,0,103808,104555,0,232,0
1458878,1,0,1.47739e-005,0.00251087,0.078155,0.274332,1,0,,0,0,0,0,0,0,0,0,103808,104555,0,232,0
1458978,1,0,1.03417e-005,0.00201077,0.0705406,0.28077,1,0,,0,0,0,0,0,0,0,0,103808,104555,0,232,0
1459078,1,0,7.23922e-006,0.00161006,0.0636475,0.260296,1,0,,0,0,0,0,0,0,0,0,103808,104555,0,232,0
1459178,1,0,5.06746e-006,0.00128906,0.0574117,0.312332,1,0,,0,0,0,0,0,0,0,0,103808,104555,0,232,0
1459278,1,13,3.9,0.781032,0.129774,0.31543,1,0,,0,0,0,0,0,0,0,0,103808,104555,0,232,0
1459378,1,0,2.73,1.17083,0.233879,0.268979,1,0,,0,0,0,0,0,0,0,0,103808,104555,0,232,0
1459478,1,0,1.911,1.31886,0.342377,0.271566,1,0,,0,0,0,0,0,0,0,0,103808,104555,0,232,0
1459578,1,0,1.3377,1.32263,0.440402,0.277166,1,0,,0,0,0,0,0,0,0,0,103808,104555,0,232,0
1459678,1,0,0.936391,1.24538,0.5209,0.264329,1,0,,0,0,0,0,0,0,0,0,103808,104555,0,232,0
1459778,1,0,0.655474,1.1274,0.58155,0.296204,1,0,,0,0,0,0,0,0,0,0,103808,104555,0,232,0
1459878,1,0,0.458832,0.993686,0.622764,0.285281,1,0,,0,0,0,0,0,0,0,0,103808,104555,0,232,0
1459978,1,0,0.321182,0.859185,0.646406,0.311766,1,0,,0,0,0,0,0,0,0,0,103808,104555,0,232,0
1460078,1,0,0.224827,0.732314,0.654997,0.265329,1,0,,0,0,0,0,0,0,0,0,103808,104555,0,232,0
1460178,1,0,0.157379,0.617327,0.65123,0.274153,1,0,,0,0,0,0,0,0,0,0,103808,104555,0,232,0
1460278,1,0,0.110165,0.515895,0.637696,0.329014,1,0,,0,0,0,0,0,0,0,0,103808,104555,0,232,0
1460378,1,0,0.0771158,0.428139,0.616741,0.311476,1,0,,0,0,0,0,0,0,0,0,103808,104555,0,232,0
1460478,1,0,0.0539811,0.353307,0.590397,0.259112,1,0,,0,0,0,0,0,0,0,0,103808,104555,0,232,0
1460578,1,0,0.0377867,0.290203,0.560378,0.293209,1,0,,0,0,0,0,0,0,0,0,103808,104555,0,232,0
1460678,1,0,0.0264507,0.237453,0.528085,0.275749,1,0,,0,0,0,0,0,0,0,0,103808,104555,0,232,0
1460778,1,0,0.0185155,0.193665,0.494643,0.294747,1,0,,0,0,0,0,0,0,0,0,103808,104555,0,232,0
1460878,1,0,0.0129609,0.157524,0.460931,0.269098,1,0,,0,0,0,0,0,0,0,0,103808,104555,0,232,0
1460978,1,0,0.0090726,0.127834,0.427622,0.270709,1,0,,0,0,0,0,0,0,0,0,103808,104555,0,232,0
1461078,1,0,0.00635082,0.103537,0.395213,0.300298,1,0,,0,0,0,0,0,0,0,0,103808,104555,0,232,0
1461178,1,0,0.00444557,0.083719,0.364064,0.261375,1,0,,0,0,0,0,0,0,0,0,103808,104555,0,232,0
1461278,1,0,0.0031119,0.0675976,0.334417,0.287339,1,0,,0,0,0,0,0,0,0,0,103808,104555,0,232,0
1461378,1,0,0.00217833,0.0545137,0.306427,0.316963,1,0,,0,0,0,0,0,0,0,0,103808,104555,0,232,0
1461478,1,0,0.00152483,0.043916,0.280176,0.277661,1,0,,0,0,0,0,0,0,0,0,103808,104555,0,232,0
1461578,1,0,0.00106738,0.0353463,0.255693,0.279137,1,0,,0,0,0,0,0,0,0,0,103808,104555,0,232,0
1461678,1,0,0.000747167,0.0284264,0.232966,0.301186,1,0,,0,0,0,0,0,0,0,0,103808,104555,0,232,0
1461778,1,0,0.000523017,0.0228458,0.211954,0.269984,1,0,,0,0,0,0,0,0,0,0,103808,104555,0,232,0
1461878,1,0,0.000366112,0.0183498,0.192594,0.263821,1,0,,0,0,0,0,0,0,0,0,103808,104555,0,232,0
1461978,1,0,0.000256278,0.0147311,0.174807,0.380684,1,0,,0,0,0,0,0,0,0,0,103808,104555,0,232,0
1462078,1,0,0.000179395,0.0118208,0.158509,0.274248,1,0,,0,0,0,0,0,0,0,0,103808,104555,0,232,0
1462178,1,0,0.000125576,0.00948173,0.143606,0.258463,1,0,,0,0,0,0,0,0,0,0,103808,104555,0,232,0
1462278,1,0,8.79035e-005,0.00760297,0.130006,0.289936,1,0,,0,0,0,0,0,0,0,0,103808,104555,0,232,0
1462378,1,0,6.15324e-005,0.00609468,0.117615,0.295837,1,0,,0,0,0,0,0,0,0,0,103808,104555,0,232,0
1462478,1,0,4.30727e-005,0.00488436,0.106342,0.24751,1,0,,0,0,0,0,0,0,0,0,103808,104555,0,232,0
1462578,1,0,3.01509e-005,0.00391352,0.0960988,0.293275,1,0,,0,0,0,0,0,0,0,0,103808,104555,0,232,0
1462678,1,0,2.11056e-005,0.00313504,0.0868024,0.295324,1,0,,0,0,0,0,0,0,0,0,103808,104555,0,232,0
1462778,1,0,1.47739e-005,0.00251098,0.0783733,0.302272,1,0,,0,0,0,0,0,0,0,0,103808,104555,0,232,0
1462878,1,0,1.03418e-005,0.00201086,0.070737,0.283071,1,0,,0,0,0,0,0,0,0,0,103808,104555,0,232,0
1462978,1,0,7.23923e-006,0.00161013,0.0638243,0.308957,1,0,,0,0,0,0,0,0,0,0,103808,104555,0,232,0
1463078,1,0,5.06746e-006,0.00128912,0.0575708,0.286557,1,0,,0,0,0,0,0,0,0,0,103808,104555,0,232,0
1463178,1,0,3.54722e-006,0.001032,0.0519169,0.284195,1,0,,0,0,0,0,0,0,0,0,103808,104555,0,232,0
1463278,1,13,3.9,0.780826,0.124808,0.290582,1,0,,0,0,0,0,0,0,0,0,103808,104555,0,232,0
1463378,1,0,2.73,1.17066,0.229393,0.279807,1,0,,0,0,0,0,0,0,0,0,103808,104555,0,232,0
1463478,1,0,1.911,1.31873,0.338327,0.306169,1,0,,0,0,0,0,0,0,0,0,103808,104555,0,232,0
1463578,1,0,1.3377,1.32252,0.436746,0.298468,1,0,,0,0,0,0,0,0,0,0,103808,104555,0,232,0
1463678,1,0,0.936391,1.2453,0.517601,0.283479,1,0,,0,0,0,0,0,0,0,0,103808,104555,0,232,0
1463778,1,0,0.655473,1.12733,0.578575,0.283091,1,0,,0,0,0,0,0,0,0,0,103808,104555,0,232,0
1463878,1,0,0.458831,0.993632,0.62008,0.276203,1,0,,0,0,0,0,0,0,0,0,103808,104555,0,232,0
1463978,1,0,0.321182,0.859142,0.643986,0.283552,1,0,,0,0,0,0,0,0,0,0,103808,104555,0,232,0
1464078,1,0,0.224827,0.732279,0.652816,0.294678,1,0,,0,0,0,0,0,0,0,0,103808,104555,0,232,0
1464178,1,0,0.157379,0.617299,0.649264,0.294338,1,0,,0,0,0,0,0,0,0,0,103808,104555,0,232,0
1464278,1,0,0.110165,0.515872,0.635925,0.274125,1,0,,0,0,0,0,0,0,0,0,103808,104555,0,232,0
1464378,1,0,0.0771158,0.428121,0.615144,0.254675,1,0,,0,0,0,0,0,0,0,0,103808,104555,0,232,0
1464478,1,0,0.053981,0.353293,0.588959,0.304513,1,0,,0,0,0,0,0,0,0,0,103808,104555,0,232,0
1464578,1,0,0.0377867,0.290192,0.559083,0.287377,1,0,,0,0,0,0,0,0,0,0,103808,104555,0,232,0
1464678,1,0,0.0264507,0.237444,0.526919,0.321962,1,0,,0,0,0,0,0,0,0,0,103808,104555,0,232,0
1464778,1,0,0.0185155,0.193658,0.493593,0.27205,1,0,,0,0,0,0,0,0,0,0,103808,104555,0,232,0
1464878,1,0,0.0129608,0.157519,0.459985,0.267749,1,0,,0,0,0,0,0,0,0,0,103808,104555,0,232,0
1464978,1,0,0.00907259,0.127829,0.42677,0.284561,1,0,,0,0,0,0,0,0,0,0,103808,104555,0,232,0
1465078,1,0,0.00635082,0.103534,0.394446,0.251162,1,0,,0,0,0,0,0,0,0,0,103808,104555,0,232,0
1465178,1,0,0.00444557,0.083716,0.363373,0.258136,1,0,,0,0,0,0,0,0,0,0,103808,104555,0,232,0
1465278,1,0,0.0031119,0.0675952,0.333795,0.280649,1,0,,0,0,0,0,0,0,0,0,103808,104555,0,232,0
1465378,1,0,0.00217833,0.0545118,0.305867,0.271308,1,0,,0,0,0,0,0,0,0,0,103808,104555,0,232,0
1465478,1,0,0.00152483,0.0439144,0.279672,0.272296,1,0,,0,0,0,0,0,0,0,0,103808,104555,0,232,0
1465578,1,0,0.00106738,0.035345,0.255239,0.322294,1,0,,0,0,0,0,0,0,0,0,103808,104555,0,232,0
1465678,1,0,0.000747167,0.0284255,0.232558,0.300895,1,0,,0,0,0,0,0,0,0,0,103808,104555,0,232,0
1465778,1,0,0.000523017,0.022845,0.211586,0.293795,1,0,,0,0,0,0,0,0,0,0,103808,104555,0,232,0
1465878,1,0,0.000366112,0.0183492,0.192263,0.253958,1,0,,0,0,0,0,0,0,0,0,103808,104555,0,232,0
1465978,1,0,0.000256278,0.0147306,0.174509,0.280332,1,0,,0,0,0,0,0,0,0,0,103808,104555,0,232,0
1466078,1,0,0.000179395,0.0118204,0.15824,0.249434,1,0,,0,0,0,0,0,0,0,0,103808,104555,0,232,0
1466178,1,0,0.000125576,0.00948141,0.143365,0.277821,1,0,,0,0,0,0,0,0,0,0,103808,104555,0,232,0
1466278,1,0,8.79034e-005,0.00760271,0.129788,0.312934,1,0,,0,0,0,0,0,0,0,0,103808,104555,0,232,0
1466378,1,0,6.15324e-005,0.00609447,0.117419,0.305646,1,0,,0,0,0,0,0,0,0,0,103808,104555,0,232,0
1466478,1,0,4.30727e-005,0.00488419,0.106166,0.250459,1,0,,0,0,0,0,0,0,0,0,103808,104555,0,232,0
1466578,1,0,3.01509e-005,0.00391339,0.0959403,0.284011,1,0,,0,0,0,0,0,0,0,0,103808,104555,0,232,0
1466678,1,0,2.11056e-005,0.00313493,0.0866598,0.347361,1,0,,0,0,0,0,0,0,0,0,103808,104555,0,232,0
1466778,1,0,1.47739e-005,0.0025109,0.0782449,0.294988,1,0,,0,0,0,0,0,0,0,0,103808,104555,0,232,0
1466878,1,0,1.03417e-005,0.00201079,0.0706215,0.259551,1,0,,0,0,0,0,0,0,0,0,103808,104555,0,232,0
1466978,1,0,7.23922e-006,0.00161008,0.0637203,0.263124,1,0,,0,0,0,0,0,0,0,0,103808,104555,0,232,0
1467078,1,0,5.06746e-006,0.00128908,0.0574772,0.309986,1,0,,0,0,0,0,0,0,0,0,103808,104555,0,232,0
1467178,1,0,3.54722e-006,0.00103197,0.0518327,0.29022,1,0,,0,0,0,0,0,0,0,0,103808,104555,0,232,0
1467278,1,12,3.6,0.720826,0.118732,0.281269,1,0,,0,0,0,0,0,0,0,0,103808,104555,0,232,0
1467378,1,0,2.52,1.08066,0.214925,0.287257,1,0,,0,0,0,0,0,0,0,0,103808,104555,0,232,0
1467478,1,0,1.764,1.21733,0.315165,0.264056,1,0,,0,0,0,0,0,0,0,0,103808,104555,0,232,0
1467578,1,0,1.2348,1.22082,0.405731,0.270893,1,0,,0,0,0,0,0,0,0,0,103808,104555,0,232,0
1467678,1,0,0.864361,1.14953,0.480111,0.298155,1,0,,0,0,0,0,0,0,0,0,103808,104555,0,232,0
1467778,1,0,0.605052,1.04064,0.536164,0.269281,1,0,,0,0,0,0,0,0,0,0,103808,104555,0,232,0
1467878,1,0,0.423537,0.917216,0.574269,0.293044,1,0,,0,0,0,0,0,0,0,0,103808,104555,0,232,0
1467978,1,0,0.296476,0.793068,0.596149,0.315921,1,0,,0,0,0,0,0,0,0,0,103808,104555,0,232,0
1468078,1,0,0.207533,0.675961,0.60413,0.29806,1,0,,0,0,0,0,0,0,0,0,103808,104555,0,232,0
1468178,1,0,0.145273,0.569823,0.600699,0.279923,1,0,,0,0,0,0,0,0,0,0,103808,104555,0,232,0
1468278,1,0,0.101691,0.476197,0.588249,0.263572,1,0,,0,0,0,0,0,0,0,0,103808,104555,0,232,0
1468378,1,0,0.0711838,0.395194,0.568944,0.265203,1,0,,0,0,0,0,0,0,0,0,103808,104555,0,232,0
1468478,1,0,0.0498287,0.326121,0.544661,0.278729,1,0,,0,0,0,0,0,0,0,0,103808,104555,0,232,0
1468578,1,0,0.0348801,0.267873,0.516982,0.265253,1,0,,0,0,0,0,0,0,0,0,103808,104555,0,232,0
1468678,1,0,0.024416,0.219182,0.487202,0.273201,1,0,,0,0,0,0,0,0,0,0,103808,104555,0,232,0
1468778,1,0,0.0170912,0.178763,0.456358,0.287139,1,0,,0,0,0,0,0,0,0,0,103808,104555,0,232,0
1468878,1,0,0.0119639,0.145404,0.425263,0.334251,1,0,,0,0,0,0,0,0,0,0,103808,104555,0,232,0
1468978,1,0,0.0083747,0.117998,0.394536,0.294114,1,0,,0,0,0,0,0,0,0,0,103808,104555,0,232,0
1469078,1,0,0.00586229,0.0955707,0.36464,0.331203,1,0,,0,0,0,0,0,0,0,0,103808,104555,0,232,0
1469178,1,0,0.0041036,0.0772773,0.335904,0.271203,1,0,,0,0,0,0,0,0,0,0,103808,104555,0,232,0
1469278,1,0,0.00287252,0.0623963,0.308553,0.28328,1,0,,0,0,0,0,0,0,0,0,103808,104555,0,232,0
1469378,1,0,0.00201077,0.0503192,0.282729,0.279391,1,0,,0,0,0,0,0,0,0,0,103808,104555,0,232,0
1469478,1,0,0.00140754,0.0405369,0.25851,0.272953,1,0,,0,0,0,0,0,0,0,0,103808,104555,0,232,0
1469578,1,0,0.000985275,0.0326266,0.235922,0.302179,1,0,,0,0,0,0,0,0,0,0,103808,104555,0,232,0
1469678,1,0,0.000689693,0.0262392,0.214953,0.27788,1,0,,0,0,0,0,0,0,0,0,103808,104555,0,232,0
1469778,1,0,0.000482785,0.0210879,0.195567,0.327181,1,0,,0,0,0,0,0,0,0,0,103808,104555,0,232,0
1469878,1,0,0.000337949,0.0169379,0.177704,0.296532,1,0,,0,0,0,0,0,0,0,0,103808,104555,0,232,0
1469978,1,0,0.000236565,0.0135976,0.161293,0.32087,1,0,,0,0,0,0,0,0,0,0,103808,104555,0,232,0
1470078,1,0,0.000165595,0.0109112,0.146255,0.272119,1,0,,0,0,0,0,0,0,0,0,103808,104555,0,232,0
1470178,1,0,0.000115917,0.00875217,0.132505,0.301213,1,0,,0,0,0,0,0,0,0,0,103808,104555,0,232,0
1470278,1,0,8.11416e-005,0.00701796,0.119956,0.263952,1,0,,0,0,0,0,0,0,0,0,103808,104555,0,232,0
1470378,1,0,5.67992e-005,0.00562573,0.108523,0.304391,1,0,,0,0,0,0,0,0,0,0,103808,104555,0,232,0
1470478,1,0,3.97594e-005,0.00450854,0.0981217,0.32388,1,0,,0,0,0,0,0,0,0,0,103808,104555,0,232,0
1470578,1,0,2.78316e-005,0.0036124,0.0886707,0.280195,1,0,,0,0,0,0,0,0,0,0,103808,104555,0,232,0
1470678,1,0,1.94821e-005,0.00289381,0.080093,0.29812,1,0,,0,0,0,0,0,0,0,0,103808,104555,0,232,0
1470778,1,0,1.36375e-005,0.00231778,0.0723155,0.27814,1,0,,0,0,0,0,0,0,0,0,103808,104555,0,232,0
1470878,1,0,9.54623e-006,0.00185613,0.0652696,0.271427,1,0,,0,0,0,0,0,0,0,0,103808,104555,0,232,0
1470978,1,0,6.68236e-006,0.00148624,0.0588912,0.271175,1,0,,0,0,0,0,0,0,0,0,103808,104555,0,232,0
1471078,1,0,4.67765e-006,0.00118993,0.0531211,0.264687,1,0,,0,0,0,0,0,0,0,0,103808,104555,0,232,0
1471178,1,13,3.9,0.780953,0.125904,0.290846,1,0,,0,0,0,0,0,0,0,0,103808,104555,0,232,0
1471278,1,0,2.73,1.17076,0.23039,0.331659,1,0,,0,0,0,0,0,0,0,0,103808,104555,0,232,0
1471378,1,0,1.911,1.31881,0.339232,0.270794,1,0,,0,0,0,0,0,0,0,0,103808,104555,0,232,0
1471481,1,1.94175,1.92023,1.43909,0.449218,0.273284,1,0,,0,0,0,0,0,0,0,0,103808,104555,0,232,0
1471581,1,0,1.34416,1.42011,0.546307,0.290923,1,0,,0,0,0,0,0,0,0,0,103808,104555,0,232,0
1471681,1,0,0.94091,1.32427,0.624103,0.267798,1,0,,0,0,0,0,0,0,0,0,103808,104555,0,232,0
1471781,1,0,0.658637,1.19114,0.680807,0.287548,1,0,,0,0,0,0,0,0,0,0,103808,104555,0,232,0
1471881,1,0,0.461046,1.04512,0.717238,0.307074,1,0,,0,0,0,0,0,0,0,0,103808,104555,0,232,0
1471981,1,0,0.322732,0.900644,0.735579,0.255359,1,0,,0,0,0,0,0,0,0,0,103808,104555,0,232,0
1472081,1,0,0.225913,0.765698,0.738591,0.276598,1,0,,0,0,0,0,0,0,0,0,103808,104555,0,232,0
1472181,1,0,0.158139,0.644186,0.72915,0.288936,1,0,,0,0,0,0,0,0,0,0,103808,104555,0,232,0
1472281,1,0,0.110697,0.537488,0.709984,0.279498,1,0,,0,0,0,0,0,0,0,0,103808,104555,0,232,0
1472381,1,0,0.077488,0.445488,0.683535,0.269737,1,0,,0,0,0,0,0,0,0,0,103808,104555,0,232,0
1472481,1,0,0.0542416,0.367239,0.651905,0.292462,1,0,,0,0,0,0,0,0,0,0,103808,104555,0,232,0
1472581,1,0,0.0379691,0.301385,0.616853,0.277644,1,0,,0,0,0,0,0,0,0,0,103808,104555,0,232,0
1472681,1,0,0.0265784,0.246424,0.57981,0.287419,1,0,,0,0,0,0,0,0,0,0,103808,104555,0,232,0
1472781,1,0,0.0186049,0.20086,0.541915,0.294345,1,0,,0,0,0,0,0,0,0,0,103808,104555,0,232,0
1472881,1,0,0.0130234,0.163293,0.504053,0.312743,1,0,,0,0,0,0,0,0,0,0,103808,104555,0,232,0
1472981,1,0,0.00911639,0.132457,0.466893,0.267668,1,0,,0,0,0,0,0,0,0,0,103808,104555,0,232,0
1473081,1,0,0.00638147,0.107242,0.430928,0.256257,1,0,,0,0,0,0,0,0,0,0,103808,104555,0,232,0
1473181,1,0,0.00446703,0.0866871,0.396504,0.286294,1,0,,0,0,0,0,0,0,0,0,103808,104555,0,232,0
1473281,1,0,0.00312692,0.0699751,0.363851,0.29107,1,0,,0,0,0,0,0,0,0,0,103808,104555,0,232,0
1473381,1,0,0.00218884,0.0564178,0.333108,0.266619,1,0,,0,0,0,0,0,0,0,0,103808,104555,0,232,0
1473481,1,9,2.70153,0.585441,0.358341,0.303945,1,0,,0,0,0,0,0,0,0,0,103808,104555,0,232,0
1473581,1,1,2.19107,0.906567,0.413164,0.26212,1,0,,0,0,0,0,0,0,0,0,103808,104555,0,232,0
1473681,0,199904,59972.7,11995.3,1199.9,0.038404,1,0,,0,0,0,0,0,0,0,0,103808,104555,0,232,0
1473781,0,0,41980.9,17992.4,2879.15,0.0399121,1,0,,0,0,0,0,0,0,0,0,103808,104555,0,232,0
1473881,0,0,29386.6,20271.3,4618.36,0.0400362,1,0,,0,0,0,0,0,0,0,0,103808,104555,0,232,0
1473981,1,125,20608.2,20338.6,6190.39,14.3834,1,0,,0,0,0,0,0,0,0,0,103808,104555,0,232,0
1474081,1,0,14425.7,19156,7486.95,0.278486,1,0,,0,0,0,0,0,0,0,0,103808,104555,0,232,0
1474181,1,0,10098,17344.4,8472.7,0.298197,1,0,,0,0,0,0,0,0,0,0,103808,104555,0,232,0
1474281,1,0,7068.6,15289.3,9154.36,0.295347,1,0,,0,0,0,0,0,0,0,0,103808,104555,0,232,0
1474381,1,2,4948.62,13221.1,9561.04,0.293854,1,0,,0,0,0,0,0,0,0,0,103808,104555,0,232,0
1474481,1,69,3484.73,11273.9,9732.32,0.303367,1,0,,0,0,0,0,0,0,0,0,103808,104555,0,232,0
1474581,1,19,2445.01,9508.09,9709.89,0.307868,1,0,,0,0,0,0,0,0,0,0,103808,104555,0,232,0
1474681,1,0,1711.51,7948.77,9533.78,0.326607,1,0,,0,0,0,0,0,0,0,0,103808,104555,0,232,0
1474781,1,1,1198.36,6598.69,9240.27,0.35042,1,0,,0,0,0,0,0,0,0,0,103808,104555,0,232,0
1474881,1,24,846.049,5448.16,8861.06,0.33221,1,0,,0,0,0,0,0,0,0,0,103808,104555,0,232,0
1474981,1,6,594.034,4477.34,8422.69,0.305048,1,0,,0,0,0,0,0,0,0,0,103808,104555,0,232,0
1475081,1,10,418.824,3665.63,7946.98,0.309697,1,0,,0,0,0,0,0,0,0,0,103808,104555,0,232,0
1475181,1,3,294.077,2991.32,7451.42,0.296347,1,0,,0,0,0,0,0,0,0,0,103808,104555,0,232,0
1475281,1,3,206.754,2434.41,6949.72,0.294659,1,0,,0,0,0,0,0,0,0,0,103808,104555,0,232,0
1475381,1,11,148.028,1977.13,6452.46,0.31892,1,0,,0,0,0,0,0,0,0,0,103808,104555,0,232,0
1475481,1,16,108.419,1603.39,5967.55,0.306887,1,0,,0,0,0,0,0,0,0,0,103808,104555,0,232,0
1475581,1,2,76.4935,1298.01,5500.6,0.309889,1,0,,0,0,0,0,0,0,0,0,103808,104555,0,232,0
1475681,1,4,54.7455,1049.36,5055.47,0.325513,1,0,,0,0,0,0,0,0,0,0,103808,104555,0,232,0
1475781,1,2,38.9218,847.271,4634.65,0.327737,1,0,,0,0,0,0,0,0,0,0,103808,104555,0,232,0
1475881,1,5,28.7453,683.566,4239.54,0.334035,1,0,,0,0,0,0,0,0,0,0,103808,104555,0,232,0
1475981,1,2,20.7217,550.997,3870.69,0.318675,1,0,,0,0,0,0,0,0,0,0,103808,104555,0,232,0
1476081,1,3,15.4052,443.878,3528.01,0.29635,1,0,,0,0,0,0,0,0,0,0,103808,104555,0,232,0
1476181,1,5,12.2836,357.56,3210.96,0.309375,1,0,,0,0,0,0,0,0,0,0,103808,104555,0,232,0
1476281,1,3,9.49854,287.947,2918.66,0.303285,1,0,,0,0,0,0,0,0,0,0,103808,104555,0,232,0
1476381,1,0,6.64898,231.688,2649.96,0.31706,1,0,,0,0,0,0,0,0,0,0,103808,104555,0,232,0
1476481,1,4,5.85429,186.521,2403.62,0.346936,1,0,,0,0,0,0,0,0,0,0,103808,104555,0,232,0
1476581,1,3,4.998,150.216,2178.28,0.349998,1,0,,0,0,0,0,0,0,0,0,103808,104555,0,232,0
1476681,1,0,3.4986,120.873,1972.54,0.297324,1,0,,0,0,0,0,0,0,0,0,103808,104555,0,232,0
1476781,1,0,2.44902,97.1881,1785,0.286609,1,0,,0,0,0,0,0,0,0,0,103808,104555,0,232,0
1476881,1,2,2.31431,78.2133,1614.32,0.28751,1,0,,0,0,0,0,0,0,0,0,103808,104555,0,232,0
1476981,1,5,3.12002,63.1947,1459.21,0.357136,1,0,,0,0,0,0,0,0,0,0,103808,104555,0,232,0
1477081,1,8,4.58401,51.4725,1318.44,0.273599,1,0,,0,0,0,0,0,0,0,0,103808,104555,0,232,0
1477181,1,11,6.50881,42.4798,1190.84,0.308135,1,0,,0,0,0,0,0,0,0,0,103808,104555,0,232,0
1477281,1,8,6.95617,35.3751,1075.29,0.315984,1,0,,0,0,0,0,0,0,0,0,103808,104555,0,232,0
1477381,1,5,6.36932,29.5739,970.722,0.302588,1,0,,0,0,0,0,0,0,0,0,103808,104555,0,232,0
1477481,1,2,5.05852,24.6708,876.117,0.339964,1,0,,0,0,0,0,0,0,0,0,103808,104555,0,232,0
1477581,1,5,5.04097,20.7449,790.58,0.291401,1,0,,0,0,0,0,0,0,0,0,103808,104555,0,232,0
1477681,1,0,3.52868,17.3016,713.252,0.306988,1,0,,0,0,0,0,0,0,0,0,103808,104555,0,232,0
1477781,1,3,3.37007,14.5153,643.378,0.323552,1,0,,0,0,0,0,0,0,0,0,103808,104555,0,232,0
1477881,1,2,2.95905,12.2041,580.261,0.322914,1,0,,0,0,0,0,0,0,0,0,103808,104555,0,232,0
1477981,1,9,4.77134,10.7175,523.307,0.311735,1,0,,0,0,0,0,0,0,0,0,103808,104555,0,232,0
1478081,1,3,4.23993,9.422,471.918,0.302161,1,0,,0,0,0,0,0,0,0,0,103808,104555,0,232,0
1478181,1,15,7.46795,9.03119,425.629,0.282686,1,0,,0,0,0,0,0,0,0,0,103808,104555,0,232,0
1478281,1,5,6.72757,8.57047,383.924,0.29101,1,0,,0,0,0,0,0,0,0,0,103808,104555,0,232,0
1478381,1,5,6.2093,8.09823,346.341,0.336898,1,0,,0,0,0,0,0,0,0,0,103808,104555,0,232,0
1478481,1,8,6.74651,7.82789,312.49,0.289546,1,0,,0,0,0,0,0,0,0,0,103808,104555,0,232,0
1478581,1,13,8.62256,7.98682,282.039,0.280197,1,0,,0,0,0,0,0,0,0,0,103808,104555,0,232,0
1478681,1,2,6.63579,7.71662,254.607,0.314108,1,0,,0,0,0,0,0,0,0,0,103808,104555,0,232,0
1478781,1,5,6.14505,7.4023,229.887,0.284409,1,0,,0,0,0,0,0,0,0,0,103808,104555,0,232,0
1478881,1,17,9.40154,7.80215,207.678,0.314445,1,0,,0,0,0,0,0,0,0,0,103808,104555,0,232,0
1478981,1,4,7.78108,7.79794,187.69,0.305833,1,0,,0,0,0,0,0,0,0,0,103808,104555,0,232,0
1479081,1,2,6.04675,7.4477,169.666,0.306045,1,0,,0,0,0,0,0,0,0,0,103808,104555,0,232,0
1479181,1,5,5.73273,7.1047,153.41,0.304345,1,0,,0,0,0,0,0,0,0,0,103808,104555,0,232,0
1479281,1,2,4.61291,6.60635,138.729,0.308208,1,0,,0,0,0,0,0,0,0,0,103808,104555,0,232,0
1479382,1,19.802,9.16963,7.119,125.568,0.287822,1,0,,0,0,0,0,0,0,0,0,103808,104555,0,232,0
1479482,1,5,7.91874,7.27895,113.739,0.294875,1,0,,0,0,0,0,0,0,0,0,103808,104555,0,232,0
1479582,1,11,8.84312,7.59178,103.125,0.331075,1,0,,0,0,0,0,0,0,0,0,103808,104555,0,232,0
1479682,1,17,11.2902,8.33146,93.6453,0.302611,1,0,,0,0,0,0,0,0,0,0,103808,104555,0,232,0
1479782,1,8,10.3031,8.7258,85.1534,0.315903,1,0,,0,0,0,0,0,0,0,0,103808,104555,0,232,0
1479882,1,0,7.21219,8.42308,77.4803,0.346941,1,0,,0,0,0,0,0,0,0,0,103808,104555,0,232,0
1479982,1,0,5.04853,7.74817,70.5071,0.299478,1,0,,0,0,0,0,0,0,0,0,103808,104555,0,232,0
1480082,1,0,3.53397,6.90533,64.1469,0.291491,1,0,,0,0,0,0,0,0,0,0,103808,104555,0,232,0
1480182,1,20,8.47378,7.21902,58.4542,0.280003,1,0,,0,0,0,0,0,0,0,0,103808,104555,0,232,0
1480282,1,9,8.63165,7.50154,53.3589,0.299717,1,0,,0,0,0,0,0,0,0,0,103808,104555,0,232,0
1480382,1,12,9.64215,7.92967,48.816,0.330642,1,0,,0,0,0,0,0,0,0,0,103808,104555,0,232,0
1480482,1,5,8.24951,7.99363,44.7337,0.305895,1,0,,0,0,0,0,0,0,0,0,103808,104555,0,232,0
1480582,1,17,10.8747,8.56984,41.1173,0.278894,1,0,,0,0,0,0,0,0,0,0,103808,104555,0,232,0
1480682,1,7,9.71226,8.79832,37.8854,0.306418,1,0,,0,0,0,0,0,0,0,0,103808,104555,0,232,0
1480782,1,5,8.29858,8.69837,34.9667,0.302945,1,0,,0,0,0,0,0,0,0,0,103808,104555,0,232,0
1480882,1,4,7.00901,8.3605,32.3061,0.297007,1,0,,0,0,0,0,0,0,0,0,103808,104555,0,232,0
1480982,1,7,7.0063,8.08966,29.8845,0.31736,1,0,,0,0,0,0,0,0,0,0,103808,104555,0,232,0
1481082,1,23,11.8044,8.83261,27.7793,0.304723,1,0,,0,0,0,0,0,0,0,0,103808,104555,0,232,0
1481182,1,17,13.3631,9.73871,25.9752,0.310434,1,0,,0,0,0,0,0,0,0,0,103808,104555,0,232,0
1481282,1,28,17.7542,11.3418,24.5119,0.307022,1,0,,0,0,0,0,0,0,0,0,103808,104555,0,232,0
1481382,1,13,16.3279,12.339,23.2946,0.334374,1,0,,0,0,0,0,0,0,0,0,103808,104555,0,232,0
1481482,1,0,11.4295,12.1571,22.1808,0.285787,1,0,,0,0,0,0,0,0,0,0,103808,104555,0,232,0
1481582,1,0,8.00068,11.3258,21.0953,0.309822,1,0,,0,0,0,0,0,0,0,0,103808,104555,0,232,0
1481682,1,0,5.60047,10.1808,20.0039,0.323484,1,0,,0,0,0,0,0,0,0,0,103808,104555,0,232,0
1481782,1,0,3.92033,8.92868,18.8964,0.324796,1,0,,0,0,0,0,0,0,0,0,103808,104555,0,232,0
1481882,1,0,2.74423,7.69179,17.7759,0.286396,1,0,,0,0,0,0,0,0,0,0,103808,104555,0,232,0
1481982,1,0,1.92096,6.53762,16.6521,0.310472,1,0,,0,0,0,0,0,0,0,0,103808,104555,0,232,0
1482082,1,0,1.34467,5.49903,15.5368,0.318585,1,0,,0,0,0,0,0,0,0,0,103808,104555,0,232,0
1482182,1,0,0.941272,4.58748,14.4418,0.315884,1,0,,0,0,0,0,0,0,0,0,103808,104555,0,232,0
1482282,1,0,0.65889,3.80176,13.3778,0.315634,1,0,,0,0,0,0,0,0,0,0,103808,104555,0,232,0
1482382,1,0,0.461223,3.13366,12.3534,0.299173,1,0,,0,0,0,0,0,0,0,0,103808,104555,0,232,0
1482482,1,0,0.322856,2.5715,11.3752,0.308486,1,0,,0,0,0,0,0,0,0,0,103808,104555,0,232,0
1482582,1,0,0.225999,2.1024,10.4479,0.280284,1,0,,0,0,0,0,0,0,0,0,103808,104555,0,232,0
1482682,1,0,0.1582,1.71356,9.5745,0.290273,1,0,,0,0,0,0,0,0,0,0,103808,104555,0,232,0
1482782,1,0,0.11074,1.39299,8.75635,0.293294,1,0,,0,0,0,0,0,0,0,0,103808,104555,0,232,0
1482882,1,0,0.0775178,1.1299,7.9937,0.301156,1,0,,0,0,0,0,0,0,0,0,103808,104555,0,232,0
1482982,1,0,0.0542624,0.914771,7.28581,0.319006,1,0,,0,0,0,0,0,0,0,0,103808,104555,0,232,0
1483082,1,0,0.0379837,0.739414,6.63117,0.292969,1,0,,0,0,0,0,0,0,0,0,103808,104555,0,232,0
1483182,1,0,0.0265886,0.596849,6.02774,0.294817,1,0,,0,0,0,0,0,0,0,0,103808,104555,0,232,0
1483282,1,0,0.018612,0.481201,5.47308,0.294318,1,0,,0,0,0,0,0,0,0,0,103808,104555,0,232,0
1483382,1,13,3.91303,1.16757,5.04253,0.292156,1,0,,0,0,0,0,0,0,0,0,103808,104555,0,232,0
1483482,1,0,2.73912,1.48188,4.68647,0.294429,1,0,,0,0,0,0,0,0,0,0,103808,104555,0,232,0
1483582,1,0,1.91738,1.56898,4.37472,0.27113,1,0,,0,0,0,0,0,0,0,0,103808,104555,0,232,0
1483682,1,0,1.34217,1.52362,4.08961,0.314504,1,0,,0,0,0,0,0,0,0,0,103808,104555,0,232,0
1483782,1,0,0.939518,1.4068,3.82133,0.315117,1,0,,0,0,0,0,0,0,0,0,103808,104555,0,232,0
1483882,1,0,0.657663,1.25697,3.56489,0.289054,1,0,,0,0,0,0,0,0,0,0,103808,104555,0,232,0
1483982,1,0,0.460364,1.09765,3.31817,0.29359,1,0,,0,0,0,0,0,0,0,0,103808,104555,0,232,0
1484082,1,0,0.322255,0.94257,3.08061,0.287455,1,0,,0,0,0,0,0,0,0,0,103808,104555,0,232,0
1484182,1,0,0.225578,0.799172,2.85246,0.308854,1,0,,0,0,0,0,0,0,0,0,103808,104555,0,232,0
1484282,1,0,0.157905,0.670918,2.63431,0.304542,1,0,,0,0,0,0,0,0,0,0,103808,104555,0,232,0
1484382,1,0,0.110533,0.558841,2.42676,0.297281,1,0,,0,0,0,0,0,0,0,0,103808,104555,0,232,0
1484482,1,0,0.0773733,0.462548,2.23034,0.283782,1,0,,0,0,0,0,0,0,0,0,103808,104555,0,232,0
1484582,1,2,0.654161,0.500871,2.05739,0.31234,1,0,,0,0,0,0,0,0,0,0,103808,104555,0,232,0
1484682,1,0,0.457913,0.492279,1.90088,0.295977,1,0,,0,0,0,0,0,0,0,0,103808,104555,0,232,0
1484782,1,0,0.320539,0.457931,1.75659,0.313728,1,0,,0,0,0,0,0,0,0,0,103808,104555,0,232,0
1484882,1,0,0.224377,0.41122,1.62205,0.279754,1,0,,0,0,0,0,0,0,0,0,103808,104555,0,232,0
1484982,1,0,0.157064,0.360389,1.49588,0.300342,1,0,,0,0,0,0,0,0,0,0,103808,104555,0,232,0
1485082,1,0,0.109945,0.3103,1.37733,0.333503,1,0,,0,0,0,0,0,0,0,0,103808,104555,0,232,0
1485182,1,0,0.0769614,0.263632,1.26596,0.30212,1,0,,0,0,0,0,0,0,0,0,103808,104555,0,232,0
1485282,1,0,0.053873,0.221681,1.16153,0.296585,1,0,,0,0,0,0,0,0,0,0,103808,104555,0,232,0
1485382,1,0,0.0377111,0.184887,1.06386,0.276235,1,0,,0,0,0,0,0,0,0,0,103808,104555,0,232,0
1485482,1,0,0.0263978,0.153189,0.972797,0.278648,1,0,,0,0,0,0,0,0,0,0,103808,104555,0,232,0
1485582,1,0,0.0184784,0.126247,0.888142,0.304685,1,0,,0,0,0,0,0,0,0,0,103808,104555,0,232,0
1485682,1,0,0.0129349,0.103584,0.809686,0.286797,1,0,,0,0,0,0,0,0,0,0,103808,104555,0,232,0
1485782,1,0,0.00905443,0.0846784,0.737185,0.305135,1,0,,0,0,0,0,0,0,0,0,103808,104555,0,232,0
1485882,1,0,0.0063381,0.0690104,0.670368,0.33516,1,0,,0,0,0,0,0,0,0,0,103808,104555,0,232,0
1485982,1,0,0.00443667,0.0560956,0.608941,0.321248,1,0,,0,0,0,0,0,0,0,0,103808,104555,0,232,0
1486082,1,0,0.00310567,0.0454976,0.552596,0.319035,1,0,,0,0,0,0,0,0,0,0,103808,104555,0,232,0
1486182,1,0,0.00217397,0.0368329,0.50102,0.308223,1,0,,0,0,0,0,0,0,0,0,103808,104555,0,232,0
1486282,1,0,0.00152178,0.0297707,0.453895,0.32076,1,0,,0,0,0,0,0,0,0,0,103808,104555,0,232,0
1486382,1,0,0.00106524,0.0240296,0.410908,0.306934,1,0,,0,0,0,0,0,0,0,0,103808,104555,0,232,0
1486482,1,0,0.000745671,0.0193728,0.371755,0.28141,1,0,,0,0,0,0,0,0,0,0,103808,104555,0,232,0
1486582,1,0,0.00052197,0.0156026,0.33614,0.297871,1,0,,0,0,0,0,0,0,0,0,103808,104555,0,232,0
1486682,1,0,0.000365379,0.0125552,0.303781,0.349283,1,0,,0,0,0,0,0,0,0,0,103808,104555,0,232,0
1486782,1,0,0.000255765,0.0100953,0.274413,0.29492,1,0,,0,0,0,0,0,0,0,0,103808,104555,0,232,0
1486882,1,0,0.000179036,0.00811205,0.247782,0.297094,1,0,,0,0,0,0,0,0,0,0,103808,104555,0,232,0
1486982,1,0,0.000125325,0.00651471,0.223656,0.303225,1,0,,0,0,0,0,0,0,0,0,103808,104555,0,232,0
1487082,1,0,8.77275e-005,0.00522931,0.201813,0.347861,1,0,,0,0,0,0,0,0,0,0,103808,104555,0,232,0
1487182,1,0,6.14092e-005,0.00419573,0.182051,0.312325,1,0,,0,0,0,0,0,0,0,0,103808,104555,0,232,0
1487282,1,13,3.90004,0.783365,0.242183,0.338357,1,0,,0,0,0,0,0,0,0,0,103808,104555,0,232,0
1487382,1,0,2.73003,1.1727,0.335234,0.318155,1,0,,0,0,0,0,0,0,0,0,103808,104555,0,232,0
1487482,1,0,1.91102,1.32036,0.433747,0.326006,1,0,,0,0,0,0,0,0,0,0,103808,104555,0,232,0
1487582,1,1,1.63771,1.38383,0.528756,0.311831,1,0,,0,0,0,0,0,0,0,0,103808,104555,0,232,0
1487682,1,0,1.1464,1.33635,0.609515,0.33898,1,0,,0,0,0,0,0,0,0,0,103808,104555,0,232,0
1487782,1,0,0.80248,1.22957,0.671521,0.303129,1,0,,0,0,0,0,0,0,0,0,103808,104555,0,232,0
1487882,1,0,0.561736,1.09601,0.713969,0.33603,1,0,,0,0,0,0,0,0,0,0,103808,104555,0,232,0
1487982,1,0,0.393215,0.955448,0.738117,0.292967,1,0,,0,0,0,0,0,0,0,0,103808,104555,0,232,0
1488082,1,0,0.275251,0.819408,0.746246,0.292416,1,0,,0,0,0,0,0,0,0,0,103808,104555,0,232,0
1488182,1,0,0.192675,0.694062,0.741028,0.327719,1,0,,0,0,0,0,0,0,0,0,103808,104555,0,232,0
1488282,1,0,0.134873,0.582224,0.725147,0.314405,1,0,,0,0,0,0,0,0,0,0,103808,104555,0,232,0
1488382,1,0,0.094411,0.484661,0.701099,0.337556,1,0,,0,0,0,0,0,0,0,0,103808,104555,0,232,0
1488482,1,0,0.0660877,0.400947,0.671083,0.30773,1,0,,0,0,0,0,0,0,0,0,103808,104555,0,232,0
1488582,1,0,0.0462614,0.33001,0.636976,0.292043,1,0,,0,0,0,0,0,0,0,0,103808,104555,0,232,0
1488682,1,0,0.032383,0.270484,0.600327,0.319194,1,0,,0,0,0,0,0,0,0,0,103808,104555,0,232,0
1488782,1,0,0.0226681,0.220921,0.562386,0.348879,1,0,,0,0,0,0,0,0,0,0,103808,104555,0,232,0
1488882,1,0,0.0158677,0.17991,0.524139,0.33613,1,0,,0,0,0,0,0,0,0,0,103808,104555,0,232,0
1488982,1,0,0.0111074,0.14615,0.48634,0.332806,1,0,,0,0,0,0,0,0,0,0,103808,104555,0,232,0
1489082,1,0,0.00777515,0.118475,0.449553,0.297267,1,0,,0,0,0,0,0,0,0,0,103808,104555,0,232,0
1489182,1,0,0.0054426,0.0958684,0.414185,0.30308,1,0,,0,0,0,0,0,0,0,0,103808,104555,0,232,0
1489282,1,0,0.00380982,0.0774567,0.380512,0.298655,1,0,,0,0,0,0,0,0,0,0,103808,104555,0,232,0
1489382,1,0,0.00266688,0.0624987,0.348711,0.306404,1,0,,0,0,0,0,0,0,0,0,103808,104555,0,232,0
1489482,1,0,0.00186681,0.0503723,0.318877,0.273693,1,0,,0,0,0,0,0,0,0,0,103808,104555,0,232,0
1489582,1,0,0.00130677,0.0405592,0.291045,0.278293,1,0,,0,0,0,0,0,0,0,0,103808,104555,0,232,0
1489682,1,1,0.300915,0.0926303,0.271203,0.295016,1,0,,0,0,0,0,0,0,0,0,103808,104555,0,232,0
1489782,1,0,0.21064,0.116232,0.255706,0.303393,1,0,,0,0,0,0,0,0,0,0,103808,104555,0,232,0
1489882,1,0,0.147448,0.122476,0.242383,0.314617,1,0,,0,0,0,0,0,0,0,0,103808,104555,0,232,0
1489982,1,0,0.103214,0.118623,0.230007,0.323587,1,0,,0,0,0,0,0,0,0,0,103808,104555,0,232,0
1490082,1,0,0.0722496,0.109348,0.217941,0.327309,1,0,,0,0,0,0,0,0,0,0,103808,104555,0,232,0
1490182,1,0,0.0505747,0.0975937,0.205907,0.287684,1,0,,0,0,0,0,0,0,0,0,103808,104555,0,232,0
1490282,1,0,0.0354023,0.0851554,0.193831,0.368384,1,0,,0,0,0,0,0,0,0,0,103808,104555,0,232,0
1490382,1,0,0.0247816,0.0730807,0.181756,0.289333,1,0,,0,0,0,0,0,0,0,0,103808,104555,0,232,0
1490482,1,0,0.0173471,0.061934,0.169774,0.290983,1,0,,0,0,0,0,0,0,0,0,103808,104555,0,232,0
1490582,1,0,0.012143,0.0519758,0.157994,0.325457,1,0,,0,0,0,0,0,0,0,0,103808,104555,0,232,0
1490682,1,0,0.0085001,0.0432806,0.146523,0.319445,1,0,,0,0,0,0,0,0,0,0,103808,104555,0,232,0
1490782,1,0,0.00595007,0.0358145,0.135452,0.32447,1,0,,0,0,0,0,0,0,0,0,103808,104555,0,232,0
1490882,1,0,0.00416505,0.0294846,0.124855,0.314145,1,0,,0,0,0,0,0,0,0,0,103808,104555,0,232,0
1490982,1,0,0.00291553,0.0241708,0.114787,0.294481,1,0,,0,0,0,0,0,0,0,0,103808,104555,0,232,0
1491082,1,0,0.00204087,0.0197448,0.105283,0.275606,1,0,,0,0,0,0,0,0,0,0,103808,104555,0,232,0
1491182,1,0,0.00142861,0.0160816,0.0963626,0.336429,1,0,,0,0,0,0,0,0,0,0,103808,104555,0,232,0
1491282,1,14,4.201,0.853065,0.172033,0.283447,1,0,,0,0,0,0,0,0,0,0,103808,104555,0,232,0
1491382,1,0,2.9407,1.27059,0.281889,0.293799,1,0,,0,0,0,0,0,0,0,0,103808,104555,0,232,0
1491482,1,0,2.05849,1.42817,0.396517,0.2931,1,0,,0,0,0,0,0,0,0,0,103808,104555,0,232,0
1491582,1,0,1.44094,1.43073,0.499938,0.30495,1,0,,0,0,0,0,0,0,0,0,103808,104555,0,232,0
1491682,1,0,1.00866,1.34631,0.584575,0.3076,1,0,,0,0,0,0,0,0,0,0,103808,104555,0,232,0
1491782,1,0,0.706062,1.21826,0.647944,0.302312,1,0,,0,0,0,0,0,0,0,0,103808,104555,0,232,0
1491882,1,0,0.494243,1.07346,0.690496,0.312438,1,0,,0,0,0,0,0,0,0,0,103808,104555,0,232,0
1491982,1,0,0.34597,0.927961,0.714242,0.295839,1,0,,0,0,0,0,0,0,0,0,103808,104555,0,232,0
1492082,1,0,0.242179,0.790805,0.721898,0.306203,1,0,,0,0,0,0,0,0,0,0,103808,104555,0,232,0
1492182,1,0,0.169525,0.666549,0.716363,0.297278,1,0,,0,0,0,0,0,0,0,0,103808,104555,0,232,0
1492282,1,0,0.118668,0.556973,0.700424,0.282542,1,0,,0,0,0,0,0,0,0,0,103808,104555,0,232,0
1492382,1,0,0.0830675,0.462192,0.676601,0.311914,1,0,,0,0,0,0,0,0,0,0,103808,104555,0,232,0
1492482,1,0,0.0581472,0.381383,0.647079,0.316737,1,0,,0,0,0,0,0,0,0,0,103808,104555,0,232,0
1492582,1,0,0.0407031,0.313247,0.613696,0.267974,1,0,,0,0,0,0,0,0,0,0,103808,104555,0,232,0
1492682,1,0,0.0284921,0.256296,0.577956,0.318224,1,0,,0,0,0,0,0,0,0,0,103808,104555,0,232,0
1492782,1,0,0.0199445,0.209026,0.541063,0.309125,1,0,,0,0,0,0,0,0,0,0,103808,104555,0,232,0
1492882,1,0,0.0139612,0.170013,0.503958,0.286875,1,0,,0,0,0,0,0,0,0,0,103808,104555,0,232,0
1492982,1,0,0.00977281,0.137965,0.467359,0.310725,1,0,,0,0,0,0,0,0,0,0,103808,104555,0,232,0
1493082,1,0,0.00684096,0.11174,0.431797,0.280463,1,0,,0,0,0,0,0,0,0,0,103808,104555,0,232,0
1493182,1,0,0.00478867,0.0903497,0.397652,0.297552,1,0,,0,0,0,0,0,0,0,0,103808,104555,0,232,0
1493282,1,0,0.00335207,0.0729502,0.365182,0.297179,1,0,,0,0,0,0,0,0,0,0,103808,104555,0,232,0
1493382,1,0,0.00234645,0.0588294,0.334547,0.277855,1,0,,0,0,0,0,0,0,0,0,103808,104555,0,232,0
1493482,1,0,0.00164252,0.0473921,0.305831,0.309204,1,0,,0,0,0,0,0,0,0,0,103808,104555,0,232,0
1493582,1,0,0.00114976,0.0381436,0.279062,0.279064,1,0,,0,0,0,0,0,0,0,0,103808,104555,0,232,0
1493682,1,0,0.000804832,0.0306758,0.254224,0.318398,1,0,,0,0,0,0,0,0,0,0,103808,104555,0,232,0
1493782,1,0,0.000563383,0.0246534,0.231267,0.290521,1,0,,0,0,0,0,0,0,0,0,103808,104555,0,232,0
1493882,1,0,0.000394368,0.0198016,0.21012,0.295471,1,0,,0,0,0,0,0,0,0,0,103808,104555,0,232,0
1493982,1,0,0.000276058,0.0158965,0.190698,0.309296,1,0,,0,0,0,0,0,0,0,0,103808,104555,0,232,0
1494082,1,0,0.00019324,0.0127558,0.172904,0.306683,1,0,,0,0,0,0,0,0,0,0,103808,104555,0,232,0
1494182,1,0,0.000135268,0.0102317,0.156636,0.293309,1,0,,0,0,0,0,0,0,0,0,103808,104555,0,232,0
1494282,1,0,9.46877e-005,0.0082043,0.141793,0.323322,1,0,,0,0,0,0,0,0,0,0,103808,104555,0,232,0
1494382,1,0,6.62814e-005,0.0065767,0.128272,0.293883,1,0,,0,0,0,0,0,0,0,0,103808,104555,0,232,0
1494482,1,0,4.6397e-005,0.00527064,0.115971,0.302769,1,0,,0,0,0,0,0,0,0,0,103808,104555,0,232,0
1494582,1,0,3.24779e-005,0.00422301,0.104797,0.316331,1,0,,0,0,0,0,0,0,0,0,103808,104555,0,232,0
1494682,1,0,2.27345e-005,0.00338295,0.0946552,0.32107,1,0,,0,0,0,0,0,0,0,0,103808,104555,0,232,0
1494782,1,0,1.59142e-005,0.00270954,0.0854606,0.327181,1,0,,0,0,0,0,0,0,0,0,103808,104555,0,232,0
1494882,1,0,1.11399e-005,0.00216986,0.0771316,0.316545,1,0,,0,0,0,0,0,0,0,0,103808,104555,0,232,0
1494982,1,0,7.79794e-006,0.00173745,0.0695921,0.305146,1,0,,0,0,0,0,0,0,0,0,103808,104555,0,232,0
1495082,1,0,5.45856e-006,0.00139105,0.062772,0.300994,1,0,,0,0,0,0,0,0,0,0,103808,104555,0,232,0
1495182,1,12,3.6,0.721114,0.128606,0.293243,1,0,,0,0,0,0,0,0,0,0,103808,104555,0,232,0
1495282,1,0,2.52,1.08089,0.223835,0.301259,1,0,,0,0,0,0,0,0,0,0,103808,104555,0,232,0
1495382,1,0,1.764,1.21751,0.323203,0.304986,1,0,,0,0,0,0,0,0,0,0,103808,104555,0,232,0
1495482,1,0,1.2348,1.22097,0.412979,0.288971,1,0,,0,0,0,0,0,0,0,0,103808,104555,0,232,0
1495582,1,0,0.864361,1.14965,0.486646,0.306636,1,0,,0,0,0,0,0,0,0,0,103808,104555,0,232,0
1495682,1,0,0.605053,1.04073,0.542055,0.325184,1,0,,0,0,0,0,0,0,0,0,103808,104555,0,232,0
1495782,1,0,0.423537,0.917291,0.579578,0.325472,1,0,,0,0,0,0,0,0,0,0,103808,104555,0,232,0
1495882,1,0,0.296476,0.793128,0.600933,0.309785,1,0,,0,0,0,0,0,0,0,0,103808,104555,0,232,0
1495982,1,0,0.207533,0.676009,0.608441,0.294463,1,0,,0,0,0,0,0,0,0,0,103808,104555,0,232,0
1496082,1,0,0.145273,0.569862,0.604583,0.341127,1,0,,0,0,0,0,0,0,0,0,103808,104555,0,232,0
1496182,1,0,0.101691,0.476228,0.591748,0.303765,1,0,,0,0,0,0,0,0,0,0,103808,104555,0,232,0
1496282,1,0,0.0711838,0.395219,0.572095,0.294902,1,0,,0,0,0,0,0,0,0,0,103808,104555,0,232,0
1496382,1,0,0.0498287,0.326141,0.547499,0.302764,1,0,,0,0,0,0,0,0,0,0,103808,104555,0,232,0
1496482,1,0,0.0348801,0.267889,0.519538,0.318351,1,0,,0,0,0,0,0,0,0,0,103808,104555,0,232,0
1496582,1,0,0.0244161,0.219194,0.489504,0.298086,1,0,,0,0,0,0,0,0,0,0,103808,104555,0,232,0
1496682,1,0,0.0170912,0.178774,0.458431,0.289423,1,0,,0,0,0,0,0,0,0,0,103808,104555,0,232,0
1496782,1,0,0.0119639,0.145412,0.427129,0.287698,1,0,,0,0,0,0,0,0,0,0,103808,104555,0,232,0
1496882,1,0,0.00837471,0.118004,0.396216,0.36906,1,0,,0,0,0,0,0,0,0,0,103808,104555,0,232,0
1496982,1,0,0.00586229,0.0955759,0.366152,0.31256,1,0,,0,0,0,0,0,0,0,0,103808,104555,0,232,0
1497082,1,0,0.00410361,0.0772815,0.337265,0.300233,1,0,,0,0,0,0,0,0,0,0,103808,104555,0,232,0
1497182,1,0,0.00287252,0.0623997,0.309779,0.307269,1,0,,0,0,0,0,0,0,0,0,103808,104555,0,232,0
1497282,1,0,0.00201077,0.0503219,0.283833,0.305944,1,0,,0,0,0,0,0,0,0,0,103808,104555,0,232,0
1497382,1,0,0.00140754,0.040539,0.259504,0.309519,1,0,,0,0,0,0,0,0,0,0,103808,104555,0,232,0
1497482,1,0,0.000985276,0.0326283,0.236816,0.294981,1,0,,0,0,0,0,0,0,0,0,103808,104555,0,232,0
1497582,1,0,0.000689693,0.0262406,0.215759,0.314268,1,0,,0,0,0,0,0,0,0,0,103808,104555,0,232,0
1497682,1,0,0.000482785,0.021089,0.196292,0.304716,1,0,,0,0,0,0,0,0,0,0,103808,104555,0,232,0
1497782,1,0,0.00033795,0.0169388,0.178356,0.295779,1,0,,0,0,0,0,0,0,0,0,103808,104555,0,232,0
1497882,1,0,0.000236565,0.0135983,0.16188,0.317354,1,0,,0,0,0,0,0,0,0,0,103808,104555,0,232,0
1497982,1,0,0.000165595,0.0109118,0.146784,0.30609,1,0,,0,0,0,0,0,0,0,0,103808,104555,0,232,0
1498082,1,0,0.000115917,0.00875262,0.13298,0.274439,1,0,,0,0,0,0,0,0,0,0,103808,104555,0,232,0
1498182,1,0,8.11417e-005,0.00701832,0.120384,0.312225,1,0,,0,0,0,0,0,0,0,0,103808,104555,0,232,0
1498282,1,0,5.67992e-005,0.00562602,0.108908,0.289825,1,0,,0,0,0,0,0,0,0,0,103808,104555,0,232,0
1498382,1,0,3.97594e-005,0.00450877,0.0984685,0.296763,1,0,,0,0,0,0,0,0,0,0,103808,104555,0,232,0
1498482,1,0,2.78316e-005,0.00361258,0.0889829,0.312215,1,0,,0,0,0,0,0,0,0,0,103808,104555,0,232,0
1498582,1,0,1.94821e-005,0.00289396,0.080374,0.293966,1,0,,0,0,0,0,0,0,0,0,103808,104555,0,232,0
1498682,1,0,1.36375e-005,0.0023179,0.0725684,0.333628,1,0,,0,0,0,0,0,0,0,0,103808,104555,0,232,0
1498782,1,0,9.54624e-006,0.00185623,0.0654972,0.34318,1,0,,0,0,0,0,0,0,0,0,103808,104555,0,232,0
1498882,1,0,6.68237e-006,0.00148632,0.0590961,0.308556,1,0,,0,0,0,0,0,0,0,0,103808,104555,0,232,0
1498982,1,0,4.67766e-006,0.00118999,0.0533055,0.331328,1,0,,0,0,0,0,0,0,0,0,103808,104555,0,232,0
1499082,1,0,3.27436e-006,0.000952647,0.0480702,0.320053,1,0,,0,0,0,0,0,0,0,0,103808,104555,0,232,0
1499182,1,13,3.9,0.780763,0.121339,0.296772,1,0,,0,0,0,0,0,0,0,0,103808,104555,0,232,0
1499282,1,0,2.73,1.17061,0.226267,0.304349,1,0,,0,0,0,0,0,0,0,0,103808,104555,0,232,0
1499382,1,0,1.911,1.31869,0.335509,0.333984,1,0,,0,0,0,0,0,0,0,0,103808,104555,0,232,0
1499482,1,0,1.3377,1.32249,0.434207,0.29381,1,0,,0,0,0,0,0,0,0,0,103808,104555,0,232,0
1499582,1,0,0.936391,1.24527,0.515313,0.367795,1,0,,0,0,0,0,0,0,0,0,103808,104555,0,232,0
1499682,1,0,0.655473,1.12731,0.576513,0.322243,1,0,,0,0,0,0,0,0,0,0,103808,104555,0,232,0
1499782,1,0,0.458831,0.993616,0.618223,0.29273,1,0,,0,0,0,0,0,0,0,0,103808,104555,0,232,0
1499882,1,0,0.321182,0.859129,0.642314,0.307806,1,0,,0,0,0,0,0,0,0,0,103808,104555,0,232,0
1499982,1,0,0.224827,0.732269,0.651309,0.289482,1,0,,0,0,0,0,0,0,0,0,103808,104555,0,232,0
1500082,1,0,0.157379,0.617291,0.647907,0.298508,1,0,,0,0,0,0,0,0,0,0,103808,104555,0,232,0
1500182,1,0,0.110165,0.515866,0.634703,0.305184,1,0,,0,0,0,0,0,0,0,0,103808,104555,0,232,0
1500282,1,0,0.0771158,0.428116,0.614044,0.318082,1,0,,0,0,0,0,0,0,0,0,103808,104555,0,232,0
1500382,1,0,0.053981,0.353289,0.587969,0.297632,1,0,,0,0,0,0,0,0,0,0,103808,104555,0,232,0
1500482,1,0,0.0377867,0.290188,0.558191,0.291633,1,0,,0,0,0,0,0,0,0,0,103808,104555,0,232,0
1500582,1,0,0.0264507,0.237441,0.526116,0.318621,1,0,,0,0,0,0,0,0,0,0,103808,104555,0,232,0
1500682,1,0,0.0185155,0.193656,0.49287,0.300857,1,0,,0,0,0,0,0,0,0,0,103808,104555,0,232,0
1500782,1,0,0.0129608,0.157517,0.459335,0.301136,1,0,,0,0,0,0,0,0,0,0,103808,104555,0,232,0
1500882,1,0,0.00907259,0.127828,0.426184,0.292361,1,0,,0,0,0,0,0,0,0,0,103808,104555,0,232,0
1500982,1,0,0.00635082,0.103533,0.393919,0.284023,1,0,,0,0,0,0,0,0,0,0,103808,104555,0,232,0
1501082,1,0,0.00444557,0.0837151,0.362898,0.293886,1,0,,0,0,0,0,0,0,0,0,103808,104555,0,232,0
1501182,1,0,0.0031119,0.0675945,0.333368,0.312987,1,0,,0,0,0,0,0,0,0,0,103808,104555,0,232,0
1501282,1,0,0.00217833,0.0545113,0.305482,0.332147,1,0,,0,0,0,0,0,0,0,0,103808,104555,0,232,0
1501382,1,0,0.00152483,0.043914,0.279325,0.279287,1,0,,0,0,0,0,0,0,0,0,103808,104555,0,232,0
1501482,1,0,0.00106738,0.0353447,0.254927,0.31609,1,0,,0,0,0,0,0,0,0,0,103808,104555,0,232,0
1501582,1,0,0.000747167,0.0284252,0.232277,0.300437,1,0,,0,0,0,0,0,0,0,0,103808,104555,0,232,0
1501682,1,0,0.000523017,0.0228447,0.211334,0.316099,1,0,,0,0,0,0,0,0,0,0,103808,104555,0,232,0
1501782,1,0,0.000366112,0.018349,0.192035,0.288176,1,0,,0,0,0,0,0,0,0,0,103808,104555,0,232,0
1501882,1,0,0.000256278,0.0147305,0.174305,0.27566,1,0,,0,0,0,0,0,0,0,0,103808,104555,0,232,0
1501982,1,0,0.000179395,0.0118203,0.158056,0.301973,1,0,,0,0,0,0,0,0,0,0,103808,104555,0,232,0
1502082,1,0,0.000125576,0.00948132,0.143199,0.282447,1,0,,0,0,0,0,0,0,0,0,103808,104555,0,232,0
1502182,1,0,8.79034e-005,0.00760263,0.129639,0.285209,1,0,,0,0,0,0,0,0,0,0,103808,104555,0,232,0
1502282,1,0,6.15324e-005,0.00609441,0.117285,0.304148,1,0,,0,0,0,0,0,0,0,0,103808,104555,0,232,0
1502382,1,0,4.30727e-005,0.00488415,0.106045,0.303498,1,0,,0,0,0,0,0,0,0,0,103808,104555,0,232,0
1502482,1,0,3.01509e-005,0.00391335,0.0958316,0.297773,1,0,,0,0,0,0,0,0,0,0,103808,104555,0,232,0
1502582,1,0,2.11056e-005,0.0031349,0.0865619,0.301008,1,0,,0,0,0,0,0,0,0,0,103808,104555,0,232,0
1502682,1,0,1.47739e-005,0.00251087,0.0781568,0.287946,1,0,,0,0,0,0,0,0,0,0,103808,104555,0,232,0
1502782,1,0,1.03417e-005,0.00201077,0.0705422,0.301293,1,0,,0,0,0,0,0,0,0,0,103808,104555,0,232,0
1502882,1,0,7.23922e-006,0.00161006,0.063649,0.282969,1,0,,0,0,0,0,0,0,0,0,103808,104555,0,232,0
1502982,1,0,5.06746e-006,0.00128906,0.057413,0.285933,1,0,,0,0,0,0,0,0,0,0,103808,104555,0,232,0
1503082,1,0,3.54722e-006,0.00103196,0.0517749,0.311758,1,0,,0,0,0,0,0,0,0,0,103808,104555,0,232,0
1503182,1,14,4.2,0.840826,0.13068,0.308997,1,0,,0,0,0,0,0,0,0,0,103808,104555,0,232,0
1503282,1,0,2.94,1.26066,0.243678,0.290921,1,0,,0,0,0,0,0,0,0,0,103808,104555,0,232,0
1503382,1,0,2.058,1.42013,0.361323,0.310133,1,0,,0,0,0,0,0,0,0,0,103808,104555,0,232,0
1503482,1,0,1.4406,1.42422,0.467613,0.326721,1,0,,0,0,0,0,0,0,0,0,103808,104555,0,232,0
1503582,1,0,1.00842,1.34106,0.554958,0.330486,1,0,,0,0,0,0,0,0,0,0,103808,104555,0,232,0
1503682,1,0,0.705894,1.21403,0.620865,0.299309,1,0,,0,0,0,0,0,0,0,0,103808,104555,0,232,0
1503782,1,0,0.494126,1.07005,0.665784,0.273436,1,0,,0,0,0,0,0,0,0,0,103808,104555,0,232,0
1503882,1,0,0.345888,0.925217,0.691727,0.302009,1,0,,0,0,0,0,0,0,0,0,103808,104555,0,232,0
1503982,1,0,0.242122,0.788598,0.701414,0.281995,1,0,,0,0,0,0,0,0,0,0,103808,104555,0,232,0
1504082,1,0,0.169485,0.664775,0.69775,0.312882,1,0,,0,0,0,0,0,0,0,0,103808,104555,0,232,0
1504182,1,0,0.11864,0.555548,0.68353,0.288108,1,0,,0,0,0,0,0,0,0,0,103808,104555,0,232,0
1504282,1,0,0.0830478,0.461048,0.661282,0.308769,1,0,,0,0,0,0,0,0,0,0,103808,104555,0,232,0
1504382,1,0,0.0581334,0.380465,0.6332,0.300954,1,0,,0,0,0,0,0,0,0,0,103808,104555,0,232,0
1504482,1,0,0.0406934,0.312511,0.601131,0.288542,1,0,,0,0,0,0,0,0,0,0,103808,104555,0,232,0
1504582,1,0,0.0284854,0.255706,0.566588,0.307155,1,0,,0,0,0,0,0,0,0,0,103808,104555,0,232,0
1504682,1,0,0.0199398,0.208553,0.530785,0.275905,1,0,,0,0,0,0,0,0,0,0,103808,104555,0,232,0
1504782,1,0,0.0139578,0.169634,0.49467,0.310282,1,0,,0,0,0,0,0,0,0,0,103808,104555,0,232,0
1504882,1,0,0.00977049,0.137661,0.458969,0.29337,1,0,,0,0,0,0,0,0,0,0,103808,104555,0,232,0
1504982,1,0,0.00683934,0.111497,0.424222,0.31775,1,0,,0,0,0,0,0,0,0,0,103808,104555,0,232,0
1505082,1,0,0.00478754,0.0901548,0.390815,0.289752,1,0,,0,0,0,0,0,0,0,0,103808,104555,0,232,0
1505182,1,0,0.00335128,0.0727941,0.359013,0.306665,1,0,,0,0,0,0,0,0,0,0,103808,104555,0,232,0
1505282,1,0,0.00234589,0.0587045,0.328982,0.286039,1,0,,0,0,0,0,0,0,0,0,103808,104555,0,232,0
1505382,1,0,0.00164213,0.047292,0.300813,0.348191,1,0,,0,0,0,0,0,0,0,0,103808,104555,0,232,0
1505482,1,0,0.00114949,0.0380635,0.274538,0.299691,1,0,,0,0,0,0,0,0,0,0,103808,104555,0,232,0
1505582,1,0,0.000804642,0.0306117,0.250145,0.308355,1,0,,0,0,0,0,0,0,0,0,103808,104555,0,232,0
1505682,1,0,0.000563249,0.024602,0.227591,0.32958,1,0,,0,0,0,0,0,0,0,0,103808,104555,0,232,0
1505782,1,0,0.000394274,0.0197605,0.206808,0.320243,1,0,,0,0,0,0,0,0,0,0,103808,104555,0,232,0
1505882,1,0,0.000275992,0.0158636,0.187714,0.291293,1,0,,0,0,0,0,0,0,0,0,103808,104555,0,232,0
1505982,1,0,0.000193194,0.0127295,0.170215,0.301306,1,0,,0,0,0,0,0,0,0,0,103808,104555,0,232,0
1506082,1,0,0.000135236,0.0102107,0.154215,0.291592,1,0,,0,0,0,0,0,0,0,0,103808,104555,0,232,0
1506182,1,0,9.46653e-005,0.00818746,0.139612,0.309779,1,0,,0,0,0,0,0,0,0,0,103808,104555,0,232,0
1506282,1,0,6.62657e-005,0.00656322,0.126307,0.280329,1,0,,0,0,0,0,0,0,0,0,103808,104555,0,232,0
1506382,1,0,4.6386e-005,0.00525985,0.114202,0.320129,1,0,,0,0,0,0,0,0,0,0,103808,104555,0,232,0
1506482,1,0,3.24702e-005,0.00421438,0.103204,0.338103,1,0,,0,0,0,0,0,0,0,0,103808,104555,0,232,0
1506582,1,0,2.27291e-005,0.00337605,0.0932208,0.30124,1,0,,0,0,0,0,0,0,0,0,103808,104555,0,232,0
1506682,1,0,1.59104e-005,0.00270402,0.0841691,0.273415,1,0,,0,0,0,0,0,0,0,0,103808,104555,0,232,0
1506782,1,0,1.11373e-005,0.00216544,0.0759688,0.338355,1,0,,0,0,0,0,0,0,0,0,103808,104555,0,232,0
1506882,1,0,7.79609e-006,0.00173391,0.0685453,0.300454,1,0,,0,0,0,0,0,0,0,0,103808,104555,0,232,0
1506982,1,0,5.45726e-006,0.00138822,0.0618296,0.33509,1,0,,0,0,0,0,0,0,0,0,103808,104555,0,232,0
1507082,1,13,3.9,0.781111,0.133758,0.289546,1,0,,0,0,0,0,0,0,0,0,103808,104555,0,232,0
1507182,1,0,2.73,1.17089,0.237471,0.301269,1,0,,0,0,0,0,0,0,0,0,103808,104555,0,232,0
1507282,1,0,1.911,1.31891,0.345615,0.289046,1,0,,0,0,0,0,0,0,0,0,103808,104555,0,232,0
1507382,1,0,1.3377,1.32267,0.443321,0.308508,1,0,,0,0,0,0,0,0,0,0,103808,104555,0,232,0
1507482,1,0,0.936391,1.24541,0.52353,0.274108,1,0,,0,0,0,0,0,0,0,0,103808,104555,0,232,0
1507582,1,0,0.655474,1.12743,0.583919,0.318822,1,0,,0,0,0,0,0,0,0,0,103808,104555,0,232,0
1507682,1,0,0.458832,0.993707,0.624898,0.303184,1,0,,0,0,0,0,0,0,0,0,103808,104555,0,232,0
1507782,1,0,0.321182,0.859202,0.648329,0.297558,1,0,,0,0,0,0,0,0,0,0,103808,104555,0,232,0
1507882,1,0,0.224827,0.732327,0.656728,0.287832,1,0,,0,0,0,0,0,0,0,0,103808,104555,0,232,0
1507982,1,0,0.157379,0.617338,0.652789,0.276344,1,0,,0,0,0,0,0,0,0,0,103808,104555,0,232,0
1508082,1,0,0.110165,0.515903,0.639101,0.316518,1,0,,0,0,0,0,0,0,0,0,103808,104555,0,232,0
1508182,1,0,0.0771158,0.428146,0.618005,0.27098,1,0,,0,0,0,0,0,0,0,0,103808,104555,0,232,0
1508282,1,0,0.0539811,0.353313,0.591536,0.303868,1,0,,0,0,0,0,0,0,0,0,103808,104555,0,232,0
1508382,1,0,0.0377867,0.290208,0.561403,0.296581,1,0,,0,0,0,0,0,0,0,0,103808,104555,0,232,0
1508482,1,0,0.0264507,0.237456,0.529008,0.30253,1,0,,0,0,0,0,0,0,0,0,103808,104555,0,232,0
1508582,1,0,0.0185155,0.193668,0.495474,0.298722,1,0,,0,0,0,0,0,0,0,0,103808,104555,0,232,0
1508682,1,0,0.0129609,0.157527,0.46168,0.308086,1,0,,0,0,0,0,0,0,0,0,103808,104555,0,232,0
1508782,1,0,0.0090726,0.127836,0.428295,0.304585,1,0,,0,0,0,0,0,0,0,0,103808,104555,0,232,0
1508882,1,0,0.00635082,0.103539,0.39582,0.308808,1,0,,0,0,0,0,0,0,0,0,103808,104555,0,232,0
1508982,1,0,0.00444557,0.0837202,0.36461,0.305222,1,0,,0,0,0,0,0,0,0,0,103808,104555,0,232,0
1509082,1,0,0.0031119,0.0675985,0.334908,0.307409,1,0,,0,0,0,0,0,0,0,0,103808,104555,0,232,0
1509182,1,0,0.00217833,0.0545145,0.306869,0.292536,1,0,,0,0,0,0,0,0,0,0,103808,104555,0,232,0
1509282,1,0,0.00152483,0.0439166,0.280574,0.294186,1,0,,0,0,0,0,0,0,0,0,103808,104555,0,232,0
1509382,1,0,0.00106738,0.0353467,0.256051,0.309575,1,0,,0,0,0,0,0,0,0,0,103808,104555,0,232,0
1509482,1,0,0.000747167,0.0284268,0.233289,0.277552,1,0,,0,0,0,0,0,0,0,0,103808,104555,0,232,0
1509582,1,0,0.000523017,0.0228461,0.212244,0.315415,1,0,,0,0,0,0,0,0,0,0,103808,104555,0,232,0
1509682,1,0,0.000366112,0.0183501,0.192855,0.310391,1,0,,0,0,0,0,0,0,0,0,103808,104555,0,232,0
1509782,1,0,0.000256278,0.0147313,0.175043,0.33662,1,0,,0,0,0,0,0,0,0,0,103808,104555,0,232,0
1509882,1,0,0.000179395,0.0118209,0.15872,0.312896,1,0,,0,0,0,0,0,0,0,0,103808,104555,0,232,0
1509982,1,1,0.300126,0.0694819,0.149797,0.327155,1,0,,0,0,0,0,0,0,0,0,103808,104555,0,232,0
1510082,1,0,0.210088,0.0976031,0.144577,0.291367,1,0,,0,0,0,0,0,0,0,0,103808,104555,0,232,0
1510182,1,0,0.147062,0.107495,0.140869,0.286953,1,0,,0,0,0,0,0,0,0,0,103808,104555,0,232,0
1510282,1,0,0.102943,0.106584,0.137441,0.304853,1,0,,0,0,0,0,0,0,0,0,103808,104555,0,232,0
1510382,1,0,0.0720602,0.0996796,0.133664,0.290858,1,0,,0,0,0,0,0,0,0,0,103808,104555,0,232,0
1510482,1,0,0.0504421,0.0898321,0.129281,0.28602,1,0,,0,0,0,0,0,0,0,0,103808,104555,0,232,0
1510582,1,0,0.0353095,0.0789276,0.124246,0.319584,1,0,,0,0,0,0,0,0,0,0,103808,104555,0,232,0
1510682,1,0,0.0247166,0.0680854,0.11863,0.303173,1,0,,0,0,0,0,0,0,0,0,103808,104555,0,232,0
1510782,1,0,0.0173016,0.0579286,0.11256,0.298749,1,0,,0,0,0,0,0,0,0,0,103808,104555,0,232,0
1510882,1,0,0.0121111,0.0487651,0.10618,0.306874,1,0,,0,0,0,0,0,0,0,0,103808,104555,0,232,0
1510982,1,0,0.0084778,0.0407077,0.0996329,0.274399,1,0,,0,0,0,0,0,0,0,0,103808,104555,0,232,0
1511082,1,13,3.90593,0.813753,0.171045,0.325936,1,0,,0,0,0,0,0,0,0,0,103808,104555,0,232,0
1511182,1,0,2.73415,1.19783,0.273724,0.308048,1,0,,0,0,0,0,0,0,0,0,103808,104555,0,232,0
1511282,1,0,1.91391,1.34105,0.380456,0.325873,1,0,,0,0,0,0,0,0,0,0,103808,104555,0,232,0
1511382,1,0,1.33974,1.34079,0.476489,0.37131,1,0,,0,0,0,0,0,0,0,0,103808,104555,0,232,0
1511482,1,0,0.937815,1.26019,0.554859,0.321634,1,0,,0,0,0,0,0,0,0,0,103808,104555,0,232,0
1511582,1,0,0.65647,1.13945,0.613318,0.310356,1,0,,0,0,0,0,0,0,0,0,103808,104555,0,232,0
1511682,1,0,0.459529,1.00346,0.652333,0.266431,1,0,,0,0,0,0,0,0,0,0,103808,104555,0,232,0
1511782,1,0,0.32167,0.867105,0.67381,0.335418,1,0,,0,0,0,0,0,0,0,0,103808,104555,0,232,0
1511882,1,0,0.225169,0.738718,0.680301,0.28013,1,0,,0,0,0,0,0,0,0,0,103808,104555,0,232,0
1511982,1,0,0.157619,0.622498,0.67452,0.300529,1,0,,0,0,0,0,0,0,0,0,103808,104555,0,232,0
1512082,1,0,0.110333,0.520065,0.659075,0.313444,1,0,,0,0,0,0,0,0,0,0,103808,104555,0,232,0
1512182,1,0,0.0772331,0.431499,0.636317,0.284106,1,0,,0,0,0,0,0,0,0,0,103808,104555,0,232,0
1512282,1,0,0.0540632,0.356012,0.608287,0.310782,1,0,,0,0,0,0,0,0,0,0,103808,104555,0,232,0
1512382,1,0,0.0378442,0.292378,0.576696,0.330432,1,0,,0,0,0,0,0,0,0,0,103808,104555,0,232,0
1512482,1,0,0.0264909,0.239201,0.542946,0.298483,1,0,,0,0,0,0,0,0,0,0,103808,104555,0,232,0
1512582,1,0,0.0185437,0.195069,0.508159,0.29457,1,0,,0,0,0,0,0,0,0,0,103808,104555,0,232,0
1512682,1,0,0.0129806,0.158652,0.473208,0.318358,1,0,,0,0,0,0,0,0,0,0,103808,104555,0,232,0
1512782,1,0,0.00908639,0.128739,0.438761,0.301219,1,0,,0,0,0,0,0,0,0,0,103808,104555,0,232,0
1512882,1,0,0.00636048,0.104263,0.405311,0.306893,1,0,,0,0,0,0,0,0,0,0,103808,104555,0,232,0
1512982,1,0,0.00445233,0.0843008,0.37321,0.284318,1,0,,0,0,0,0,0,0,0,0,103808,104555,0,232,0
1513082,1,0,0.00311663,0.068064,0.342695,0.30283,1,0,,0,0,0,0,0,0,0,0,103808,104555,0,232,0
1513182,1,0,0.00218164,0.0548875,0.313915,0.298241,1,0,,0,0,0,0,0,0,0,0,103808,104555,0,232,0
1513282,1,0,0.00152715,0.0442154,0.286945,0.311067,1,0,,0,0,0,0,0,0,0,0,103808,104555,0,232,0
1513382,1,0,0.00106901,0.0355861,0.261809,0.332463,1,0,,0,0,0,0,0,0,0,0,103808,104555,0,232,0
1513482,1,0,0.000748304,0.0286186,0.23849,0.292063,1,0,,0,0,0,0,0,0,0,0,103808,104555,0,232,0
1513582,1,0,0.000523812,0.0229996,0.216941,0.311287,1,0,,0,0,0,0,0,0,0,0,103808,104555,0,232,0
1513682,1,0,0.000366669,0.018473,0.197094,0.291025,1,0,,0,0,0,0,0,0,0,0,103808,104555,0,232,0
1513782,1,0,0.000256668,0.0148298,0.178868,0.283888,1,0,,0,0,0,0,0,0,0,0,103808,104555,0,232,0
1513882,1,0,0.000179668,0.0118997,0.162171,0.311325,1,0,,0,0,0,0,0,0,0,0,103808,104555,0,232,0
1513982,1,0,0.000125767,0.00954495,0.146908,0.306607,1,0,,0,0,0,0,0,0,0,0,103808,104555,0,232,0
1514082,1,0,8.80372e-005,0.00765357,0.132983,0.295494,1,0,,0,0,0,0,0,0,0,0,103808,104555,0,232,0
1514182,1,0,6.1626e-005,0.00613518,0.120298,0.295382,1,0,,0,0,0,0,0,0,0,0,103808,104555,0,232,0
1514282,1,0,4.31382e-005,0.00491677,0.10876,0.334356,1,0,,0,0,0,0,0,0,0,0,103808,104555,0,232,0
1514382,1,0,3.01967e-005,0.00393946,0.0982778,0.283655,1,0,,0,0,0,0,0,0,0,0,103808,104555,0,232,0
1514482,1,0,2.11377e-005,0.00315579,0.0887656,0.335967,1,0,,0,0,0,0,0,0,0,0,103808,104555,0,232,0
1514582,1,0,1.47964e-005,0.00252759,0.0801418,0.338917,1,0,,0,0,0,0,0,0,0,0,103808,104555,0,232,0
1514682,1,0,1.03575e-005,0.00202415,0.07233,0.328882,1,0,,0,0,0,0,0,0,0,0,103808,104555,0,232,0
1514782,1,0,7.25024e-006,0.00162077,0.0652591,0.318006,1,0,,0,0,0,0,0,0,0,0,103808,104555,0,232,0
1514882,1,0,5.07517e-006,0.00129763,0.058863,0.151496,1,0,,0,0,0,0,0,0,0,0,103808,104555,0,232,0
1514982,1,13,3.9,0.781039,0.131081,0.30344,1,0,,0,0,0,0,0,0,0,0,103808,104555,0,232,0
1515082,1,0,2.73,1.17083,0.235056,0.292038,1,0,,0,0,0,0,0,0,0,0,103808,104555,0,232,0
1515182,1,0,1.911,1.31887,0.343437,0.37979,1,0,,0,0,0,0,0,0,0,0,103808,104555,0,232,0
1515282,1,0,1.3377,1.32263,0.441356,0.305166,1,0,,0,0,0,0,0,0,0,0,103808,104555,0,232,0
1515382,1,0,0.936391,1.24538,0.521759,0.279539,1,0,,0,0,0,0,0,0,0,0,103808,104555,0,232,0
1515482,1,0,0.655474,1.1274,0.582323,0.314288,1,0,,0,0,0,0,0,0,0,0,103808,104555,0,232,0
1515582,1,0,0.458832,0.993688,0.62346,0.295453,1,0,,0,0,0,0,0,0,0,0,103808,104555,0,232,0
1515682,1,0,0.321182,0.859187,0.647033,0.295003,1,0,,0,0,0,0,0,0,0,0,103808,104555,0,232,0
1515782,1,0,0.224827,0.732315,0.655561,0.318642,1,0,,0,0,0,0,0,0,0,0,103808,104555,0,232,0
1515882,1,0,0.157379,0.617328,0.651738,0.292454,1,0,,0,0,0,0,0,0,0,0,103808,104555,0,232,0
1515982,1,0,0.110165,0.515895,0.638153,0.30078,1,0,,0,0,0,0,0,0,0,0,103808,104555,0,232,0
1516082,1,0,0.0771158,0.42814,0.617152,0.29413,1,0,,0,0,0,0,0,0,0,0,103808,104555,0,232,0
1516182,1,0,0.0539811,0.353308,0.590768,0.312431,1,0,,0,0,0,0,0,0,0,0,103808,104555,0,232,0
1516282,1,0,0.0377867,0.290204,0.560711,0.307505,1,0,,0,0,0,0,0,0,0,0,103808,104555,0,232,0
1516382,1,0,0.0264507,0.237453,0.528385,0.322368,1,0,,0,0,0,0,0,0,0,0,103808,104555,0,232,0
1516482,1,0,0.0185155,0.193666,0.494913,0.290519,1,0,,0,0,0,0,0,0,0,0,103808,104555,0,232,0
1516582,1,0,0.0129609,0.157525,0.461174,0.328518,1,0,,0,0,0,0,0,0,0,0,103808,104555,0,232,0
1516682,1,0,0.0090726,0.127834,0.42784,0.303731,1,0,,0,0,0,0,0,0,0,0,103808,104555,0,232,0
1516782,1,0,0.00635082,0.103538,0.39541,0.289557,1,0,,0,0,0,0,0,0,0,0,103808,104555,0,232,0
1516882,1,0,0.00444557,0.0837191,0.364241,0.302568,1,0,,0,0,0,0,0,0,0,0,103808,104555,0,232,0
1516982,1,0,0.0031119,0.0675977,0.334577,0.31668,1,0,,0,0,0,0,0,0,0,0,103808,104555,0,232,0
1517082,1,0,0.00217833,0.0545138,0.30657,0.301856,1,0,,0,0,0,0,0,0,0,0,103808,104555,0,232,0
1517182,1,0,0.00152483,0.043916,0.280305,0.301467,1,0,,0,0,0,0,0,0,0,0,103808,104555,0,232,0
1517282,1,0,0.00106738,0.0353463,0.255809,0.309706,1,0,,0,0,0,0,0,0,0,0,103808,104555,0,232,0
1517382,1,0,0.000747167,0.0284265,0.233071,0.28943,1,0,,0,0,0,0,0,0,0,0,103808,104555,0,232,0
1517482,1,0,0.000523017,0.0228458,0.212048,0.318592,1,0,,0,0,0,0,0,0,0,0,103808,104555,0,232,0
1517582,1,0,0.000366112,0.0183498,0.192678,0.307639,1,0,,0,0,0,0,0,0,0,0,103808,104555,0,232,0
1517682,1,0,0.000256278,0.0147311,0.174884,0.316589,1,0,,0,0,0,0,0,0,0,0,103808,104555,0,232,0
1517782,1,0,0.000179395,0.0118208,0.158577,0.29319,1,0,,0,0,0,0,0,0,0,0,103808,104555,0,232,0
1517882,1,0,0.000125576,0.00948174,0.143668,0.340492,1,0,,0,0,0,0,0,0,0,0,103808,104555,0,232,0
1517982,1,0,8.79035e-005,0.00760298,0.130061,0.284242,1,0,,0,0,0,0,0,0,0,0,103808,104555,0,232,0
1518082,1,0,6.15324e-005,0.00609469,0.117665,0.305552,1,0,,0,0,0,0,0,0,0,0,103808,104555,0,232,0
1518182,1,0,4.30727e-005,0.00488437,0.106387,0.338251,1,0,,0,0,0,0,0,0,0,0,103808,104555,0,232,0
1518282,1,0,3.01509e-005,0.00391352,0.0961393,0.289952,1,0,,0,0,0,0,0,0,0,0,103808,104555,0,232,0
1518382,1,0,2.11056e-005,0.00313504,0.0868389,0.309564,1,0,,0,0,0,0,0,0,0,0,103808,104555,0,232,0
1518482,1,0,1.47739e-005,0.00251099,0.0784061,0.272339,1,0,,0,0,0,0,0,0,0,0,103808,104555,0,232,0
1518582,1,0,1.03418e-005,0.00201086,0.0707666,0.293989,1,0,,0,0,0,0,0,0,0,0,103808,104555,0,232,0
1518682,1,0,7.23923e-006,0.00161013,0.0638509,0.303588,1,0,,0,0,0,0,0,0,0,0,103808,104555,0,232,0
1518782,1,0,5.06746e-006,0.00128912,0.0575948,0.330582,1,0,,0,0,0,0,0,0,0,0,103808,104555,0,232,0
1518882,1,0,3.54722e-006,0.00103201,0.0519385,0.295932,1,0,,0,0,0,0,0,0,0,0,103808,104555,0,232,0
1518982,1,14,4.2,0.840826,0.130827,0.297124,1,0,,0,0,0,0,0,0,0,0,103808,104555,0,232,0
1519082,1,0,2.94,1.26066,0.243811,0.291936,1,0,,0,0,0,0,0,0,0,0,103808,104555,0,232,0
1519182,1,0,2.058,1.42013,0.361443,0.28196,1,0,,0,0,0,0,0,0,0,0,103808,104555,0,232,0
1519282,1,0,1.4406,1.42422,0.467721,0.315521,1,0,,0,0,0,0,0,0,0,0,103808,104555,0,232,0
1519382,1,0,1.00842,1.34106,0.555055,0.2795,1,0,,0,0,0,0,0,0,0,0,103808,104555,0,232,0
1519482,1,0,0.705894,1.21403,0.620952,0.338864,1,0,,0,0,0,0,0,0,0,0,103808,104555,0,232,0
1519582,1,0,0.494126,1.07005,0.665862,0.295774,1,0,,0,0,0,0,0,0,0,0,103808,104555,0,232,0
1519682,1,0,0.345888,0.925217,0.691797,0.293873,1,0,,0,0,0,0,0,0,0,0,103808,104555,0,232,0
1519782,1,0,0.242122,0.788598,0.701477,0.331875,1,0,,0,0,0,0,0,0,0,0,103808,104555,0,232,0
1519882,1,0,0.169485,0.664775,0.697807,0.334422,1,0,,0,0,0,0,0,0,0,0,103808,104555,0,232,0
1519982,1,0,0.11864,0.555548,0.683581,0.311484,1,0,,0,0,0,0,0,0,0,0,103808,104555,0,232,0
1520082,1,0,0.0830478,0.461048,0.661328,0.300934,1,0,,0,0,0,0,0,0,0,0,103808,104555,0,232,0
1520182,1,0,0.0581334,0.380465,0.633242,0.293161,1,0,,0,0,0,0,0,0,0,0,103808,104555,0,232,0
1520282,1,0,0.0406934,0.312511,0.601169,0.314525,1,0,,0,0,0,0,0,0,0,0,103808,104555,0,232,0
1520382,1,0,0.0284854,0.255706,0.566622,0.286649,1,0,,0,0,0,0,0,0,0,0,103808,104555,0,232,0
1520482,1,0,0.0199398,0.208553,0.530815,0.33946,1,0,,0,0,0,0,0,0,0,0,103808,104555,0,232,0
1520582,1,0,0.0139578,0.169634,0.494697,0.290723,1,0,,0,0,0,0,0,0,0,0,103808,104555,0,232,0
1520682,1,0,0.00977049,0.137661,0.458993,0.303748,1,0,,0,0,0,0,0,0,0,0,103808,104555,0,232,0
1520782,1,0,0.00683934,0.111497,0.424244,0.314834,1,0,,0,0,0,0,0,0,0,0,103808,104555,0,232,0
1520882,1,0,0.00478754,0.0901548,0.390835,0.349583,1,0,,0,0,0,0,0,0,0,0,103808,104555,0,232,0
1520982,1,0,0.00335128,0.0727941,0.359031,0.271044,1,0,,0,0,0,0,0,0,0,0,103808,104555,0,232,0
1521082,1,0,0.00234589,0.0587045,0.328998,0.314107,1,0,,0,0,0,0,0,0,0,0,103808,104555,0,232,0
1521182,1,0,0.00164213,0.047292,0.300828,0.281685,1,0,,0,0,0,0,0,0,0,0,103808,104555,0,232,0
1521282,1,0,0.00114949,0.0380635,0.274551,0.289007,1,0,,0,0,0,0,0,0,0,0,103808,104555,0,232,0
1521382,1,0,0.000804642,0.0306117,0.250157,0.354132,1,0,,0,0,0,0,0,0,0,0,103808,104555,0,232,0
1521482,1,0,0.000563249,0.024602,0.227602,0.315234,1,0,,0,0,0,0,0,0,0,0,103808,104555,0,232,0
1521582,1,0,0.000394274,0.0197605,0.206818,0.296146,1,0,,0,0,0,0,0,0,0,0,103808,104555,0,232,0
1521682,1,0,0.000275992,0.0158636,0.187722,0.293357,1,0,,0,0,0,0,0,0,0,0,103808,104555,0,232,0
1521782,1,0,0.000193194,0.0127295,0.170223,0.312232,1,0,,0,0,0,0,0,0,0,0,103808,104555,0,232,0
1521882,1,0,0.000135236,0.0102107,0.154222,0.289407,1,0,,0,0,0,0,0,0,0,0,103808,104555,0,232,0
1521982,1,0,9.46653e-005,0.00818746,0.139618,0.317207,1,0,,0,0,0,0,0,0,0,0,103808,104555,0,232,0
1522082,1,0,6.62657e-005,0.00656322,0.126313,0.346693,1,0,,0,0,0,0,0,0,0,0,103808,104555,0,232,0
1522182,1,0,4.6386e-005,0.00525985,0.114207,0.321769,1,0,,0,0,0,0,0,0,0,0,103808,104555,0,232,0
1522282,1,0,3.24702e-005,0.00421438,0.103208,0.298393,1,0,,0,0,0,0,0,0,0,0,103808,104555,0,232,0
1522382,1,0,2.27291e-005,0.00337605,0.0932249,0.331515,1,0,,0,0,0,0,0,0,0,0,103808,104555,0,232,0
1522482,1,0,1.59104e-005,0.00270402,0.0841728,0.302264,1,0,,0,0,0,0,0,0,0,0,103808,104555,0,232,0
1522582,1,0,1.11373e-005,0.00216544,0.0759721,0.297678,1,0,,0,0,0,0,0,0,0,0,103808,104555,0,232,0
1522682,1,0,7.79609e-006,0.00173391,0.0685483,0.29924,1,0,,0,0,0,0,0,0,0,0,103808,104555,0,232,0
1522782,1,0,5.45726e-006,0.00138822,0.0618323,0.313065,1,0,,0,0,0,0,0,0,0,0,103808,104555,0,232,0
1522882,1,13,3.9,0.781111,0.13376,0.271786,1,0,,0,0,0,0,0,0,0,0,103808,104555,0,232,0
1522982,1,0,2.73,1.17089,0.237473,0.311751,1,0,,0,0,0,0,0,0,0,0,103808,104555,0,232,0
1523082,1,0,1.911,1.31891,0.345617,0.294327,1,0,,0,0,0,0,0,0,0,0,103808,104555,0,232,0
1523182,1,0,1.3377,1.32267,0.443322,0.296964,1,0,,0,0,0,0,0,0,0,0,103808,104555,0,232,0
1523282,1,0,0.936391,1.24541,0.523531,0.324502,1,0,,0,0,0,0,0,0,0,0,103808,104555,0,232,0
1523382,1,0,0.655474,1.12743,0.583921,0.303077,1,0,,0,0,0,0,0,0,0,0,103808,104555,0,232,0
1523482,1,0,0.458832,0.993707,0.6249,0.307515,1,0,,0,0,0,0,0,0,0,0,103808,104555,0,232,0
1523582,1,0,0.321182,0.859202,0.64833,0.282691,1,0,,0,0,0,0,0,0,0,0,103808,104555,0,232,0
1523682,1,0,0.224827,0.732327,0.656729,0.319789,1,0,,0,0,0,0,0,0,0,0,103808,104555,0,232,0
1523782,1,0,0.157379,0.617338,0.65279,0.316827,1,0,,0,0,0,0,0,0,0,0,103808,104555,0,232,0
1523882,1,0,0.110165,0.515903,0.639102,0.295992,1,0,,0,0,0,0,0,0,0,0,103808,104555,0,232,0
1523982,1,0,0.0771158,0.428146,0.618006,0.297853,1,0,,0,0,0,0,0,0,0,0,103808,104555,0,232,0
1524082,1,0,0.0539811,0.353313,0.591537,0.30528,1,0,,0,0,0,0,0,0,0,0,103808,104555,0,232,0
1524182,1,0,0.0377867,0.290208,0.561404,0.298128,1,0,,0,0,0,0,0,0,0,0,103808,104555,0,232,0
1524282,1,0,0.0264507,0.237456,0.529009,0.298191,1,0,,0,0,0,0,0,0,0,0,103808,104555,0,232,0
1524382,1,0,0.0185155,0.193668,0.495475,0.313641,1,0,,0,0,0,0,0,0,0,0,103808,104555,0,232,0
1524482,1,0,0.0129609,0.157527,0.46168,0.282614,1,0,,0,0,0,0,0,0,0,0,103808,104555,0,232,0
1524582,1,0,0.0090726,0.127836,0.428296,0.28783,1,0,,0,0,0,0,0,0,0,0,103808,104555,0,232,0
1524682,1,0,0.00635082,0.103539,0.39582,0.307791,1,0,,0,0,0,0,0,0,0,0,103808,104555,0,232,0
1524782,1,0,0.00444557,0.0837202,0.36461,0.30623,1,0,,0,0,0,0,0,0,0,0,103808,104555,0,232,0
1524882,1,0,0.0031119,0.0675985,0.334909,0.285494,1,0,,0,0,0,0,0,0,0,0,103808,104555,0,232,0
1524982,1,0,0.00217833,0.0545145,0.306869,0.288305,1,0,,0,0,0,0,0,0,0,0,103808,104555,0,232,0
1525082,1,0,0.00152483,0.0439166,0.280574,0.283193,1,0,,0,0,0,0,0,0,0,0,103808,104555,0,232,0
1525182,1,0,0.00106738,0.0353467,0.256051,0.285592,1,0,,0,0,0,0,0,0,0,0,103808,104555,0,232,0
1525282,1,0,0.000747167,0.0284268,0.233289,0.310593,1,0,,0,0,0,0,0,0,0,0,103808,104555,0,232,0
1525382,1,0,0.000523017,0.0228461,0.212245,0.31318,1,0,,0,0,0,0,0,0,0,0,103808,104555,0,232,0
1525482,1,0,0.000366112,0.0183501,0.192855,0.324408,1,0,,0,0,0,0,0,0,0,0,103808,104555,0,232,0
1525582,1,0,0.000256278,0.0147313,0.175043,0.29762,1,0,,0,0,0,0,0,0,0,0,103808,104555,0,232,0
1525682,1,0,0.000179395,0.0118209,0.158721,0.305495,1,0,,0,0,0,0,0,0,0,0,103808,104555,0,232,0
1525782,1,0,0.000125576,0.00948186,0.143797,0.370369,1,0,,0,0,0,0,0,0,0,0,103808,104555,0,232,0
1525882,1,0,8.79035e-005,0.00760307,0.130177,0.317369,1,0,,0,0,0,0,0,0,0,0,103808,104555,0,232,0
1525982,1,0,6.15324e-005,0.00609476,0.117769,0.301382,1,0,,0,0,0,0,0,0,0,0,103808,104555,0,232,0
1526082,1,0,4.30727e-005,0.00488442,0.106481,0.279143,1,0,,0,0,0,0,0,0,0,0,103808,104555,0,232,0
1526182,1,0,3.01509e-005,0.00391357,0.0962239,0.277557,1,0,,0,0,0,0,0,0,0,0,103808,104555,0,232,0
1526282,1,0,2.11056e-005,0.00313508,0.086915,0.318244,1,0,,0,0,0,0,0,0,0,0,103808,104555,0,232,0
1526382,1,0,1.47739e-005,0.00251102,0.0784746,0.30017,1,0,,0,0,0,0,0,0,0,0,103808,104555,0,232,0
1526482,1,0,1.03418e-005,0.00201088,0.0708282,0.30082,1,0,,0,0,0,0,0,0,0,0,103808,104555,0,232,0
1526582,1,0,7.23923e-006,0.00161015,0.0639064,0.291579,1,0,,0,0,0,0,0,0,0,0,103808,104555,0,232,0
1526682,1,0,5.06746e-006,0.00128914,0.0576447,0.28404,1,0,,0,0,0,0,0,0,0,0,103808,104555,0,232,0
1526782,1,0,3.54722e-006,0.00103202,0.0519834,0.297227,1,0,,0,0,0,0,0,0,0,0,103808,104555,0,232,0
1526882,1,14,4.2,0.840826,0.130868,0.280635,1,0,,0,0,0,0,0,0,0,0,103808,104555,0,232,0
1526982,1,0,2.94,1.26066,0.243847,0.303648,1,0,,0,0,0,0,0,0,0,0,103808,104555,0,232,0
1527082,1,0,2.058,1.42013,0.361475,0.317523,1,0,,0,0,0,0,0,0,0,0,103808,104555,0,232,0
1527182,1,0,1.4406,1.42422,0.46775,0.313035,1,0,,0,0,0,0,0,0,0,0,103808,104555,0,232,0
1527282,1,0,1.00842,1.34106,0.555081,0.311686,1,0,,0,0,0,0,0,0,0,0,103808,104555,0,232,0
1527382,1,0,0.705894,1.21403,0.620976,0.279662,1,0,,0,0,0,0,0,0,0,0,103808,104555,0,232,0
1527482,1,0,0.494126,1.07005,0.665883,0.301598,1,0,,0,0,0,0,0,0,0,0,103808,104555,0,232,0
1527582,1,0,0.345888,0.925217,0.691817,0.289335,1,0,,0,0,0,0,0,0,0,0,103808,104555,0,232,0
1527682,1,0,0.242122,0.788598,0.701495,0.335337,1,0,,0,0,0,0,0,0,0,0,103808,104555,0,232,0
1527782,1,0,0.169485,0.664775,0.697823,0.333738,1,0,,0,0,0,0,0,0,0,0,103808,104555,0,232,0
1527882,1,0,0.11864,0.555548,0.683595,0.294077,1,0,,0,0,0,0,0,0,0,0,103808,104555,0,232,0
1527982,1,0,0.0830478,0.461048,0.661341,0.291751,1,0,,0,0,0,0,0,0,0,0,103808,104555,0,232,0
1528082,1,0,0.0581334,0.380465,0.633253,0.341313,1,0,,0,0,0,0,0,0,0,0,103808,104555,0,232,0
1528182,1,0,0.0406934,0.312511,0.601179,0.306512,1,0,,0,0,0,0,0,0,0,0,103808,104555,0,232,0
1528282,1,0,0.0284854,0.255706,0.566631,0.335725,1,0,,0,0,0,0,0,0,0,0,103808,104555,0,232,0
1528382,1,0,0.0199398,0.208553,0.530824,0.296578,1,0,,0,0,0,0,0,0,0,0,103808,104555,0,232,0
1528482,1,0,0.0139578,0.169634,0.494705,0.281101,1,0,,0,0,0,0,0,0,0,0,103808,104555,0,232,0
1528582,1,0,0.00977049,0.137661,0.459,0.295913,1,0,,0,0,0,0,0,0,0,0,103808,104555,0,232,0
1528682,1,0,0.00683934,0.111497,0.42425,0.288363,1,0,,0,0,0,0,0,0,0,0,103808,104555,0,232,0
1528782,1,0,0.00478754,0.0901548,0.39084,0.298078,1,0,,0,0,0,0,0,0,0,0,103808,104555,0,232,0
1528882,1,0,0.00335128,0.0727941,0.359036,0.332077,1,0,,0,0,0,0,0,0,0,0,103808,104555,0,232,0
1528982,1,0,0.00234589,0.0587045,0.329003,0.329891,1,0,,0,0,0,0,0,0,0,0,103808,104555,0,232,0
1529082,1,0,0.00164213,0.047292,0.300832,0.30229,1,0,,0,0,0,0,0,0,0,0,103808,104555,0,232,0
1529182,1,0,0.00114949,0.0380635,0.274555,0.318802,1,0,,0,0,0,0,0,0,0,0,103808,104555,0,232,0
1529282,1,0,0.000804642,0.0306117,0.25016,0.30119,1,0,,0,0,0,0,0,0,0,0,103808,104555,0,232,0
1529382,1,0,0.000563249,0.024602,0.227605,0.309615,1,0,,0,0,0,0,0,0,0,0,103808,104555,0,232,0
1529482,1,0,0.000394274,0.0197605,0.20682,0.339227,1,0,,0,0,0,0,0,0,0,0,103808,104555,0,232,0
1529582,1,0,0.000275992,0.0158636,0.187724,0.321278,1,0,,0,0,0,0,0,0,0,0,103808,104555,0,232,0
1529682,1,0,0.000193194,0.0127295,0.170225,0.286278,1,0,,0,0,0,0,0,0,0,0,103808,104555,0,232,0
1529782,1,0,0.000135236,0.0102107,0.154224,0.306979,1,0,,0,0,0,0,0,0,0,0,103808,104555,0,232,0
1529882,1,0,9.46653e-005,0.00818746,0.13962,0.287678,1,0,,0,0,0,0,0,0,0,0,103808,104555,0,232,0
1529982,1,0,6.62657e-005,0.00656322,0.126314,0.286615,1,0,,0,0,0,0,0,0,0,0,103808,104555,0,232,0
1530082,1,0,4.6386e-005,0.00525985,0.114209,0.28539,1,0,,0,0,0,0,0,0,0,0,103808,104555,0,232,0
1530182,1,0,3.24702e-005,0.00421438,0.103209,0.28112,1,0,,0,0,0,0,0,0,0,0,103808,104555,0,232,0
1530282,1,0,2.27291e-005,0.00337605,0.093226,0.329519,1,0,,0,0,0,0,0,0,0,0,103808,104555,0,232,0
1530382,1,0,1.59104e-005,0.00270402,0.0841738,0.309083,1,0,,0,0,0,0,0,0,0,0,103808,104555,0,232,0
1530482,1,0,1.11373e-005,0.00216544,0.075973,0.33972,1,0,,0,0,0,0,0,0,0,0,103808,104555,0,232,0
1530582,1,0,7.79609e-006,0.00173391,0.0685491,0.301858,1,0,,0,0,0,0,0,0,0,0,103808,104555,0,232,0
1530682,1,0,5.45726e-006,0.00138822,0.061833,0.294245,1,0,,0,0,0,0,0,0,0,0,103808,104555,0,232,0
1530782,1,13,3.9,0.781111,0.133761,0.289398,1,0,,0,0,0,0,0,0,0,0,103808,104555,0,232,0
1530882,1,0,2.73,1.17089,0.237474,0.289599,1,0,,0,0,0,0,0,0,0,0,103808,104555,0,232,0
1530982,1,0,1.911,1.31891,0.345618,0.314112,1,0,,0,0,0,0,0,0,0,0,103808,104555,0,232,0
1531082,1,0,1.3377,1.32267,0.443323,0.308137,1,0,,0,0,0,0,0,0,0,0,103808,104555,0,232,0
1531182,1,0,0.936391,1.24541,0.523532,0.312199,1,0,,0,0,0,0,0,0,0,0,103808,104555,0,232,0
1531282,1,0,0.655474,1.12743,0.583921,0.286674,1,0,,0,0,0,0,0,0,0,0,103808,104555,0,232,0
1531382,1,0,0.458832,0.993707,0.6249,0.283599,1,0,,0,0,0,0,0,0,0,0,103808,104555,0,232,0
1531482,1,0,0.321182,0.859202,0.64833,0.294285,1,0,,0,0,0,0,0,0,0,0,103808,104555,0,232,0
1531582,1,0,0.224827,0.732327,0.65673,0.307912,1,0,,0,0,0,0,0,0,0,0,103808,104555,0,232,0
1531682,1,0,0.157379,0.617338,0.652791,0.2907,1,0,,0,0,0,0,0,0,0,0,103808,104555,0,232,0
1531782,1,0,0.110165,0.515903,0.639102,0.329915,1,0,,0,0,0,0,0,0,0,0,103808,104555,0,232,0
1531882,1,0,0.0771158,0.428146,0.618006,0.291389,1,0,,0,0,0,0,0,0,0,0,103808,104555,0,232,0
1531982,1,0,0.0539811,0.353313,0.591537,0.321932,1,0,,0,0,0,0,0,0,0,0,103808,104555,0,232,0
1532082,1,0,0.0377867,0.290208,0.561404,0.296119,1,0,,0,0,0,0,0,0,0,0,103808,104555,0,232,0
1532182,1,0,0.0264507,0.237456,0.529009,0.304656,1,0,,0,0,0,0,0,0,0,0,103808,104555,0,232,0
1532282,1,0,0.0185155,0.193668,0.495475,0.29308,1,0,,0,0,0,0,0,0,0,0,103808,104555,0,232,0
1532382,1,0,0.0129609,0.157527,0.46168,0.29323,1,0,,0,0,0,0,0,0,0,0,103808,104555,0,232,0
1532482,1,0,0.0090726,0.127836,0.428296,0.291217,1,0,,0,0,0,0,0,0,0,0,103808,104555,0,232,0
1532582,1,0,0.00635082,0.103539,0.39582,0.287256,1,0,,0,0,0,0,0,0,0,0,103808,104555,0,232,0
1532682,1,0,0.00444557,0.0837202,0.36461,0.27868,1,0,,0,0,0,0,0,0,0,0,103808,104555,0,232,0
1532782,1,0,0.0031119,0.0675985,0.334909,0.291792,1,0,,0,0,0,0,0,0,0,0,103808,104555,0,232,0
1532882,1,0,0.00217833,0.0545145,0.306869,0.289743,1,0,,0,0,0,0,0,0,0,0,103808,104555,0,232,0
1532982,1,0,0.00152483,0.0439166,0.280574,0.28968,1,0,,0,0,0,0,0,0,0,0,103808,104555,0,232,0
1533082,1,0,0.00106738,0.0353467,0.256051,0.300645,1,0,,0,0,0,0,0,0,0,0,103808,104555,0,232,0
1533182,1,0,0.000747167,0.0284268,0.233289,0.310894,1,0,,0,0,0,0,0,0,0,0,103808,104555,0,232,0
1533282,1,0,0.000523017,0.0228461,0.212245,0.284608,1,0,,0,0,0,0,0,0,0,0,103808,104555,0,232,0
1533382,1,0,0.000366112,0.0183501,0.192855,0.290122,1,0,,0,0,0,0,0,0,0,0,103808,104555,0,232,0
1533482,1,0,0.000256278,0.0147313,0.175043,0.276532,1,0,,0,0,0,0,0,0,0,0,103808,104555,0,232,0
1533582,1,0,0.000179395,0.0118209,0.158721,0.299671,1,0,,0,0,0,0,0,0,0,0,103808,104555,0,232,0
1533682,1,0,0.000125576,0.00948186,0.143797,0.291858,1,0,,0,0,0,0,0,0,0,0,103808,104555,0,232,0
1533782,1,0,8.79035e-005,0.00760307,0.130177,0.368549,1,0,,0,0,0,0,0,0,0,0,103808,104555,0,232,0
1533882,1,0,6.15324e-005,0.00609476,0.117769,0.342637,1,0,,0,0,0,0,0,0,0,0,103808,104555,0,232,0
1533982,1,0,4.30727e-005,0.00488442,0.106481,0.276297,1,0,,0,0,0,0,0,0,0,0,103808,104555,0,232,0
1534082,1,0,3.01509e-005,0.00391357,0.0962239,0.295235,1,0,,0,0,0,0,0,0,0,0,103808,104555,0,232,0
1534182,1,0,2.11056e-005,0.00313508,0.086915,0.327386,1,0,,0,0,0,0,0,0,0,0,103808,104555,0,232,0
1534282,1,0,1.47739e-005,0.00251102,0.0784746,0.309712,1,0,,0,0,0,0,0,0,0,0,103808,104555,0,232,0
1534382,1,0,1.03418e-005,0.00201088,0.0708282,0.298776,1,0,,0,0,0,0,0,0,0,0,103808,104555,0,232,0
1534482,1,0,7.23923e-006,0.00161015,0.0639064,0.300237,1,0,,0,0,0,0,0,0,0,0,103808,104555,0,232,0
1534582,1,0,5.06746e-006,0.00128914,0.0576447,0.291487,1,0,,0,0,0,0,0,0,0,0,103808,104555,0,232,0
1534682,1,0,3.54722e-006,0.00103202,0.0519834,0.280801,1,0,,0,0,0,0,0,0,0,0,103808,104555,0,232,0
1534782,1,14,4.2,0.840826,0.130868,0.293401,1,0,,0,0,0,0,0,0,0,0,103808,104555,0,232,0
1534882,1,0,2.94,1.26066,0.243847,0.287275,1,0,,0,0,0,0,0,0,0,0,103808,104555,0,232,0
1534982,1,0,2.058,1.42013,0.361475,0.290499,1,0,,0,0,0,0,0,0,0,0,103808,104555,0,232,0
1535082,1,0,1.4406,1.42422,0.46775,0.32536,1,0,,0,0,0,0,0,0,0,0,103808,104555,0,232,0
1535182,1,0,1.00842,1.34106,0.555081,0.312085,1,0,,0,0,0,0,0,0,0,0,103808,104555,0,232,0
1535282,1,0,0.705894,1.21403,0.620976,0.329525,1,0,,0,0,0,0,0,0,0,0,103808,104555,0,232,0
1535382,1,0,0.494126,1.07005,0.665883,0.281291,1,0,,0,0,0,0,0,0,0,0,103808,104555,0,232,0
1535482,1,0,0.345888,0.925217,0.691817,0.31609,1,0,,0,0,0,0,0,0,0,0,103808,104555,0,232,0
1535582,1,0,0.242122,0.788598,0.701495,0.307741,1,0,,0,0,0,0,0,0,0,0,103808,104555,0,232,0
1535682,1,0,0.169485,0.664775,0.697823,0.313192,1,0,,0,0,0,0,0,0,0,0,103808,104555,0,232,0
1535782,1,0,0.11864,0.555548,0.683595,0.297755,1,0,,0,0,0,0,0,0,0,0,103808,104555,0,232,0
1535882,1,0,0.0830478,0.461048,0.661341,0.297555,1,0,,0,0,0,0,0,0,0,0,103808,104555,0,232,0
1535982,1,0,0.0581334,0.380465,0.633253,0.347156,1,0,,0,0,0,0,0,0,0,0,103808,104555,0,232,0
1536082,1,0,0.0406934,0.312511,0.601179,0.331958,1,0,,0,0,0,0,0,0,0,0,103808,104555,0,232,0
1536182,1,0,0.0284854,0.255706,0.566631,0.290495,1,0,,0,0,0,0,0,0,0,0,103808,104555,0,232,0
1536282,1,0,0.0199398,0.208553,0.530824,0.293108,1,0,,0,0,0,0,0,0,0,0,103808,104555,0,232,0
1536382,1,0,0.0139578,0.169634,0.494705,0.284708,1,0,,0,0,0,0,0,0,0,0,103808,104555,0,232,0
1536482,1,0,0.00977049,0.137661,0.459,0.33492,1,0,,0,0,0,0,0,0,0,0,103808,104555,0,232,0
1536582,1,0,0.00683934,0.111497,0.42425,0.318206,1,0,,0,0,0,0,0,0,0,0,103808,104555,0,232,0
1536682,1,0,0.00478754,0.0901548,0.39084,0.300156,1,0,,0,0,0,0,0,0,0,0,103808,104555,0,232,0
1536782,1,0,0.00335128,0.0727941,0.359036,0.287171,1,0,,0,0,0,0,0,0,0,0,103808,104555,0,232,0
1536882,1,0,0.00234589,0.0587045,0.329003,0.301059,1,0,,0,0,0,0,0,0,0,0,103808,104555,0,232,0
1536982,1,0,0.00164213,0.047292,0.300832,0.324545,1,0,,0,0,0,0,0,0,0,0,103808,104555,0,232,0
1537082,1,0,0.00114949,0.0380635,0.274555,0.314294,1,0,,0,0,0,0,0,0,0,0,103808,104555,0,232,0
1537182,1,0,0.000804642,0.0306117,0.25016,0.314682,1,0,,0,0,0,0,0,0,0,0,103808,104555,0,232,0
1537282,1,0,0.000563249,0.024602,0.227605,0.293907,1,0,,0,0,0,0,0,0,0,0,103808,104555,0,232,0
1537382,1,0,0.000394274,0.0197605,0.20682,0.280196,1,0,,0,0,0,0,0,0,0,0,103808,104555,0,232,0
1537482,1,0,0.000275992,0.0158636,0.187724,0.329033,1,0,,0,0,0,0,0,0,0,0,103808,104555,0,232,0
1537582,1,0,0.000193194,0.0127295,0.170225,0.318458,1,0,,0,0,0,0,0,0,0,0,103808,104555,0,232,0
1537682,1,0,0.000135236,0.0102107,0.154224,0.306607,1,0,,0,0,0,0,0,0,0,0,103808,104555,0,232,0
1537782,1,0,9.46653e-005,0.00818746,0.13962,0.288556,1,0,,0,0,0,0,0,0,0,0,103808,104555,0,232,0
1537882,1,0,6.62657e-005,0.00656322,0.126314,0.302558,1,0,,0,0,0,0,0,0,0,0,103808,104555,0,232,0
1537982,1,0,4.6386e-005,0.00525985,0.114209,0.276196,1,0,,0,0,0,0,0,0,0,0,103808,104555,0,232,0
1538082,1,0,3.24702e-005,0.00421438,0.103209,0.31437,1,0,,0,0,0,0,0,0,0,0,103808,104555,0,232,0
1538182,1,0,2.27291e-005,0.00337605,0.093226,0.288558,1,0,,0,0,0,0,0,0,0,0,103808,104555,0,232,0
1538282,1,0,1.59104e-005,0.00270402,0.0841738,0.280732,1,0,,0,0,0,0,0,0,0,0,103808,104555,0,232,0
1538382,1,0,1.11373e-005,0.00216544,0.075973,0.368018,1,0,,0,0,0,0,0,0,0,0,103808,104555,0,232,0
1538482,1,0,7.79609e-006,0.00173391,0.0685491,0.31488,1,0,,0,0,0,0,0,0,0,0,103808,104555,0,232,0
1538582,1,0,5.45726e-006,0.00138822,0.061833,0.291288,1,0,,0,0,0,0,0,0,0,0,103808,104555,0,232,0
1538682,1,0,3.82008e-006,0.00111134,0.0557608,0.297626,1,0,,0,0,0,0,0,0,0,0,103808,104555,0,232,0
1538782,1,14,4.2,0.84089,0.134274,0.30437,1,0,,0,0,0,0,0,0,0,0,103808,104555,0,232,0
1538882,1,0,2.94,1.26071,0.246918,0.300169,1,0,,0,0,0,0,0,0,0,0,103808,104555,0,232,0
1538982,1,0,2.058,1.42017,0.364243,0.318469,1,0,,0,0,0,0,0,0,0,0,103808,104555,0,232,0
1539082,1,0,1.4406,1.42426,0.470244,0.284105,1,0,,0,0,0,0,0,0,0,0,103808,104555,0,232,0
1539182,1,0,1.00842,1.34109,0.557329,0.289668,1,0,,0,0,0,0,0,0,0,0,103808,104555,0,232,0
1539282,1,0,0.705894,1.21405,0.623001,0.279429,1,0,,0,0,0,0,0,0,0,0,103808,104555,0,232,0
1539382,1,0,0.494126,1.07007,0.667707,0.282391,1,0,,0,0,0,0,0,0,0,0,103808,104555,0,232,0
1539482,1,0,0.345888,0.92523,0.69346,0.286554,1,0,,0,0,0,0,0,0,0,0,103808,104555,0,232,0
1539582,1,0,0.242122,0.788608,0.702974,0.331715,1,0,,0,0,0,0,0,0,0,0,103808,104555,0,232,0
1539682,1,0,0.169485,0.664784,0.699155,0.29244,1,0,,0,0,0,0,0,0,0,0,103808,104555,0,232,0
1539782,1,0,0.11864,0.555555,0.684795,0.320525,1,0,,0,0,0,0,0,0,0,0,103808,104555,0,232,0
1539882,1,0,0.0830478,0.461054,0.662421,0.289561,1,0,,0,0,0,0,0,0,0,0,103808,104555,0,232,0
1539982,1,0,0.0581334,0.38047,0.634226,0.289186,1,0,,0,0,0,0,0,0,0,0,103808,104555,0,232,0
1540082,1,0,0.0406934,0.312514,0.602055,0.318185,1,0,,0,0,0,0,0,0,0,0,103808,104555,0,232,0
1540182,1,0,0.0284854,0.255709,0.56742,0.347959,1,0,,0,0,0,0,0,0,0,0,103808,104555,0,232,0
1540282,1,0,0.0199398,0.208555,0.531534,0.284945,1,0,,0,0,0,0,0,0,0,0,103808,104555,0,232,0
1540382,1,0,0.0139578,0.169635,0.495344,0.28217,1,0,,0,0,0,0,0,0,0,0,103808,104555,0,232,0
1540482,1,0,0.00977049,0.137662,0.459576,0.311045,1,0,,0,0,0,0,0,0,0,0,103808,104555,0,232,0
1540582,1,0,0.00683934,0.111498,0.424768,0.295035,1,0,,0,0,0,0,0,0,0,0,103808,104555,0,232,0
1540682,1,0,0.00478754,0.0901558,0.391307,0.286633,1,0,,0,0,0,0,0,0,0,0,103808,104555,0,232,0
1540782,1,0,0.00335128,0.0727949,0.359455,0.312045,1,0,,0,0,0,0,0,0,0,0,103808,104555,0,232,0
1540882,1,0,0.00234589,0.0587051,0.32938,0.304782,1,0,,0,0,0,0,0,0,0,0,103808,104555,0,232,0
1540982,1,0,0.00164213,0.0472925,0.301172,0.29644,1,0,,0,0,0,0,0,0,0,0,103808,104555,0,232,0
1541082,1,0,0.00114949,0.0380639,0.274861,0.302104,1,0,,0,0,0,0,0,0,0,0,103808,104555,0,232,0
1541182,1,0,0.000804642,0.030612,0.250436,0.311717,1,0,,0,0,0,0,0,0,0,0,103808,104555,0,232,0
1541282,1,0,0.000563249,0.0246023,0.227853,0.309427,1,0,,0,0,0,0,0,0,0,0,103808,104555,0,232,0
1541382,1,0,0.000394274,0.0197607,0.207043,0.277979,1,0,,0,0,0,0,0,0,0,0,103808,104555,0,232,0
1541482,1,0,0.000275992,0.0158637,0.187925,0.285841,1,0,,0,0,0,0,0,0,0,0,103808,104555,0,232,0
1541582,1,0,0.000193194,0.0127296,0.170406,0.293779,1,0,,0,0,0,0,0,0,0,0,103808,104555,0,232,0
1541682,1,0,0.000135236,0.0102108,0.154386,0.289742,1,0,,0,0,0,0,0,0,0,0,103808,104555,0,232,0
1541782,1,0,9.46653e-005,0.00818753,0.139766,0.305653,1,0,,0,0,0,0,0,0,0,0,103808,104555,0,232,0
1541882,1,0,6.62657e-005,0.00656328,0.126446,0.299016,1,0,,0,0,0,0,0,0,0,0,103808,104555,0,232,0
1541982,1,0,4.6386e-005,0.0052599,0.114327,0.34519,1,0,,0,0,0,0,0,0,0,0,103808,104555,0,232,0
1542082,1,0,3.24702e-005,0.00421442,0.103316,0.294653,1,0,,0,0,0,0,0,0,0,0,103808,104555,0,232,0
1542182,1,0,2.27291e-005,0.00337608,0.0933222,0.318716,1,0,,0,0,0,0,0,0,0,0,103808,104555,0,232,0
1542282,1,0,1.59104e-005,0.00270405,0.0842604,0.320766,1,0,,0,0,0,0,0,0,0,0,103808,104555,0,232,0
1542382,1,0,1.11373e-005,0.00216546,0.0760509,0.312816,1,0,,0,0,0,0,0,0,0,0,103808,104555,0,232,0
1542482,1,0,7.79609e-006,0.00173393,0.0686192,0.281965,1,0,,0,0,0,0,0,0,0,0,103808,104555,0,232,0
1542582,1,0,5.45726e-006,0.00138824,0.0618961,0.324014,1,0,,0,0,0,0,0,0,0,0,103808,104555,0,232,0
1542682,1,14,4.2,0.841111,0.139818,0.293142,1,0,,0,0,0,0,0,0,0,0,103808,104555,0,232,0
1542782,1,0,2.94,1.26089,0.251925,0.295523,1,0,,0,0,0,0,0,0,0,0,103808,104555,0,232,0
1542882,1,0,2.058,1.42031,0.368764,0.300859,1,0,,0,0,0,0,0,0,0,0,103808,104555,0,232,0
1542982,1,0,1.4406,1.42437,0.474324,0.307435,1,0,,0,0,0,0,0,0,0,0,103808,104555,0,232,0
1543082,1,0,1.00842,1.34118,0.56101,0.293323,1,0,,0,0,0,0,0,0,0,0,103808,104555,0,232,0
1543182,1,0,0.705895,1.21412,0.626321,0.285624,1,0,,0,0,0,0,0,0,0,0,103808,104555,0,232,0
1543282,1,0,0.494126,1.07012,0.670701,0.306249,1,0,,0,0,0,0,0,0,0,0,103808,104555,0,232,0
1543382,1,0,0.345888,0.925277,0.696159,0.276611,1,0,,0,0,0,0,0,0,0,0,103808,104555,0,232,0
1543482,1,0,0.242122,0.788646,0.705408,0.306998,1,0,,0,0,0,0,0,0,0,0,103808,104555,0,232,0
1543582,1,0,0.169485,0.664814,0.701348,0.317397,1,0,,0,0,0,0,0,0,0,0,103808,104555,0,232,0
1543682,1,0,0.11864,0.555579,0.686771,0.311232,1,0,,0,0,0,0,0,0,0,0,103808,104555,0,232,0
1543782,1,0,0.0830478,0.461073,0.664201,0.279882,1,0,,0,0,0,0,0,0,0,0,103808,104555,0,232,0
1543882,1,0,0.0581335,0.380485,0.63583,0.278257,1,0,,0,0,0,0,0,0,0,0,103808,104555,0,232,0
1543982,1,0,0.0406934,0.312527,0.603499,0.310732,1,0,,0,0,0,0,0,0,0,0,103808,104555,0,232,0
1544082,1,0,0.0284854,0.255718,0.568721,0.305358,1,0,,0,0,0,0,0,0,0,0,103808,104555,0,232,0
1544182,1,0,0.0199398,0.208563,0.532705,0.342981,1,0,,0,0,0,0,0,0,0,0,103808,104555,0,232,0
1544282,1,0,0.0139578,0.169642,0.496399,0.271869,1,0,,0,0,0,0,0,0,0,0,103808,104555,0,232,0
1544382,1,0,0.00977049,0.137667,0.460526,0.305269,1,0,,0,0,0,0,0,0,0,0,103808,104555,0,232,0
1544482,1,0,0.00683934,0.111502,0.425624,0.29213,1,0,,0,0,0,0,0,0,0,0,103808,104555,0,232,0
1544582,1,0,0.00478754,0.090159,0.392077,0.27694,1,0,,0,0,0,0,0,0,0,0,103808,104555,0,232,0
1544682,1,0,0.00335128,0.0727974,0.360149,0.300466,1,0,,0,0,0,0,0,0,0,0,103808,104555,0,232,0
1544782,1,0,0.00234589,0.0587071,0.330005,0.29678,1,0,,0,0,0,0,0,0,0,0,103808,104555,0,232,0
1544882,1,0,0.00164213,0.0472941,0.301734,0.318767,1,0,,0,0,0,0,0,0,0,0,103808,104555,0,232,0
1544982,1,0,0.00114949,0.0380652,0.275367,0.286242,1,0,,0,0,0,0,0,0,0,0,103808,104555,0,232,0
1545082,1,0,0.000804642,0.0306131,0.250892,0.303554,1,0,,0,0,0,0,0,0,0,0,103808,104555,0,232,0
1545182,1,0,0.000563249,0.0246031,0.228263,0.282755,1,0,,0,0,0,0,0,0,0,0,103808,104555,0,232,0
1545282,1,0,0.000394274,0.0197614,0.207413,0.303618,1,0,,0,0,0,0,0,0,0,0,103808,104555,0,232,0
1545382,1,0,0.000275992,0.0158643,0.188258,0.292104,1,0,,0,0,0,0,0,0,0,0,103808,104555,0,232,0
1545482,1,0,0.000193194,0.0127301,0.170705,0.316767,1,0,,0,0,0,0,0,0,0,0,103808,104555,0,232,0
1545582,1,0,0.000135236,0.0102111,0.154656,0.318216,1,0,,0,0,0,0,0,0,0,0,103808,104555,0,232,0
1545682,1,0,9.46653e-005,0.00818781,0.140009,0.312629,1,0,,0,0,0,0,0,0,0,0,103808,104555,0,232,0
1545782,1,0,6.62657e-005,0.0065635,0.126664,0.263743,1,0,,0,0,0,0,0,0,0,0,103808,104555,0,232,0
1545882,1,0,4.6386e-005,0.00526008,0.114524,0.334717,1,0,,0,0,0,0,0,0,0,0,103808,104555,0,232,0
1545982,1,0,3.24702e-005,0.00421456,0.103493,0.292806,1,0,,0,0,0,0,0,0,0,0,103808,104555,0,232,0
1546082,1,0,2.27291e-005,0.00337619,0.0934812,0.293694,1,0,,0,0,0,0,0,0,0,0,103808,104555,0,232,0
1546182,1,0,1.59104e-005,0.00270414,0.0844035,0.318944,1,0,,0,0,0,0,0,0,0,0,103808,104555,0,232,0
1546282,1,0,1.11373e-005,0.00216554,0.0761797,0.317731,1,0,,0,0,0,0,0,0,0,0,103808,104555,0,232,0
1546382,1,0,7.79609e-006,0.00173399,0.0687351,0.293737,1,0,,0,0,0,0,0,0,0,0,103808,104555,0,232,0
1546482,1,0,5.45726e-006,0.00138828,0.0620004,0.312473,1,0,,0,0,0,0,0,0,0,0,103808,104555,0,232,0
1546582,1,0,3.82009e-006,0.00111139,0.0559115,0.336011,1,0,,0,0,0,0,0,0,0,0,103808,104555,0,232,0
1546682,1,13,3.9,0.78089,0.128409,0.298994,1,0,,0,0,0,0,0,0,0,0,103808,104555,0,232,0
1546782,1,0,2.73,1.17071,0.23264,0.323918,1,0,,0,0,0,0,0,0,0,0,103808,104555,0,232,0
1546882,1,0,1.911,1.31877,0.341253,0.280041,1,0,,0,0,0,0,0,0,0,0,103808,104555,0,232,0
1546982,1,0,1.3377,1.32256,0.439383,0.303079,1,0,,0,0,0,0,0,0,0,0,103808,104555,0,232,0
1547082,1,0,0.936391,1.24532,0.519977,0.299391,1,0,,0,0,0,0,0,0,0,0,103808,104555,0,232,0
1547182,1,0,0.655473,1.12735,0.580715,0.291241,1,0,,0,0,0,0,0,0,0,0,103808,104555,0,232,0
1547282,1,0,0.458831,0.993649,0.622008,0.357052,1,0,,0,0,0,0,0,0,0,0,103808,104555,0,232,0
1547382,1,0,0.321182,0.859156,0.645723,0.29714,1,0,,0,0,0,0,0,0,0,0,103808,104555,0,232,0
1547482,1,0,0.224827,0.73229,0.654379,0.318653,1,0,,0,0,0,0,0,0,0,0,103808,104555,0,232,0
1547582,1,0,0.157379,0.617308,0.650672,0.309139,1,0,,0,0,0,0,0,0,0,0,103808,104555,0,232,0
1547682,1,0,0.110165,0.515879,0.637193,0.298054,1,0,,0,0,0,0,0,0,0,0,103808,104555,0,232,0
1547782,1,0,0.0771158,0.428127,0.616286,0.330166,1,0,,0,0,0,0,0,0,0,0,103808,104555,0,232,0
1547882,1,0,0.053981,0.353298,0.589987,0.312043,1,0,,0,0,0,0,0,0,0,0,103808,104555,0,232,0
1547982,1,0,0.0377867,0.290195,0.560008,0.309328,1,0,,0,0,0,0,0,0,0,0,103808,104555,0,232,0
1548082,1,0,0.0264507,0.237446,0.527752,0.313706,1,0,,0,0,0,0,0,0,0,0,103808,104555,0,232,0
1548182,1,0,0.0185155,0.19366,0.494343,0.313269,1,0,,0,0,0,0,0,0,0,0,103808,104555,0,232,0
1548282,1,0,0.0129608,0.15752,0.460661,0.312118,1,0,,0,0,0,0,0,0,0,0,103808,104555,0,232,0
1548382,1,0,0.00907259,0.127831,0.427378,0.323493,1,0,,0,0,0,0,0,0,0,0,103808,104555,0,232,0
1548482,1,0,0.00635082,0.103535,0.394993,0.275296,1,0,,0,0,0,0,0,0,0,0,103808,104555,0,232,0
1548582,1,0,0.00444557,0.083717,0.363866,0.287097,1,0,,0,0,0,0,0,0,0,0,103808,104555,0,232,0
1548682,1,0,0.0031119,0.067596,0.334239,0.261935,1,0,,0,0,0,0,0,0,0,0,103808,104555,0,232,0
1548782,1,0,0.00217833,0.0545124,0.306266,0.282872,1,0,,0,0,0,0,0,0,0,0,103808,104555,0,232,0
1548882,1,0,0.00152483,0.0439149,0.280031,0.313685,1,0,,0,0,0,0,0,0,0,0,103808,104555,0,232,0
1548982,1,0,0.00106738,0.0353454,0.255562,0.316385,1,0,,0,0,0,0,0,0,0,0,103808,104555,0,232,0
1549082,1,0,0.000747167,0.0284258,0.232849,0.306047,1,0,,0,0,0,0,0,0,0,0,103808,104555,0,232,0
1549182,1,0,0.000523017,0.0228452,0.211848,0.327635,1,0,,0,0,0,0,0,0,0,0,103808,104555,0,232,0
1549282,1,0,0.000366112,0.0183494,0.192498,0.305761,1,0,,0,0,0,0,0,0,0,0,103808,104555,0,232,0
1549382,1,0,0.000256278,0.0147308,0.174722,0.308897,1,0,,0,0,0,0,0,0,0,0,103808,104555,0,232,0
1549482,1,0,0.000179395,0.0118205,0.158432,0.269472,1,0,,0,0,0,0,0,0,0,0,103808,104555,0,232,0
1549582,1,0,0.000125576,0.00948151,0.143537,0.349886,1,0,,0,0,0,0,0,0,0,0,103808,104555,0,232,0
1549682,1,0,8.79034e-005,0.00760279,0.129943,0.307898,1,0,,0,0,0,0,0,0,0,0,103808,104555,0,232,0
1549782,1,0,6.15324e-005,0.00609454,0.117558,0.310199,1,0,,0,0,0,0,0,0,0,0,103808,104555,0,232,0
1549882,1,0,4.30727e-005,0.00488425,0.106291,0.31326,1,0,,0,0,0,0,0,0,0,0,103808,104555,0,232,0
1549982,1,0,3.01509e-005,0.00391343,0.0960531,0.314446,1,0,,0,0,0,0,0,0,0,0,103808,104555,0,232,0
1550082,1,0,2.11056e-005,0.00313496,0.0867613,0.312008,1,0,,0,0,0,0,0,0,0,0,103808,104555,0,232,0
1550182,1,0,1.47739e-005,0.00251093,0.0783363,0.313784,1,0,,0,0,0,0,0,0,0,0,103808,104555,0,232,0
1550282,1,0,1.03417e-005,0.00201081,0.0707037,0.300698,1,0,,0,0,0,0,0,0,0,0,103808,104555,0,232,0
1550382,1,0,7.23922e-006,0.00161009,0.0637944,0.302237,1,0,,0,0,0,0,0,0,0,0,103808,104555,0,232,0
1550482,1,0,5.06746e-006,0.00128909,0.0575438,0.311761,1,0,,0,0,0,0,0,0,0,0,103808,104555,0,232,0
1550582,1,14,4.2,0.841032,0.135893,0.27681,1,0,,0,0,0,0,0,0,0,0,103808,104555,0,232,0
1550682,1,0,2.94,1.26083,0.248386,0.286996,1,0,,0,0,0,0,0,0,0,0,103808,104555,0,232,0
1550782,1,0,2.058,1.42026,0.365574,0.296909,1,0,,0,0,0,0,0,0,0,0,103808,104555,0,232,0
1550882,1,0,1.4406,1.42433,0.471449,0.304457,1,0,,0,0,0,0,0,0,0,0,103808,104555,0,232,0
1550982,1,0,1.00842,1.34115,0.558419,0.319058,1,0,,0,0,0,0,0,0,0,0,103808,104555,0,232,0
1551082,1,0,0.705895,1.2141,0.623987,0.271471,1,0,,0,0,0,0,0,0,0,0,103808,104555,0,232,0
1551182,1,0,0.494126,1.0701,0.668598,0.299257,1,0,,0,0,0,0,0,0,0,0,103808,104555,0,232,0
1551282,1,0,0.345888,0.92526,0.694265,0.298945,1,0,,0,0,0,0,0,0,0,0,103808,104555,0,232,0
1551382,1,0,0.242122,0.788632,0.703701,0.276758,1,0,,0,0,0,0,0,0,0,0,103808,104555,0,232,0
1551482,1,0,0.169485,0.664803,0.699811,0.287672,1,0,,0,0,0,0,0,0,0,0,103808,104555,0,232,0
1551582,1,0,0.11864,0.55557,0.685387,0.291808,1,0,,0,0,0,0,0,0,0,0,103808,104555,0,232,0
1551682,1,0,0.0830478,0.461066,0.662955,0.291108,1,0,,0,0,0,0,0,0,0,0,103808,104555,0,232,0
1551782,1,0,0.0581335,0.380479,0.634708,0.286451,1,0,,0,0,0,0,0,0,0,0,103808,104555,0,232,0
1551882,1,0,0.0406934,0.312522,0.602489,0.311953,1,0,,0,0,0,0,0,0,0,0,103808,104555,0,232,0
1551982,1,0,0.0284854,0.255715,0.567812,0.282852,1,0,,0,0,0,0,0,0,0,0,103808,104555,0,232,0
1552082,1,0,0.0199398,0.20856,0.531886,0.302851,1,0,,0,0,0,0,0,0,0,0,103808,104555,0,232,0
1552182,1,0,0.0139578,0.169639,0.495662,0.325526,1,0,,0,0,0,0,0,0,0,0,103808,104555,0,232,0
1552282,1,0,0.00977049,0.137666,0.459862,0.305713,1,0,,0,0,0,0,0,0,0,0,103808,104555,0,232,0
1552382,1,0,0.00683934,0.1115,0.425026,0.281175,1,0,,0,0,0,0,0,0,0,0,103808,104555,0,232,0
1552482,1,0,0.00478754,0.0901578,0.391539,0.301613,1,0,,0,0,0,0,0,0,0,0,103808,104555,0,232,0
1552582,1,0,0.00335128,0.0727965,0.359665,0.301588,1,0,,0,0,0,0,0,0,0,0,103808,104555,0,232,0
1552682,1,0,0.00234589,0.0587064,0.329569,0.30285,1,0,,0,0,0,0,0,0,0,0,103808,104555,0,232,0
1552782,1,0,0.00164213,0.0472935,0.301341,0.285951,1,0,,0,0,0,0,0,0,0,0,103808,104555,0,232,0
1552882,1,0,0.00114949,0.0380647,0.275014,0.298387,1,0,,0,0,0,0,0,0,0,0,103808,104555,0,232,0
1552982,1,0,0.000804642,0.0306127,0.250574,0.306761,1,0,,0,0,0,0,0,0,0,0,103808,104555,0,232,0
1553082,1,0,0.000563249,0.0246028,0.227977,0.292924,1,0,,0,0,0,0,0,0,0,0,103808,104555,0,232,0
1553182,1,0,0.000394274,0.0197611,0.207155,0.299985,1,0,,0,0,0,0,0,0,0,0,103808,104555,0,232,0
1553282,1,0,0.000275992,0.0158641,0.188026,0.286448,1,0,,0,0,0,0,0,0,0,0,103808,104555,0,232,0
1553382,1,0,0.000193194,0.0127299,0.170496,0.292272,1,0,,0,0,0,0,0,0,0,0,103808,104555,0,232,0
1553482,1,0,0.000135236,0.010211,0.154468,0.300461,1,0,,0,0,0,0,0,0,0,0,103808,104555,0,232,0
1553582,1,0,9.46653e-005,0.00818771,0.13984,0.278342,1,0,,0,0,0,0,0,0,0,0,103808,104555,0,232,0
1553682,1,0,6.62657e-005,0.00656342,0.126512,0.305054,1,0,,0,0,0,0,0,0,0,0,103808,104555,0,232,0
1553782,1,0,4.6386e-005,0.00526002,0.114387,0.291255,1,0,,0,0,0,0,0,0,0,0,103808,104555,0,232,0
1553882,1,0,3.24702e-005,0.00421451,0.10337,0.272081,1,0,,0,0,0,0,0,0,0,0,103808,104555,0,232,0
1553982,1,0,2.27291e-005,0.00337615,0.0933703,0.290869,1,0,,0,0,0,0,0,0,0,0,103808,104555,0,232,0
1554082,1,0,1.59104e-005,0.0027041,0.0843037,0.316082,1,0,,0,0,0,0,0,0,0,0,103808,104555,0,232,0
1554182,1,0,1.11373e-005,0.00216551,0.0760899,0.300518,1,0,,0,0,0,0,0,0,0,0,103808,104555,0,232,0
1554282,1,0,7.79609e-006,0.00173397,0.0686543,0.314816,1,0,,0,0,0,0,0,0,0,0,103808,104555,0,232,0
1554382,1,0,5.45726e-006,0.00138827,0.0619277,0.291657,1,0,,0,0,0,0,0,0,0,0,103808,104555,0,232,0
1554482,1,0,3.82009e-006,0.00111138,0.055846,0.299756,1,0,,0,0,0,0,0,0,0,0,103808,104555,0,232,0
1554582,1,13,3.9,0.78089,0.12835,0.30976,1,0,,0,0,0,0,0,0,0,0,103808,104555,0,232,0
1554682,1,0,2.73,1.17071,0.232587,0.321398,1,0,,0,0,0,0,0,0,0,0,103808,104555,0,232,0
1554782,1,0,1.911,1.31877,0.341205,0.31011,1,0,,0,0,0,0,0,0,0,0,103808,104555,0,232,0
1554882,1,0,1.3377,1.32256,0.43934,0.334508,1,0,,0,0,0,0,0,0,0,0,103808,104555,0,232,0
1554982,1,0,0.936391,1.24532,0.519938,0.31472,1,0,,0,0,0,0,0,0,0,0,103808,104555,0,232,0
1555082,1,0,0.655473,1.12735,0.58068,0.341108,1,0,,0,0,0,0,0,0,0,0,103808,104555,0,232,0
1555182,1,0,0.458831,0.993649,0.621977,0.337909,1,0,,0,0,0,0,0,0,0,0,103808,104555,0,232,0
1555282,1,0,0.321182,0.859156,0.645695,0.295946,1,0,,0,0,0,0,0,0,0,0,103808,104555,0,232,0
1555382,1,0,0.224827,0.73229,0.654354,0.275405,1,0,,0,0,0,0,0,0,0,0,103808,104555,0,232,0
1555482,1,0,0.157379,0.617308,0.65065,0.316857,1,0,,0,0,0,0,0,0,0,0,103808,104555,0,232,0
1555582,1,0,0.110165,0.515879,0.637173,0.335068,1,0,,0,0,0,0,0,0,0,0,103808,104555,0,232,0
1555682,1,0,0.0771158,0.428127,0.616268,0.297494,1,0,,0,0,0,0,0,0,0,0,103808,104555,0,232,0
1555782,1,0,0.053981,0.353298,0.589971,0.28762,1,0,,0,0,0,0,0,0,0,0,103808,104555,0,232,0
1555882,1,0,0.0377867,0.290195,0.559993,0.312883,1,0,,0,0,0,0,0,0,0,0,103808,104555,0,232,0
1555982,1,0,0.0264507,0.237446,0.527739,0.314657,1,0,,0,0,0,0,0,0,0,0,103808,104555,0,232,0
1556082,1,0,0.0185155,0.19366,0.494331,0.330682,1,0,,0,0,0,0,0,0,0,0,103808,104555,0,232,0
1556182,1,0,0.0129608,0.15752,0.46065,0.330169,1,0,,0,0,0,0,0,0,0,0,103808,104555,0,232,0
1556282,1,0,0.00907259,0.127831,0.427368,0.303018,1,0,,0,0,0,0,0,0,0,0,103808,104555,0,232,0
1556382,1,0,0.00635082,0.103535,0.394985,0.299078,1,0,,0,0,0,0,0,0,0,0,103808,104555,0,232,0
1556482,1,0,0.00444557,0.083717,0.363858,0.275839,1,0,,0,0,0,0,0,0,0,0,103808,104555,0,232,0
1556582,1,0,0.0031119,0.067596,0.334232,0.294526,1,0,,0,0,0,0,0,0,0,0,103808,104555,0,232,0
1556682,1,0,0.00217833,0.0545124,0.30626,0.325563,1,0,,0,0,0,0,0,0,0,0,103808,104555,0,232,0
1556782,1,0,0.00152483,0.0439149,0.280025,0.326675,1,0,,0,0,0,0,0,0,0,0,103808,104555,0,232,0
1556882,1,0,0.00106738,0.0353454,0.255557,0.295162,1,0,,0,0,0,0,0,0,0,0,103808,104555,0,232,0
1556982,1,0,0.000747167,0.0284258,0.232844,0.326313,1,0,,0,0,0,0,0,0,0,0,103808,104555,0,232,0
1557082,1,0,0.000523017,0.0228452,0.211844,0.297489,1,0,,0,0,0,0,0,0,0,0,103808,104555,0,232,0
1557182,1,0,0.000366112,0.0183494,0.192495,0.314814,1,0,,0,0,0,0,0,0,0,0,103808,104555,0,232,0
1557282,1,0,0.000256278,0.0147308,0.174718,0.315561,1,0,,0,0,0,0,0,0,0,0,103808,104555,0,232,0
1557382,1,0,0.000179395,0.0118205,0.158429,0.324487,1,0,,0,0,0,0,0,0,0,0,103808,104555,0,232,0
1557482,1,0,0.000125576,0.00948151,0.143534,0.306651,1,0,,0,0,0,0,0,0,0,0,103808,104555,0,232,0
1557582,1,0,8.79034e-005,0.00760279,0.129941,0.335239,1,0,,0,0,0,0,0,0,0,0,103808,104555,0,232,0
1557682,1,0,6.15324e-005,0.00609454,0.117556,0.305965,1,0,,0,0,0,0,0,0,0,0,103808,104555,0,232,0
1557782,1,0,4.30727e-005,0.00488425,0.106289,0.330514,1,0,,0,0,0,0,0,0,0,0,103808,104555,0,232,0
1557882,1,0,3.01509e-005,0.00391343,0.0960514,0.318711,1,0,,0,0,0,0,0,0,0,0,103808,104555,0,232,0
1557982,1,0,2.11056e-005,0.00313496,0.0867597,0.309413,1,0,,0,0,0,0,0,0,0,0,103808,104555,0,232,0
1558082,1,0,1.47739e-005,0.00251093,0.0783348,0.295924,1,0,,0,0,0,0,0,0,0,0,103808,104555,0,232,0
1558182,1,0,1.03417e-005,0.00201081,0.0707024,0.300537,1,0,,0,0,0,0,0,0,0,0,103808,104555,0,232,0
1558282,1,0,7.23922e-006,0.00161009,0.0637932,0.347611,1,0,,0,0,0,0,0,0,0,0,103808,104555,0,232,0
1558382,1,0,5.06746e-006,0.00128909,0.0575428,0.330198,1,0,,0,0,0,0,0,0,0,0,103808,104555,0,232,0
1558482,1,14,4.2,0.841032,0.135892,0.282536,1,0,,0,0,0,0,0,0,0,0,103808,104555,0,232,0
1558582,1,0,2.94,1.26083,0.248385,0.291624,1,0,,0,0,0,0,0,0,0,0,103808,104555,0,232,0
1558682,1,0,2.058,1.42026,0.365573,0.31591,1,0,,0,0,0,0,0,0,0,0,103808,104555,0,232,0
1558782,1,0,1.4406,1.42433,0.471448,0.306446,1,0,,0,0,0,0,0,0,0,0,103808,104555,0,232,0
1558882,1,0,1.00842,1.34115,0.558418,0.294072,1,0,,0,0,0,0,0,0,0,0,103808,104555,0,232,0
1558982,1,0,0.705895,1.2141,0.623986,0.27823,1,0,,0,0,0,0,0,0,0,0,103808,104555,0,232,0
1559082,1,0,0.494126,1.0701,0.668598,0.317056,1,0,,0,0,0,0,0,0,0,0,103808,104555,0,232,0
1559182,1,0,0.345888,0.92526,0.694264,0.281507,1,0,,0,0,0,0,0,0,0,0,103808,104555,0,232,0
1559282,1,0,0.242122,0.788632,0.703701,0.287856,1,0,,0,0,0,0,0,0,0,0,103808,104555,0,232,0
1559382,1,0,0.169485,0.664803,0.699811,0.292442,1,0,,0,0,0,0,0,0,0,0,103808,104555,0,232,0
1559482,1,0,0.11864,0.55557,0.685387,0.29688,1,0,,0,0,0,0,0,0,0,0,103808,104555,0,232,0
1559582,1,0,0.0830478,0.461066,0.662955,0.30604,1,0,,0,0,0,0,0,0,0,0,103808,104555,0,232,0
1559682,1,0,0.0581335,0.380479,0.634707,0.293165,1,0,,0,0,0,0,0,0,0,0,103808,104555,0,232,0
1559782,1,0,0.0406934,0.312522,0.602489,0.305551,1,0,,0,0,0,0,0,0,0,0,103808,104555,0,232,0
1559882,1,0,0.0284854,0.255715,0.567811,0.285838,1,0,,0,0,0,0,0,0,0,0,103808,104555,0,232,0
1559982,1,0,0.0199398,0.20856,0.531886,0.322801,1,0,,0,0,0,0,0,0,0,0,103808,104555,0,232,0
1560082,1,0,0.0139578,0.169639,0.495661,0.294939,1,0,,0,0,0,0,0,0,0,0,103808,104555,0,232,0
1560182,1,0,0.00977049,0.137666,0.459862,0.295723,1,0,,0,0,0,0,0,0,0,0,103808,104555,0,232,0
1560282,1,0,0.00683934,0.1115,0.425026,0.322623,1,0,,0,0,0,0,0,0,0,0,103808,104555,0,232,0
1560382,1,0,0.00478754,0.0901578,0.391539,0.301711,1,0,,0,0,0,0,0,0,0,0,103808,104555,0,232,0
1560482,1,0,0.00335128,0.0727965,0.359665,0.293173,1,0,,0,0,0,0,0,0,0,0,103808,104555,0,232,0
1560582,1,0,0.00234589,0.0587064,0.329569,0.286662,1,0,,0,0,0,0,0,0,0,0,103808,104555,0,232,0
1560682,1,0,0.00164213,0.0472935,0.301341,0.288075,1,0,,0,0,0,0,0,0,0,0,103808,104555,0,232,0
1560782,1,0,0.00114949,0.0380647,0.275014,0.288985,1,0,,0,0,0,0,0,0,0,0,103808,104555,0,232,0
1560882,1,0,0.000804642,0.0306127,0.250574,0.334047,1,0,,0,0,0,0,0,0,0,0,103808,104555,0,232,0
1560982,1,0,0.000563249,0.0246028,0.227976,0.293309,1,0,,0,0,0,0,0,0,0,0,103808,104555,0,232,0
1561082,1,0,0.000394274,0.0197611,0.207155,0.304633,1,0,,0,0,0,0,0,0,0,0,103808,104555,0,232,0
1561182,1,0,0.000275992,0.0158641,0.188026,0.301495,1,0,,0,0,0,0,0,0,0,0,103808,104555,0,232,0
1561282,1,0,0.000193194,0.0127299,0.170496,0.297195,1,0,,0,0,0,0,0,0,0,0,103808,104555,0,232,0
1561382,1,0,0.000135236,0.010211,0.154468,0.29882,1,0,,0,0,0,0,0,0,0,0,103808,104555,0,232,0
1561482,1,0,9.46653e-005,0.00818771,0.13984,0.288909,1,0,,0,0,0,0,0,0,0,0,103808,104555,0,232,0
1561582,1,0,6.62657e-005,0.00656342,0.126512,0.290559,1,0,,0,0,0,0,0,0,0,0,103808,104555,0,232,0
1561682,1,0,4.6386e-005,0.00526002,0.114387,0.293946,1,0,,0,0,0,0,0,0,0,0,103808,104555,0,232,0
1561782,1,0,3.24702e-005,0.00421451,0.10337,0.309797,1,0,,0,0,0,0,0,0,0,0,103808,104555,0,232,0
1561882,1,0,2.27291e-005,0.00337615,0.0933703,0.286745,1,0,,0,0,0,0,0,0,0,0,103808,104555,0,232,0
1561982,1,0,1.59104e-005,0.0027041,0.0843036,0.305477,1,0,,0,0,0,0,0,0,0,0,103808,104555,0,232,0
1562082,1,0,1.11373e-005,0.00216551,0.0760898,0.325777,1,0,,0,0,0,0,0,0,0,0,103808,104555,0,232,0
1562182,1,0,7.79609e-006,0.00173397,0.0686542,3.1112,1,0,,0,0,0,0,0,0,0,0,103808,104555,0,232,0
1562282,1,0,5.45726e-006,0.00138827,0.0619276,0.288504,1,0,,0,0,0,0,0,0,0,0,103808,104555,0,232,0
1562382,1,0,3.82009e-006,0.00111138,0.055846,0.290668,1,0,,0,0,0,0,0,0,0,0,103808,104555,0,232,0
1562482,1,13,3.9,0.78089,0.12835,0.301542,1,0,,0,0,0,0,0,0,0,0,103808,104555,0,232,0
1562582,1,0,2.73,1.17071,0.232587,0.31144,1,0,,0,0,0,0,0,0,0,0,103808,104555,0,232,0
1562682,1,0,1.911,1.31877,0.341205,0.313902,1,0,,0,0,0,0,0,0,0,0,103808,104555,0,232,0
1562782,1,0,1.3377,1.32256,0.43934,0.315966,1,0,,0,0,0,0,0,0,0,0,103808,104555,0,232,0
1562882,1,0,0.936391,1.24532,0.519938,0.298405,1,0,,0,0,0,0,0,0,0,0,103808,104555,0,232,0
1562982,1,0,0.655473,1.12735,0.58068,0.29548,1,0,,0,0,0,0,0,0,0,0,103808,104555,0,232,0
1563082,1,0,0.458831,0.993649,0.621977,0.311417,1,0,,0,0,0,0,0,0,0,0,103808,104555,0,232,0
1563182,1,0,0.321182,0.859156,0.645695,0.318405,1,0,,0,0,0,0,0,0,0,0,103808,104555,0,232,0
1563282,1,0,0.224827,0.73229,0.654354,0.334193,1,0,,0,0,0,0,0,0,0,0,103808,104555,0,232,0
1563382,1,0,0.157379,0.617308,0.65065,0.291592,1,0,,0,0,0,0,0,0,0,0,103808,104555,0,232,0
1563482,1,0,0.110165,0.515879,0.637173,0.31363,1,0,,0,0,0,0,0,0,0,0,103808,104555,0,232,0
1563582,1,0,0.0771158,0.428127,0.616268,0.324969,1,0,,0,0,0,0,0,0,0,0,103808,104555,0,232,0
1563682,1,0,0.053981,0.353298,0.589971,0.290468,1,0,,0,0,0,0,0,0,0,0,103808,104555,0,232,0
1563782,1,0,0.0377867,0.290195,0.559993,0.303156,1,0,,0,0,0,0,0,0,0,0,103808,104555,0,232,0
1563882,1,0,0.0264507,0.237446,0.527739,0.302758,1,0,,0,0,0,0,0,0,0,0,103808,104555,0,232,0
1563982,1,0,0.0185155,0.19366,0.494331,0.309657,1,0,,0,0,0,0,0,0,0,0,103808,104555,0,232,0
1564082,1,0,0.0129608,0.15752,0.46065,0.29262,1,0,,0,0,0,0,0,0,0,0,103808,104555,0,232,0
1564182,1,0,0.00907259,0.127831,0.427368,0.278307,1,0,,0,0,0,0,0,0,0,0,103808,104555,0,232,0
1564282,1,0,0.00635082,0.103535,0.394985,0.352295,1,0,,0,0,0,0,0,0,0,0,103808,104555,0,232,0
1564382,1,0,0.00444557,0.083717,0.363858,0.328886,1,0,,0,0,0,0,0,0,0,0,103808,104555,0,232,0
1564482,1,0,0.0031119,0.067596,0.334232,0.292234,1,0,,0,0,0,0,0,0,0,0,103808,104555,0,232,0
1564582,1,0,0.00217833,0.0545124,0.30626,0.292547,1,0,,0,0,0,0,0,0,0,0,103808,104555,0,232,0
1564682,1,0,0.00152483,0.0439149,0.280025,0.307247,1,0,,0,0,0,0,0,0,0,0,103808,104555,0,232,0
1564782,1,0,0.00106738,0.0353454,0.255557,0.320523,1,0,,0,0,0,0,0,0,0,0,103808,104555,0,232,0
1564882,1,0,0.000747167,0.0284258,0.232844,0.29235,1,0,,0,0,0,0,0,0,0,0,103808,104555,0,232,0
1564982,1,0,0.000523017,0.0228452,0.211844,0.29961,1,0,,0,0,0,0,0,0,0,0,103808,104555,0,232,0
1565082,1,0,0.000366112,0.0183494,0.192495,0.327957,1,0,,0,0,0,0,0,0,0,0,103808,104555,0,232,0
1565182,1,0,0.000256278,0.0147308,0.174718,0.315208,1,0,,0,0,0,0,0,0,0,0,103808,104555,0,232,0
1565282,1,0,0.000179395,0.0118205,0.158429,0.279636,1,0,,0,0,0,0,0,0,0,0,103808,104555,0,232,0
1565382,1,0,0.000125576,0.00948151,0.143534,0.325374,1,0,,0,0,0,0,0,0,0,0,103808,104555,0,232,0
1565482,1,0,8.79034e-005,0.00760279,0.129941,0.318422,1,0,,0,0,0,0,0,0,0,0,103808,104555,0,232,0
1565582,1,0,6.15324e-005,0.00609454,0.117556,0.321139,1,0,,0,0,0,0,0,0,0,0,103808,104555,0,232,0
1565682,1,0,4.30727e-005,0.00488425,0.106289,0.305039,1,0,,0,0,0,0,0,0,0,0,103808,104555,0,232,0
1565782,1,0,3.01509e-005,0.00391343,0.0960514,0.315166,1,0,,0,0,0,0,0,0,0,0,103808,104555,0,232,0
1565882,1,0,2.11056e-005,0.00313496,0.0867597,0.311528,1,0,,0,0,0,0,0,0,0,0,103808,104555,0,232,0
1565982,1,0,1.47739e-005,0.00251093,0.0783348,0.290742,1,0,,0,0,0,0,0,0,0,0,103808,104555,0,232,0
1566082,1,0,1.03417e-005,0.00201081,0.0707024,0.291429,1,0,,0,0,0,0,0,0,0,0,103808,104555,0,232,0
1566182,1,0,7.23922e-006,0.00161009,0.0637932,0.307747,1,0,,0,0,0,0,0,0,0,0,103808,104555,0,232,0
1566282,1,0,5.06746e-006,0.00128909,0.0575428,0.278872,1,0,,0,0,0,0,0,0,0,0,103808,104555,0,232,0
1566382,1,0,3.54722e-006,0.00103198,0.0518917,0.297935,1,0,,0,0,0,0,0,0,0,0,103808,104555,0,232,0
1566482,1,14,4.2,0.840826,0.130785,0.319532,1,0,,0,0,0,0,0,0,0,0,103808,104555,0,232,0
1566582,1,0,2.94,1.26066,0.243773,0.300845,1,0,,0,0,0,0,0,0,0,0,103808,104555,0,232,0
1566682,1,0,2.058,1.42013,0.361408,0.304582,1,0,,0,0,0,0,0,0,0,0,103808,104555,0,232,0
1566782,1,0,1.4406,1.42422,0.46769,0.279669,1,0,,0,0,0,0,0,0,0,0,103808,104555,0,232,0
1566882,1,0,1.00842,1.34106,0.555027,0.285108,1,0,,0,0,0,0,0,0,0,0,103808,104555,0,232,0
1566982,1,0,0.705894,1.21403,0.620927,0.280983,1,0,,0,0,0,0,0,0,0,0,103808,104555,0,232,0
1567082,1,0,0.494126,1.07005,0.66584,0.305335,1,0,,0,0,0,0,0,0,0,0,103808,104555,0,232,0
1567182,1,0,0.345888,0.925217,0.691777,0.293709,1,0,,0,0,0,0,0,0,0,0,103808,104555,0,232,0
1567282,1,0,0.242122,0.788598,0.701459,0.328984,1,0,,0,0,0,0,0,0,0,0,103808,104555,0,232,0
1567382,1,0,0.169485,0.664775,0.697791,0.309209,1,0,,0,0,0,0,0,0,0,0,103808,104555,0,232,0
1567482,1,0,0.11864,0.555548,0.683567,0.328484,1,0,,0,0,0,0,0,0,0,0,103808,104555,0,232,0
1567582,1,0,0.0830478,0.461048,0.661315,0.299259,1,0,,0,0,0,0,0,0,0,0,103808,104555,0,232,0
1567682,1,0,0.0581334,0.380465,0.63323,0.300383,1,0,,0,0,0,0,0,0,0,0,103808,104555,0,232,0
1567782,1,0,0.0406934,0.312511,0.601158,0.312771,1,0,,0,0,0,0,0,0,0,0,103808,104555,0,232,0
1567882,1,0,0.0284854,0.255706,0.566613,0.32232,1,0,,0,0,0,0,0,0,0,0,103808,104555,0,232,0
1567982,1,0,0.0199398,0.208553,0.530807,0.282765,1,0,,0,0,0,0,0,0,0,0,103808,104555,0,232,0
1568082,1,0,0.0139578,0.169634,0.494689,0.325564,1,0,,0,0,0,0,0,0,0,0,103808,104555,0,232,0
1568182,1,0,0.00977049,0.137661,0.458986,0.297767,1,0,,0,0,0,0,0,0,0,0,103808,104555,0,232,0
1568282,1,0,0.00683934,0.111497,0.424237,0.293544,1,0,,0,0,0,0,0,0,0,0,103808,104555,0,232,0
1568382,1,0,0.00478754,0.0901548,0.390829,0.285019,1,0,,0,0,0,0,0,0,0,0,103808,104555,0,232,0
1568482,1,0,0.00335128,0.0727941,0.359026,0.300293,1,0,,0,0,0,0,0,0,0,0,103808,104555,0,232,0
1568582,1,0,0.00234589,0.0587045,0.328994,0.31248,1,0,,0,0,0,0,0,0,0,0,103808,104555,0,232,0
1568682,1,0,0.00164213,0.047292,0.300823,0.307967,1,0,,0,0,0,0,0,0,0,0,103808,104555,0,232,0
1568782,1,0,0.00114949,0.0380635,0.274547,0.281855,1,0,,0,0,0,0,0,0,0,0,103808,104555,0,232,0
1568882,1,0,0.000804642,0.0306117,0.250154,0.305515,1,0,,0,0,0,0,0,0,0,0,103808,104555,0,232,0
1568982,1,0,0.000563249,0.024602,0.227599,0.279615,1,0,,0,0,0,0,0,0,0,0,103808,104555,0,232,0
1569082,1,0,0.000394274,0.0197605,0.206815,0.28219,1,0,,0,0,0,0,0,0,0,0,103808,104555,0,232,0
1569182,1,0,0.000275992,0.0158636,0.18772,0.295764,1,0,,0,0,0,0,0,0,0,0,103808,104555,0,232,0
1569282,1,0,0.000193194,0.0127295,0.170221,0.315014,1,0,,0,0,0,0,0,0,0,0,103808,104555,0,232,0
1569382,1,0,0.000135236,0.0102107,0.15422,0.328965,1,0,,0,0,0,0,0,0,0,0,103808,104555,0,232,0
1569482,1,0,9.46653e-005,0.00818746,0.139616,0.304578,1,0,,0,0,0,0,0,0,0,0,103808,104555,0,232,0
1569582,1,0,6.62657e-005,0.00656322,0.126311,0.276552,1,0,,0,0,0,0,0,0,0,0,103808,104555,0,232,0
1569682,1,0,4.6386e-005,0.00525985,0.114206,0.336753,1,0,,0,0,0,0,0,0,0,0,103808,104555,0,232,0
1569782,1,0,3.24702e-005,0.00421438,0.103207,0.296613,1,0,,0,0,0,0,0,0,0,0,103808,104555,0,232,0
1569882,1,0,2.27291e-005,0.00337605,0.0932238,0.310787,1,0,,0,0,0,0,0,0,0,0,103808,104555,0,232,0
1569982,1,0,1.59104e-005,0.00270402,0.0841718,0.295462,1,0,,0,0,0,0,0,0,0,0,103808,104555,0,232,0
1570082,1,0,1.11373e-005,0.00216544,0.0759711,0.291575,1,0,,0,0,0,0,0,0,0,0,103808,104555,0,232,0
1570182,1,0,7.79609e-006,0.00173391,0.0685474,0.309052,1,0,,0,0,0,0,0,0,0,0,103808,104555,0,232,0
1570282,1,0,5.45726e-006,0.00138822,0.0618315,0.289938,1,0,,0,0,0,0,0,0,0,0,103808,104555,0,232,0
1570382,1,13,3.9,0.781111,0.133759,0.328607,1,0,,0,0,0,0,0,0,0,0,103808,104555,0,232,0
1570482,1,0,2.73,1.17089,0.237472,0.286594,1,0,,0,0,0,0,0,0,0,0,103808,104555,0,232,0
1570582,1,0,1.911,1.31891,0.345616,0.324308,1,0,,0,0,0,0,0,0,0,0,103808,104555,0,232,0
1570682,1,0,1.3377,1.32267,0.443322,0.323832,1,0,,0,0,0,0,0,0,0,0,103808,104555,0,232,0
1570782,1,0,0.936391,1.24541,0.523531,0.321217,1,0,,0,0,0,0,0,0,0,0,103808,104555,0,232,0
1570882,1,0,0.655474,1.12743,0.58392,0.278192,1,0,,0,0,0,0,0,0,0,0,103808,104555,0,232,0
1570982,1,0,0.458832,0.993707,0.624899,0.311984,1,0,,0,0,0,0,0,0,0,0,103808,104555,0,232,0
1571082,1,0,0.321182,0.859202,0.648329,0.289559,1,0,,0,0,0,0,0,0,0,0,103808,104555,0,232,0
1571182,1,0,0.224827,0.732327,0.656729,0.311934,1,0,,0,0,0,0,0,0,0,0,103808,104555,0,232,0
1571282,1,0,0.157379,0.617338,0.65279,0.330773,1,0,,0,0,0,0,0,0,0,0,103808,104555,0,232,0
1571382,1,0,0.110165,0.515903,0.639101,0.337735,1,0,,0,0,0,0,0,0,0,0,103808,104555,0,232,0
1571482,1,0,0.0771158,0.428146,0.618006,0.29936,1,0,,0,0,0,0,0,0,0,0,103808,104555,0,232,0
1571582,1,0,0.0539811,0.353313,0.591536,0.321004,1,0,,0,0,0,0,0,0,0,0,103808,104555,0,232,0
1571682,1,0,0.0377867,0.290208,0.561404,0.317367,1,0,,0,0,0,0,0,0,0,0,103808,104555,0,232,0
1571782,1,0,0.0264507,0.237456,0.529009,0.348107,1,0,,0,0,0,0,0,0,0,0,103808,104555,0,232,0
1571882,1,0,0.0185155,0.193668,0.495475,0.28793,1,0,,0,0,0,0,0,0,0,0,103808,104555,0,232,0
1571982,1,0,0.0129609,0.157527,0.46168,0.292979,1,0,,0,0,0,0,0,0,0,0,103808,104555,0,232,0
1572082,1,0,0.0090726,0.127836,0.428295,0.30933,1,0,,0,0,0,0,0,0,0,0,103808,104555,0,232,0
1572182,1,0,0.00635082,0.103539,0.39582,0.327592,1,0,,0,0,0,0,0,0,0,0,103808,104555,0,232,0
1572282,1,0,0.00444557,0.0837202,0.36461,0.308769,1,0,,0,0,0,0,0,0,0,0,103808,104555,0,232,0
1572382,1,0,0.0031119,0.0675985,0.334909,0.27927,1,0,,0,0,0,0,0,0,0,0,103808,104555,0,232,0
1572482,1,0,0.00217833,0.0545145,0.306869,0.304256,1,0,,0,0,0,0,0,0,0,0,103808,104555,0,232,0
1572582,1,0,0.00152483,0.0439166,0.280574,0.292158,1,0,,0,0,0,0,0,0,0,0,103808,104555,0,232,0
1572682,1,0,0.00106738,0.0353467,0.256051,0.281472,1,0,,0,0,0,0,0,0,0,0,103808,104555,0,232,0
1572782,1,0,0.000747167,0.0284268,0.233289,0.321394,1,0,,0,0,0,0,0,0,0,0,103808,104555,0,232,0
1572882,1,0,0.000523017,0.0228461,0.212245,0.320594,1,0,,0,0,0,0,0,0,0,0,103808,104555,0,232,0
1572982,1,0,0.000366112,0.0183501,0.192855,0.306533,1,0,,0,0,0,0,0,0,0,0,103808,104555,0,232,0
1573082,1,0,0.000256278,0.0147313,0.175043,0.377972,1,0,,0,0,0,0,0,0,0,0,103808,104555,0,232,0
1573182,1,0,0.000179395,0.0118209,0.158721,0.293409,1,0,,0,0,0,0,0,0,0,0,103808,104555,0,232,0
1573282,1,0,0.000125576,0.00948186,0.143797,0.286844,1,0,,0,0,0,0,0,0,0,0,103808,104555,0,232,0
1573382,1,0,8.79035e-005,0.00760307,0.130177,0.341623,1,0,,0,0,0,0,0,0,0,0,103808,104555,0,232,0
1573482,1,0,6.15324e-005,0.00609476,0.117769,0.319612,1,0,,0,0,0,0,0,0,0,0,103808,104555,0,232,0
1573582,1,0,4.30727e-005,0.00488442,0.106481,0.312563,1,0,,0,0,0,0,0,0,0,0,103808,104555,0,232,0
1573682,1,0,3.01509e-005,0.00391357,0.0962239,0.2843,1,0,,0,0,0,0,0,0,0,0,103808,104555,0,232,0
1573782,1,0,2.11056e-005,0.00313508,0.086915,0.3111,1,0,,0,0,0,0,0,0,0,0,103808,104555,0,232,0
1573882,1,0,1.47739e-005,0.00251102,0.0784746,0.284563,1,0,,0,0,0,0,0,0,0,0,103808,104555,0,232,0
1573982,1,0,1.03418e-005,0.00201088,0.0708282,0.292825,1,0,,0,0,0,0,0,0,0,0,103808,104555,0,232,0
1574082,1,0,7.23923e-006,0.00161015,0.0639064,0.304225,1,0,,0,0,0,0,0,0,0,0,103808,104555,0,232,0
1574182,1,0,5.06746e-006,0.00128914,0.0576447,0.328499,1,0,,0,0,0,0,0,0,0,0,103808,104555,0,232,0
1574282,1,0,3.54722e-006,0.00103202,0.0519834,0.344923,1,0,,0,0,0,0,0,0,0,0,103808,104555,0,232,0
1574382,1,14,4.2,0.840826,0.130868,0.367434,1,0,,0,0,0,0,0,0,0,0,103808,104555,0,232,0
1574482,1,0,2.94,1.26066,0.243847,0.311295,1,0,,0,0,0,0,0,0,0,0,103808,104555,0,232,0
1574582,1,0,2.058,1.42013,0.361475,0.292122,1,0,,0,0,0,0,0,0,0,0,103808,104555,0,232,0
1574682,1,0,1.4406,1.42422,0.46775,0.282297,1,0,,0,0,0,0,0,0,0,0,103808,104555,0,232,0
1574782,1,0,1.00842,1.34106,0.555081,0.276284,1,0,,0,0,0,0,0,0,0,0,103808,104555,0,232,0
1574882,1,0,0.705894,1.21403,0.620976,0.286034,1,0,,0,0,0,0,0,0,0,0,103808,104555,0,232,0
1574982,1,0,0.494126,1.07005,0.665883,0.291648,1,0,,0,0,0,0,0,0,0,0,103808,104555,0,232,0
1575082,1,0,0.345888,0.925217,0.691817,0.308134,1,0,,0,0,0,0,0,0,0,0,103808,104555,0,232,0
1575182,1,0,0.242122,0.788598,0.701495,0.31006,1,0,,0,0,0,0,0,0,0,0,103808,104555,0,232,0
1575282,1,0,0.169485,0.664775,0.697823,0.33181,1,0,,0,0,0,0,0,0,0,0,103808,104555,0,232,0
1575382,1,0,0.11864,0.555548,0.683595,0.275723,1,0,,0,0,0,0,0,0,0,0,103808,104555,0,232,0
1575482,1,0,0.0830478,0.461048,0.661341,0.309309,1,0,,0,0,0,0,0,0,0,0,103808,104555,0,232,0
1575582,1,0,0.0581334,0.380465,0.633253,0.317998,1,0,,0,0,0,0,0,0,0,0,103808,104555,0,232,0
1575682,1,0,0.0406934,0.312511,0.601179,0.286648,1,0,,0,0,0,0,0,0,0,0,103808,104555,0,232,0
1575782,1,0,0.0284854,0.255706,0.566631,0.283335,1,0,,0,0,0,0,0,0,0,0,103808,104555,0,232,0
1575882,1,0,0.0199398,0.208553,0.530824,0.312897,1,0,,0,0,0,0,0,0,0,0,103808,104555,0,232,0
1575982,1,0,0.0139578,0.169634,0.494705,0.281533,1,0,,0,0,0,0,0,0,0,0,103808,104555,0,232,0
1576082,1,0,0.00977049,0.137661,0.459,0.309321,1,0,,0,0,0,0,0,0,0,0,103808,104555,0,232,0
1576182,1,0,0.00683934,0.111497,0.42425,0.29597,1,0,,0,0,0,0,0,0,0,0,103808,104555,0,232,0
1576282,1,0,0.00478754,0.0901548,0.39084,0.322031,1,0,,0,0,0,0,0,0,0,0,103808,104555,0,232,0
1576382,1,0,0.00335128,0.0727941,0.359036,0.293908,1,0,,0,0,0,0,0,0,0,0,103808,104555,0,232,0
1576482,1,0,0.00234589,0.0587045,0.329003,0.295346,1,0,,0,0,0,0,0,0,0,0,103808,104555,0,232,0
1576582,1,0,0.00164213,0.047292,0.300832,0.277008,1,0,,0,0,0,0,0,0,0,0,103808,104555,0,232,0
1576682,1,0,0.00114949,0.0380635,0.274555,0.291645,1,0,,0,0,0,0,0,0,0,0,103808,104555,0,232,0
1576782,1,0,0.000804642,0.0306117,0.25016,0.312433,1,0,,0,0,0,0,0,0,0,0,103808,104555,0,232,0
1576882,1,0,0.000563249,0.024602,0.227605,0.29992,1,0,,0,0,0,0,0,0,0,0,103808,104555,0,232,0
1576982,1,0,0.000394274,0.0197605,0.20682,0.269433,1,0,,0,0,0,0,0,0,0,0,103808,104555,0,232,0
1577082,1,0,0.000275992,0.0158636,0.187724,0.308207,1,0,,0,0,0,0,0,0,0,0,103808,104555,0,232,0
1577182,1,0,0.000193194,0.0127295,0.170225,0.296969,1,0,,0,0,0,0,0,0,0,0,103808,104555,0,232,0
1577282,1,0,0.000135236,0.0102107,0.154224,0.354996,1,0,,0,0,0,0,0,0,0,0,103808,104555,0,232,0
1577382,1,0,9.46653e-005,0.00818746,0.13962,0.279908,1,0,,0,0,0,0,0,0,0,0,103808,104555,0,232,0
1577482,1,0,6.62657e-005,0.00656322,0.126314,0.281683,1,0,,0,0,0,0,0,0,0,0,103808,104555,0,232,0
1577582,1,0,4.6386e-005,0.00525985,0.114209,0.296494,1,0,,0,0,0,0,0,0,0,0,103808,104555,0,232,0
1577682,1,0,3.24702e-005,0.00421438,0.103209,0.285733,1,0,,0,0,0,0,0,0,0,0,103808,104555,0,232,0
1577782,1,0,2.27291e-005,0.00337605,0.093226,0.310572,1,0,,0,0,0,0,0,0,0,0,103808,104555,0,232,0
1577882,1,0,1.59104e-005,0.00270402,0.0841738,0.295847,1,0,,0,0,0,0,0,0,0,0,103808,104555,0,232,0
1577982,1,0,1.11373e-005,0.00216544,0.075973,0.323573,1,0,,0,0,0,0,0,0,0,0,103808,104555,0,232,0
1578082,1,0,7.79609e-006,0.00173391,0.0685491,0.304711,1,0,,0,0,0,0,0,0,0,0,103808,104555,0,232,0
1578182,1,0,5.45726e-006,0.00138822,0.061833,0.280926,1,0,,0,0,0,0,0,0,0,0,103808,104555,0,232,0
1578282,1,14,4.2,0.841111,0.139761,0.286774,1,0,,0,0,0,0,0,0,0,0,103808,104555,0,232,0
1578382,1,0,2.94,1.26089,0.251874,0.305699,1,0,,0,0,0,0,0,0,0,0,103808,104555,0,232,0
1578482,1,0,2.058,1.42031,0.368718,0.352711,1,0,,0,0,0,0,0,0,0,0,103808,104555,0,232,0
1578582,1,0,1.4406,1.42437,0.474283,0.28061,1,0,,0,0,0,0,0,0,0,0,103808,104555,0,232,0
1578682,1,0,1.00842,1.34118,0.560973,0.343872,1,0,,0,0,0,0,0,0,0,0,103808,104555,0,232,0
1578782,1,0,0.705895,1.21412,0.626288,0.296844,1,0,,0,0,0,0,0,0,0,0,103808,104555,0,232,0
1578882,1,0,0.494126,1.07012,0.670671,0.329494,1,0,,0,0,0,0,0,0,0,0,103808,104555,0,232,0
1578982,1,0,0.345888,0.925277,0.696132,0.286981,1,0,,0,0,0,0,0,0,0,0,103808,104555,0,232,0
1579082,1,0,0.242122,0.788646,0.705383,0.285643,1,0,,0,0,0,0,0,0,0,0,103808,104555,0,232,0
1579182,1,0,0.169485,0.664814,0.701326,0.29753,1,0,,0,0,0,0,0,0,0,0,103808,104555,0,232,0
1579282,1,0,0.11864,0.555579,0.686751,0.297317,1,0,,0,0,0,0,0,0,0,0,103808,104555,0,232,0
1579382,1,0,0.0830478,0.461073,0.664184,0.287879,1,0,,0,0,0,0,0,0,0,0,103808,104555,0,232,0
1579482,1,0,0.0581335,0.380485,0.635814,0.321043,1,0,,0,0,0,0,0,0,0,0,103808,104555,0,232,0
1579582,1,0,0.0406934,0.312527,0.603485,0.314506,1,0,,0,0,0,0,0,0,0,0,103808,104555,0,232,0
1579682,1,0,0.0284854,0.255718,0.568708,0.30902,1,0,,0,0,0,0,0,0,0,0,103808,104555,0,232,0
1579782,1,0,0.0199398,0.208563,0.532694,0.318368,1,0,,0,0,0,0,0,0,0,0,103808,104555,0,232,0
1579882,1,0,0.0139578,0.169642,0.496389,0.291129,1,0,,0,0,0,0,0,0,0,0,103808,104555,0,232,0
1579982,1,0,0.00977049,0.137667,0.460516,0.323945,1,0,,0,0,0,0,0,0,0,0,103808,104555,0,232,0
1580082,1,0,0.00683934,0.111502,0.425615,0.296235,1,0,,0,0,0,0,0,0,0,0,103808,104555,0,232,0
1580182,1,0,0.00478754,0.090159,0.392069,0.293385,1,0,,0,0,0,0,0,0,0,0,103808,104555,0,232,0
1580282,1,0,0.00335128,0.0727974,0.360142,0.294623,1,0,,0,0,0,0,0,0,0,0,103808,104555,0,232,0
1580382,1,0,0.00234589,0.0587071,0.329999,0.309422,1,0,,0,0,0,0,0,0,0,0,103808,104555,0,232,0
1580482,1,0,0.00164213,0.0472941,0.301728,0.342122,1,0,,0,0,0,0,0,0,0,0,103808,104555,0,232,0
1580582,1,0,0.00114949,0.0380652,0.275362,0.298353,1,0,,0,0,0,0,0,0,0,0,103808,104555,0,232,0
1580682,1,0,0.000804642,0.0306131,0.250887,0.299364,1,0,,0,0,0,0,0,0,0,0,103808,104555,0,232,0
1580782,1,0,0.000563249,0.0246031,0.228259,0.299401,1,0,,0,0,0,0,0,0,0,0,103808,104555,0,232,0
1580882,1,0,0.000394274,0.0197614,0.207409,0.319838,1,0,,0,0,0,0,0,0,0,0,103808,104555,0,232,0
1580982,1,0,0.000275992,0.0158643,0.188254,0.28475,1,0,,0,0,0,0,0,0,0,0,103808,104555,0,232,0
1581082,1,0,0.000193194,0.0127301,0.170702,0.312186,1,0,,0,0,0,0,0,0,0,0,103808,104555,0,232,0
1581182,1,0,0.000135236,0.0102111,0.154653,0.31571,1,0,,0,0,0,0,0,0,0,0,103808,104555,0,232,0
1581282,1,0,9.46653e-005,0.00818781,0.140006,0.292599,1,0,,0,0,0,0,0,0,0,0,103808,104555,0,232,0
1581382,1,0,6.62657e-005,0.0065635,0.126662,0.28791,1,0,,0,0,0,0,0,0,0,0,103808,104555,0,232,0
1581482,1,0,4.6386e-005,0.00526008,0.114522,0.289322,1,0,,0,0,0,0,0,0,0,0,103808,104555,0,232,0
1581582,1,0,3.24702e-005,0.00421456,0.103491,0.293047,1,0,,0,0,0,0,0,0,0,0,103808,104555,0,232,0
1581682,1,0,2.27291e-005,0.00337619,0.0934796,0.317346,1,0,,0,0,0,0,0,0,0,0,103808,104555,0,232,0
1581782,1,0,1.59104e-005,0.00270414,0.0844021,0.306451,1,0,,0,0,0,0,0,0,0,0,103808,104555,0,232,0
1581882,1,0,1.11373e-005,0.00216554,0.0761784,0.294127,1,0,,0,0,0,0,0,0,0,0,103808,104555,0,232,0
1581982,1,0,7.79609e-006,0.00173399,0.068734,0.281138,1,0,,0,0,0,0,0,0,0,0,103808,104555,0,232,0
1582082,1,0,5.45726e-006,0.00138828,0.0619994,0.293837,1,0,,0,0,0,0,0,0,0,0,103808,104555,0,232,0
1582182,1,0,3.82009e-006,0.00111139,0.0559106,0.289036,1,0,,0,0,0,0,0,0,0,0,103808,104555,0,232,0
1582282,1,14,4.2,0.84089,0.134409,0.301359,1,0,,0,0,0,0,0,0,0,0,103808,104555,0,232,0
1582382,1,0,2.94,1.26071,0.247039,0.29404,1,0,,0,0,0,0,0,0,0,0,103808,104555,0,232,0
1582482,1,0,2.058,1.42017,0.364352,0.305553,1,0,,0,0,0,0,0,0,0,0,103808,104555,0,232,0
1582582,1,0,1.4406,1.42426,0.470342,0.287252,1,0,,0,0,0,0,0,0,0,0,103808,104555,0,232,0
1582682,1,0,1.00842,1.34109,0.557417,0.281714,1,0,,0,0,0,0,0,0,0,0,103808,104555,0,232,0
1582782,1,0,0.705894,1.21405,0.62308,0.296477,1,0,,0,0,0,0,0,0,0,0,103808,104555,0,232,0
1582882,1,0,0.494126,1.07007,0.667779,0.308314,1,0,,0,0,0,0,0,0,0,0,103808,104555,0,232,0
1582982,1,0,0.345888,0.92523,0.693524,0.301142,1,0,,0,0,0,0,0,0,0,0,103808,104555,0,232,0
1583082,1,0,0.242122,0.788608,0.703032,0.290052,1,0,,0,0,0,0,0,0,0,0,103808,104555,0,232,0
1583182,1,0,0.169485,0.664784,0.699207,0.283201,1,0,,0,0,0,0,0,0,0,0,103808,104555,0,232,0
1583282,1,0,0.11864,0.555555,0.684842,0.283776,1,0,,0,0,0,0,0,0,0,0,103808,104555,0,232,0
1583382,1,0,0.0830478,0.461054,0.662463,0.314415,1,0,,0,0,0,0,0,0,0,0,103808,104555,0,232,0
1583482,1,0,0.0581334,0.38047,0.634264,0.311665,1,0,,0,0,0,0,0,0,0,0,103808,104555,0,232,0
1583582,1,0,0.0406934,0.312514,0.602089,0.295415,1,0,,0,0,0,0,0,0,0,0,103808,104555,0,232,0
1583682,1,0,0.0284854,0.255709,0.567451,0.285553,1,0,,0,0,0,0,0,0,0,0,103808,104555,0,232,0
1583782,1,0,0.0199398,0.208555,0.531561,0.307954,1,0,,0,0,0,0,0,0,0,0,103808,104555,0,232,0
1583882,1,0,0.0139578,0.169635,0.495369,0.299164,1,0,,0,0,0,0,0,0,0,0,103808,104555,0,232,0
1583982,1,0,0.00977049,0.137662,0.459598,0.309264,1,0,,0,0,0,0,0,0,0,0,103808,104555,0,232,0
1584082,1,0,0.00683934,0.111498,0.424788,0.294101,1,0,,0,0,0,0,0,0,0,0,103808,104555,0,232,0
1584182,1,0,0.00478754,0.0901558,0.391325,0.308448,1,0,,0,0,0,0,0,0,0,0,103808,104555,0,232,0
1584282,1,0,0.00335128,0.0727949,0.359472,0.275697,1,0,,0,0,0,0,0,0,0,0,103808,104555,0,232,0
1584382,1,0,0.00234589,0.0587051,0.329395,0.307784,1,0,,0,0,0,0,0,0,0,0,103808,104555,0,232,0
1584482,1,0,0.00164213,0.0472925,0.301185,0.317833,1,0,,0,0,0,0,0,0,0,0,103808,104555,0,232,0
1584582,1,0,0.00114949,0.0380639,0.274873,0.304209,1,0,,0,0,0,0,0,0,0,0,103808,104555,0,232,0
1584682,1,0,0.000804642,0.030612,0.250447,0.281184,1,0,,0,0,0,0,0,0,0,0,103808,104555,0,232,0
1584782,1,0,0.000563249,0.0246023,0.227862,0.290659,1,0,,0,0,0,0,0,0,0,0,103808,104555,0,232,0
1584882,1,0,0.000394274,0.0197607,0.207052,0.277072,1,0,,0,0,0,0,0,0,0,0,103808,104555,0,232,0
1584982,1,0,0.000275992,0.0158637,0.187933,0.282373,1,0,,0,0,0,0,0,0,0,0,103808,104555,0,232,0
1585082,1,0,0.000193194,0.0127296,0.170413,0.316635,1,0,,0,0,0,0,0,0,0,0,103808,104555,0,232,0
1585182,1,0,0.000135236,0.0102108,0.154393,0.31667,1,0,,0,0,0,0,0,0,0,0,103808,104555,0,232,0
1585282,1,0,9.46653e-005,0.00818753,0.139772,0.296545,1,0,,0,0,0,0,0,0,0,0,103808,104555,0,232,0
1585382,1,0,6.62657e-005,0.00656328,0.126451,0.297734,1,0,,0,0,0,0,0,0,0,0,103808,104555,0,232,0
1585482,1,0,4.6386e-005,0.0052599,0.114332,0.285334,1,0,,0,0,0,0,0,0,0,0,103808,104555,0,232,0
1585582,1,0,3.24702e-005,0.00421442,0.10332,0.281134,1,0,,0,0,0,0,0,0,0,0,103808,104555,0,232,0
1585682,1,0,2.27291e-005,0.00337608,0.0933259,0.297435,1,0,,0,0,0,0,0,0,0,0,103808,104555,0,232,0
1585782,1,0,1.59104e-005,0.00270405,0.0842637,0.291585,1,0,,0,0,0,0,0,0,0,0,103808,104555,0,232,0
1585882,1,0,1.11373e-005,0.00216546,0.0760539,0.31771,1,0,,0,0,0,0,0,0,0,0,103808,104555,0,232,0
1585982,1,0,7.79609e-006,0.00173393,0.0686219,0.308861,1,0,,0,0,0,0,0,0,0,0,103808,104555,0,232,0
1586082,1,0,5.45726e-006,0.00138824,0.0618985,0.29595,1,0,,0,0,0,0,0,0,0,0,103808,104555,0,232,0
1586182,1,14,4.2,0.841111,0.13982,0.277548,1,0,,0,0,0,0,0,0,0,0,103808,104555,0,232,0
1586282,1,0,2.94,1.26089,0.251927,0.283023,1,0,,0,0,0,0,0,0,0,0,103808,104555,0,232,0
1586382,1,0,2.058,1.42031,0.368765,0.294785,1,0,,0,0,0,0,0,0,0,0,103808,104555,0,232,0
1586482,1,0,1.4406,1.42437,0.474326,0.297224,1,0,,0,0,0,0,0,0,0,0,103808,104555,0,232,0
1586582,1,0,1.00842,1.34118,0.561011,0.304738,1,0,,0,0,0,0,0,0,0,0,103808,104555,0,232,0
1586682,1,0,0.705895,1.21412,0.626322,0.289677,1,0,,0,0,0,0,0,0,0,0,103808,104555,0,232,0
1586782,1,0,0.494126,1.07012,0.670703,0.313315,1,0,,0,0,0,0,0,0,0,0,103808,104555,0,232,0
1586882,1,0,0.345888,0.925277,0.69616,0.35064,1,0,,0,0,0,0,0,0,0,0,103808,104555,0,232,0
1586982,1,0,0.242122,0.788646,0.705409,0.138666,1,0,,0,0,0,0,0,0,0,0,103808,104555,0,232,0
1587082,1,0,0.169485,0.664814,0.701349,0.275378,1,0,,0,0,0,0,0,0,0,0,103808,104555,0,232,0
1587182,1,0,0.11864,0.555579,0.686772,0.319878,1,0,,0,0,0,0,0,0,0,0,103808,104555,0,232,0
1587282,1,0,0.0830478,0.461073,0.664202,0.322602,1,0,,0,0,0,0,0,0,0,0,103808,104555,0,232,0
1587382,1,0,0.0581335,0.380485,0.63583,0.30309,1,0,,0,0,0,0,0,0,0,0,103808,104555,0,232,0
1587482,1,0,0.0406934,0.312527,0.6035,0.324604,1,0,,0,0,0,0,0,0,0,0,103808,104555,0,232,0
1587582,1,0,0.0284854,0.255718,0.568722,0.308479,1,0,,0,0,0,0,0,0,0,0,103808,104555,0,232,0
1587682,1,0,0.0199398,0.208563,0.532706,0.284166,1,0,,0,0,0,0,0,0,0,0,103808,104555,0,232,0
1587782,1,0,0.0139578,0.169642,0.496399,0.306337,1,0,,0,0,0,0,0,0,0,0,103808,104555,0,232,0
1587882,1,0,0.00977049,0.137667,0.460526,0.312049,1,0,,0,0,0,0,0,0,0,0,103808,104555,0,232,0
1587982,1,0,0.00683934,0.111502,0.425624,0.302248,1,0,,0,0,0,0,0,0,0,0,103808,104555,0,232,0
1588082,1,0,0.00478754,0.090159,0.392077,0.303525,1,0,,0,0,0,0,0,0,0,0,103808,104555,0,232,0
1588182,1,0,0.00335128,0.0727974,0.360149,0.283688,1,0,,0,0,0,0,0,0,0,0,103808,104555,0,232,0
1588282,1,0,0.00234589,0.0587071,0.330005,0.278889,1,0,,0,0,0,0,0,0,0,0,103808,104555,0,232,0
1588382,1,0,0.00164213,0.0472941,0.301734,0.312528,1,0,,0,0,0,0,0,0,0,0,103808,104555,0,232,0
1588482,1,0,0.00114949,0.0380652,0.275367,0.304679,1,0,,0,0,0,0,0,0,0,0,103808,104555,0,232,0
1588582,1,0,0.000804642,0.0306131,0.250892,0.289467,1,0,,0,0,0,0,0,0,0,0,103808,104555,0,232,0
1588682,1,0,0.000563249,0.0246031,0.228263,0.29024,1,0,,0,0,0,0,0,0,0,0,103808,104555,0,232,0
1588782,1,0,0.000394274,0.0197614,0.207413,0.310491,1,0,,0,0,0,0,0,0,0,0,103808,104555,0,232,0
1588882,1,0,0.000275992,0.0158643,0.188258,0.27279,1,0,,0,0,0,0,0,0,0,0,103808,104555,0,232,0
1588982,1,0,0.000193194,0.0127301,0.170705,0.27928,1,0,,0,0,0,0,0,0,0,0,103808,104555,0,232,0
1589082,1,0,0.000135236,0.0102111,0.154656,0.290407,1,0,,0,0,0,0,0,0,0,0,103808,104555,0,232,0
1589182,1,0,9.46653e-005,0.00818781,0.140009,0.288818,1,0,,0,0,0,0,0,0,0,0,103808,104555,0,232,0
1589282,1,0,6.62657e-005,0.0065635,0.126664,0.317268,1,0,,0,0,0,0,0,0,0,0,103808,104555,0,232,0
1589382,1,0,4.6386e-005,0.00526008,0.114524,0.280492,1,0,,0,0,0,0,0,0,0,0,103808,104555,0,232,0
1589482,1,0,3.24702e-005,0.00421456,0.103493,0.307579,1,0,,0,0,0,0,0,0,0,0,103808,104555,0,232,0
1589582,1,0,2.27291e-005,0.00337619,0.0934813,0.306013,1,0,,0,0,0,0,0,0,0,0,103808,104555,0,232,0
1589682,1,0,1.59104e-005,0.00270414,0.0844036,0.296227,1,0,,0,0,0,0,0,0,0,0,103808,104555,0,232,0
1589782,1,0,1.11373e-005,0.00216554,0.0761798,0.305176,1,0,,0,0,0,0,0,0,0,0,103808,104555,0,232,0
1589882,1,0,7.79609e-006,0.00173399,0.0687352,0.312628,1,0,,0,0,0,0,0,0,0,0,103808,104555,0,232,0
1589982,1,0,5.45726e-006,0.00138828,0.0620005,0.29299,1,0,,0,0,0,0,0,0,0,0,103808,104555,0,232,0
1590082,1,0,3.82009e-006,0.00111139,0.0559116,0.333603,1,0,,0,0,0,0,0,0,0,0,103808,104555,0,232,0
1590182,1,14,4.2,0.84089,0.134409,0.29353,1,0,,0,0,0,0,0,0,0,0,103808,104555,0,232,0
1590282,1,0,2.94,1.26071,0.24704,0.301281,1,0,,0,0,0,0,0,0,0,0,103808,104555,0,232,0
1590382,1,0,2.058,1.42017,0.364353,0.294082,1,0,,0,0,0,0,0,0,0,0,103808,104555,0,232,0
1590482,1,0,1.4406,1.42426,0.470343,0.299207,1,0,,0,0,0,0,0,0,0,0,103808,104555,0,232,0
1590582,1,0,1.00842,1.34109,0.557418,0.302844,1,0,,0,0,0,0,0,0,0,0,103808,104555,0,232,0
1590682,1,0,0.705894,1.21405,0.623081,0.276656,1,0,,0,0,0,0,0,0,0,0,103808,104555,0,232,0
1590782,1,0,0.494126,1.07007,0.667779,0.335972,1,0,,0,0,0,0,0,0,0,0,103808,104555,0,232,0
1590882,1,0,0.345888,0.92523,0.693524,0.271171,1,0,,0,0,0,0,0,0,0,0,103808,104555,0,232,0
1590982,1,0,0.242122,0.788608,0.703033,0.297021,1,0,,0,0,0,0,0,0,0,0,103808,104555,0,232,0
1591082,1,0,0.169485,0.664784,0.699208,0.295606,1,0,,0,0,0,0,0,0,0,0,103808,104555,0,232,0
1591182,1,0,0.11864,0.555555,0.684843,0.322193,1,0,,0,0,0,0,0,0,0,0,103808,104555,0,232,0
1591282,1,0,0.0830478,0.461054,0.662464,0.28927,1,0,,0,0,0,0,0,0,0,0,103808,104555,0,232,0
1591382,1,0,0.0581334,0.38047,0.634264,0.288574,1,0,,0,0,0,0,0,0,0,0,103808,104555,0,232,0
1591482,1,0,0.0406934,0.312514,0.602089,0.287676,1,0,,0,0,0,0,0,0,0,0,103808,104555,0,232,0
1591582,1,0,0.0284854,0.255709,0.567451,0.294975,1,0,,0,0,0,0,0,0,0,0,103808,104555,0,232,0
1591682,1,0,0.0199398,0.208555,0.531562,0.303752,1,0,,0,0,0,0,0,0,0,0,103808,104555,0,232,0
1591782,1,0,0.0139578,0.169635,0.495369,0.291103,1,0,,0,0,0,0,0,0,0,0,103808,104555,0,232,0
1591882,1,0,0.00977049,0.137662,0.459598,0.287378,1,0,,0,0,0,0,0,0,0,0,103808,104555,0,232,0
1591982,1,0,0.00683934,0.111498,0.424788,0.28759,1,0,,0,0,0,0,0,0,0,0,103808,104555,0,232,0
1592082,1,0,0.00478754,0.0901558,0.391325,0.307777,1,0,,0,0,0,0,0,0,0,0,103808,104555,0,232,0
1592182,1,0,0.00335128,0.0727949,0.359472,0.32844,1,0,,0,0,0,0,0,0,0,0,103808,104555,0,232,0
1592282,1,0,0.00234589,0.0587051,0.329395,0.33219,1,0,,0,0,0,0,0,0,0,0,103808,104555,0,232,0
1592382,1,0,0.00164213,0.0472925,0.301185,0.329527,1,0,,0,0,0,0,0,0,0,0,103808,104555,0,232,0
1592482,1,0,0.00114949,0.0380639,0.274873,0.3227,1,0,,0,0,0,0,0,0,0,0,103808,104555,0,232,0
1592582,1,0,0.000804642,0.030612,0.250447,0.313427,1,0,,0,0,0,0,0,0,0,0,103808,104555,0,232,0
1592682,1,0,0.000563249,0.0246023,0.227862,0.317102,1,0,,0,0,0,0,0,0,0,0,103808,104555,0,232,0
1592782,1,0,0.000394274,0.0197607,0.207052,0.314052,1,0,,0,0,0,0,0,0,0,0,103808,104555,0,232,0
1592882,1,0,0.000275992,0.0158637,0.187933,0.31194,1,0,,0,0,0,0,0,0,0,0,103808,104555,0,232,0
1592982,1,0,0.000193194,0.0127296,0.170413,0.27954,1,0,,0,0,0,0,0,0,0,0,103808,104555,0,232,0
1593082,1,0,0.000135236,0.0102108,0.154393,0.294927,1,0,,0,0,0,0,0,0,0,0,103808,104555,0,232,0
1593182,1,0,9.46653e-005,0.00818753,0.139772,0.310262,1,0,,0,0,0,0,0,0,0,0,103808,104555,0,232,0
1593282,1,0,6.62657e-005,0.00656328,0.126451,0.318973,1,0,,0,0,0,0,0,0,0,0,103808,104555,0,232,0
1593382,1,0,4.6386e-005,0.0052599,0.114332,0.287211,1,0,,0,0,0,0,0,0,0,0,103808,104555,0,232,0
1593482,1,0,3.24702e-005,0.00421442,0.10332,0.291337,1,0,,0,0,0,0,0,0,0,0,103808,104555,0,232,0
1593582,1,0,2.27291e-005,0.00337608,0.0933259,0.2966,1,0,,0,0,0,0,0,0,0,0,103808,104555,0,232,0
1593682,1,0,1.59104e-005,0.00270405,0.0842637,0.288225,1,0,,0,0,0,0,0,0,0,0,103808,104555,0,232,0
1593782,1,0,1.11373e-005,0.00216546,0.0760539,0.281849,1,0,,0,0,0,0,0,0,0,0,103808,104555,0,232,0
1593882,1,0,7.79609e-006,0.00173393,0.0686219,0.295486,1,0,,0,0,0,0,0,0,0,0,103808,104555,0,232,0
1593982,1,0,5.45726e-006,0.00138824,0.0618985,0.305085,1,0,,0,0,0,0,0,0,0,0,103808,104555,0,232,0
1594082,1,0,3.82008e-006,0.00111135,0.0558198,0.27561,1,0,,0,0,0,0,0,0,0,0,103808,104555,0,232,0
1594182,1,14,4.2,0.84089,0.134327,0.328388,1,0,,0,0,0,0,0,0,0,0,103808,104555,0,232,0
1594282,1,0,2.94,1.26071,0.246965,0.317516,1,0,,0,0,0,0,0,0,0,0,103808,104555,0,232,0
1594382,1,0,2.058,1.42017,0.364286,0.285752,1,0,,0,0,0,0,0,0,0,0,103808,104555,0,232,0
1594482,1,0,1.4406,1.42426,0.470283,0.323039,1,0,,0,0,0,0,0,0,0,0,103808,104555,0,232,0
1594582,1,0,1.00842,1.34109,0.557364,0.316327,1,0,,0,0,0,0,0,0,0,0,103808,104555,0,232,0
1594682,1,0,0.705894,1.21405,0.623032,0.302663,1,0,,0,0,0,0,0,0,0,0,103808,104555,0,232,0
1594782,1,0,0.494126,1.07007,0.667735,0.294501,1,0,,0,0,0,0,0,0,0,0,103808,104555,0,232,0
1594882,1,0,0.345888,0.92523,0.693485,0.288889,1,0,,0,0,0,0,0,0,0,0,103808,104555,0,232,0
1594982,1,0,0.242122,0.788608,0.702997,0.287004,1,0,,0,0,0,0,0,0,0,0,103808,104555,0,232,0
1595082,1,0,0.169485,0.664784,0.699176,0.300154,1,0,,0,0,0,0,0,0,0,0,103808,104555,0,232,0
1595182,1,0,0.11864,0.555555,0.684814,0.290693,1,0,,0,0,0,0,0,0,0,0,103808,104555,0,232,0
1595282,1,0,0.0830478,0.461054,0.662438,0.283855,1,0,,0,0,0,0,0,0,0,0,103808,104555,0,232,0
1595382,1,0,0.0581334,0.38047,0.634241,0.284995,1,0,,0,0,0,0,0,0,0,0,103808,104555,0,232,0
1595482,1,0,0.0406934,0.312514,0.602068,0.29688,1,0,,0,0,0,0,0,0,0,0,103808,104555,0,232,0
1595582,1,0,0.0284854,0.255709,0.567432,0.322705,1,0,,0,0,0,0,0,0,0,0,103808,104555,0,232,0
1595682,1,0,0.0199398,0.208555,0.531544,0.304743,1,0,,0,0,0,0,0,0,0,0,103808,104555,0,232,0
1595782,1,0,0.0139578,0.169635,0.495354,0.288529,1,0,,0,0,0,0,0,0,0,0,103808,104555,0,232,0
1595882,1,0,0.00977049,0.137662,0.459584,0.283978,1,0,,0,0,0,0,0,0,0,0,103808,104555,0,232,0
1595982,1,0,0.00683934,0.111498,0.424776,0.276802,1,0,,0,0,0,0,0,0,0,0,103808,104555,0,232,0
1596082,1,0,0.00478754,0.0901558,0.391314,0.297238,1,0,,0,0,0,0,0,0,0,0,103808,104555,0,232,0
1596182,1,0,0.00335128,0.0727949,0.359462,0.326735,1,0,,0,0,0,0,0,0,0,0,103808,104555,0,232,0
1596282,1,0,0.00234589,0.0587051,0.329386,0.320998,1,0,,0,0,0,0,0,0,0,0,103808,104555,0,232,0
1596382,1,0,0.00164213,0.0472925,0.301177,0.321522,1,0,,0,0,0,0,0,0,0,0,103808,104555,0,232,0
1596482,1,0,0.00114949,0.0380639,0.274865,0.286336,1,0,,0,0,0,0,0,0,0,0,103808,104555,0,232,0
1596582,1,0,0.000804642,0.030612,0.25044,0.322072,1,0,,0,0,0,0,0,0,0,0,103808,104555,0,232,0
1596682,1,0,0.000563249,0.0246023,0.227856,0.279209,1,0,,0,0,0,0,0,0,0,0,103808,104555,0,232,0
1596782,1,0,0.000394274,0.0197607,0.207047,0.285072,1,0,,0,0,0,0,0,0,0,0,103808,104555,0,232,0
1596882,1,0,0.000275992,0.0158637,0.187928,0.303921,1,0,,0,0,0,0,0,0,0,0,103808,104555,0,232,0
1596982,1,0,0.000193194,0.0127296,0.170409,0.286047,1,0,,0,0,0,0,0,0,0,0,103808,104555,0,232,0
1597082,1,0,0.000135236,0.0102108,0.154389,0.284297,1,0,,0,0,0,0,0,0,0,0,103808,104555,0,232,0
1597182,1,0,9.46653e-005,0.00818753,0.139769,0.298584,1,0,,0,0,0,0,0,0,0,0,103808,104555,0,232,0
1597282,1,0,6.62657e-005,0.00656328,0.126448,0.339109,1,0,,0,0,0,0,0,0,0,0,103808,104555,0,232,0
1597382,1,0,4.6386e-005,0.0052599,0.114329,0.314296,1,0,,0,0,0,0,0,0,0,0,103808,104555,0,232,0
1597482,1,0,3.24702e-005,0.00421442,0.103318,0.286197,1,0,,0,0,0,0,0,0,0,0,103808,104555,0,232,0
1597582,1,0,2.27291e-005,0.00337608,0.0933236,0.300861,1,0,,0,0,0,0,0,0,0,0,103808,104555,0,232,0
1597682,1,0,1.59104e-005,0.00270405,0.0842616,0.341649,1,0,,0,0,0,0,0,0,0,0,103808,104555,0,232,0
1597782,1,0,1.11373e-005,0.00216546,0.076052,0.29085,1,0,,0,0,0,0,0,0,0,0,103808,104555,0,232,0
1597882,1,0,7.79609e-006,0.00173393,0.0686202,0.307777,1,0,,0,0,0,0,0,0,0,0,103808,104555,0,232,0
1597982,1,0,5.45726e-006,0.00138824,0.061897,0.285952,1,0,,0,0,0,0,0,0,0,0,103808,104555,0,232,0
1598082,1,14,4.2,0.841111,0.139818,0.303971,1,0,,0,0,0,0,0,0,0,0,103808,104555,0,232,0
1598182,1,0,2.94,1.26089,0.251926,0.322283,1,0,,0,0,0,0,0,0,0,0,103808,104555,0,232,0
1598282,1,0,2.058,1.42031,0.368764,0.312683,1,0,,0,0,0,0,0,0,0,0,103808,104555,0,232,0
1598382,1,0,1.4406,1.42437,0.474325,0.295907,1,0,,0,0,0,0,0,0,0,0,103808,104555,0,232,0
1598482,1,0,1.00842,1.34118,0.56101,0.289981,1,0,,0,0,0,0,0,0,0,0,103808,104555,0,232,0
1598582,1,0,0.705895,1.21412,0.626322,0.289892,1,0,,0,0,0,0,0,0,0,0,103808,104555,0,232,0
1598682,1,0,0.494126,1.07012,0.670702,0.304052,1,0,,0,0,0,0,0,0,0,0,103808,104555,0,232,0
1598782,1,0,0.345888,0.925277,0.696159,0.315081,1,0,,0,0,0,0,0,0,0,0,103808,104555,0,232,0
1598882,1,0,0.242122,0.788646,0.705408,0.301718,1,0,,0,0,0,0,0,0,0,0,103808,104555,0,232,0
1598982,1,0,0.169485,0.664814,0.701349,0.301668,1,0,,0,0,0,0,0,0,0,0,103808,104555,0,232,0
1599082,1,0,0.11864,0.555579,0.686772,0.286504,1,0,,0,0,0,0,0,0,0,0,103808,104555,0,232,0
1599182,1,0,0.0830478,0.461073,0.664202,0.299403,1,0,,0,0,0,0,0,0,0,0,103808,104555,0,232,0
1599282,1,0,0.0581335,0.380485,0.63583,0.321253,1,0,,0,0,0,0,0,0,0,0,103808,104555,0,232,0
1599382,1,0,0.0406934,0.312527,0.6035,0.286552,1,0,,0,0,0,0,0,0,0,0,103808,104555,0,232,0
1599482,1,0,0.0284854,0.255718,0.568721,0.281901,1,0,,0,0,0,0,0,0,0,0,103808,104555,0,232,0
1599582,1,0,0.0199398,0.208563,0.532706,0.294574,1,0,,0,0,0,0,0,0,0,0,103808,104555,0,232,0
1599682,1,0,0.0139578,0.169642,0.496399,0.30326,1,0,,0,0,0,0,0,0,0,0,103808,104555,0,232,0
1599782,1,0,0.00977049,0.137667,0.460526,0.295673,1,0,,0,0,0,0,0,0,0,0,103808,104555,0,232,0
1599882,1,0,0.00683934,0.111502,0.425624,0.298861,1,0,,0,0,0,0,0,0,0,0,103808,104555,0,232,0
1599982,1,0,0.00478754,0.090159,0.392077,0.321435,1,0,,0,0,0,0,0,0,0,0,103808,104555,0,232,0
1600082,1,0,0.00335128,0.0727974,0.360149,0.338235,1,0,,0,0,0,0,0,0,0,0,103808,104555,0,232,0
1600182,1,0,0.00234589,0.0587071,0.330005,0.307286,1,0,,0,0,0,0,0,0,0,0,103808,104555,0,232,0
1600282,1,0,0.00164213,0.0472941,0.301734,0.291023,1,0,,0,0,0,0,0,0,0,0,103808,104555,0,232,0
1600382,1,0,0.00114949,0.0380652,0.275367,0.292547,1,0,,0,0,0,0,0,0,0,0,103808,104555,0,232,0
1600482,1,0,0.000804642,0.0306131,0.250892,0.274673,1,0,,0,0,0,0,0,0,0,0,103808,104555,0,232,0
1600582,1,0,0.000563249,0.0246031,0.228263,0.304347,1,0,,0,0,0,0,0,0,0,0,103808,104555,0,232,0
1600682,1,0,0.000394274,0.0197614,0.207413,0.337048,1,0,,0,0,0,0,0,0,0,0,103808,104555,0,232,0
1600782,1,0,0.000275992,0.0158643,0.188258,0.285446,1,0,,0,0,0,0,0,0,0,0,103808,104555,0,232,0
1600882,1,0,0.000193194,0.0127301,0.170705,0.331259,1,0,,0,0,0,0,0,0,0,0,103808,104555,0,232,0
1600982,1,0,0.000135236,0.0102111,0.154656,0.303358,1,0,,0,0,0,0,0,0,0,0,103808,104555,0,232,0
1601082,1,0,9.46653e-005,0.00818781,0.140009,0.294847,1,0,,0,0,0,0,0,0,0,0,103808,104555,0,232,0
1601182,1,0,6.62657e-005,0.0065635,0.126664,0.32521,1,0,,0,0,0,0,0,0,0,0,103808,104555,0,232,0
1601282,1,0,4.6386e-005,0.00526008,0.114524,0.306772,1,0,,0,0,0,0,0,0,0,0,103808,104555,0,232,0
1601382,1,0,3.24702e-005,0.00421456,0.103493,0.304059,1,0,,0,0,0,0,0,0,0,0,103808,104555,0,232,0
1601482,1,0,2.27291e-005,0.00337619,0.0934812,0.273857,1,0,,0,0,0,0,0,0,0,0,103808,104555,0,232,0
1601582,1,0,1.59104e-005,0.00270414,0.0844035,0.299108,1,0,,0,0,0,0,0,0,0,0,103808,104555,0,232,0
1601682,1,0,1.11373e-005,0.00216554,0.0761797,0.303482,1,0,,0,0,0,0,0,0,0,0,103808,104555,0,232,0
1601782,1,0,7.79609e-006,0.00173399,0.0687351,0.300271,1,0,,0,0,0,0,0,0,0,0,103808,104555,0,232,0
1601882,1,0,5.45726e-006,0.00138828,0.0620004,0.310283,1,0,,0,0,0,0,0,0,0,0,103808,104555,0,232,0
1601982,1,0,3.82009e-006,0.00111139,0.0559115,0.293083,1,0,,0,0,0,0,0,0,0,0,103808,104555,0,232,0
1602082,1,15,4.5,0.90089,0.140409,0.313539,1,0,,0,0,0,0,0,0,0,0,103808,104555,0,232,0
1602182,1,0,3.15,1.35071,0.26144,0.316483,1,0,,0,0,0,0,0,0,0,0,103808,104555,0,232,0
1602282,1,0,2.205,1.52157,0.387453,0.322671,1,0,,0,0,0,0,0,0,0,0,103808,104555,0,232,0
1602382,1,0,1.5435,1.52596,0.501303,0.304184,1,0,,0,0,0,0,0,0,0,0,103808,104555,0,232,0
1602482,1,0,1.08045,1.43686,0.594858,0.290083,1,0,,0,0,0,0,0,0,0,0,103808,104555,0,232,0
1602582,1,0,0.756316,1.30075,0.665447,0.310372,1,0,,0,0,0,0,0,0,0,0,103808,104555,0,232,0
1602682,1,0,0.529421,1.14648,0.713551,0.281498,1,0,,0,0,0,0,0,0,0,0,103808,104555,0,232,0
1602782,1,0,0.370595,0.991305,0.741326,0.282909,1,0,,0,0,0,0,0,0,0,0,103808,104555,0,232,0
1602882,1,0,0.259416,0.844927,0.751686,0.292585,1,0,,0,0,0,0,0,0,0,0,103808,104555,0,232,0
1602982,1,0,0.181591,0.71226,0.747743,0.317971,1,0,,0,0,0,0,0,0,0,0,103808,104555,0,232,0
1603082,1,0,0.127114,0.595231,0.732492,0.314022,1,0,,0,0,0,0,0,0,0,0,103808,104555,0,232,0
1603182,1,0,0.0889798,0.493981,0.708641,0.304485,1,0,,0,0,0,0,0,0,0,0,103808,104555,0,232,0
1603282,1,0,0.0622858,0.407642,0.678541,0.326936,1,0,,0,0,0,0,0,0,0,0,103808,104555,0,232,0
1603382,1,0,0.0436001,0.334833,0.64417,0.305763,1,0,,0,0,0,0,0,0,0,0,103808,104555,0,232,0
1603482,1,0,0.0305201,0.273971,0.60715,0.321602,1,0,,0,0,0,0,0,0,0,0,103808,104555,0,232,0
1603582,1,0,0.021364,0.223449,0.56878,0.317777,1,0,,0,0,0,0,0,0,0,0,103808,104555,0,232,0
1603682,1,0,0.0149548,0.18175,0.530077,0.312252,1,0,,0,0,0,0,0,0,0,0,103808,104555,0,232,0
1603782,1,0,0.0104684,0.147494,0.491819,0.284002,1,0,,0,0,0,0,0,0,0,0,103808,104555,0,232,0
1603882,1,0,0.00732786,0.119461,0.454583,0.289113,1,0,,0,0,0,0,0,0,0,0,103808,104555,0,232,0
1603982,1,0,0.00512951,0.0965945,0.418784,0.28548,1,0,,0,0,0,0,0,0,0,0,103808,104555,0,232,0
1604082,1,0,0.00359065,0.0779938,0.384705,0.311729,1,0,,0,0,0,0,0,0,0,0,103808,104555,0,232,0
1604182,1,0,0.00251346,0.0628977,0.352524,0.289293,1,0,,0,0,0,0,0,0,0,0,103808,104555,0,232,0
1604282,1,0,0.00175942,0.05067,0.322339,0.30208,1,0,,0,0,0,0,0,0,0,0,103808,104555,0,232,0
1604382,1,0,0.00123159,0.0407824,0.294183,0.301443,1,0,,0,0,0,0,0,0,0,0,103808,104555,0,232,0
1604482,1,0,0.000862116,0.0327983,0.268045,0.272517,1,0,,0,0,0,0,0,0,0,0,103808,104555,0,232,0
1604582,1,0,0.000603481,0.0263593,0.243876,0.30668,1,0,,0,0,0,0,0,0,0,0,103808,104555,0,232,0
1604682,1,0,0.000422437,0.021172,0.221606,0.323215,1,0,,0,0,0,0,0,0,0,0,103808,104555,0,232,0
1604782,1,0,0.000295706,0.0169967,0.201145,0.292016,1,0,,0,0,0,0,0,0,0,0,103808,104555,0,232,0
1604882,1,0,0.000206994,0.0136388,0.182394,0.324301,1,0,,0,0,0,0,0,0,0,0,103808,104555,0,232,0
1604982,1,0,0.000144896,0.01094,0.165249,0.28104,1,0,,0,0,0,0,0,0,0,0,103808,104555,0,232,0
1605082,1,0,0.000101427,0.00877228,0.149601,0.330128,1,0,,0,0,0,0,0,0,0,0,103808,104555,0,232,0
1605182,1,0,7.09989e-005,0.00703202,0.135344,0.288491,1,0,,0,0,0,0,0,0,0,0,103808,104555,0,232,0
1605282,1,0,4.96993e-005,0.00563556,0.122373,0.282667,1,0,,0,0,0,0,0,0,0,0,103808,104555,0,232,0
1605382,1,0,3.47895e-005,0.00451541,0.110588,0.296381,1,0,,0,0,0,0,0,0,0,0,103808,104555,0,232,0
1605482,1,0,2.43526e-005,0.0036172,0.0998906,0.306417,1,0,,0,0,0,0,0,0,0,0,103808,104555,0,232,0
1605582,1,0,1.70468e-005,0.00289717,0.0901912,0.287643,1,0,,0,0,0,0,0,0,0,0,103808,104555,0,232,0
1605682,1,0,1.19328e-005,0.00232012,0.0814041,0.286906,1,0,,0,0,0,0,0,0,0,0,103808,104555,0,232,0
1605782,1,0,8.35295e-006,0.00185777,0.0734495,0.284152,1,0,,0,0,0,0,0,0,0,0,103808,104555,0,232,0
1605882,1,0,5.84707e-006,0.00148738,0.0662533,0.324427,1,0,,0,0,0,0,0,0,0,0,103808,104555,0,232,0
1605982,1,14,4.2,0.841191,0.143747,0.298443,1,0,,0,0,0,0,0,0,0,0,103808,104555,0,232,0
1606082,1,0,2.94,1.26095,0.255468,0.31508,1,0,,0,0,0,0,0,0,0,0,103808,104555,0,232,0
1606182,1,0,2.058,1.42036,0.371957,0.287218,1,0,,0,0,0,0,0,0,0,0,103808,104555,0,232,0
1606282,1,0,1.4406,1.42441,0.477203,0.303667,1,0,,0,0,0,0,0,0,0,0,103808,104555,0,232,0
1606382,1,0,1.00842,1.34121,0.563604,0.277606,1,0,,0,0,0,0,0,0,0,0,103808,104555,0,232,0
1606482,1,0,0.705895,1.21415,0.628658,0.283367,1,0,,0,0,0,0,0,0,0,0,103808,104555,0,232,0
1606582,1,0,0.494126,1.07014,0.672807,0.30443,1,0,,0,0,0,0,0,0,0,0,103808,104555,0,232,0
1606682,1,0,0.345888,0.925293,0.698055,0.308845,1,0,,0,0,0,0,0,0,0,0,103808,104555,0,232,0
1606782,1,0,0.242122,0.788659,0.707116,0.313695,1,0,,0,0,0,0,0,0,0,0,103808,104555,0,232,0
1606882,1,0,0.169485,0.664824,0.702887,0.306033,1,0,,0,0,0,0,0,0,0,0,103808,104555,0,232,0
1606982,1,0,0.11864,0.555587,0.688157,0.285043,1,0,,0,0,0,0,0,0,0,0,103808,104555,0,232,0
1607082,1,0,0.0830478,0.46108,0.665449,0.306942,1,0,,0,0,0,0,0,0,0,0,103808,104555,0,232,0
1607182,1,0,0.0581335,0.38049,0.636953,0.320867,1,0,,0,0,0,0,0,0,0,0,103808,104555,0,232,0
1607282,1,0,0.0406934,0.312531,0.604511,0.278841,1,0,,0,0,0,0,0,0,0,0,103808,104555,0,232,0
1607382,1,0,0.0284854,0.255722,0.569632,0.298953,1,0,,0,0,0,0,0,0,0,0,103808,104555,0,232,0
1607482,1,0,0.0199398,0.208565,0.533525,0.324514,1,0,,0,0,0,0,0,0,0,0,103808,104555,0,232,0
1607582,1,0,0.0139578,0.169644,0.497137,0.301713,1,0,,0,0,0,0,0,0,0,0,103808,104555,0,232,0
1607682,1,0,0.00977049,0.137669,0.46119,0.317011,1,0,,0,0,0,0,0,0,0,0,103808,104555,0,232,0
1607782,1,0,0.00683934,0.111503,0.426222,0.306538,1,0,,0,0,0,0,0,0,0,0,103808,104555,0,232,0
1607882,1,0,0.00478754,0.0901601,0.392615,0.339326,1,0,,0,0,0,0,0,0,0,0,103808,104555,0,232,0
1607982,1,0,0.00335128,0.0727983,0.360634,0.291014,1,0,,0,0,0,0,0,0,0,0,103808,104555,0,232,0
1608082,1,0,0.00234589,0.0587079,0.330441,0.329827,1,0,,0,0,0,0,0,0,0,0,103808,104555,0,232,0
1608182,1,0,0.00164213,0.0472947,0.302126,0.288614,1,0,,0,0,0,0,0,0,0,0,103808,104555,0,232,0
1608282,1,0,0.00114949,0.0380657,0.27572,0.303002,1,0,,0,0,0,0,0,0,0,0,103808,104555,0,232,0
1608382,1,0,0.000804642,0.0306135,0.25121,0.298065,1,0,,0,0,0,0,0,0,0,0,103808,104555,0,232,0
1608482,1,0,0.000563249,0.0246034,0.228549,0.328463,1,0,,0,0,0,0,0,0,0,0,103808,104555,0,232,0
1608582,1,0,0.000394275,0.0197616,0.20767,0.311863,1,0,,0,0,0,0,0,0,0,0,103808,104555,0,232,0
1608682,1,0,0.000275992,0.0158645,0.18849,0.317564,1,0,,0,0,0,0,0,0,0,0,103808,104555,0,232,0
1608782,1,0,0.000193195,0.0127302,0.170914,0.286322,1,0,,0,0,0,0,0,0,0,0,103808,104555,0,232,0
1608882,1,0,0.000135236,0.0102112,0.154844,0.290472,1,0,,0,0,0,0,0,0,0,0,103808,104555,0,232,0
1608982,1,0,9.46653e-005,0.00818791,0.140178,0.308534,1,0,,0,0,0,0,0,0,0,0,103808,104555,0,232,0
1609082,1,0,6.62657e-005,0.00656358,0.126816,0.293021,1,0,,0,0,0,0,0,0,0,0,103808,104555,0,232,0
1609182,1,0,4.6386e-005,0.00526014,0.114661,0.321347,1,0,,0,0,0,0,0,0,0,0,103808,104555,0,232,0
1609282,1,0,3.24702e-005,0.00421461,0.103616,0.289648,1,0,,0,0,0,0,0,0,0,0,103808,104555,0,232,0
1609382,1,0,2.27291e-005,0.00337623,0.0935922,0.300675,1,0,,0,0,0,0,0,0,0,0,103808,104555,0,232,0
1609482,1,0,1.59104e-005,0.00270417,0.0845034,0.328313,1,0,,0,0,0,0,0,0,0,0,103808,104555,0,232,0
1609582,1,0,1.11373e-005,0.00216556,0.0762696,0.323325,1,0,,0,0,0,0,0,0,0,0,103808,104555,0,232,0
1609682,1,0,7.79609e-006,0.00173401,0.0688161,0.281988,1,0,,0,0,0,0,0,0,0,0,103808,104555,0,232,0
1609782,1,0,5.45727e-006,0.0013883,0.0620733,0.278503,1,0,,0,0,0,0,0,0,0,0,103808,104555,0,232,0
1609882,1,0,3.82009e-006,0.0011114,0.0559771,0.334789,1,0,,0,0,0,0,0,0,0,0,103808,104555,0,232,0
1609982,1,14,4.2,0.84089,0.134468,0.337669,1,0,,0,0,0,0,0,0,0,0,103808,104555,0,232,0
1610082,1,0,2.94,1.26071,0.247093,0.309931,1,0,,0,0,0,0,0,0,0,0,103808,104555,0,232,0
1610182,1,0,2.058,1.42017,0.364401,0.282181,1,0,,0,0,0,0,0,0,0,0,103808,104555,0,232,0
1610282,1,0,1.4406,1.42426,0.470386,0.327667,1,0,,0,0,0,0,0,0,0,0,103808,104555,0,232,0
1610382,1,0,1.00842,1.34109,0.557456,0.306828,1,0,,0,0,0,0,0,0,0,0,103808,104555,0,232,0
1610482,1,0,0.705894,1.21405,0.623116,0.283377,1,0,,0,0,0,0,0,0,0,0,103808,104555,0,232,0
1610582,1,0,0.494126,1.07007,0.667811,0.288868,1,0,,0,0,0,0,0,0,0,0,103808,104555,0,232,0
1610682,1,0,0.345888,0.92523,0.693553,0.312618,1,0,,0,0,0,0,0,0,0,0,103808,104555,0,232,0
1610782,1,0,0.242122,0.788608,0.703058,0.31888,1,0,,0,0,0,0,0,0,0,0,103808,104555,0,232,0
1610882,1,0,0.169485,0.664784,0.699231,0.305906,1,0,,0,0,0,0,0,0,0,0,103808,104555,0,232,0
1610982,1,0,0.11864,0.555555,0.684863,0.280642,1,0,,0,0,0,0,0,0,0,0,103808,104555,0,232,0
1611082,1,0,0.0830478,0.461054,0.662482,0.296317,1,0,,0,0,0,0,0,0,0,0,103808,104555,0,232,0
1611182,1,0,0.0581334,0.38047,0.634281,0.31215,1,0,,0,0,0,0,0,0,0,0,103808,104555,0,232,0
1611282,1,0,0.0406934,0.312514,0.602104,0.345748,1,0,,0,0,0,0,0,0,0,0,103808,104555,0,232,0
1611382,1,0,0.0284854,0.255709,0.567465,0.289987,1,0,,0,0,0,0,0,0,0,0,103808,104555,0,232,0
1611482,1,0,0.0199398,0.208555,0.531574,0.305825,1,0,,0,0,0,0,0,0,0,0,103808,104555,0,232,0
1611582,1,0,0.0139578,0.169635,0.49538,0.315725,1,0,,0,0,0,0,0,0,0,0,103808,104555,0,232,0
1611682,1,0,0.00977049,0.137662,0.459608,0.29865,1,0,,0,0,0,0,0,0,0,0,103808,104555,0,232,0
1611782,1,0,0.00683934,0.111498,0.424797,0.281113,1,0,,0,0,0,0,0,0,0,0,103808,104555,0,232,0
1611882,1,0,0.00478754,0.0901558,0.391333,0.283077,1,0,,0,0,0,0,0,0,0,0,103808,104555,0,232,0
1611982,1,0,0.00335128,0.0727949,0.359479,0.300626,1,0,,0,0,0,0,0,0,0,0,103808,104555,0,232,0
1612082,1,0,0.00234589,0.0587051,0.329402,0.323702,1,0,,0,0,0,0,0,0,0,0,103808,104555,0,232,0
1612182,1,0,0.00164213,0.0472925,0.301191,0.382252,1,0,,0,0,0,0,0,0,0,0,103808,104555,0,232,0
1612282,1,0,0.00114949,0.0380639,0.274878,0.329152,1,0,,0,0,0,0,0,0,0,0,103808,104555,0,232,0
1612382,1,0,0.000804642,0.030612,0.250451,0.317152,1,0,,0,0,0,0,0,0,0,0,103808,104555,0,232,0
1612482,1,0,0.000563249,0.0246023,0.227866,0.297715,1,0,,0,0,0,0,0,0,0,0,103808,104555,0,232,0
1612582,1,0,0.000394274,0.0197607,0.207056,0.296278,1,0,,0,0,0,0,0,0,0,0,103808,104555,0,232,0
1612682,1,0,0.000275992,0.0158637,0.187937,0.30784,1,0,,0,0,0,0,0,0,0,0,103808,104555,0,232,0
1612782,1,0,0.000193194,0.0127296,0.170416,0.290078,1,0,,0,0,0,0,0,0,0,0,103808,104555,0,232,0
1612882,1,0,0.000135236,0.0102108,0.154395,0.310028,1,0,,0,0,0,0,0,0,0,0,103808,104555,0,232,0
1612982,1,0,9.46653e-005,0.00818753,0.139775,0.304669,1,0,,0,0,0,0,0,0,0,0,103808,104555,0,232,0
1613082,1,0,6.62657e-005,0.00656328,0.126454,0.327942,1,0,,0,0,0,0,0,0,0,0,103808,104555,0,232,0
1613182,1,0,4.6386e-005,0.0052599,0.114334,0.283481,1,0,,0,0,0,0,0,0,0,0,103808,104555,0,232,0
1613282,1,0,3.24702e-005,0.00421442,0.103322,0.315955,1,0,,0,0,0,0,0,0,0,0,103808,104555,0,232,0
1613382,1,0,2.27291e-005,0.00337608,0.0933276,0.297243,1,0,,0,0,0,0,0,0,0,0,103808,104555,0,232,0
1613482,1,0,1.59104e-005,0.00270405,0.0842652,0.292181,1,0,,0,0,0,0,0,0,0,0,103808,104555,0,232,0
1613582,1,0,1.11373e-005,0.00216546,0.0760552,0.324118,1,0,,0,0,0,0,0,0,0,0,103808,104555,0,232,0
1613682,1,0,7.79609e-006,0.00173393,0.0686231,0.313205,1,0,,0,0,0,0,0,0,0,0,103808,104555,0,232,0
1613782,1,0,5.45726e-006,0.00138824,0.0618996,0.293093,1,0,,0,0,0,0,0,0,0,0,103808,104555,0,232,0
1613882,1,0,3.82008e-006,0.00111135,0.0558208,0.313932,1,0,,0,0,0,0,0,0,0,0,103808,104555,0,232,0
1613982,1,14,4.2,0.84089,0.134328,0.312755,1,0,,0,0,0,0,0,0,0,0,103808,104555,0,232,0
1614082,1,0,2.94,1.26071,0.246966,0.318241,1,0,,0,0,0,0,0,0,0,0,103808,104555,0,232,0
1614182,1,0,2.058,1.42017,0.364287,0.303876,1,0,,0,0,0,0,0,0,0,0,103808,104555,0,232,0
1614282,1,0,1.4406,1.42426,0.470284,0.327413,1,0,,0,0,0,0,0,0,0,0,103808,104555,0,232,0
1614382,1,0,1.00842,1.34109,0.557364,0.305612,1,0,,0,0,0,0,0,0,0,0,103808,104555,0,232,0
1614482,1,0,0.705894,1.21405,0.623033,0.283536,1,0,,0,0,0,0,0,0,0,0,103808,104555,0,232,0
1614582,1,0,0.494126,1.07007,0.667736,0.28451,1,0,,0,0,0,0,0,0,0,0,103808,104555,0,232,0
1614682,1,0,0.345888,0.92523,0.693485,0.310349,1,0,,0,0,0,0,0,0,0,0,103808,104555,0,232,0
1614782,1,0,0.242122,0.788608,0.702998,0.345106,1,0,,0,0,0,0,0,0,0,0,103808,104555,0,232,0
1614882,1,0,0.169485,0.664784,0.699176,0.294131,1,0,,0,0,0,0,0,0,0,0,103808,104555,0,232,0
1614982,1,0,0.11864,0.555555,0.684814,0.308094,1,0,,0,0,0,0,0,0,0,0,103808,104555,0,232,0
1615082,1,0,0.0830478,0.461054,0.662438,0.304556,1,0,,0,0,0,0,0,0,0,0,103808,104555,0,232,0
1615182,1,0,0.0581334,0.38047,0.634241,0.286294,1,0,,0,0,0,0,0,0,0,0,103808,104555,0,232,0
1615282,1,1,0.340693,0.372514,0.608068,0.294976,1,0,,0,0,0,0,0,0,0,0,103808,104555,0,232,0
1615382,1,0,0.238485,0.345709,0.581832,0.311964,1,0,,0,0,0,0,0,0,0,0,103808,104555,0,232,0
1615482,1,0,0.16694,0.309955,0.554645,0.303901,1,0,,0,0,0,0,0,0,0,0,103808,104555,0,232,0
1615582,1,0,0.116858,0.271335,0.526314,0.320901,1,0,,0,0,0,0,0,0,0,0,103808,104555,0,232,0
1615682,1,0,0.0818005,0.233428,0.497025,0.300588,1,0,,0,0,0,0,0,0,0,0,103808,104555,0,232,0
1615782,1,0,0.0572603,0.198195,0.467142,0.276787,1,0,,0,0,0,0,0,0,0,0,103808,104555,0,232,0
1615882,1,0,0.0400822,0.166572,0.437085,0.286587,1,0,,0,0,0,0,0,0,0,0,103808,104555,0,232,0
1615982,1,0,0.0280576,0.138869,0.407264,0.295535,1,0,,0,0,0,0,0,0,0,0,103808,104555,0,232,0
1616082,1,0,0.0196403,0.115024,0.37804,0.293998,1,0,,0,0,0,0,0,0,0,0,103808,104555,0,232,0
1616182,1,0,0.0137482,0.0947685,0.349712,0.291796,1,0,,0,0,0,0,0,0,0,0,103808,104555,0,232,0
1616282,1,0,0.00962374,0.0777395,0.322515,0.290146,1,0,,0,0,0,0,0,0,0,0,103808,104555,0,232,0
1616382,1,0,0.00673662,0.0635389,0.296618,0.29557,1,0,,0,0,0,0,0,0,0,0,103808,104555,0,232,0
1616482,1,0,0.00471563,0.0517743,0.272133,0.289371,1,0,,0,0,0,0,0,0,0,0,103808,104555,0,232,0
1616582,1,0,0.00330094,0.0420796,0.249128,0.363276,1,0,,0,0,0,0,0,0,0,0,103808,104555,0,232,0
1616682,1,0,0.00231066,0.0341258,0.227628,0.302752,1,0,,0,0,0,0,0,0,0,0,103808,104555,0,232,0
1616782,1,0,0.00161746,0.0276242,0.207627,0.313041,1,0,,0,0,0,0,0,0,0,0,103808,104555,0,232,0
1616882,1,0,0.00113222,0.0223258,0.189097,0.297616,1,0,,0,0,0,0,0,0,0,0,103808,104555,0,232,0
1616982,1,0,0.000792557,0.0180191,0.171989,0.308743,1,0,,0,0,0,0,0,0,0,0,103808,104555,0,232,0
1617082,1,0,0.00055479,0.0145263,0.156243,0.296819,1,0,,0,0,0,0,0,0,0,0,103808,104555,0,232,0
1617182,1,0,0.000388353,0.0116987,0.141789,0.283168,1,0,,0,0,0,0,0,0,0,0,103808,104555,0,232,0
1617282,1,0,0.000271847,0.00941331,0.128551,0.307369,1,0,,0,0,0,0,0,0,0,0,103808,104555,0,232,0
1617382,1,0,0.000190293,0.00756871,0.116453,0.292593,1,0,,0,0,0,0,0,0,0,0,103808,104555,0,232,0
1617482,1,0,0.000133205,0.00608161,0.105416,0.290019,1,0,,0,0,0,0,0,0,0,0,103808,104555,0,232,0
1617582,1,0,9.32435e-005,0.00488394,0.0953625,0.297322,1,0,,0,0,0,0,0,0,0,0,103808,104555,0,232,0
1617682,1,0,6.52704e-005,0.0039202,0.0862183,0.285272,1,0,,0,0,0,0,0,0,0,0,103808,104555,0,232,0
1617782,1,0,4.56893e-005,0.0031453,0.077911,0.300112,1,0,,0,0,0,0,0,0,0,0,103808,104555,0,232,0
1617882,1,14,4.20003,0.842523,0.154372,0.288597,1,0,,0,0,0,0,0,0,0,0,103808,104555,0,232,0
1617982,1,0,2.94002,1.26202,0.265137,2.46841,1,0,,0,0,0,0,0,0,0,0,103808,104555,0,232,0
1618082,1,0,2.05802,1.42122,0.380746,0.29933,1,0,,0,0,0,0,0,0,0,0,103808,104555,0,232,0
1618182,1,0,1.44061,1.4251,0.485181,0.302043,1,0,,0,0,0,0,0,0,0,0,103808,104555,0,232,0
1618282,1,0,1.00843,1.34176,0.570839,0.31547,1,0,,0,0,0,0,0,0,0,0,103808,104555,0,232,0
1618382,1,0,0.705899,1.21459,0.635215,0.302337,1,0,,0,0,0,0,0,0,0,0,103808,104555,0,232,0
1618482,1,0,0.49413,1.0705,0.678743,0.317313,1,0,,0,0,0,0,0,0,0,0,103808,104555,0,232,0
1618582,1,0,0.345891,0.925578,0.703426,0.300676,1,0,,0,0,0,0,0,0,0,0,103808,104555,0,232,0
1618682,1,0,0.242123,0.788887,0.711972,0.287587,1,0,,0,0,0,0,0,0,0,0,103808,104555,0,232,0
1618782,1,0,0.169486,0.665007,0.707276,0.299524,1,0,,0,0,0,0,0,0,0,0,103808,104555,0,232,0
1618882,1,0,0.11864,0.555733,0.692122,0.284221,1,0,,0,0,0,0,0,0,0,0,103808,104555,0,232,0
1618982,1,0,0.0830483,0.461196,0.669029,0.290834,1,0,,0,0,0,0,0,0,0,0,103808,104555,0,232,0
1619082,1,0,0.0581338,0.380584,0.640185,0.298971,1,0,,0,0,0,0,0,0,0,0,103808,104555,0,232,0
1619182,1,0,0.0406937,0.312606,0.607427,0.303821,1,0,,0,0,0,0,0,0,0,0,103808,104555,0,232,0
1619282,1,0,0.0284856,0.255782,0.572262,0.327595,1,0,,0,0,0,0,0,0,0,0,103808,104555,0,232,0
1619382,1,0,0.0199399,0.208613,0.535897,0.30957,1,0,,0,0,0,0,0,0,0,0,103808,104555,0,232,0
1619482,1,0,0.0139579,0.169682,0.499276,0.264396,1,0,,0,0,0,0,0,0,0,0,103808,104555,0,232,0
1619582,1,0,0.00977055,0.1377,0.463118,0.311088,1,0,,0,0,0,0,0,0,0,0,103808,104555,0,232,0
1619682,1,0,0.00683939,0.111528,0.427959,0.300337,1,0,,0,0,0,0,0,0,0,0,103808,104555,0,232,0
1619782,1,0,0.00478757,0.0901798,0.394181,0.287936,1,0,,0,0,0,0,0,0,0,0,103808,104555,0,232,0
1619882,1,0,0.0033513,0.0728141,0.362044,0.304536,1,0,,0,0,0,0,0,0,0,0,103808,104555,0,232,0
1619982,1,0,0.00234591,0.0587205,0.331712,0.319773,1,0,,0,0,0,0,0,0,0,0,103808,104555,0,232,0
1620082,1,0,0.00164214,0.0473048,0.303271,0.308849,1,0,,0,0,0,0,0,0,0,0,103808,104555,0,232,0
1620182,1,0,0.0011495,0.0380737,0.276752,0.30586,1,0,,0,0,0,0,0,0,0,0,103808,104555,0,232,0
1620282,1,0,0.000804647,0.0306199,0.252138,0.267071,1,0,,0,0,0,0,0,0,0,0,103808,104555,0,232,0
1620382,1,0,0.000563253,0.0246086,0.229385,0.313058,1,0,,0,0,0,0,0,0,0,0,103808,104555,0,232,0
1620482,1,0,0.000394277,0.0197657,0.208423,0.283481,1,0,,0,0,0,0,0,0,0,0,103808,104555,0,232,0
1620582,1,0,0.000275994,0.0158678,0.189168,0.308307,1,0,,0,0,0,0,0,0,0,0,103808,104555,0,232,0
1620682,1,0,0.000193196,0.0127329,0.171524,0.303257,1,0,,0,0,0,0,0,0,0,0,103808,104555,0,232,0
1620782,1,0,0.000135237,0.0102133,0.155393,0.293544,1,0,,0,0,0,0,0,0,0,0,103808,104555,0,232,0
1620882,1,0,9.46659e-005,0.0081896,0.140673,0.295455,1,0,,0,0,0,0,0,0,0,0,103808,104555,0,232,0
1620982,1,0,6.62661e-005,0.00656494,0.127262,0.306156,1,0,,0,0,0,0,0,0,0,0,103808,104555,0,232,0
1621082,1,0,4.63863e-005,0.00526123,0.115062,0.300593,1,0,,0,0,0,0,0,0,0,0,103808,104555,0,232,0
1621182,1,0,3.24704e-005,0.00421548,0.103977,0.330132,1,0,,0,0,0,0,0,0,0,0,103808,104555,0,232,0
1621282,1,0,2.27293e-005,0.00337693,0.0939173,0.324755,1,0,,0,0,0,0,0,0,0,0,103808,104555,0,232,0
1621382,1,0,1.59105e-005,0.00270472,0.084796,0.281485,1,0,,0,0,0,0,0,0,0,0,103808,104555,0,232,0
1621482,1,0,1.11373e-005,0.00216601,0.076533,0.284811,1,0,,0,0,0,0,0,0,0,0,103808,104555,0,232,0
1621582,1,0,7.79614e-006,0.00173436,0.0690532,0.298571,1,0,,0,0,0,0,0,0,0,0,103808,104555,0,232,0
1621682,1,0,5.4573e-006,0.00138858,0.0622867,0.297571,1,0,,0,0,0,0,0,0,0,0,103808,104555,0,232,0
1621782,1,0,3.82011e-006,0.00111163,0.0561692,0.305647,1,0,,0,0,0,0,0,0,0,0,103808,104555,0,232,0
1621882,1,15,4.5,0.90089,0.140641,0.313532,1,0,,0,0,0,0,0,0,0,0,103808,104555,0,232,0
1621982,1,0,3.15,1.35071,0.261648,0.302772,1,0,,0,0,0,0,0,0,0,0,103808,104555,0,232,0
1622082,1,0,2.205,1.52157,0.387641,0.347059,1,0,,0,0,0,0,0,0,0,0,103808,104555,0,232,0
1622182,1,0,1.5435,1.52596,0.501472,0.323471,1,0,,0,0,0,0,0,0,0,0,103808,104555,0,232,0
1622282,1,0,1.08045,1.43686,0.595011,0.312683,1,0,,0,0,0,0,0,0,0,0,103808,104555,0,232,0
1622382,1,0,0.756316,1.30075,0.665584,0.288357,1,0,,0,0,0,0,0,0,0,0,103808,104555,0,232,0
1622482,1,0,0.529421,1.14648,0.713674,0.281671,1,0,,0,0,0,0,0,0,0,0,103808,104555,0,232,0
1622582,1,0,0.370595,0.991305,0.741437,0.28626,1,0,,0,0,0,0,0,0,0,0,103808,104555,0,232,0
1622682,1,0,0.259416,0.844927,0.751786,0.294398,1,0,,0,0,0,0,0,0,0,0,103808,104555,0,232,0
1622782,1,0,0.181591,0.71226,0.747834,0.315159,1,0,,0,0,0,0,0,0,0,0,103808,104555,0,232,0
1622882,1,0,0.127114,0.595231,0.732573,0.288907,1,0,,0,0,0,0,0,0,0,0,103808,104555,0,232,0
1622982,1,0,0.0889798,0.493981,0.708714,0.282819,1,0,,0,0,0,0,0,0,0,0,103808,104555,0,232,0
1623082,1,0,0.0622858,0.407642,0.678607,0.286505,1,0,,0,0,0,0,0,0,0,0,103808,104555,0,232,0
1623182,1,0,0.0436001,0.334833,0.644229,0.291999,1,0,,0,0,0,0,0,0,0,0,103808,104555,0,232,0
1623282,1,0,0.0305201,0.273971,0.607204,0.305385,1,0,,0,0,0,0,0,0,0,0,103808,104555,0,232,0
1623382,1,0,0.021364,0.223449,0.568828,0.330285,1,0,,0,0,0,0,0,0,0,0,103808,104555,0,232,0
1623482,1,0,0.0149548,0.18175,0.53012,0.294833,1,0,,0,0,0,0,0,0,0,0,103808,104555,0,232,0
1623582,1,0,0.0104684,0.147494,0.491858,0.317285,1,0,,0,0,0,0,0,0,0,0,103808,104555,0,232,0
1623682,1,0,0.00732786,0.119461,0.454618,0.305934,1,0,,0,0,0,0,0,0,0,0,103808,104555,0,232,0
1623782,1,0,0.00512951,0.0965945,0.418816,0.331267,1,0,,0,0,0,0,0,0,0,0,103808,104555,0,232,0
1623882,1,0,0.00359065,0.0779938,0.384733,0.341231,1,0,,0,0,0,0,0,0,0,0,103808,104555,0,232,0
1623982,1,0,0.00251346,0.0628977,0.35255,0.303984,1,0,,0,0,0,0,0,0,0,0,103808,104555,0,232,0
1624082,1,0,0.00175942,0.0506701,0.322362,0.350083,1,0,,0,0,0,0,0,0,0,0,103808,104555,0,232,0
1624182,1,0,0.00123159,0.0407824,0.294204,0.302433,1,0,,0,0,0,0,0,0,0,0,103808,104555,0,232,0
1624282,1,0,0.000862116,0.0327983,0.268063,0.326172,1,0,,0,0,0,0,0,0,0,0,103808,104555,0,232,0
1624382,1,0,0.000603481,0.0263593,0.243893,0.291048,1,0,,0,0,0,0,0,0,0,0,103808,104555,0,232,0
1624482,1,0,0.000422437,0.021172,0.221621,0.299648,1,0,,0,0,0,0,0,0,0,0,103808,104555,0,232,0
1624582,1,0,0.000295706,0.0169967,0.201158,0.28636,1,0,,0,0,0,0,0,0,0,0,103808,104555,0,232,0
1624682,1,0,0.000206994,0.0136388,0.182406,0.295499,1,0,,0,0,0,0,0,0,0,0,103808,104555,0,232,0
1624782,1,0,0.000144896,0.01094,0.16526,0.283423,1,0,,0,0,0,0,0,0,0,0,103808,104555,0,232,0
1624882,1,0,0.000101427,0.00877228,0.149611,0.299824,1,0,,0,0,0,0,0,0,0,0,103808,104555,0,232,0
1624982,1,0,7.09989e-005,0.00703203,0.135353,0.33371,1,0,,0,0,0,0,0,0,0,0,103808,104555,0,232,0
1625082,1,0,4.96993e-005,0.00563556,0.122381,0.290336,1,0,,0,0,0,0,0,0,0,0,103808,104555,0,232,0
1625182,1,0,3.47895e-005,0.00451541,0.110595,0.315998,1,0,,0,0,0,0,0,0,0,0,103808,104555,0,232,0
1625282,1,0,2.43526e-005,0.0036172,0.099897,0.297424,1,0,,0,0,0,0,0,0,0,0,103808,104555,0,232,0
1625382,1,0,1.70468e-005,0.00289717,0.090197,0.303375,1,0,,0,0,0,0,0,0,0,0,103808,104555,0,232,0
1625482,1,0,1.19328e-005,0.00232012,0.0814094,0.279349,1,0,,0,0,0,0,0,0,0,0,103808,104555,0,232,0
1625582,1,0,8.35295e-006,0.00185777,0.0734542,0.281666,1,0,,0,0,0,0,0,0,0,0,103808,104555,0,232,0
1625682,1,0,5.84707e-006,0.00148738,0.0662575,0.271492,1,0,,0,0,0,0,0,0,0,0,103808,104555,0,232,0
1625782,1,15,4.5,0.901191,0.149751,0.275865,1,0,,0,0,0,0,0,0,0,0,103808,104555,0,232,0
1625882,1,0,3.15,1.35095,0.269871,0.288691,1,0,,0,0,0,0,0,0,0,0,103808,104555,0,232,0
1625982,1,0,2.205,1.52176,0.39506,0.29894,1,0,,0,0,0,0,0,0,0,0,103808,104555,0,232,0
1626082,1,0,1.5435,1.52611,0.508165,0.295364,1,0,,0,0,0,0,0,0,0,0,103808,104555,0,232,0
1626182,1,0,1.08045,1.43698,0.601047,0.313227,1,0,,0,0,0,0,0,0,0,0,103808,104555,0,232,0
1626282,1,0,0.756316,1.30085,0.671027,0.328989,1,0,,0,0,0,0,0,0,0,0,103808,104555,0,232,0
1626382,1,0,0.529421,1.14656,0.71858,0.3037,1,0,,0,0,0,0,0,0,0,0,103808,104555,0,232,0
1626482,1,0,0.370595,0.991368,0.745859,0.295038,1,0,,0,0,0,0,0,0,0,0,103808,104555,0,232,0
1626582,1,0,0.259416,0.844978,0.755771,0.315725,1,0,,0,0,0,0,0,0,0,0,103808,104555,0,232,0
1626682,1,0,0.181591,0.7123,0.751424,0.346575,1,0,,0,0,0,0,0,0,0,0,103808,104555,0,232,0
1626782,1,0,0.127114,0.595263,0.735808,0.342121,1,0,,0,0,0,0,0,0,0,0,103808,104555,0,232,0
1626882,1,0,0.0889798,0.494007,0.711627,0.29051,1,0,,0,0,0,0,0,0,0,0,103808,104555,0,232,0
1626982,1,0,0.0622858,0.407662,0.681231,0.288597,1,0,,0,0,0,0,0,0,0,0,103808,104555,0,232,0
1627082,1,0,0.0436001,0.33485,0.646593,0.291997,1,0,,0,0,0,0,0,0,0,0,103808,104555,0,232,0
1627182,1,0,0.0305201,0.273984,0.609332,0.293396,1,0,,0,0,0,0,0,0,0,0,103808,104555,0,232,0
1627282,1,0,0.021364,0.22346,0.570745,0.295497,1,0,,0,0,0,0,0,0,0,0,103808,104555,0,232,0
1627382,1,0,0.0149548,0.181759,0.531846,0.307998,1,0,,0,0,0,0,0,0,0,0,103808,104555,0,232,0
1627482,1,0,0.0104684,0.147501,0.493412,0.289774,1,0,,0,0,0,0,0,0,0,0,103808,104555,0,232,0
1627582,1,0,0.00732787,0.119466,0.456017,0.318198,1,0,,0,0,0,0,0,0,0,0,103808,104555,0,232,0
1627682,1,0,0.00512951,0.0965989,0.420075,0.306786,1,0,,0,0,0,0,0,0,0,0,103808,104555,0,232,0
1627782,1,0,0.00359065,0.0779972,0.385867,0.305986,1,0,,0,0,0,0,0,0,0,0,103808,104555,0,232,0
1627882,1,0,0.00251346,0.0629005,0.353571,0.289083,1,0,,0,0,0,0,0,0,0,0,103808,104555,0,232,0
1627982,1,0,0.00175942,0.0506723,0.323281,0.28573,1,0,,0,0,0,0,0,0,0,0,103808,104555,0,232,0
1628082,1,0,0.00123159,0.0407841,0.295031,0.318817,1,0,,0,0,0,0,0,0,0,0,103808,104555,0,232,0
1628182,1,0,0.000862116,0.0327997,0.268808,0.327068,1,0,,0,0,0,0,0,0,0,0,103808,104555,0,232,0
1628282,1,0,0.000603481,0.0263605,0.244563,0.311084,1,0,,0,0,0,0,0,0,0,0,103808,104555,0,232,0
1628382,1,0,0.000422437,0.0211729,0.222224,0.307333,1,0,,0,0,0,0,0,0,0,0,103808,104555,0,232,0
1628482,1,0,0.000295706,0.0169974,0.201702,0.301484,1,0,,0,0,0,0,0,0,0,0,103808,104555,0,232,0
1628582,1,0,0.000206994,0.0136394,0.182895,0.288943,1,0,,0,0,0,0,0,0,0,0,103808,104555,0,232,0
1628682,1,0,0.000144896,0.0109405,0.1657,0.292768,1,0,,0,0,0,0,0,0,0,0,103808,104555,0,232,0
1628782,1,0,0.000101427,0.00877265,0.150007,0.305156,1,0,,0,0,0,0,0,0,0,0,103808,104555,0,232,0
1628882,1,0,7.0999e-005,0.00703232,0.13571,0.304182,1,0,,0,0,0,0,0,0,0,0,103808,104555,0,232,0
1628982,1,0,4.96993e-005,0.0056358,0.122702,0.295681,1,0,,0,0,0,0,0,0,0,0,103808,104555,0,232,0
1629082,1,0,3.47895e-005,0.0045156,0.110884,0.30923,1,0,,0,0,0,0,0,0,0,0,103808,104555,0,232,0
1629182,1,0,2.43526e-005,0.00361735,0.100157,0.305855,1,0,,0,0,0,0,0,0,0,0,103808,104555,0,232,0
1629282,1,0,1.70469e-005,0.00289729,0.090431,0.289405,1,0,,0,0,0,0,0,0,0,0,103808,104555,0,232,0
1629382,1,0,1.19328e-005,0.00232022,0.0816199,0.291979,1,0,,0,0,0,0,0,0,0,0,103808,104555,0,232,0
1629482,1,0,8.35296e-006,0.00185784,0.0736437,0.289505,1,0,,0,0,0,0,0,0,0,0,103808,104555,0,232,0
1629582,1,0,5.84707e-006,0.00148744,0.066428,0.28014,1,0,,0,0,0,0,0,0,0,0,103808,104555,0,232,0
1629682,1,0,4.09295e-006,0.00119077,0.0599043,0.297539,1,0,,0,0,0,0,0,0,0,0,103808,104555,0,232,0
1629782,1,15,4.5,0.900953,0.144009,0.329977,1,0,,0,0,0,0,0,0,0,0,103808,104555,0,232,0
1629882,1,0,3.15,1.35076,0.264685,0.305515,1,0,,0,0,0,0,0,0,0,0,103808,104555,0,232,0
1629982,1,0,2.205,1.52161,0.390377,0.299289,1,0,,0,0,0,0,0,0,0,0,103808,104555,0,232,0
1630082,1,0,1.5435,1.52599,0.503938,0.287926,1,0,,0,0,0,0,0,0,0,0,103808,104555,0,232,0
1630182,1,0,1.08045,1.43688,0.597233,0.305763,1,0,,0,0,0,0,0,0,0,0,103808,104555,0,232,0
1630282,1,0,0.756316,1.30077,0.667586,0.285825,1,0,,0,0,0,0,0,0,0,0,103808,104555,0,232,0
1630382,1,0,0.529421,1.1465,0.715478,0.336256,1,0,,0,0,0,0,0,0,0,0,103808,104555,0,232,0
1630482,1,0,0.370595,0.991318,0.743062,0.297306,1,0,,0,0,0,0,0,0,0,0,103808,104555,0,232,0
1630582,1,0,0.259416,0.844938,0.753249,0.293568,1,0,,0,0,0,0,0,0,0,0,103808,104555,0,232,0
1630682,1,0,0.181591,0.712268,0.749151,0.31168,1,0,,0,0,0,0,0,0,0,0,103808,104555,0,232,0
1630782,1,0,0.127114,0.595237,0.73376,0.300904,1,0,,0,0,0,0,0,0,0,0,103808,104555,0,232,0
1630882,1,0,0.0889798,0.493986,0.709782,0.302618,1,0,,0,0,0,0,0,0,0,0,103808,104555,0,232,0
1630982,1,0,0.0622858,0.407646,0.679569,0.28581,1,0,,0,0,0,0,0,0,0,0,103808,104555,0,232,0
1631082,1,0,0.0436001,0.334837,0.645095,0.303849,1,0,,0,0,0,0,0,0,0,0,103808,104555,0,232,0
1631182,1,0,0.0305201,0.273973,0.607983,0.31495,1,0,,0,0,0,0,0,0,0,0,103808,104555,0,232,0
1631282,1,0,0.021364,0.223452,0.56953,0.3079,1,0,,0,0,0,0,0,0,0,0,103808,104555,0,232,0
1631382,1,0,0.0149548,0.181752,0.530752,0.302323,1,0,,0,0,0,0,0,0,0,0,103808,104555,0,232,0
1631482,1,0,0.0104684,0.147495,0.492427,0.297274,1,0,,0,0,0,0,0,0,0,0,103808,104555,0,232,0
1631582,1,0,0.00732786,0.119462,0.45513,0.295348,1,0,,0,0,0,0,0,0,0,0,103808,104555,0,232,0
1631682,1,0,0.00512951,0.0965955,0.419277,0.290061,1,0,,0,0,0,0,0,0,0,0,103808,104555,0,232,0
1631782,1,0,0.00359065,0.0779945,0.385148,0.292099,1,0,,0,0,0,0,0,0,0,0,103808,104555,0,232,0
1631882,1,0,0.00251346,0.0628983,0.352923,0.314035,1,0,,0,0,0,0,0,0,0,0,103808,104555,0,232,0
1631982,1,0,0.00175942,0.0506705,0.322698,0.318472,1,0,,0,0,0,0,0,0,0,0,103808,104555,0,232,0
1632082,1,0,0.00123159,0.0407827,0.294507,0.318395,1,0,,0,0,0,0,0,0,0,0,103808,104555,0,232,0
1632182,1,0,0.000862116,0.0327986,0.268336,0.290934,1,0,,0,0,0,0,0,0,0,0,103808,104555,0,232,0
1632282,1,0,0.000603481,0.0263596,0.244138,0.270296,1,0,,0,0,0,0,0,0,0,0,103808,104555,0,232,0
1632382,1,0,0.000422437,0.0211722,0.221842,0.308969,1,0,,0,0,0,0,0,0,0,0,103808,104555,0,232,0
1632482,1,0,0.000295706,0.0169969,0.201357,0.28322,1,0,,0,0,0,0,0,0,0,0,103808,104555,0,232,0
1632582,1,0,0.000206994,0.0136389,0.182585,0.279782,1,0,,0,0,0,0,0,0,0,0,103808,104555,0,232,0
1632682,1,0,0.000144896,0.0109401,0.165421,0.300821,1,0,,0,0,0,0,0,0,0,0,103808,104555,0,232,0
1632782,1,0,0.000101427,0.00877236,0.149756,0.300509,1,0,,0,0,0,0,0,0,0,0,103808,104555,0,232,0
1632882,1,0,7.09989e-005,0.00703209,0.135484,0.306756,1,0,,0,0,0,0,0,0,0,0,103808,104555,0,232,0
1632982,1,0,4.96993e-005,0.00563561,0.122499,0.30978,1,0,,0,0,0,0,0,0,0,0,103808,104555,0,232,0
1633082,1,0,3.47895e-005,0.00451545,0.1107,0.292692,1,0,,0,0,0,0,0,0,0,0,103808,104555,0,232,0
1633182,1,0,2.43526e-005,0.00361723,0.0999921,0.30593,1,0,,0,0,0,0,0,0,0,0,103808,104555,0,232,0
1633282,1,0,1.70468e-005,0.00289719,0.0902826,0.310581,1,0,,0,0,0,0,0,0,0,0,103808,104555,0,232,0
1633382,1,0,1.19328e-005,0.00232014,0.0814863,0.30062,1,0,,0,0,0,0,0,0,0,0,103808,104555,0,232,0
1633482,1,0,8.35295e-006,0.00185778,0.0735235,0.32342,1,0,,0,0,0,0,0,0,0,0,103808,104555,0,232,0
1633582,1,0,5.84707e-006,0.00148739,0.0663199,0.303259,1,0,,0,0,0,0,0,0,0,0,103808,104555,0,232,0
1633682,1,15,4.5,0.901191,0.149807,0.339432,1,0,,0,0,0,0,0,0,0,0,103808,104555,0,232,0
1633782,1,0,3.15,1.35095,0.269922,0.338223,1,0,,0,0,0,0,0,0,0,0,103808,104555,0,232,0
1633882,1,0,2.205,1.52176,0.395106,0.290473,1,0,,0,0,0,0,0,0,0,0,103808,104555,0,232,0
1633982,1,0,1.5435,1.52611,0.508206,0.313134,1,0,,0,0,0,0,0,0,0,0,103808,104555,0,232,0
1634082,1,0,1.08045,1.43698,0.601084,0.297647,1,0,,0,0,0,0,0,0,0,0,103808,104555,0,232,0
1634182,1,0,0.756316,1.30085,0.67106,0.284209,1,0,,0,0,0,0,0,0,0,0,103808,104555,0,232,0
1634282,1,0,0.529421,1.14656,0.71861,0.304759,1,0,,0,0,0,0,0,0,0,0,103808,104555,0,232,0
1634382,1,0,0.370595,0.991368,0.745886,0.32167,1,0,,0,0,0,0,0,0,0,0,103808,104555,0,232,0
1634482,1,0,0.259416,0.844978,0.755795,0.271857,1,0,,0,0,0,0,0,0,0,0,103808,104555,0,232,0
1634582,1,0,0.181591,0.7123,0.751445,0.296407,1,0,,0,0,0,0,0,0,0,0,103808,104555,0,232,0
1634682,1,0,0.127114,0.595263,0.735827,0.303494,1,0,,0,0,0,0,0,0,0,0,103808,104555,0,232,0
1634782,1,0,0.0889798,0.494007,0.711645,0.288793,1,0,,0,0,0,0,0,0,0,0,103808,104555,0,232,0
1634882,1,0,0.0622858,0.407662,0.681247,0.313195,1,0,,0,0,0,0,0,0,0,0,103808,104555,0,232,0
1634982,1,0,0.0436001,0.33485,0.646607,0.295968,1,0,,0,0,0,0,0,0,0,0,103808,104555,0,232,0
1635082,1,0,0.0305201,0.273984,0.609345,0.292781,1,0,,0,0,0,0,0,0,0,0,103808,104555,0,232,0
1635182,1,0,0.021364,0.22346,0.570756,0.325871,1,0,,0,0,0,0,0,0,0,0,103808,104555,0,232,0
1635282,1,0,0.0149548,0.181759,0.531857,0.319672,1,0,,0,0,0,0,0,0,0,0,103808,104555,0,232,0
1635382,1,0,0.0104684,0.147501,0.493421,0.281173,1,0,,0,0,0,0,0,0,0,0,103808,104555,0,232,0
1635482,1,0,0.00732787,0.119466,0.456025,0.301421,1,0,,0,0,0,0,0,0,0,0,103808,104555,0,232,0
1635582,1,0,0.00512951,0.0965989,0.420083,0.330458,1,0,,0,0,0,0,0,0,0,0,103808,104555,0,232,0
1635682,1,0,0.00359065,0.0779972,0.385874,0.298509,1,0,,0,0,0,0,0,0,0,0,103808,104555,0,232,0
1635782,1,0,0.00251346,0.0629005,0.353577,0.280455,1,0,,0,0,0,0,0,0,0,0,103808,104555,0,232,0
1635882,1,0,0.00175942,0.0506723,0.323286,0.330816,1,0,,0,0,0,0,0,0,0,0,103808,104555,0,232,0
1635982,1,0,0.00123159,0.0407841,0.295036,0.289903,1,0,,0,0,0,0,0,0,0,0,103808,104555,0,232,0
1636082,1,0,0.000862116,0.0327997,0.268813,0.289965,1,0,,0,0,0,0,0,0,0,0,103808,104555,0,232,0
1636182,1,0,0.000603481,0.0263605,0.244567,0.301289,1,0,,0,0,0,0,0,0,0,0,103808,104555,0,232,0
1636282,1,0,0.000422437,0.0211729,0.222228,0.302163,1,0,,0,0,0,0,0,0,0,0,103808,104555,0,232,0
1636382,1,0,0.000295706,0.0169974,0.201705,0.290887,1,0,,0,0,0,0,0,0,0,0,103808,104555,0,232,0
1636482,1,0,0.000206994,0.0136394,0.182898,0.294789,1,0,,0,0,0,0,0,0,0,0,103808,104555,0,232,0
1636582,1,0,0.000144896,0.0109405,0.165702,0.287726,1,0,,0,0,0,0,0,0,0,0,103808,104555,0,232,0
1636682,1,0,0.000101427,0.00877265,0.150009,0.315737,1,0,,0,0,0,0,0,0,0,0,103808,104555,0,232,0
1636782,1,0,7.0999e-005,0.00703232,0.135712,0.282275,1,0,,0,0,0,0,0,0,0,0,103808,104555,0,232,0
1636882,1,0,4.96993e-005,0.0056358,0.122704,0.293487,1,0,,0,0,0,0,0,0,0,0,103808,104555,0,232,0
1636982,1,0,3.47895e-005,0.0045156,0.110885,0.305399,1,0,,0,0,0,0,0,0,0,0,103808,104555,0,232,0
1637082,1,0,2.43526e-005,0.00361735,0.100159,0.283523,1,0,,0,0,0,0,0,0,0,0,103808,104555,0,232,0
1637182,1,0,1.70469e-005,0.00289729,0.0904324,0.300771,1,0,,0,0,0,0,0,0,0,0,103808,104555,0,232,0
1637282,1,0,1.19328e-005,0.00232022,0.0816212,0.303684,1,0,,0,0,0,0,0,0,0,0,103808,104555,0,232,0
1637382,1,0,8.35296e-006,0.00185784,0.0736448,0.30311,1,0,,0,0,0,0,0,0,0,0,103808,104555,0,232,0
1637482,1,0,5.84707e-006,0.00148744,0.0664291,0.270999,1,0,,0,0,0,0,0,0,0,0,103808,104555,0,232,0
1637582,1,0,4.09295e-006,0.00119077,0.0599053,0.295499,1,0,,0,0,0,0,0,0,0,0,103808,104555,0,232,0
1637682,1,15,4.5,0.900953,0.14401,0.309649,1,0,,0,0,0,0,0,0,0,0,103808,104555,0,232,0
1637782,1,0,3.15,1.35076,0.264685,0.305101,1,0,,0,0,0,0,0,0,0,0,103808,104555,0,232,0
1637882,1,0,2.205,1.52161,0.390378,0.305788,1,0,,0,0,0,0,0,0,0,0,103808,104555,0,232,0
1637982,1,0,1.5435,1.52599,0.503939,0.292912,1,0,,0,0,0,0,0,0,0,0,103808,104555,0,232,0
1638082,1,0,1.08045,1.43688,0.597233,0.297024,1,0,,0,0,0,0,0,0,0,0,103808,104555,0,232,0
1638182,1,0,0.756316,1.30077,0.667587,0.378542,1,0,,0,0,0,0,0,0,0,0,103808,104555,0,232,0
1638282,1,0,0.529421,1.1465,0.715478,0.299869,1,0,,0,0,0,0,0,0,0,0,103808,104555,0,232,0
1638382,1,0,0.370595,0.991318,0.743062,0.296857,1,0,,0,0,0,0,0,0,0,0,103808,104555,0,232,0
1638482,1,0,0.259416,0.844938,0.75325,0.313634,1,0,,0,0,0,0,0,0,0,0,103808,104555,0,232,0
1638582,1,0,0.181591,0.712268,0.749151,0.326422,1,0,,0,0,0,0,0,0,0,0,103808,104555,0,232,0
1638682,1,0,0.127114,0.595237,0.73376,0.282361,1,0,,0,0,0,0,0,0,0,0,103808,104555,0,232,0
1638782,1,0,0.0889798,0.493986,0.709783,0.328998,1,0,,0,0,0,0,0,0,0,0,103808,104555,0,232,0
1638882,1,0,0.0622858,0.407646,0.679569,0.305109,1,0,,0,0,0,0,0,0,0,0,103808,104555,0,232,0
1638982,1,0,0.0436001,0.334837,0.645096,0.313059,1,0,,0,0,0,0,0,0,0,0,103808,104555,0,232,0
1639082,1,0,0.0305201,0.273973,0.607983,0.29502,1,0,,0,0,0,0,0,0,0,0,103808,104555,0,232,0
1639182,1,0,0.021364,0.223452,0.56953,0.305782,1,0,,0,0,0,0,0,0,0,0,103808,104555,0,232,0
1639282,1,0,0.0149548,0.181752,0.530752,0.320282,1,0,,0,0,0,0,0,0,0,0,103808,104555,0,232,0
1639382,1,0,0.0104684,0.147495,0.492427,0.320579,1,0,,0,0,0,0,0,0,0,0,103808,104555,0,232,0
1639482,1,0,0.00732786,0.119462,0.45513,0.300453,1,0,,0,0,0,0,0,0,0,0,103808,104555,0,232,0
1639582,1,0,0.00512951,0.0965955,0.419277,0.309915,1,0,,0,0,0,0,0,0,0,0,103808,104555,0,232,0
1639682,1,0,0.00359065,0.0779945,0.385149,0.306491,1,0,,0,0,0,0,0,0,0,0,103808,104555,0,232,0
1639782,1,0,0.00251346,0.0628983,0.352924,0.322841,1,0,,0,0,0,0,0,0,0,0,103808,104555,0,232,0
1639882,1,0,0.00175942,0.0506705,0.322698,0.297191,1,0,,0,0,0,0,0,0,0,0,103808,104555,0,232,0
1639982,1,0,0.00123159,0.0407827,0.294507,0.304284,1,0,,0,0,0,0,0,0,0,0,103808,104555,0,232,0
1640082,1,0,0.000862116,0.0327986,0.268336,0.283686,1,0,,0,0,0,0,0,0,0,0,103808,104555,0,232,0
1640182,1,0,0.000603481,0.0263596,0.244138,0.321724,1,0,,0,0,0,0,0,0,0,0,103808,104555,0,232,0
1640282,1,0,0.000422437,0.0211722,0.221842,0.293999,1,0,,0,0,0,0,0,0,0,0,103808,104555,0,232,0
1640382,1,0,0.000295706,0.0169969,0.201357,0.307274,1,0,,0,0,0,0,0,0,0,0,103808,104555,0,232,0
1640482,1,0,0.000206994,0.0136389,0.182585,0.306386,1,0,,0,0,0,0,0,0,0,0,103808,104555,0,232,0
1640582,1,0,0.000144896,0.0109401,0.165421,0.302974,1,0,,0,0,0,0,0,0,0,0,103808,104555,0,232,0
1640682,1,0,0.000101427,0.00877236,0.149756,0.297186,1,0,,0,0,0,0,0,0,0,0,103808,104555,0,232,0
1640782,1,0,7.09989e-005,0.00703209,0.135484,0.334886,1,0,,0,0,0,0,0,0,0,0,103808,104555,0,232,0
1640882,1,0,4.96993e-005,0.00563561,0.122499,0.3252,1,0,,0,0,0,0,0,0,0,0,103808,104555,0,232,0
1640982,1,0,3.47895e-005,0.00451545,0.1107,0.303212,1,0,,0,0,0,0,0,0,0,0,103808,104555,0,232,0
1641082,1,0,2.43526e-005,0.00361723,0.0999921,0.307426,1,0,,0,0,0,0,0,0,0,0,103808,104555,0,232,0
1641182,1,0,1.70468e-005,0.00289719,0.0902826,0.306435,1,0,,0,0,0,0,0,0,0,0,103808,104555,0,232,0
1641282,1,0,1.19328e-005,0.00232014,0.0814864,0.302223,1,0,,0,0,0,0,0,0,0,0,103808,104555,0,232,0
1641382,1,0,8.35295e-006,0.00185778,0.0735235,0.301237,1,0,,0,0,0,0,0,0,0,0,103808,104555,0,232,0
1641482,1,0,5.84707e-006,0.00148739,0.0663199,0.320801,1,0,,0,0,0,0,0,0,0,0,103808,104555,0,232,0
1641582,1,0,4.09295e-006,0.00119073,0.059807,0.29459,1,0,,0,0,0,0,0,0,0,0,103808,104555,0,232,0
1641682,1,14,4.2,0.840953,0.137922,0.320478,1,0,,0,0,0,0,0,0,0,0,103808,104555,0,232,0
1641782,1,0,2.94,1.26076,0.250206,0.293043,1,0,,0,0,0,0,0,0,0,0,103808,104555,0,232,0
1641882,1,0,2.058,1.42021,0.367206,0.314343,1,0,,0,0,0,0,0,0,0,0,103808,104555,0,232,0
1641982,1,0,1.4406,1.42429,0.472915,0.314906,1,0,,0,0,0,0,0,0,0,0,103808,104555,0,232,0
1642082,1,0,1.00842,1.34112,0.559735,0.289019,1,0,,0,0,0,0,0,0,0,0,103808,104555,0,232,0
1642182,1,0,0.705894,1.21407,0.625168,0.29197,1,0,,0,0,0,0,0,0,0,0,103808,104555,0,232,0
1642282,1,0,0.494126,1.07008,0.66966,0.285558,1,0,,0,0,0,0,0,0,0,0,103808,104555,0,232,0
1642382,1,0,0.345888,0.925243,0.695218,0.337032,1,0,,0,0,0,0,0,0,0,0,103808,104555,0,232,0
1642482,1,0,0.242122,0.788619,0.704558,0.283331,1,0,,0,0,0,0,0,0,0,0,103808,104555,0,232,0
1642582,1,0,0.169485,0.664792,0.700581,0.345045,1,0,,0,0,0,0,0,0,0,0,103808,104555,0,232,0
1642682,1,0,0.11864,0.555562,0.686079,0.322433,1,0,,0,0,0,0,0,0,0,0,103808,104555,0,232,0
1642782,1,0,0.0830478,0.461059,0.663577,0.312245,1,0,,0,0,0,0,0,0,0,0,103808,104555,0,232,0
1642882,1,0,0.0581334,0.380474,0.635267,0.326544,1,0,,0,0,0,0,0,0,0,0,103808,104555,0,232,0
1642982,1,0,0.0406934,0.312518,0.602992,0.267696,1,0,,0,0,0,0,0,0,0,0,103808,104555,0,232,0
1643082,1,0,0.0284854,0.255711,0.568264,0.29022,1,0,,0,0,0,0,0,0,0,0,103808,104555,0,232,0
1643182,1,0,0.0199398,0.208557,0.532293,0.336919,1,0,,0,0,0,0,0,0,0,0,103808,104555,0,232,0
1643282,1,0,0.0139578,0.169637,0.496028,0.304355,1,0,,0,0,0,0,0,0,0,0,103808,104555,0,232,0
1643382,1,0,0.00977049,0.137664,0.460191,0.303503,1,0,,0,0,0,0,0,0,0,0,103808,104555,0,232,0
1643482,1,0,0.00683934,0.111499,0.425322,0.353665,1,0,,0,0,0,0,0,0,0,0,103808,104555,0,232,0
1643582,1,0,0.00478754,0.0901567,0.391806,0.346701,1,0,,0,0,0,0,0,0,0,0,103808,104555,0,232,0
1643682,1,0,0.00335128,0.0727956,0.359904,0.337214,1,0,,0,0,0,0,0,0,0,0,103808,104555,0,232,0
1643782,1,0,0.00234589,0.0587057,0.329785,0.325213,1,0,,0,0,0,0,0,0,0,0,103808,104555,0,232,0
1643882,1,0,0.00164213,0.0472929,0.301535,0.305465,1,0,,0,0,0,0,0,0,0,0,103808,104555,0,232,0
1643982,1,0,0.00114949,0.0380643,0.275188,0.282126,1,0,,0,0,0,0,0,0,0,0,103808,104555,0,232,0
1644082,1,0,0.000804642,0.0306123,0.250731,0.324002,1,0,,0,0,0,0,0,0,0,0,103808,104555,0,232,0
1644182,1,0,0.000563249,0.0246025,0.228118,0.291152,1,0,,0,0,0,0,0,0,0,0,103808,104555,0,232,0
1644282,1,0,0.000394274,0.0197609,0.207282,0.301951,1,0,,0,0,0,0,0,0,0,0,103808,104555,0,232,0
1644382,1,0,0.000275992,0.0158639,0.18814,0.307488,1,0,,0,0,0,0,0,0,0,0,103808,104555,0,232,0
1644482,1,0,0.000193194,0.0127298,0.170599,0.288387,1,0,,0,0,0,0,0,0,0,0,103808,104555,0,232,0
1644582,1,0,0.000135236,0.0102109,0.15456,0.307775,1,0,,0,0,0,0,0,0,0,0,103808,104555,0,232,0
1644682,1,0,9.46653e-005,0.00818761,0.139923,0.328886,1,0,,0,0,0,0,0,0,0,0,103808,104555,0,232,0
1644782,1,0,6.62657e-005,0.00656334,0.126587,0.314839,1,0,,0,0,0,0,0,0,0,0,103808,104555,0,232,0
1644882,1,0,4.6386e-005,0.00525995,0.114454,0.328152,1,0,,0,0,0,0,0,0,0,0,103808,104555,0,232,0
1644982,1,0,3.24702e-005,0.00421446,0.10343,0.331263,1,0,,0,0,0,0,0,0,0,0,103808,104555,0,232,0
1645082,1,0,2.27291e-005,0.00337611,0.093425,0.292537,1,0,,0,0,0,0,0,0,0,0,103808,104555,0,232,0
1645182,1,0,1.59104e-005,0.00270407,0.0843529,0.335837,1,0,,0,0,0,0,0,0,0,0,103808,104555,0,232,0
1645282,1,0,1.11373e-005,0.00216548,0.0761342,0.3162,1,0,,0,0,0,0,0,0,0,0,103808,104555,0,232,0
1645382,1,0,7.79609e-006,0.00173395,0.0686941,0.334201,1,0,,0,0,0,0,0,0,0,0,103808,104555,0,232,0
1645482,1,0,5.45726e-006,0.00138825,0.0619635,0.298863,1,0,,0,0,0,0,0,0,0,0,103808,104555,0,232,0
1645582,1,14,4.2,0.841111,0.139878,0.285685,1,0,,0,0,0,0,0,0,0,0,103808,104555,0,232,0
1645682,1,0,2.94,1.26089,0.251979,0.301623,1,0,,0,0,0,0,0,0,0,0,103808,104555,0,232,0
1645782,1,0,2.058,1.42031,0.368813,0.290324,1,0,,0,0,0,0,0,0,0,0,103808,104555,0,232,0
1645882,1,0,1.4406,1.42437,0.474368,0.296199,1,0,,0,0,0,0,0,0,0,0,103808,104555,0,232,0
1645982,1,0,1.00842,1.34118,0.56105,0.278499,1,0,,0,0,0,0,0,0,0,0,103808,104555,0,232,0
1646082,1,0,0.705895,1.21412,0.626357,0.309487,1,0,,0,0,0,0,0,0,0,0,103808,104555,0,232,0
1646182,1,0,0.494126,1.07012,0.670734,0.267339,1,0,,0,0,0,0,0,0,0,0,103808,104555,0,232,0
1646282,1,0,0.345888,0.925277,0.696188,0.289101,1,0,,0,0,0,0,0,0,0,0,103808,104555,0,232,0
1646382,1,0,0.242122,0.788646,0.705434,0.296614,1,0,,0,0,0,0,0,0,0,0,103808,104555,0,232,0
1646482,1,0,0.169485,0.664814,0.701372,0.302965,1,0,,0,0,0,0,0,0,0,0,103808,104555,0,232,0
1646582,1,0,0.11864,0.555579,0.686792,0.319798,1,0,,0,0,0,0,0,0,0,0,103808,104555,0,232,0
1646682,1,0,0.0830478,0.461073,0.66422,0.310835,1,0,,0,0,0,0,0,0,0,0,103808,104555,0,232,0
1646782,1,0,0.0581335,0.380485,0.635847,0.300972,1,0,,0,0,0,0,0,0,0,0,103808,104555,0,232,0
1646882,1,0,0.0406934,0.312527,0.603515,0.27696,1,0,,0,0,0,0,0,0,0,0,103808,104555,0,232,0
1646982,1,0,0.0284854,0.255718,0.568735,0.342199,1,0,,0,0,0,0,0,0,0,0,103808,104555,0,232,0
1647082,1,0,0.0199398,0.208563,0.532718,0.308536,1,0,,0,0,0,0,0,0,0,0,103808,104555,0,232,0
1647182,1,0,0.0139578,0.169642,0.49641,0.295422,1,0,,0,0,0,0,0,0,0,0,103808,104555,0,232,0
1647282,1,0,0.00977049,0.137667,0.460536,0.338883,1,0,,0,0,0,0,0,0,0,0,103808,104555,0,232,0
1647382,1,0,0.00683934,0.111502,0.425633,0.319283,1,0,,0,0,0,0,0,0,0,0,103808,104555,0,232,0
1647482,1,0,0.00478754,0.090159,0.392085,0.284608,1,0,,0,0,0,0,0,0,0,0,103808,104555,0,232,0
1647582,1,0,0.00335128,0.0727974,0.360156,0.301695,1,0,,0,0,0,0,0,0,0,0,103808,104555,0,232,0
1647682,1,0,0.00234589,0.0587071,0.330011,0.307059,1,0,,0,0,0,0,0,0,0,0,103808,104555,0,232,0
1647782,1,0,0.00164213,0.0472941,0.30174,0.288384,1,0,,0,0,0,0,0,0,0,0,103808,104555,0,232,0
1647882,1,0,0.00114949,0.0380652,0.275372,0.329159,1,0,,0,0,0,0,0,0,0,0,103808,104555,0,232,0
1647982,1,0,0.000804642,0.0306131,0.250896,0.293471,1,0,,0,0,0,0,0,0,0,0,103808,104555,0,232,0
1648082,1,0,0.000563249,0.0246031,0.228267,0.29717,1,0,,0,0,0,0,0,0,0,0,103808,104555,0,232,0
1648182,1,0,0.000394274,0.0197614,0.207416,0.312435,1,0,,0,0,0,0,0,0,0,0,103808,104555,0,232,0
1648282,1,0,0.000275992,0.0158643,0.188261,0.307072,1,0,,0,0,0,0,0,0,0,0,103808,104555,0,232,0
1648382,1,0,0.000193194,0.0127301,0.170708,0.276258,1,0,,0,0,0,0,0,0,0,0,103808,104555,0,232,0
1648482,1,0,0.000135236,0.0102111,0.154658,0.280883,1,0,,0,0,0,0,0,0,0,0,103808,104555,0,232,0
1648582,1,0,9.46653e-005,0.00818781,0.140011,0.305134,1,0,,0,0,0,0,0,0,0,0,103808,104555,0,232,0
1648682,1,0,6.62657e-005,0.0065635,0.126667,0.304683,1,0,,0,0,0,0,0,0,0,0,103808,104555,0,232,0
1648782,1,0,4.6386e-005,0.00526008,0.114526,0.296281,1,0,,0,0,0,0,0,0,0,0,103808,104555,0,232,0
1648882,1,0,3.24702e-005,0.00421456,0.103495,0.309829,1,0,,0,0,0,0,0,0,0,0,103808,104555,0,232,0
1648982,1,0,2.27291e-005,0.00337619,0.0934829,0.283977,1,0,,0,0,0,0,0,0,0,0,103808,104555,0,232,0
1649082,1,0,1.59104e-005,0.00270414,0.084405,0.281602,1,0,,0,0,0,0,0,0,0,0,103808,104555,0,232,0
1649182,1,0,1.11373e-005,0.00216554,0.0761811,0.295252,1,0,,0,0,0,0,0,0,0,0,103808,104555,0,232,0
1649282,1,0,7.79609e-006,0.00173399,0.0687364,0.290539,1,0,,0,0,0,0,0,0,0,0,103808,104555,0,232,0
1649382,1,0,5.45726e-006,0.00138828,0.0620015,0.327367,1,0,,0,0,0,0,0,0,0,0,103808,104555,0,232,0
1649482,1,0,3.82009e-006,0.00111139,0.0559125,0.286707,1,0,,0,0,0,0,0,0,0,0,103808,104555,0,232,0
1649582,1,15,4.5,0.90089,0.14041,0.273791,1,0,,0,0,0,0,0,0,0,0,103808,104555,0,232,0
1649682,1,0,3.15,1.35071,0.26144,0.314828,1,0,,0,0,0,0,0,0,0,0,103808,104555,0,232,0
1649782,1,0,2.205,1.52157,0.387453,0.31743,1,0,,0,0,0,0,0,0,0,0,103808,104555,0,232,0
1649882,1,0,1.5435,1.52596,0.501304,0.28478,1,0,,0,0,0,0,0,0,0,0,103808,104555,0,232,0
1649982,1,0,1.08045,1.43686,0.594859,0.299617,1,0,,0,0,0,0,0,0,0,0,103808,104555,0,232,0
1650082,1,0,0.756316,1.30075,0.665448,0.336604,1,0,,0,0,0,0,0,0,0,0,103808,104555,0,232,0
1650182,1,0,0.529421,1.14648,0.713551,0.325607,1,0,,0,0,0,0,0,0,0,0,103808,104555,0,232,0
1650282,1,0,0.370595,0.991305,0.741327,0.32358,1,0,,0,0,0,0,0,0,0,0,103808,104555,0,232,0
1650382,1,0,0.259416,0.844927,0.751687,0.334843,1,0,,0,0,0,0,0,0,0,0,103808,104555,0,232,0
1650482,1,0,0.181591,0.71226,0.747744,0.302205,1,0,,0,0,0,0,0,0,0,0,103808,104555,0,232,0
1650582,1,0,0.127114,0.595231,0.732493,0.329967,1,0,,0,0,0,0,0,0,0,0,103808,104555,0,232,0
1650682,1,0,0.0889798,0.493981,0.708641,0.297794,1,0,,0,0,0,0,0,0,0,0,103808,104555,0,232,0
1650782,1,0,0.0622858,0.407642,0.678541,0.325216,1,0,,0,0,0,0,0,0,0,0,103808,104555,0,232,0
1650882,1,0,0.0436001,0.334833,0.64417,0.291128,1,0,,0,0,0,0,0,0,0,0,103808,104555,0,232,0
1650982,1,0,0.0305201,0.273971,0.60715,0.361753,1,0,,0,0,0,0,0,0,0,0,103808,104555,0,232,0
1651082,1,0,0.021364,0.223449,0.56878,0.30089,1,0,,0,0,0,0,0,0,0,0,103808,104555,0,232,0
1651182,1,0,0.0149548,0.18175,0.530077,0.31364,1,0,,0,0,0,0,0,0,0,0,103808,104555,0,232,0
1651282,1,0,0.0104684,0.147494,0.491819,0.335326,1,0,,0,0,0,0,0,0,0,0,103808,104555,0,232,0
1651382,1,0,0.00732786,0.119461,0.454583,0.3273,1,0,,0,0,0,0,0,0,0,0,103808,104555,0,232,0
1651482,1,0,0.00512951,0.0965945,0.418784,0.343451,1,0,,0,0,0,0,0,0,0,0,103808,104555,0,232,0
1651582,1,0,0.00359065,0.0779938,0.384705,0.296138,1,0,,0,0,0,0,0,0,0,0,103808,104555,0,232,0
1651682,1,0,0.00251346,0.0628977,0.352524,0.308313,1,0,,0,0,0,0,0,0,0,0,103808,104555,0,232,0
1651782,1,0,0.00175942,0.05067,0.322339,0.336451,1,0,,0,0,0,0,0,0,0,0,103808,104555,0,232,0
1651882,1,0,0.00123159,0.0407824,0.294183,0.295664,1,0,,0,0,0,0,0,0,0,0,103808,104555,0,232,0
1651982,1,0,0.000862116,0.0327983,0.268045,0.281753,1,0,,0,0,0,0,0,0,0,0,103808,104555,0,232,0
1652082,1,0,0.000603481,0.0263593,0.243876,0.310879,1,0,,0,0,0,0,0,0,0,0,103808,104555,0,232,0
1652182,1,0,0.000422437,0.021172,0.221606,0.306767,1,0,,0,0,0,0,0,0,0,0,103808,104555,0,232,0
1652282,1,0,0.000295706,0.0169967,0.201145,0.325431,1,0,,0,0,0,0,0,0,0,0,103808,104555,0,232,0
1652382,1,0,0.000206994,0.0136388,0.182394,0.292831,1,0,,0,0,0,0,0,0,0,0,103808,104555,0,232,0
1652482,1,0,0.000144896,0.01094,0.165249,0.297956,1,0,,0,0,0,0,0,0,0,0,103808,104555,0,232,0
1652582,1,0,0.000101427,0.00877228,0.149601,0.305125,1,0,,0,0,0,0,0,0,0,0,103808,104555,0,232,0
1652682,1,0,7.09989e-005,0.00703202,0.135344,0.363014,1,0,,0,0,0,0,0,0,0,0,103808,104555,0,232,0
1652782,1,0,4.96993e-005,0.00563556,0.122373,0.311941,1,0,,0,0,0,0,0,0,0,0,103808,104555,0,232,0
1652882,1,0,3.47895e-005,0.00451541,0.110588,0.308278,1,0,,0,0,0,0,0,0,0,0,103808,104555,0,232,0
1652982,1,0,2.43526e-005,0.0036172,0.0998906,0.327289,1,0,,0,0,0,0,0,0,0,0,103808,104555,0,232,0
1653082,1,0,1.70468e-005,0.00289717,0.0901912,0.33014,1,0,,0,0,0,0,0,0,0,0,103808,104555,0,232,0
1653182,1,0,1.19328e-005,0.00232012,0.0814041,0.27079,1,0,,0,0,0,0,0,0,0,0,103808,104555,0,232,0
1653282,1,0,8.35295e-006,0.00185777,0.0734495,0.313264,1,0,,0,0,0,0,0,0,0,0,103808,104555,0,232,0
1653382,1,0,5.84707e-006,0.00148738,0.0662533,0.324601,1,0,,0,0,0,0,0,0,0,0,103808,104555,0,232,0
1653482,1,14,4.2,0.841191,0.143747,0.319549,1,0,,0,0,0,0,0,0,0,0,103808,104555,0,232,0
1653582,1,0,2.94,1.26095,0.255468,0.293536,1,0,,0,0,0,0,0,0,0,0,103808,104555,0,232,0
1653682,1,0,2.058,1.42036,0.371957,0.317634,1,0,,0,0,0,0,0,0,0,0,103808,104555,0,232,0
1653782,1,0,1.4406,1.42441,0.477203,0.306473,1,0,,0,0,0,0,0,0,0,0,103808,104555,0,232,0
1653882,1,0,1.00842,1.34121,0.563604,0.298261,1,0,,0,0,0,0,0,0,0,0,103808,104555,0,232,0
1653982,1,0,0.705895,1.21415,0.628658,0.325176,1,0,,0,0,0,0,0,0,0,0,103808,104555,0,232,0
1654082,1,0,0.494126,1.07014,0.672807,0.331626,1,0,,0,0,0,0,0,0,0,0,103808,104555,0,232,0
1654182,1,0,0.345888,0.925293,0.698055,0.295851,1,0,,0,0,0,0,0,0,0,0,103808,104555,0,232,0
1654282,1,0,0.242122,0.788659,0.707116,0.290524,1,0,,0,0,0,0,0,0,0,0,103808,104555,0,232,0
1654382,1,0,0.169485,0.664824,0.702887,0.302605,1,0,,0,0,0,0,0,0,0,0,103808,104555,0,232,0
1654482,1,0,0.11864,0.555587,0.688157,0.354504,1,0,,0,0,0,0,0,0,0,0,103808,104555,0,232,0
1654582,1,0,0.0830478,0.46108,0.665449,0.330779,1,0,,0,0,0,0,0,0,0,0,103808,104555,0,232,0
1654682,1,0,0.0581335,0.38049,0.636953,0.297466,1,0,,0,0,0,0,0,0,0,0,103808,104555,0,232,0
1654782,1,0,0.0406934,0.312531,0.604511,0.311678,1,0,,0,0,0,0,0,0,0,0,103808,104555,0,232,0
1654882,1,0,0.0284854,0.255722,0.569632,0.343503,1,0,,0,0,0,0,0,0,0,0,103808,104555,0,232,0
1654982,1,0,0.0199398,0.208565,0.533525,0.328428,1,0,,0,0,0,0,0,0,0,0,103808,104555,0,232,0
1655082,1,0,0.0139578,0.169644,0.497137,0.333505,1,0,,0,0,0,0,0,0,0,0,103808,104555,0,232,0
1655182,1,0,0.00977049,0.137669,0.46119,0.288153,1,0,,0,0,0,0,0,0,0,0,103808,104555,0,232,0
1655282,1,0,0.00683934,0.111503,0.426222,0.304165,1,0,,0,0,0,0,0,0,0,0,103808,104555,0,232,0
1655382,1,0,0.00478754,0.0901601,0.392615,0.313614,1,0,,0,0,0,0,0,0,0,0,103808,104555,0,232,0
1655482,1,0,0.00335128,0.0727983,0.360634,0.294789,1,0,,0,0,0,0,0,0,0,0,103808,104555,0,232,0
1655582,1,0,0.00234589,0.0587079,0.330441,0.310027,1,0,,0,0,0,0,0,0,0,0,103808,104555,0,232,0
1655682,1,0,0.00164213,0.0472947,0.302126,0.285413,1,0,,0,0,0,0,0,0,0,0,103808,104555,0,232,0
1655782,1,0,0.00114949,0.0380657,0.27572,0.329926,1,0,,0,0,0,0,0,0,0,0,103808,104555,0,232,0
1655882,1,0,0.000804642,0.0306135,0.25121,0.30045,1,0,,0,0,0,0,0,0,0,0,103808,104555,0,232,0
1655982,1,0,0.000563249,0.0246034,0.228549,0.300651,1,0,,0,0,0,0,0,0,0,0,103808,104555,0,232,0
1656082,1,0,0.000394275,0.0197616,0.20767,0.314274,1,0,,0,0,0,0,0,0,0,0,103808,104555,0,232,0
1656182,1,0,0.000275992,0.0158645,0.18849,0.322692,1,0,,0,0,0,0,0,0,0,0,103808,104555,0,232,0
1656282,1,0,0.000193195,0.0127302,0.170914,0.282966,1,0,,0,0,0,0,0,0,0,0,103808,104555,0,232,0
1656382,1,0,0.000135236,0.0102112,0.154844,0.302378,1,0,,0,0,0,0,0,0,0,0,103808,104555,0,232,0
1656482,1,0,9.46653e-005,0.00818791,0.140178,0.314502,1,0,,0,0,0,0,0,0,0,0,103808,104555,0,232,0
1656582,1,0,6.62657e-005,0.00656358,0.126816,0.294351,1,0,,0,0,0,0,0,0,0,0,103808,104555,0,232,0
1656682,1,0,4.6386e-005,0.00526014,0.114661,0.314438,1,0,,0,0,0,0,0,0,0,0,103808,104555,0,232,0
1656782,1,0,3.24702e-005,0.00421461,0.103616,0.283289,1,0,,0,0,0,0,0,0,0,0,103808,104555,0,232,0
1656882,1,0,2.27291e-005,0.00337623,0.0935922,0.303462,1,0,,0,0,0,0,0,0,0,0,103808,104555,0,232,0
1656982,1,0,1.59104e-005,0.00270417,0.0845034,0.289137,1,0,,0,0,0,0,0,0,0,0,103808,104555,0,232,0
1657082,1,0,1.11373e-005,0.00216556,0.0762696,0.328023,1,0,,0,0,0,0,0,0,0,0,103808,104555,0,232,0
1657182,1,0,7.79609e-006,0.00173401,0.0688161,0.285375,1,0,,0,0,0,0,0,0,0,0,103808,104555,0,232,0
1657282,1,0,5.45727e-006,0.0013883,0.0620733,0.322174,1,0,,0,0,0,0,0,0,0,0,103808,104555,0,232,0
1657382,1,0,3.82009e-006,0.0011114,0.0559771,0.312688,1,0,,0,0,0,0,0,0,0,0,103808,104555,0,232,0
1657482,1,14,4.2,0.84089,0.134468,0.309726,1,0,,0,0,0,0,0,0,0,0,103808,104555,0,232,0
1657582,1,0,2.94,1.26071,0.247093,0.2962,1,0,,0,0,0,0,0,0,0,0,103808,104555,0,232,0
1657682,1,0,2.058,1.42017,0.364401,0.286125,1,0,,0,0,0,0,0,0,0,0,103808,104555,0,232,0
1657782,1,0,1.4406,1.42426,0.470386,0.291473,1,0,,0,0,0,0,0,0,0,0,103808,104555,0,232,0
1657882,1,0,1.00842,1.34109,0.557456,0.291573,1,0,,0,0,0,0,0,0,0,0,103808,104555,0,232,0
1657982,1,0,0.705894,1.21405,0.623116,0.317662,1,0,,0,0,0,0,0,0,0,0,103808,104555,0,232,0
1658082,1,0,0.494126,1.07007,0.667811,0.319223,1,0,,0,0,0,0,0,0,0,0,103808,104555,0,232,0
1658182,1,0,0.345888,0.92523,0.693553,0.287686,1,0,,0,0,0,0,0,0,0,0,103808,104555,0,232,0
1658282,1,0,0.242122,0.788608,0.703058,0.297463,1,0,,0,0,0,0,0,0,0,0,103808,104555,0,232,0
1658382,1,0,0.169485,0.664784,0.699231,0.34575,1,0,,0,0,0,0,0,0,0,0,103808,104555,0,232,0
1658482,1,0,0.11864,0.555555,0.684863,0.301788,1,0,,0,0,0,0,0,0,0,0,103808,104555,0,232,0
1658582,1,0,0.0830478,0.461054,0.662482,0.301851,1,0,,0,0,0,0,0,0,0,0,103808,104555,0,232,0
1658682,1,0,0.0581334,0.38047,0.634281,0.306676,1,0,,0,0,0,0,0,0,0,0,103808,104555,0,232,0
1658782,1,0,0.0406934,0.312514,0.602104,0.308726,1,0,,0,0,0,0,0,0,0,0,103808,104555,0,232,0
1658882,1,0,0.0284854,0.255709,0.567465,0.290937,1,0,,0,0,0,0,0,0,0,0,103808,104555,0,232,0
1658982,1,0,0.0199398,0.208555,0.531574,0.294189,1,0,,0,0,0,0,0,0,0,0,103808,104555,0,232,0
1659082,1,0,0.0139578,0.169635,0.49538,0.200877,1,0,,0,0,0,0,0,0,0,0,103808,104555,0,232,0
1659182,1,0,0.00977049,0.137662,0.459608,0.294165,1,0,,0,0,0,0,0,0,0,0,103808,104555,0,232,0
1659282,1,0,0.00683934,0.111498,0.424797,0.295616,1,0,,0,0,0,0,0,0,0,0,103808,104555,0,232,0
1659382,1,0,0.00478754,0.0901558,0.391333,0.347142,1,0,,0,0,0,0,0,0,0,0,103808,104555,0,232,0
1659482,1,0,0.00335128,0.0727949,0.359479,0.305251,1,0,,0,0,0,0,0,0,0,0,103808,104555,0,232,0
1659582,1,0,0.00234589,0.0587051,0.329402,0.320714,1,0,,0,0,0,0,0,0,0,0,103808,104555,0,232,0
1659682,1,0,0.00164213,0.0472925,0.301191,0.33305,1,0,,0,0,0,0,0,0,0,0,103808,104555,0,232,0
1659782,1,0,0.00114949,0.0380639,0.274878,0.312709,1,0,,0,0,0,0,0,0,0,0,103808,104555,0,232,0
1659882,1,0,0.000804642,0.030612,0.250451,0.331296,1,0,,0,0,0,0,0,0,0,0,103808,104555,0,232,0
1659982,1,0,0.000563249,0.0246023,0.227866,0.297085,1,0,,0,0,0,0,0,0,0,0,103808,104555,0,232,0
1660082,1,0,0.000394274,0.0197607,0.207056,0.312036,1,0,,0,0,0,0,0,0,0,0,103808,104555,0,232,0
1660182,1,0,0.000275992,0.0158637,0.187937,0.329472,1,0,,0,0,0,0,0,0,0,0,103808,104555,0,232,0
1660282,1,0,0.000193194,0.0127296,0.170416,0.323059,1,0,,0,0,0,0,0,0,0,0,103808,104555,0,232,0
1660382,1,0,0.000135236,0.0102108,0.154395,0.287921,1,0,,0,0,0,0,0,0,0,0,103808,104555,0,232,0
1660482,1,0,9.46653e-005,0.00818753,0.139775,0.292659,1,0,,0,0,0,0,0,0,0,0,103808,104555,0,232,0
1660582,1,0,6.62657e-005,0.00656328,0.126454,0.280047,1,0,,0,0,0,0,0,0,0,0,103808,104555,0,232,0
1660682,1,0,4.6386e-005,0.0052599,0.114334,0.313523,1,0,,0,0,0,0,0,0,0,0,103808,104555,0,232,0
1660782,1,0,3.24702e-005,0.00421442,0.103322,0.295446,1,0,,0,0,0,0,0,0,0,0,103808,104555,0,232,0
1660882,1,0,2.27291e-005,0.00337608,0.0933276,0.305759,1,0,,0,0,0,0,0,0,0,0,103808,104555,0,232,0
1660982,1,0,1.59104e-005,0.00270405,0.0842652,0.279186,1,0,,0,0,0,0,0,0,0,0,103808,104555,0,232,0
1661082,1,0,1.11373e-005,0.00216546,0.0760552,0.286572,1,0,,0,0,0,0,0,0,0,0,103808,104555,0,232,0
1661182,1,0,7.79609e-006,0.00173393,0.0686231,0.315385,1,0,,0,0,0,0,0,0,0,0,103808,104555,0,232,0
1661282,1,0,5.45726e-006,0.00138824,0.0618996,0.304998,1,0,,0,0,0,0,0,0,0,0,103808,104555,0,232,0
1661382,1,0,3.82008e-006,0.00111135,0.0558208,0.300047,1,0,,0,0,0,0,0,0,0,0,103808,104555,0,232,0
1661482,1,14,4.2,0.84089,0.134328,0.298229,1,0,,0,0,0,0,0,0,0,0,103808,104555,0,232,0
1661582,1,0,2.94,1.26071,0.246966,0.311655,1,0,,0,0,0,0,0,0,0,0,103808,104555,0,232,0
1661682,1,0,2.058,1.42017,0.364287,0.32737,1,0,,0,0,0,0,0,0,0,0,103808,104555,0,232,0
1661782,1,0,1.4406,1.42426,0.470284,0.349183,1,0,,0,0,0,0,0,0,0,0,103808,104555,0,232,0
1661882,1,0,1.00842,1.34109,0.557364,0.29787,1,0,,0,0,0,0,0,0,0,0,103808,104555,0,232,0
1661982,1,0,0.705894,1.21405,0.623033,0.284594,1,0,,0,0,0,0,0,0,0,0,103808,104555,0,232,0
1662082,1,0,0.494126,1.07007,0.667736,0.308856,1,0,,0,0,0,0,0,0,0,0,103808,104555,0,232,0
1662182,1,0,0.345888,0.92523,0.693485,0.293094,1,0,,0,0,0,0,0,0,0,0,103808,104555,0,232,0
1662282,1,0,0.242122,0.788608,0.702998,0.314106,1,0,,0,0,0,0,0,0,0,0,103808,104555,0,232,0
1662382,1,0,0.169485,0.664784,0.699176,0.325392,1,0,,0,0,0,0,0,0,0,0,103808,104555,0,232,0
1662482,1,0,0.11864,0.555555,0.684814,0.296117,1,0,,0,0,0,0,0,0,0,0,103808,104555,0,232,0
1662582,1,0,0.0830478,0.461054,0.662438,0.309218,1,0,,0,0,0,0,0,0,0,0,103808,104555,0,232,0
1662682,1,0,0.0581334,0.38047,0.634241,0.294391,1,0,,0,0,0,0,0,0,0,0,103808,104555,0,232,0
1662782,1,0,0.0406934,0.312514,0.602068,0.287528,1,0,,0,0,0,0,0,0,0,0,103808,104555,0,232,0
1662882,1,0,0.0284854,0.255709,0.567432,0.299328,1,0,,0,0,0,0,0,0,0,0,103808,104555,0,232,0
1662982,1,0,0.0199398,0.208555,0.531545,0.319828,1,0,,0,0,0,0,0,0,0,0,103808,104555,0,232,0
1663082,1,0,0.0139578,0.169635,0.495354,0.311716,1,0,,0,0,0,0,0,0,0,0,103808,104555,0,232,0
1663182,1,0,0.00977049,0.137662,0.459585,0.311241,1,0,,0,0,0,0,0,0,0,0,103808,104555,0,232,0
1663282,1,0,0.00683934,0.111498,0.424776,0.273381,1,0,,0,0,0,0,0,0,0,0,103808,104555,0,232,0
1663382,1,0,0.00478754,0.0901558,0.391314,0.284388,1,0,,0,0,0,0,0,0,0,0,103808,104555,0,232,0
1663482,1,0,0.00335128,0.0727949,0.359462,0.290864,1,0,,0,0,0,0,0,0,0,0,103808,104555,0,232,0
1663582,1,0,0.00234589,0.0587051,0.329386,0.305913,1,0,,0,0,0,0,0,0,0,0,103808,104555,0,232,0
1663682,1,0,0.00164213,0.0472925,0.301177,0.280488,1,0,,0,0,0,0,0,0,0,0,103808,104555,0,232,0
1663782,1,0,0.00114949,0.0380639,0.274866,0.281885,1,0,,0,0,0,0,0,0,0,0,103808,104555,0,232,0
1663882,1,0,0.000804642,0.030612,0.25044,0.323597,1,0,,0,0,0,0,0,0,0,0,103808,104555,0,232,0
1663982,1,0,0.000563249,0.0246023,0.227856,0.328548,1,0,,0,0,0,0,0,0,0,0,103808,104555,0,232,0
1664082,1,0,0.000394274,0.0197607,0.207047,0.291922,1,0,,0,0,0,0,0,0,0,0,103808,104555,0,232,0
1664182,1,0,0.000275992,0.0158637,0.187929,0.330322,1,0,,0,0,0,0,0,0,0,0,103808,104555,0,232,0
1664282,1,0,0.000193194,0.0127296,0.170409,0.337458,1,0,,0,0,0,0,0,0,0,0,103808,104555,0,232,0
1664382,1,0,0.000135236,0.0102108,0.154389,0.306458,1,0,,0,0,0,0,0,0,0,0,103808,104555,0,232,0
1664482,1,0,9.46653e-005,0.00818753,0.139769,0.306321,1,0,,0,0,0,0,0,0,0,0,103808,104555,0,232,0
1664582,1,0,6.62657e-005,0.00656328,0.126448,0.355623,1,0,,0,0,0,0,0,0,0,0,103808,104555,0,232,0
1664682,1,0,4.6386e-005,0.0052599,0.114329,0.336712,1,0,,0,0,0,0,0,0,0,0,103808,104555,0,232,0
1664782,1,0,3.24702e-005,0.00421442,0.103318,0.310313,1,0,,0,0,0,0,0,0,0,0,103808,104555,0,232,0
1664882,1,0,2.27291e-005,0.00337608,0.0933237,0.306752,1,0,,0,0,0,0,0,0,0,0,103808,104555,0,232,0
1664982,1,0,1.59104e-005,0.00270405,0.0842617,0.307928,1,0,,0,0,0,0,0,0,0,0,103808,104555,0,232,0
1665082,1,0,1.11373e-005,0.00216546,0.0760521,0.309642,1,0,,0,0,0,0,0,0,0,0,103808,104555,0,232,0
1665182,1,0,7.79609e-006,0.00173393,0.0686203,0.326488,1,0,,0,0,0,0,0,0,0,0,103808,104555,0,232,0
1665282,1,0,5.45726e-006,0.00138824,0.0618971,0.308039,1,0,,0,0,0,0,0,0,0,0,103808,104555,0,232,0
1665382,1,15,4.5,0.901111,0.145819,0.328861,1,0,,0,0,0,0,0,0,0,0,103808,104555,0,232,0
1665482,1,0,3.15,1.35089,0.266326,0.316136,1,0,,0,0,0,0,0,0,0,0,103808,104555,0,232,0
1665582,1,0,2.205,1.52171,0.391864,0.290661,1,0,,0,0,0,0,0,0,0,0,103808,104555,0,232,0
1665682,1,0,1.5435,1.52607,0.505285,0.302988,1,0,,0,0,0,0,0,0,0,0,103808,104555,0,232,0
1665782,1,0,1.08045,1.43695,0.598451,0.278813,1,0,,0,0,0,0,0,0,0,0,103808,104555,0,232,0
1665882,1,0,0.756316,1.30082,0.668688,0.309386,1,0,,0,0,0,0,0,0,0,0,103808,104555,0,232,0
1665982,1,0,0.529421,1.14654,0.716473,0.285237,1,0,,0,0,0,0,0,0,0,0,103808,104555,0,232,0
1666082,1,0,0.370595,0.991351,0.743961,0.290286,1,0,,0,0,0,0,0,0,0,0,103808,104555,0,232,0
1666182,1,0,0.259416,0.844964,0.754061,0.297712,1,0,,0,0,0,0,0,0,0,0,103808,104555,0,232,0
1666282,1,0,0.181591,0.71229,0.749884,0.303088,1,0,,0,0,0,0,0,0,0,0,103808,104555,0,232,0
1666382,1,0,0.127114,0.595255,0.734421,0.316249,1,0,,0,0,0,0,0,0,0,0,103808,104555,0,232,0
1666482,1,0,0.0889798,0.494,0.710379,0.30715,1,0,,0,0,0,0,0,0,0,0,103808,104555,0,232,0
1666582,1,0,0.0622858,0.407657,0.680107,0.295238,1,0,,0,0,0,0,0,0,0,0,103808,104555,0,232,0
1666682,1,0,0.0436001,0.334845,0.645581,0.295539,1,0,,0,0,0,0,0,0,0,0,103808,104555,0,232,0
1666782,1,0,0.0305201,0.27398,0.608421,0.284288,1,0,,0,0,0,0,0,0,0,0,103808,104555,0,232,0
1666882,1,0,0.021364,0.223457,0.569924,0.285287,1,0,,0,0,0,0,0,0,0,0,103808,104555,0,232,0
1666982,1,0,0.0149548,0.181757,0.531107,0.310098,1,0,,0,0,0,0,0,0,0,0,103808,104555,0,232,0
1667082,1,0,0.0104684,0.147499,0.492747,0.352072,1,0,,0,0,0,0,0,0,0,0,103808,104555,0,232,0
1667182,1,0,0.00732786,0.119465,0.455418,0.301861,1,0,,0,0,0,0,0,0,0,0,103808,104555,0,232,0
1667282,1,0,0.00512951,0.0965977,0.419536,0.291559,1,0,,0,0,0,0,0,0,0,0,103808,104555,0,232,0
1667382,1,0,0.00359065,0.0779963,0.385382,0.292322,1,0,,0,0,0,0,0,0,0,0,103808,104555,0,232,0
1667482,1,0,0.00251346,0.0628998,0.353134,0.330585,1,0,,0,0,0,0,0,0,0,0,103808,104555,0,232,0
1667582,1,0,0.00175942,0.0506717,0.322888,0.29681,1,0,,0,0,0,0,0,0,0,0,103808,104555,0,232,0
1667682,1,0,0.00123159,0.0407837,0.294677,0.312498,1,0,,0,0,0,0,0,0,0,0,103808,104555,0,232,0
1667782,1,0,0.000862116,0.0327994,0.26849,0.332498,1,0,,0,0,0,0,0,0,0,0,103808,104555,0,232,0
1667882,1,0,0.000603481,0.0263602,0.244277,0.320485,1,0,,0,0,0,0,0,0,0,0,103808,104555,0,232,0
1667982,1,0,0.000422437,0.0211726,0.221966,0.307285,1,0,,0,0,0,0,0,0,0,0,103808,104555,0,232,0
1668082,1,0,0.000295706,0.0169972,0.201469,0.300447,1,0,,0,0,0,0,0,0,0,0,103808,104555,0,232,0
1668182,1,0,0.000206994,0.0136392,0.182686,0.31077,1,0,,0,0,0,0,0,0,0,0,103808,104555,0,232,0
1668282,1,0,0.000144896,0.0109403,0.165512,0.302605,1,0,,0,0,0,0,0,0,0,0,103808,104555,0,232,0
1668382,1,0,0.000101427,0.00877256,0.149838,0.295457,1,0,,0,0,0,0,0,0,0,0,103808,104555,0,232,0
1668482,1,0,7.09989e-005,0.00703224,0.135557,0.322981,1,0,,0,0,0,0,0,0,0,0,103808,104555,0,232,0
1668582,1,0,4.96993e-005,0.00563574,0.122565,0.31742,1,0,,0,0,0,0,0,0,0,0,103808,104555,0,232,0
1668682,1,0,3.47895e-005,0.00451555,0.11076,0.295306,1,0,,0,0,0,0,0,0,0,0,103808,104555,0,232,0
1668782,1,0,2.43526e-005,0.00361731,0.100046,0.329792,1,0,,0,0,0,0,0,0,0,0,103808,104555,0,232,0
1668882,1,0,1.70468e-005,0.00289726,0.090331,0.281243,1,0,,0,0,0,0,0,0,0,0,103808,104555,0,232,0
1668982,1,0,1.19328e-005,0.00232019,0.0815299,0.302743,1,0,,0,0,0,0,0,0,0,0,103808,104555,0,232,0
1669082,1,0,8.35295e-006,0.00185782,0.0735627,0.287655,1,0,,0,0,0,0,0,0,0,0,103808,104555,0,232,0
1669182,1,0,5.84707e-006,0.00148743,0.0663552,0.325194,1,0,,0,0,0,0,0,0,0,0,103808,104555,0,232,0
1669282,1,0,4.09295e-006,0.00119076,0.0598387,0.292295,1,0,,0,0,0,0,0,0,0,0,103808,104555,0,232,0
1669382,1,15,4.5,0.900953,0.14395,0.289188,1,0,,0,0,0,0,0,0,0,0,103808,104555,0,232,0
1669482,1,0,3.15,1.35076,0.264631,0.285226,1,0,,0,0,0,0,0,0,0,0,103808,104555,0,232,0
1669582,1,0,2.205,1.52161,0.390329,0.295239,1,0,,0,0,0,0,0,0,0,0,103808,104555,0,232,0
1669682,1,0,1.5435,1.52599,0.503895,0.305314,1,0,,0,0,0,0,0,0,0,0,103808,104555,0,232,0
1669782,1,0,1.08045,1.43688,0.597194,0.295012,1,0,,0,0,0,0,0,0,0,0,103808,104555,0,232,0
1669882,1,0,0.756316,1.30077,0.667551,0.30965,1,0,,0,0,0,0,0,0,0,0,103808,104555,0,232,0
1669982,1,0,0.529421,1.1465,0.715446,0.31358,1,0,,0,0,0,0,0,0,0,0,103808,104555,0,232,0
1670082,1,0,0.370595,0.991318,0.743033,0.305519,1,0,,0,0,0,0,0,0,0,0,103808,104555,0,232,0
1670182,1,0,0.259416,0.844938,0.753224,0.298019,1,0,,0,0,0,0,0,0,0,0,103808,104555,0,232,0
1670282,1,0,0.181591,0.712268,0.749128,0.319308,1,0,,0,0,0,0,0,0,0,0,103808,104555,0,232,0
1670382,1,0,0.127114,0.595237,0.733739,0.314071,1,0,,0,0,0,0,0,0,0,0,103808,104555,0,232,0
1670482,1,0,0.0889798,0.493986,0.709764,0.329572,1,0,,0,0,0,0,0,0,0,0,103808,104555,0,232,0
1670582,1,0,0.0622858,0.407646,0.679552,0.290574,1,0,,0,0,0,0,0,0,0,0,103808,104555,0,232,0
1670682,1,0,0.0436001,0.334837,0.64508,0.305062,1,0,,0,0,0,0,0,0,0,0,103808,104555,0,232,0
1670782,1,0,0.0305201,0.273973,0.60797,0.317962,1,0,,0,0,0,0,0,0,0,0,103808,104555,0,232,0
1670882,1,0,0.021364,0.223452,0.569518,0.329688,1,0,,0,0,0,0,0,0,0,0,103808,104555,0,232,0
1670982,1,0,0.0149548,0.181752,0.530741,0.311549,1,0,,0,0,0,0,0,0,0,0,103808,104555,0,232,0
1671082,1,0,0.0104684,0.147495,0.492417,0.282375,1,0,,0,0,0,0,0,0,0,0,103808,104555,0,232,0
1671182,1,0,0.00732786,0.119462,0.455121,0.322087,1,0,,0,0,0,0,0,0,0,0,103808,104555,0,232,0
1671282,1,0,0.00512951,0.0965955,0.419269,0.308625,1,0,,0,0,0,0,0,0,0,0,103808,104555,0,232,0
1671382,1,0,0.00359065,0.0779945,0.385141,0.291062,1,0,,0,0,0,0,0,0,0,0,103808,104555,0,232,0
1671482,1,0,0.00251346,0.0628983,0.352917,0.347261,1,0,,0,0,0,0,0,0,0,0,103808,104555,0,232,0
1671582,1,0,0.00175942,0.0506705,0.322692,0.286898,1,0,,0,0,0,0,0,0,0,0,103808,104555,0,232,0
1671682,1,0,0.00123159,0.0407827,0.294501,0.305733,1,0,,0,0,0,0,0,0,0,0,103808,104555,0,232,0
1671782,1,0,0.000862116,0.0327986,0.268331,0.293943,1,0,,0,0,0,0,0,0,0,0,103808,104555,0,232,0
1671882,1,0,0.000603481,0.0263596,0.244134,0.287618,1,0,,0,0,0,0,0,0,0,0,103808,104555,0,232,0
1671982,1,0,0.000422437,0.0211722,0.221838,0.295642,1,0,,0,0,0,0,0,0,0,0,103808,104555,0,232,0
1672082,1,0,0.000295706,0.0169969,0.201354,0.294417,1,0,,0,0,0,0,0,0,0,0,103808,104555,0,232,0
1672182,1,0,0.000206994,0.0136389,0.182582,0.305242,1,0,,0,0,0,0,0,0,0,0,103808,104555,0,232,0
1672282,1,0,0.000144896,0.0109401,0.165418,0.278167,1,0,,0,0,0,0,0,0,0,0,103808,104555,0,232,0
1672382,1,0,0.000101427,0.00877236,0.149753,0.306912,1,0,,0,0,0,0,0,0,0,0,103808,104555,0,232,0
1672482,1,0,7.09989e-005,0.00703209,0.135481,0.299025,1,0,,0,0,0,0,0,0,0,0,103808,104555,0,232,0
1672582,1,0,4.96993e-005,0.00563561,0.122497,0.300323,1,0,,0,0,0,0,0,0,0,0,103808,104555,0,232,0
1672682,1,0,3.47895e-005,0.00451545,0.110699,0.267412,1,0,,0,0,0,0,0,0,0,0,103808,104555,0,232,0
1672782,1,0,2.43526e-005,0.00361723,0.0999904,0.288512,1,0,,0,0,0,0,0,0,0,0,103808,104555,0,232,0
1672882,1,0,1.70468e-005,0.00289719,0.0902811,0.3184,1,0,,0,0,0,0,0,0,0,0,103808,104555,0,232,0
1672982,1,0,1.19328e-005,0.00232014,0.081485,0.307315,1,0,,0,0,0,0,0,0,0,0,103808,104555,0,232,0
1673082,1,0,8.35295e-006,0.00185778,0.0735223,0.291539,1,0,,0,0,0,0,0,0,0,0,103808,104555,0,232,0
1673182,1,0,5.84707e-006,0.00148739,0.0663188,0.294029,1,0,,0,0,0,0,0,0,0,0,103808,104555,0,232,0
1673282,1,15,4.5,0.901191,0.149806,0.317879,1,0,,0,0,0,0,0,0,0,0,103808,104555,0,232,0
1673382,1,0,3.15,1.35095,0.269921,0.321167,1,0,,0,0,0,0,0,0,0,0,103808,104555,0,232,0
1673482,1,0,2.205,1.52176,0.395105,0.317291,1,0,,0,0,0,0,0,0,0,0,103808,104555,0,232,0
1673582,1,0,1.5435,1.52611,0.508206,0.28909,1,0,,0,0,0,0,0,0,0,0,103808,104555,0,232,0
1673682,1,0,1.08045,1.43698,0.601083,0.293629,1,0,,0,0,0,0,0,0,0,0,103808,104555,0,232,0
1673782,1,0,0.756316,1.30085,0.671059,0.295465,1,0,,0,0,0,0,0,0,0,0,103808,104555,0,232,0
1673882,1,0,0.529421,1.14656,0.718609,0.296551,1,0,,0,0,0,0,0,0,0,0,103808,104555,0,232,0
1673982,1,0,0.370595,0.991368,0.745885,0.299861,1,0,,0,0,0,0,0,0,0,0,103808,104555,0,232,0
1674082,1,0,0.259416,0.844978,0.755794,0.294861,1,0,,0,0,0,0,0,0,0,0,103808,104555,0,232,0
1674182,1,0,0.181591,0.7123,0.751445,0.318313,1,0,,0,0,0,0,0,0,0,0,103808,104555,0,232,0
1674282,1,0,0.127114,0.595263,0.735827,0.321639,1,0,,0,0,0,0,0,0,0,0,103808,104555,0,232,0
1674382,1,0,0.0889798,0.494007,0.711645,0.308727,1,0,,0,0,0,0,0,0,0,0,103808,104555,0,232,0
1674482,1,0,0.0622858,0.407662,0.681246,0.31659,1,0,,0,0,0,0,0,0,0,0,103808,104555,0,232,0
1674582,1,0,0.0436001,0.33485,0.646607,0.299353,1,0,,0,0,0,0,0,0,0,0,103808,104555,0,232,0
1674682,1,0,0.0305201,0.273984,0.609345,0.306629,1,0,,0,0,0,0,0,0,0,0,103808,104555,0,232,0
1674782,1,0,0.021364,0.22346,0.570756,0.336177,1,0,,0,0,0,0,0,0,0,0,103808,104555,0,232,0
1674882,1,0,0.0149548,0.181759,0.531856,0.314688,1,0,,0,0,0,0,0,0,0,0,103808,104555,0,232,0
1674982,1,0,0.0104684,0.147501,0.493421,0.333651,1,0,,0,0,0,0,0,0,0,0,103808,104555,0,232,0
1675082,1,0,0.00732787,0.119466,0.456025,0.282565,1,0,,0,0,0,0,0,0,0,0,103808,104555,0,232,0
1675182,1,0,0.00512951,0.0965989,0.420083,0.307041,1,0,,0,0,0,0,0,0,0,0,103808,104555,0,232,0
1675282,1,0,0.00359065,0.0779972,0.385874,0.293328,1,0,,0,0,0,0,0,0,0,0,103808,104555,0,232,0
1675382,1,0,0.00251346,0.0629005,0.353577,0.301628,1,0,,0,0,0,0,0,0,0,0,103808,104555,0,232,0
1675482,1,0,0.00175942,0.0506723,0.323286,0.323176,1,0,,0,0,0,0,0,0,0,0,103808,104555,0,232,0
1675582,1,0,0.00123159,0.0407841,0.295036,0.309289,1,0,,0,0,0,0,0,0,0,0,103808,104555,0,232,0
1675682,1,0,0.000862116,0.0327997,0.268812,0.300701,1,0,,0,0,0,0,0,0,0,0,103808,104555,0,232,0
1675782,1,0,0.000603481,0.0263605,0.244567,0.319689,1,0,,0,0,0,0,0,0,0,0,103808,104555,0,232,0
1675882,1,0,0.000422437,0.0211729,0.222228,0.307401,1,0,,0,0,0,0,0,0,0,0,103808,104555,0,232,0
1675982,1,0,0.000295706,0.0169974,0.201705,0.315257,1,0,,0,0,0,0,0,0,0,0,103808,104555,0,232,0
1676082,1,0,0.000206994,0.0136394,0.182898,0.300969,1,0,,0,0,0,0,0,0,0,0,103808,104555,0,232,0
1676182,1,0,0.000144896,0.0109405,0.165702,0.29142,1,0,,0,0,0,0,0,0,0,0,103808,104555,0,232,0
1676282,1,0,0.000101427,0.00877265,0.150009,0.314042,1,0,,0,0,0,0,0,0,0,0,103808,104555,0,232,0
1676382,1,0,7.0999e-005,0.00703232,0.135712,0.321617,1,0,,0,0,0,0,0,0,0,0,103808,104555,0,232,0
1676482,1,0,4.96993e-005,0.0056358,0.122704,0.308841,1,0,,0,0,0,0,0,0,0,0,103808,104555,0,232,0
1676582,1,0,3.47895e-005,0.0045156,0.110885,0.316854,1,0,,0,0,0,0,0,0,0,0,103808,104555,0,232,0
1676682,1,0,2.43526e-005,0.00361735,0.100158,0.295778,1,0,,0,0,0,0,0,0,0,0,103808,104555,0,232,0
1676782,1,0,1.70469e-005,0.00289729,0.0904324,0.299,1,0,,0,0,0,0,0,0,0,0,103808,104555,0,232,0
1676882,1,0,1.19328e-005,0.00232022,0.0816211,0.278187,1,0,,0,0,0,0,0,0,0,0,103808,104555,0,232,0
1676982,1,0,8.35296e-006,0.00185784,0.0736448,0.294663,1,0,,0,0,0,0,0,0,0,0,103808,104555,0,232,0
1677082,1,0,5.84707e-006,0.00148744,0.0664291,0.301788,1,0,,0,0,0,0,0,0,0,0,103808,104555,0,232,0
1677182,1,0,4.09295e-006,0.00119077,0.0599052,0.306497,1,0,,0,0,0,0,0,0,0,0,103808,104555,0,232,0
1677282,1,14,4.2,0.840953,0.13801,0.281625,1,0,,0,0,0,0,0,0,0,0,103808,104555,0,232,0
1677382,1,0,2.94,1.26076,0.250285,0.291435,1,0,,0,0,0,0,0,0,0,0,103808,104555,0,232,0
1677482,1,0,2.058,1.42021,0.367278,0.316897,1,0,,0,0,0,0,0,0,0,0,103808,104555,0,232,0
1677582,1,0,1.4406,1.42429,0.472979,0.31396,1,0,,0,0,0,0,0,0,0,0,103808,104555,0,232,0
1677682,1,0,1.00842,1.34112,0.559793,0.313461,1,0,,0,0,0,0,0,0,0,0,103808,104555,0,232,0
1677782,1,0,0.705894,1.21407,0.62522,0.331913,1,0,,0,0,0,0,0,0,0,0,103808,104555,0,232,0
1677882,1,0,0.494126,1.07008,0.669707,0.307912,1,0,,0,0,0,0,0,0,0,0,103808,104555,0,232,0
1677982,1,0,0.345888,0.925243,0.69526,0.318624,1,0,,0,0,0,0,0,0,0,0,103808,104555,0,232,0
1678082,1,0,0.242122,0.788619,0.704596,0.285924,1,0,,0,0,0,0,0,0,0,0,103808,104555,0,232,0
1678182,1,0,0.169485,0.664792,0.700616,0.3691,1,0,,0,0,0,0,0,0,0,0,103808,104555,0,232,0
1678282,1,0,0.11864,0.555562,0.68611,0.318575,1,0,,0,0,0,0,0,0,0,0,103808,104555,0,232,0
1678382,1,0,0.0830478,0.461059,0.663605,0.295139,1,0,,0,0,0,0,0,0,0,0,103808,104555,0,232,0
1678482,1,0,0.0581334,0.380474,0.635292,0.301429,1,0,,0,0,0,0,0,0,0,0,103808,104555,0,232,0
1678582,1,0,0.0406934,0.312518,0.603015,0.304068,1,0,,0,0,0,0,0,0,0,0,103808,104555,0,232,0
1678682,1,0,0.0284854,0.255711,0.568284,0.28548,1,0,,0,0,0,0,0,0,0,0,103808,104555,0,232,0
1678782,1,0,0.0199398,0.208557,0.532312,0.293056,1,0,,0,0,0,0,0,0,0,0,103808,104555,0,232,0
1678882,1,0,0.0139578,0.169637,0.496044,0.270956,1,0,,0,0,0,0,0,0,0,0,103808,104555,0,232,0
1678982,1,0,0.00977049,0.137664,0.460206,0.309454,1,0,,0,0,0,0,0,0,0,0,103808,104555,0,232,0
1679082,1,0,0.00683934,0.111499,0.425335,0.281891,1,0,,0,0,0,0,0,0,0,0,103808,104555,0,232,0
1679182,1,0,0.00478754,0.0901567,0.391817,0.287838,1,0,,0,0,0,0,0,0,0,0,103808,104555,0,232,0
1679282,1,0,0.00335128,0.0727956,0.359915,0.308876,1,0,,0,0,0,0,0,0,0,0,103808,104555,0,232,0
1679382,1,0,0.00234589,0.0587057,0.329794,0.310826,1,0,,0,0,0,0,0,0,0,0,103808,104555,0,232,0
1679482,1,0,0.00164213,0.0472929,0.301544,0.305951,1,0,,0,0,0,0,0,0,0,0,103808,104555,0,232,0
1679582,1,0,0.00114949,0.0380643,0.275196,0.329159,1,0,,0,0,0,0,0,0,0,0,103808,104555,0,232,0
1679682,1,0,0.000804642,0.0306123,0.250738,0.319348,1,0,,0,0,0,0,0,0,0,0,103808,104555,0,232,0
1679782,1,0,0.000563249,0.0246025,0.228124,0.291335,1,0,,0,0,0,0,0,0,0,0,103808,104555,0,232,0
1679882,1,0,0.000394274,0.0197609,0.207288,0.298422,1,0,,0,0,0,0,0,0,0,0,103808,104555,0,232,0
1679982,1,0,0.000275992,0.0158639,0.188145,0.30161,1,0,,0,0,0,0,0,0,0,0,103808,104555,0,232,0
1680082,1,0,0.000193194,0.0127298,0.170604,0.293448,1,0,,0,0,0,0,0,0,0,0,103808,104555,0,232,0
1680182,1,0,0.000135236,0.0102109,0.154565,0.277446,1,0,,0,0,0,0,0,0,0,0,103808,104555,0,232,0
1680282,1,0,9.46653e-005,0.00818761,0.139927,0.291772,1,0,,0,0,0,0,0,0,0,0,103808,104555,0,232,0
1680382,1,0,6.62657e-005,0.00656334,0.126591,0.315022,1,0,,0,0,0,0,0,0,0,0,103808,104555,0,232,0
1680482,1,0,4.6386e-005,0.00525995,0.114457,0.280849,1,0,,0,0,0,0,0,0,0,0,103808,104555,0,232,0
1680582,1,0,3.24702e-005,0.00421446,0.103433,0.27942,1,0,,0,0,0,0,0,0,0,0,103808,104555,0,232,0
1680682,1,0,2.27291e-005,0.00337611,0.0934274,0.320494,1,0,,0,0,0,0,0,0,0,0,103808,104555,0,232,0
1680782,1,0,1.59104e-005,0.00270407,0.0843551,0.295413,1,0,,0,0,0,0,0,0,0,0,103808,104555,0,232,0
1680882,1,0,1.11373e-005,0.00216548,0.0761361,0.288549,1,0,,0,0,0,0,0,0,0,0,103808,104555,0,232,0
1680982,1,0,7.79609e-006,0.00173395,0.0686959,0.313463,1,0,,0,0,0,0,0,0,0,0,103808,104555,0,232,0
1681082,1,0,5.45726e-006,0.00138825,0.0619652,0.301275,1,0,,0,0,0,0,0,0,0,0,103808,104555,0,232,0
1681182,1,0,3.82008e-006,0.00111136,0.0558798,0.313053,1,0,,0,0,0,0,0,0,0,0,103808,104555,0,232,0
1681282,1,15,4.5,0.90089,0.140381,0.301609,1,0,,0,0,0,0,0,0,0,0,103808,104555,0,232,0
1681382,1,0,3.15,1.35071,0.261414,0.283979,1,0,,0,0,0,0,0,0,0,0,103808,104555,0,232,0
1681482,1,0,2.205,1.52157,0.38743,0.320079,1,0,,0,0,0,0,0,0,0,0,103808,104555,0,232,0
1681582,1,0,1.5435,1.52596,0.501282,0.297229,1,0,,0,0,0,0,0,0,0,0,103808,104555,0,232,0
1681682,1,0,1.08045,1.43686,0.59484,0.300066,1,0,,0,0,0,0,0,0,0,0,103808,104555,0,232,0
1681782,1,0,0.756316,1.30075,0.66543,0.312338,1,0,,0,0,0,0,0,0,0,0,103808,104555,0,232,0
1681882,1,0,0.529421,1.14648,0.713535,0.309614,1,0,,0,0,0,0,0,0,0,0,103808,104555,0,232,0
1681982,1,0,0.370595,0.991305,0.741312,0.30695,1,0,,0,0,0,0,0,0,0,0,103808,104555,0,232,0
1682082,1,0,0.259416,0.844927,0.751674,0.301974,1,0,,0,0,0,0,0,0,0,0,103808,104555,0,232,0
1682182,1,0,0.181591,0.71226,0.747732,0.299364,1,0,,0,0,0,0,0,0,0,0,103808,104555,0,232,0
1682282,1,0,0.127114,0.595231,0.732482,0.309,1,0,,0,0,0,0,0,0,0,0,103808,104555,0,232,0
1682382,1,0,0.0889798,0.493981,0.708632,0.307112,1,0,,0,0,0,0,0,0,0,0,103808,104555,0,232,0
1682482,1,0,0.0622858,0.407642,0.678533,0.285375,1,0,,0,0,0,0,0,0,0,0,103808,104555,0,232,0
1682582,1,0,0.0436001,0.334833,0.644163,0.30822,1,0,,0,0,0,0,0,0,0,0,103808,104555,0,232,0
1682682,1,0,0.0305201,0.273971,0.607144,0.33122,1,0,,0,0,0,0,0,0,0,0,103808,104555,0,232,0
1682782,1,0,0.021364,0.223449,0.568774,0.326969,1,0,,0,0,0,0,0,0,0,0,103808,104555,0,232,0
1682882,1,0,0.0149548,0.18175,0.530072,0.321855,1,0,,0,0,0,0,0,0,0,0,103808,104555,0,232,0
1682982,1,0,0.0104684,0.147494,0.491814,0.295031,1,0,,0,0,0,0,0,0,0,0,103808,104555,0,232,0
1683082,1,0,0.00732786,0.119461,0.454579,0.275232,1,0,,0,0,0,0,0,0,0,0,103808,104555,0,232,0
1683182,1,0,0.00512951,0.0965945,0.41878,0.310892,1,0,,0,0,0,0,0,0,0,0,103808,104555,0,232,0
1683282,1,0,0.00359065,0.0779938,0.384702,0.297941,1,0,,0,0,0,0,0,0,0,0,103808,104555,0,232,0
1683382,1,0,0.00251346,0.0628977,0.352521,0.302041,1,0,,0,0,0,0,0,0,0,0,103808,104555,0,232,0
1683482,1,0,0.00175942,0.05067,0.322336,0.287203,1,0,,0,0,0,0,0,0,0,0,103808,104555,0,232,0
1683582,1,0,0.00123159,0.0407824,0.294181,0.27694,1,0,,0,0,0,0,0,0,0,0,103808,104555,0,232,0
1683682,1,0,0.000862116,0.0327983,0.268043,0.34094,1,0,,0,0,0,0,0,0,0,0,103808,104555,0,232,0
1683782,1,0,0.000603481,0.0263593,0.243874,0.321992,1,0,,0,0,0,0,0,0,0,0,103808,104555,0,232,0
1683882,1,0,0.000422437,0.021172,0.221604,0.293406,1,0,,0,0,0,0,0,0,0,0,103808,104555,0,232,0
1683982,1,0,0.000295706,0.0169967,0.201143,0.327631,1,0,,0,0,0,0,0,0,0,0,103808,104555,0,232,0
1684082,1,0,0.000206994,0.0136388,0.182393,0.341118,1,0,,0,0,0,0,0,0,0,0,103808,104555,0,232,0
1684182,1,0,0.000144896,0.01094,0.165247,0.352018,1,0,,0,0,0,0,0,0,0,0,103808,104555,0,232,0
1684282,1,0,0.000101427,0.00877228,0.1496,0.279105,1,0,,0,0,0,0,0,0,0,0,103808,104555,0,232,0
1684382,1,0,7.09989e-005,0.00703202,0.135343,0.292707,1,0,,0,0,0,0,0,0,0,0,103808,104555,0,232,0
1684482,1,0,4.96993e-005,0.00563556,0.122372,0.293494,1,0,,0,0,0,0,0,0,0,0,103808,104555,0,232,0
1684582,1,0,3.47895e-005,0.00451541,0.110587,0.307146,1,0,,0,0,0,0,0,0,0,0,103808,104555,0,232,0
1684682,1,0,2.43526e-005,0.0036172,0.0998898,0.310283,1,0,,0,0,0,0,0,0,0,0,103808,104555,0,232,0
1684782,1,0,1.70468e-005,0.00289717,0.0901905,0.288597,1,0,,0,0,0,0,0,0,0,0,103808,104555,0,232,0
1684882,1,0,1.19328e-005,0.00232012,0.0814034,0.289373,1,0,,0,0,0,0,0,0,0,0,103808,104555,0,232,0
1684982,1,0,8.35295e-006,0.00185777,0.0734489,0.28974,1,0,,0,0,0,0,0,0,0,0,103808,104555,0,232,0
1685082,1,0,5.84707e-006,0.00148738,0.0662527,0.330902,1,0,,0,0,0,0,0,0,0,0,103808,104555,0,232,0
1685182,1,15,4.5,0.901191,0.149747,0.28484,1,0,,0,0,0,0,0,0,0,0,103808,104555,0,232,0
1685282,1,0,3.15,1.35095,0.269867,0.276879,1,0,,0,0,0,0,0,0,0,0,103808,104555,0,232,0
1685382,1,0,2.205,1.52176,0.395057,0.334728,1,0,,0,0,0,0,0,0,0,0,103808,104555,0,232,0
1685482,1,0,1.5435,1.52611,0.508162,0.315941,1,0,,0,0,0,0,0,0,0,0,103808,104555,0,232,0
1685582,1,0,1.08045,1.43698,0.601044,0.309466,1,0,,0,0,0,0,0,0,0,0,103808,104555,0,232,0
1685682,1,0,0.756316,1.30085,0.671024,0.293742,1,0,,0,0,0,0,0,0,0,0,103808,104555,0,232,0
1685782,1,0,0.529421,1.14656,0.718578,0.269754,1,0,,0,0,0,0,0,0,0,0,103808,104555,0,232,0
1685882,1,0,0.370595,0.991368,0.745857,0.27843,1,0,,0,0,0,0,0,0,0,0,103808,104555,0,232,0
1685982,1,0,0.259416,0.844978,0.755769,0.30907,1,0,,0,0,0,0,0,0,0,0,103808,104555,0,232,0
1686082,1,0,0.181591,0.7123,0.751422,0.338782,1,0,,0,0,0,0,0,0,0,0,103808,104555,0,232,0
1686182,1,0,0.127114,0.595263,0.735806,0.29941,1,0,,0,0,0,0,0,0,0,0,103808,104555,0,232,0
1686282,1,0,0.0889798,0.494007,0.711626,0.311249,1,0,,0,0,0,0,0,0,0,0,103808,104555,0,232,0
1686382,1,0,0.0622858,0.407662,0.68123,0.300449,1,0,,0,0,0,0,0,0,0,0,103808,104555,0,232,0
1686482,1,0,0.0436001,0.33485,0.646592,0.30735,1,0,,0,0,0,0,0,0,0,0,103808,104555,0,232,0
1686582,1,0,0.0305201,0.273984,0.609331,0.289524,1,0,,0,0,0,0,0,0,0,0,103808,104555,0,232,0
1686682,1,0,0.021364,0.22346,0.570744,0.312975,1,0,,0,0,0,0,0,0,0,0,103808,104555,0,232,0
1686782,1,0,0.0149548,0.181759,0.531845,0.336828,1,0,,0,0,0,0,0,0,0,0,103808,104555,0,232,0
1686882,1,0,0.0104684,0.147501,0.493411,0.297353,1,0,,0,0,0,0,0,0,0,0,103808,104555,0,232,0
1686982,1,0,0.00732787,0.119466,0.456016,0.302064,1,0,,0,0,0,0,0,0,0,0,103808,104555,0,232,0
1687082,1,0,0.00512951,0.0965989,0.420075,0.307314,1,0,,0,0,0,0,0,0,0,0,103808,104555,0,232,0
1687182,1,0,0.00359065,0.0779972,0.385867,0.30574,1,0,,0,0,0,0,0,0,0,0,103808,104555,0,232,0
1687282,1,0,0.00251346,0.0629005,0.35357,0.333317,1,0,,0,0,0,0,0,0,0,0,103808,104555,0,232,0
1687382,1,0,0.00175942,0.0506723,0.32328,0.29443,1,0,,0,0,0,0,0,0,0,0,103808,104555,0,232,0
1687482,1,0,0.00123159,0.0407841,0.295031,0.309917,1,0,,0,0,0,0,0,0,0,0,103808,104555,0,232,0
1687582,1,0,0.000862116,0.0327997,0.268808,0.285904,1,0,,0,0,0,0,0,0,0,0,103808,104555,0,232,0
1687682,1,0,0.000603481,0.0263605,0.244563,0.31503,1,0,,0,0,0,0,0,0,0,0,103808,104555,0,232,0
1687782,1,0,0.000422437,0.0211729,0.222224,0.320405,1,0,,0,0,0,0,0,0,0,0,103808,104555,0,232,0
1687882,1,0,0.000295706,0.0169974,0.201701,0.301193,1,0,,0,0,0,0,0,0,0,0,103808,104555,0,232,0
1687982,1,0,0.000206994,0.0136394,0.182895,0.308104,1,0,,0,0,0,0,0,0,0,0,103808,104555,0,232,0
1688082,1,0,0.000144896,0.0109405,0.1657,0.308256,1,0,,0,0,0,0,0,0,0,0,103808,104555,0,232,0
1688182,1,0,0.000101427,0.00877265,0.150007,0.290042,1,0,,0,0,0,0,0,0,0,0,103808,104555,0,232,0
1688282,1,0,7.0999e-005,0.00703232,0.135709,0.329891,1,0,,0,0,0,0,0,0,0,0,103808,104555,0,232,0
1688382,1,0,4.96993e-005,0.0056358,0.122702,0.282592,1,0,,0,0,0,0,0,0,0,0,103808,104555,0,232,0
1688482,1,0,3.47895e-005,0.0045156,0.110883,0.30208,1,0,,0,0,0,0,0,0,0,0,103808,104555,0,232,0
1688582,1,0,2.43526e-005,0.00361735,0.100157,0.314116,1,0,,0,0,0,0,0,0,0,0,103808,104555,0,232,0
1688682,1,0,1.70469e-005,0.00289729,0.0904309,0.310003,1,0,,0,0,0,0,0,0,0,0,103808,104555,0,232,0
1688782,1,0,1.19328e-005,0.00232022,0.0816198,0.315702,1,0,,0,0,0,0,0,0,0,0,103808,104555,0,232,0
1688882,1,0,8.35296e-006,0.00185784,0.0736436,0.284015,1,0,,0,0,0,0,0,0,0,0,103808,104555,0,232,0
1688982,1,0,5.84707e-006,0.00148744,0.066428,0.337416,1,0,,0,0,0,0,0,0,0,0,103808,104555,0,232,0
1689082,1,0,4.09295e-006,0.00119077,0.0599043,0.321391,1,0,,0,0,0,0,0,0,0,0,103808,104555,0,232,0
1689182,1,14,4.2,0.840953,0.138009,0.29111,1,0,,0,0,0,0,0,0,0,0,103808,104555,0,232,0
1689282,1,0,2.94,1.26076,0.250285,0.296098,1,0,,0,0,0,0,0,0,0,0,103808,104555,0,232,0
1689382,1,0,2.058,1.42021,0.367277,0.322973,1,0,,0,0,0,0,0,0,0,0,103808,104555,0,232,0
1689482,1,0,1.4406,1.42429,0.472978,0.278472,1,0,,0,0,0,0,0,0,0,0,103808,104555,0,232,0
1689582,1,0,1.00842,1.34112,0.559792,0.287473,1,0,,0,0,0,0,0,0,0,0,103808,104555,0,232,0
1689682,1,0,0.705894,1.21407,0.62522,0.310534,1,0,,0,0,0,0,0,0,0,0,103808,104555,0,232,0
1689782,1,0,0.494126,1.07008,0.669706,0.292141,1,0,,0,0,0,0,0,0,0,0,103808,104555,0,232,0
1689882,1,0,0.345888,0.925243,0.69526,0.29148,1,0,,0,0,0,0,0,0,0,0,103808,104555,0,232,0
1689982,1,0,0.242122,0.788619,0.704596,0.280529,1,0,,0,0,0,0,0,0,0,0,103808,104555,0,232,0
1690082,1,0,0.169485,0.664792,0.700615,0.289466,1,0,,0,0,0,0,0,0,0,0,103808,104555,0,232,0
1690182,1,0,0.11864,0.555562,0.68611,0.317191,1,0,,0,0,0,0,0,0,0,0,103808,104555,0,232,0
1690282,1,0,0.0830478,0.461059,0.663605,0.287303,1,0,,0,0,0,0,0,0,0,0,103808,104555,0,232,0
1690382,1,0,0.0581334,0.380474,0.635292,0.274323,1,0,,0,0,0,0,0,0,0,0,103808,104555,0,232,0
1690482,1,0,0.0406934,0.312518,0.603014,0.286423,1,0,,0,0,0,0,0,0,0,0,103808,104555,0,232,0
1690582,1,0,0.0284854,0.255711,0.568284,0.289898,1,0,,0,0,0,0,0,0,0,0,103808,104555,0,232,0
1690682,1,0,0.0199398,0.208557,0.532311,0.281134,1,0,,0,0,0,0,0,0,0,0,103808,104555,0,232,0
1690782,1,0,0.0139578,0.169637,0.496044,0.306534,1,0,,0,0,0,0,0,0,0,0,103808,104555,0,232,0
1690882,1,0,0.00977049,0.137664,0.460206,0.364183,1,0,,0,0,0,0,0,0,0,0,103808,104555,0,232,0
1690982,1,0,0.00683934,0.111499,0.425335,0.313858,1,0,,0,0,0,0,0,0,0,0,103808,104555,0,232,0
1691082,1,0,0.00478754,0.0901567,0.391817,0.297295,1,0,,0,0,0,0,0,0,0,0,103808,104555,0,232,0
1691182,1,0,0.00335128,0.0727956,0.359915,0.299945,1,0,,0,0,0,0,0,0,0,0,103808,104555,0,232,0
1691282,1,0,0.00234589,0.0587057,0.329794,0.319596,1,0,,0,0,0,0,0,0,0,0,103808,104555,0,232,0
1691382,1,0,0.00164213,0.0472929,0.301544,0.331696,1,0,,0,0,0,0,0,0,0,0,103808,104555,0,232,0
1691482,1,0,0.00114949,0.0380643,0.275196,0.309133,1,0,,0,0,0,0,0,0,0,0,103808,104555,0,232,0
1691582,1,0,0.000804642,0.0306123,0.250738,0.299481,1,0,,0,0,0,0,0,0,0,0,103808,104555,0,232,0
1691682,1,0,0.000563249,0.0246025,0.228124,0.288168,1,0,,0,0,0,0,0,0,0,0,103808,104555,0,232,0
1691782,1,0,0.000394274,0.0197609,0.207288,0.300629,1,0,,0,0,0,0,0,0,0,0,103808,104555,0,232,0
1691882,1,0,0.000275992,0.0158639,0.188145,0.299243,1,0,,0,0,0,0,0,0,0,0,103808,104555,0,232,0
1691982,1,0,0.000193194,0.0127298,0.170604,0.286629,1,0,,0,0,0,0,0,0,0,0,103808,104555,0,232,0
1692082,1,0,0.000135236,0.0102109,0.154565,0.292264,1,0,,0,0,0,0,0,0,0,0,103808,104555,0,232,0
1692182,1,0,9.46653e-005,0.00818761,0.139927,0.297329,1,0,,0,0,0,0,0,0,0,0,103808,104555,0,232,0
1692282,1,0,6.62657e-005,0.00656334,0.126591,0.305529,1,0,,0,0,0,0,0,0,0,0,103808,104555,0,232,0
1692382,1,0,4.6386e-005,0.00525995,0.114457,0.302878,1,0,,0,0,0,0,0,0,0,0,103808,104555,0,232,0
1692482,1,0,3.24702e-005,0.00421446,0.103433,0.306427,1,0,,0,0,0,0,0,0,0,0,103808,104555,0,232,0
1692582,1,0,2.27291e-005,0.00337611,0.0934274,0.300229,1,0,,0,0,0,0,0,0,0,0,103808,104555,0,232,0
1692682,1,0,1.59104e-005,0.00270407,0.0843551,0.326914,1,0,,0,0,0,0,0,0,0,0,103808,104555,0,232,0
1692782,1,0,1.11373e-005,0.00216548,0.0761361,0.29194,1,0,,0,0,0,0,0,0,0,0,103808,104555,0,232,0
1692882,1,0,7.79609e-006,0.00173395,0.0686959,0.298852,1,0,,0,0,0,0,0,0,0,0,103808,104555,0,232,0
1692982,1,0,5.45726e-006,0.00138825,0.0619652,0.303602,1,0,,0,0,0,0,0,0,0,0,103808,104555,0,232,0
1693082,1,16,4.8,0.961111,0.15188,0.305129,1,0,,0,0,0,0,0,0,0,0,103808,104555,0,232,0
1693182,1,0,3.36,1.44089,0.280781,0.307843,1,0,,0,0,0,0,0,0,0,0,103808,104555,0,232,0
1693282,1,0,2.352,1.62311,0.415014,0.298629,1,0,,0,0,0,0,0,0,0,0,103808,104555,0,232,0
1693382,1,0,1.6464,1.62777,0.53629,0.339311,1,0,,0,0,0,0,0,0,0,0,103808,104555,0,232,0
1693482,1,1,1.45248,1.59271,0.641932,0.290475,1,0,,0,0,0,0,0,0,0,0,103808,104555,0,232,0
1693582,1,0,1.01674,1.47752,0.72549,0.285374,1,0,,0,0,0,0,0,0,0,0,103808,104555,0,232,0
1693682,1,0,0.711716,1.32436,0.785377,0.308501,1,0,,0,0,0,0,0,0,0,0,103808,104555,0,232,0
1693782,1,0,0.498201,1.15913,0.822752,0.32305,1,0,,0,0,0,0,0,0,0,0,103808,104555,0,232,0
1693882,1,1,0.648741,1.05705,0.846181,0.311712,1,0,,0,0,0,0,0,0,0,0,103808,104555,0,232,0
1693982,1,0,0.454118,0.936463,0.85521,0.302511,1,0,,0,0,0,0,0,0,0,0,103808,104555,0,232,0
1694082,1,1,0.617883,0.872747,0.856963,0.298097,1,0,,0,0,0,0,0,0,0,0,103808,104555,0,232,0
1694182,1,0,0.432518,0.784701,0.849737,0.289309,1,0,,0,0,0,0,0,0,0,0,103808,104555,0,232,0
1694282,1,0,0.302763,0.688313,0.833595,0.335524,1,0,,0,0,0,0,0,0,0,0,103808,104555,0,232,0
1694382,1,0,0.211934,0.593037,0.809539,0.279974,1,0,,0,0,0,0,0,0,0,0,103808,104555,0,232,0
1694482,1,0,0.148354,0.504101,0.778995,0.292899,1,0,,0,0,0,0,0,0,0,0,103808,104555,0,232,0
1694582,1,1,0.403848,0.48405,0.749501,0.318859,1,0,,0,0,0,0,0,0,0,0,103808,104555,0,232,0
1694682,1,0,0.282693,0.443779,0.718928,0.305723,1,0,,0,0,0,0,0,0,0,0,103808,104555,0,232,0
1694782,1,0,0.197885,0.3946,0.686495,0.297983,1,0,,0,0,0,0,0,0,0,0,103808,104555,0,232,0
1694882,1,0,0.13852,0.343384,0.652184,0.319232,1,0,,0,0,0,0,0,0,0,0,103808,104555,0,232,0
1694982,1,0,0.0969638,0.2941,0.616376,0.324934,1,0,,0,0,0,0,0,0,0,0,103808,104555,0,232,0
1695082,1,1,0.367875,0.308855,0.585624,0.321222,1,0,,0,0,0,0,0,0,0,0,103808,104555,0,232,0
1695182,1,0,0.257512,0.298586,0.55692,0.331149,1,0,,0,0,0,0,0,0,0,0,103808,104555,0,232,0
1695282,1,0,0.180259,0.274921,0.52872,0.282536,1,0,,0,0,0,0,0,0,0,0,103808,104555,0,232,0
1695382,1,1,0.426181,0.305173,0.506365,0.284813,1,0,,0,0,0,0,0,0,0,0,103808,104555,0,232,0
1695482,1,0,0.298327,0.303804,0.486109,0.300314,1,0,,0,0,0,0,0,0,0,0,103808,104555,0,232,0
1695582,1,0,0.208829,0.284809,0.465979,0.28844,1,0,,0,0,0,0,0,0,0,0,103808,104555,0,232,0
1695682,1,0,0.14618,0.257083,0.44509,0.322593,1,0,,0,0,0,0,0,0,0,0,103808,104555,0,232,0
1695782,1,1,0.402326,0.286132,0.429194,0.285417,1,0,,0,0,0,0,0,0,0,0,103808,104555,0,232,0
1695882,1,0,0.281628,0.285231,0.414797,0.321618,1,0,,0,0,0,0,0,0,0,0,103808,104555,0,232,0
1695982,1,1,0.49714,0.327613,0.406079,0.300168,1,0,,0,0,0,0,0,0,0,0,103808,104555,0,232,0
1696082,1,0,0.347998,0.33169,0.39864,0.307518,1,0,,0,0,0,0,0,0,0,0,103808,104555,0,232,0
1696182,1,0,0.243598,0.314071,0.390183,0.317904,1,0,,0,0,0,0,0,0,0,0,103808,104555,0,232,0
1696282,1,0,0.170519,0.285361,0.379701,0.309217,1,0,,0,0,0,0,0,0,0,0,103808,104555,0,232,0
1696382,1,1,0.419363,0.312161,0.372947,0.305391,1,0,,0,0,0,0,0,0,0,0,103808,104555,0,232,0
1696482,1,0,0.293554,0.30844,0.366496,0.311093,1,0,,0,0,0,0,0,0,0,0,103808,104555,0,232,0
1696582,1,0,0.205488,0.28785,0.358632,0.310742,1,0,,0,0,0,0,0,0,0,0,103808,104555,0,232,0
1696682,1,1,0.443842,0.319048,0.354673,0.325354,1,0,,0,0,0,0,0,0,0,0,103808,104555,0,232,0
1696782,1,0,0.310689,0.317376,0.350944,0.32553,1,0,,0,0,0,0,0,0,0,0,103808,104555,0,232,0
1696882,1,0,0.217482,0.297397,0.345589,0.289917,1,0,,0,0,0,0,0,0,0,0,103808,104555,0,232,0
1696982,1,1,0.452238,0.328366,0.343867,0.281904,1,0,,0,0,0,0,0,0,0,0,103808,104555,0,232,0
1697082,1,14,4.51657,1.16601,0.42608,0.299187,1,0,,0,0,0,0,0,0,0,0,103808,104555,0,232,0
1697182,1,0,3.1616,1.56512,0.539985,0.316423,1,0,,0,0,0,0,0,0,0,0,103808,104555,0,232,0
1697282,1,0,2.21312,1.69472,0.655459,0.279248,1,0,,0,0,0,0,0,0,0,0,103808,104555,0,232,0
1697382,1,0,1.54918,1.66561,0.756474,0.294972,1,0,,0,0,0,0,0,0,0,0,103808,104555,0,232,0
1697482,1,0,1.08443,1.54938,0.835765,0.282485,1,0,,0,0,0,0,0,0,0,0,103808,104555,0,232,0
1697582,1,0,0.759099,1.39132,0.89132,0.314657,1,0,,0,0,0,0,0,0,0,0,103808,104555,0,232,0
1697682,1,0,0.53137,1.21933,0.924121,0.286468,1,0,,0,0,0,0,0,0,0,0,103808,104555,0,232,0
1697782,1,0,0.371959,1.04986,0.936695,0.322018,1,0,,0,0,0,0,0,0,0,0,103808,104555,0,232,0
1697882,1,0,0.260371,0.89196,0.932221,0.306418,1,0,,0,0,0,0,0,0,0,0,103808,104555,0,232,0
1697982,1,0,0.18226,0.75002,0.914001,0.291629,1,0,,0,0,0,0,0,0,0,0,103808,104555,0,232,0
1698082,1,0,0.127582,0.625532,0.885154,0.335553,1,0,,0,0,0,0,0,0,0,0,103808,104555,0,232,0
1698182,1,0,0.0893073,0.518287,0.848467,0.301391,1,0,,0,0,0,0,0,0,0,0,103808,104555,0,232,0
1698282,1,0,0.0625151,0.427133,0.806334,0.335703,1,0,,0,0,0,0,0,0,0,0,103808,104555,0,232,0
1698382,1,0,0.0437606,0.350458,0.760746,0.309204,1,0,,0,0,0,0,0,0,0,0,103808,104555,0,232,0
1698482,1,0,0.0306324,0.286493,0.713321,0.316552,1,0,,0,0,0,0,0,0,0,0,103808,104555,0,232,0
1698582,1,0,0.0214427,0.233483,0.665337,0.292364,1,0,,0,0,0,0,0,0,0,0,103808,104555,0,232,0
1698682,1,0,0.0150099,0.189788,0.617782,0.288126,1,0,,0,0,0,0,0,0,0,0,103808,104555,0,232,0
1698782,1,0,0.0105069,0.153932,0.571397,0.326019,1,0,,0,0,0,0,0,0,0,0,103808,104555,0,232,0
1698882,1,0,0.00735484,0.124617,0.526719,0.313682,1,0,,0,0,0,0,0,0,0,0,103808,104555,0,232,0
1698982,1,0,0.00514839,0.100723,0.48412,0.286256,1,0,,0,0,0,0,0,0,0,0,103808,104555,0,232,0
1699082,1,0,0.00360387,0.0812992,0.443837,0.30597,1,0,,0,0,0,0,0,0,0,0,103808,104555,0,232,0
1699182,1,0,0.00252271,0.0655439,0.406008,0.291631,1,0,,0,0,0,0,0,0,0,0,103808,104555,0,232,0
1699282,1,0,0.0017659,0.0527883,0.370686,0.278619,1,0,,0,0,0,0,0,0,0,0,103808,104555,0,232,0
1699382,1,0,0.00123613,0.0424779,0.337865,0.29492,1,0,,0,0,0,0,0,0,0,0,103808,104555,0,232,0
1699482,1,0,0.000865289,0.0341553,0.307494,0.305781,1,0,,0,0,0,0,0,0,0,0,103808,104555,0,232,0
1699582,1,0,0.000605702,0.0274454,0.279489,0.324893,1,0,,0,0,0,0,0,0,0,0,103808,104555,0,232,0
1699682,1,0,0.000423992,0.0220411,0.253745,0.288417,1,0,,0,0,0,0,0,0,0,0,103808,104555,0,232,0
1699782,1,0,0.000296794,0.0176923,0.230139,0.308978,1,0,,0,0,0,0,0,0,0,0,103808,104555,0,232,0
1699882,1,0,0.000207756,0.0141954,0.208545,0.28084,1,0,,0,0,0,0,0,0,0,0,103808,104555,0,232,0
1699982,1,0,0.000145429,0.0113854,0.188829,0.306079,1,0,,0,0,0,0,0,0,0,0,103808,104555,0,232,0
1700082,1,0,0.0001018,0.00912866,0.170859,0.318303,1,0,,0,0,0,0,0,0,0,0,103808,104555,0,232,0
1700182,1,0,7.12603e-005,0.00731718,0.154505,0.334427,1,0,,0,0,0,0,0,0,0,0,103808,104555,0,232,0
1700282,1,0,4.98822e-005,0.00586372,0.139641,0.305139,1,0,,0,0,0,0,0,0,0,0,103808,104555,0,232,0
1700382,1,0,3.49175e-005,0.00469796,0.126146,0.299503,1,0,,0,0,0,0,0,0,0,0,103808,104555,0,232,0
1700482,1,0,2.44423e-005,0.00376326,0.113908,0.33699,1,0,,0,0,0,0,0,0,0,0,103808,104555,0,232,0
1700582,1,0,1.71096e-005,0.00301403,0.102819,0.285269,1,0,,0,0,0,0,0,0,0,0,103808,104555,0,232,0
1700682,1,0,1.19767e-005,0.00241362,0.0927782,0.322696,1,0,,0,0,0,0,0,0,0,0,103808,104555,0,232,0
1700782,1,0,8.3837e-006,0.00193257,0.0836936,0.304659,1,0,,0,0,0,0,0,0,0,0,103808,104555,0,232,0
1700882,1,0,5.86859e-006,0.00154723,0.075479,0.306209,1,0,,0,0,0,0,0,0,0,0,103808,104555,0,232,0
1700982,1,0,4.10801e-006,0.00123861,0.0680549,0.272196,1,0,,0,0,0,0,0,0,0,0,103808,104555,0,232,0
1701082,1,15,4.5,0.900992,0.151349,0.297519,1,0,,0,0,0,0,0,0,0,0,103808,104555,0,232,0
1701182,1,0,3.15,1.35079,0.271293,0.284421,1,0,,0,0,0,0,0,0,0,0,103808,104555,0,232,0
1701282,1,0,2.205,1.52164,0.396327,0.296934,1,0,,0,0,0,0,0,0,0,0,103808,104555,0,232,0
1701382,1,0,1.5435,1.52601,0.509295,0.296159,1,0,,0,0,0,0,0,0,0,0,103808,104555,0,232,0
1701482,1,0,1.08045,1.4369,0.602056,0.334147,1,0,,0,0,0,0,0,0,0,0,103808,104555,0,232,0
1701582,1,0,0.756316,1.30078,0.671928,0.301722,1,0,,0,0,0,0,0,0,0,0,103808,104555,0,232,0
1701682,1,0,0.529421,1.14651,0.719386,0.303956,1,0,,0,0,0,0,0,0,0,0,103808,104555,0,232,0
1701782,1,0,0.370595,0.991326,0.74658,0.34562,1,0,,0,0,0,0,0,0,0,0,103808,104555,0,232,0
1701882,1,0,0.259416,0.844944,0.756416,0.329659,1,0,,0,0,0,0,0,0,0,0,103808,104555,0,232,0
1701982,1,0,0.181591,0.712273,0.752002,0.29507,1,0,,0,0,0,0,0,0,0,0,103808,104555,0,232,0
1702082,1,0,0.127114,0.595242,0.736326,0.338332,1,0,,0,0,0,0,0,0,0,0,103808,104555,0,232,0
1702182,1,0,0.0889798,0.493989,0.712092,0.323421,1,0,,0,0,0,0,0,0,0,0,103808,104555,0,232,0
1702282,1,0,0.0622858,0.407649,0.681648,0.29317,1,0,,0,0,0,0,0,0,0,0,103808,104555,0,232,0
1702382,1,0,0.0436001,0.334839,0.646967,0.31293,1,0,,0,0,0,0,0,0,0,0,103808,104555,0,232,0
1702482,1,0,0.0305201,0.273975,0.609668,0.308142,1,0,,0,0,0,0,0,0,0,0,103808,104555,0,232,0
1702582,1,0,0.021364,0.223453,0.571046,0.309691,1,0,,0,0,0,0,0,0,0,0,103808,104555,0,232,0
1702682,1,0,0.0149548,0.181753,0.532117,0.274503,1,0,,0,0,0,0,0,0,0,0,103808,104555,0,232,0
1702782,1,0,0.0104684,0.147496,0.493655,0.283503,1,0,,0,0,0,0,0,0,0,0,103808,104555,0,232,0
1702882,1,0,0.00732786,0.119463,0.456236,0.290541,1,0,,0,0,0,0,0,0,0,0,103808,104555,0,232,0
1702982,1,0,0.00512951,0.096596,0.420272,0.300891,1,0,,0,0,0,0,0,0,0,0,103808,104555,0,232,0
1703082,1,0,0.00359065,0.0779949,0.386044,0.298617,1,0,,0,0,0,0,0,0,0,0,103808,104555,0,232,0
1703182,1,0,0.00251346,0.0628986,0.353729,0.280456,1,0,,0,0,0,0,0,0,0,0,103808,104555,0,232,0
1703282,1,0,0.00175942,0.0506708,0.323424,0.306567,1,0,,0,0,0,0,0,0,0,0,103808,104555,0,232,0
1703382,1,0,0.00123159,0.040783,0.29516,0.292893,1,0,,0,0,0,0,0,0,0,0,103808,104555,0,232,0
1703482,1,0,0.000862116,0.0327988,0.268923,0.29812,1,0,,0,0,0,0,0,0,0,0,103808,104555,0,232,0
1703582,1,0,0.000603481,0.0263597,0.244667,0.298844,1,0,,0,0,0,0,0,0,0,0,103808,104555,0,232,0
1703682,1,0,0.000422437,0.0211723,0.222318,0.282394,1,0,,0,0,0,0,0,0,0,0,103808,104555,0,232,0
1703782,1,0,0.000295706,0.016997,0.201786,0.322429,1,0,,0,0,0,0,0,0,0,0,103808,104555,0,232,0
1703882,1,0,0.000206994,0.013639,0.182971,0.30453,1,0,,0,0,0,0,0,0,0,0,103808,104555,0,232,0
1703982,1,0,0.000144896,0.0109402,0.165768,0.320794,1,0,,0,0,0,0,0,0,0,0,103808,104555,0,232,0
1704082,1,0,0.000101427,0.00877241,0.150068,0.28358,1,0,,0,0,0,0,0,0,0,0,103808,104555,0,232,0
1704182,1,0,7.09989e-005,0.00703213,0.135765,0.307021,1,0,,0,0,0,0,0,0,0,0,103808,104555,0,232,0
1704282,1,0,4.96993e-005,0.00563564,0.122752,0.32977,1,0,,0,0,0,0,0,0,0,0,103808,104555,0,232,0
1704382,1,0,3.47895e-005,0.00451547,0.110928,0.365497,1,0,,0,0,0,0,0,0,0,0,103808,104555,0,232,0
1704482,1,0,2.43526e-005,0.00361725,0.100197,0.288436,1,0,,0,0,0,0,0,0,0,0,103808,104555,0,232,0
1704582,1,0,1.70468e-005,0.00289721,0.0904671,0.303398,1,0,,0,0,0,0,0,0,0,0,103808,104555,0,232,0
1704682,1,0,1.19328e-005,0.00232015,0.0816524,0.342599,1,0,,0,0,0,0,0,0,0,0,103808,104555,0,232,0
1704782,1,0,8.35295e-006,0.00185779,0.0736729,0.294103,1,0,,0,0,0,0,0,0,0,0,103808,104555,0,232,0
1704882,1,0,5.84707e-006,0.0014874,0.0664544,0.28989,1,0,,0,0,0,0,0,0,0,0,103808,104555,0,232,0
1704982,1,15,4.5,0.901191,0.149928,0.282814,1,0,,0,0,0,0,0,0,0,0,103808,104555,0,232,0
1705082,1,0,3.15,1.35095,0.270031,0.302552,1,0,,0,0,0,0,0,0,0,0,103808,104555,0,232,0
1705182,1,0,2.205,1.52176,0.395204,0.315451,1,0,,0,0,0,0,0,0,0,0,103808,104555,0,232,0
1705282,1,0,1.5435,1.52611,0.508295,0.318012,1,0,,0,0,0,0,0,0,0,0,103808,104555,0,232,0
1705382,1,0,1.08045,1.43698,0.601163,0.289037,1,0,,0,0,0,0,0,0,0,0,103808,104555,0,232,0
1705482,1,0,0.756316,1.30085,0.671131,0.280887,1,0,,0,0,0,0,0,0,0,0,103808,104555,0,232,0
1705582,1,0,0.529421,1.14656,0.718674,0.308336,1,0,,0,0,0,0,0,0,0,0,103808,104555,0,232,0
1705682,1,0,0.370595,0.991368,0.745944,0.341762,1,0,,0,0,0,0,0,0,0,0,103808,104555,0,232,0
1705782,1,0,0.259416,0.844978,0.755847,0.309623,1,0,,0,0,0,0,0,0,0,0,103808,104555,0,232,0
1705882,1,0,0.181591,0.7123,0.751492,0.306025,1,0,,0,0,0,0,0,0,0,0,103808,104555,0,232,0
1705982,1,0,0.127114,0.595263,0.735869,0.296667,1,0,,0,0,0,0,0,0,0,0,103808,104555,0,232,0
1706082,1,0,0.0889798,0.494007,0.711683,0.295929,1,0,,0,0,0,0,0,0,0,0,103808,104555,0,232,0
1706182,1,0,0.0622858,0.407662,0.681281,0.291628,1,0,,0,0,0,0,0,0,0,0,103808,104555,0,232,0
1706282,1,0,0.0436001,0.33485,0.646638,0.307779,1,0,,0,0,0,0,0,0,0,0,103808,104555,0,232,0
1706382,1,0,0.0305201,0.273984,0.609372,0.348903,1,0,,0,0,0,0,0,0,0,0,103808,104555,0,232,0
1706482,1,0,0.021364,0.22346,0.570781,0.341727,1,0,,0,0,0,0,0,0,0,0,103808,104555,0,232,0
1706582,1,0,0.0149548,0.181759,0.531879,0.289135,1,0,,0,0,0,0,0,0,0,0,103808,104555,0,232,0
1706682,1,0,0.0104684,0.147501,0.493441,0.292785,1,0,,0,0,0,0,0,0,0,0,103808,104555,0,232,0
1706782,1,0,0.00732787,0.119466,0.456044,0.323786,1,0,,0,0,0,0,0,0,0,0,103808,104555,0,232,0
1706882,1,0,0.00512951,0.0965989,0.420099,0.3456,1,0,,0,0,0,0,0,0,0,0,103808,104555,0,232,0
1706982,1,0,0.00359065,0.0779972,0.385889,0.297874,1,0,,0,0,0,0,0,0,0,0,103808,104555,0,232,0
1707082,1,0,0.00251346,0.0629005,0.35359,0.331537,1,0,,0,0,0,0,0,0,0,0,103808,104555,0,232,0
1707182,1,0,0.00175942,0.0506723,0.323298,0.360725,1,0,,0,0,0,0,0,0,0,0,103808,104555,0,232,0
1707282,1,0,0.00123159,0.0407841,0.295047,0.297175,1,0,,0,0,0,0,0,0,0,0,103808,104555,0,232,0
1707382,1,0,0.000862116,0.0327997,0.268822,0.287927,1,0,,0,0,0,0,0,0,0,0,103808,104555,0,232,0
1707482,1,0,0.000603481,0.0263605,0.244576,0.29694,1,0,,0,0,0,0,0,0,0,0,103808,104555,0,232,0
1707582,1,0,0.000422437,0.0211729,0.222236,0.321452,1,0,,0,0,0,0,0,0,0,0,103808,104555,0,232,0
1707682,1,0,0.000295706,0.0169974,0.201712,0.318889,1,0,,0,0,0,0,0,0,0,0,103808,104555,0,232,0
1707782,1,0,0.000206994,0.0136394,0.182905,0.332845,1,0,,0,0,0,0,0,0,0,0,103808,104555,0,232,0
1707882,1,0,0.000144896,0.0109405,0.165708,0.305493,1,0,,0,0,0,0,0,0,0,0,103808,104555,0,232,0
1707982,1,0,0.000101427,0.00877265,0.150015,0.310555,1,0,,0,0,0,0,0,0,0,0,103808,104555,0,232,0
1708082,1,0,7.0999e-005,0.00703232,0.135716,0.320316,1,0,,0,0,0,0,0,0,0,0,103808,104555,0,232,0
1708182,1,0,4.96993e-005,0.0056358,0.122708,0.340917,1,0,,0,0,0,0,0,0,0,0,103808,104555,0,232,0
1708282,1,0,3.47895e-005,0.0045156,0.110889,0.320778,1,0,,0,0,0,0,0,0,0,0,103808,104555,0,232,0
1708382,1,0,2.43526e-005,0.00361735,0.100162,0.299983,1,0,,0,0,0,0,0,0,0,0,103808,104555,0,232,0
1708482,1,0,1.70469e-005,0.00289729,0.0904354,0.298734,1,0,,0,0,0,0,0,0,0,0,103808,104555,0,232,0
1708582,1,0,1.19328e-005,0.00232022,0.0816239,0.353371,1,0,,0,0,0,0,0,0,0,0,103808,104555,0,232,0
1708682,1,0,8.35296e-006,0.00185784,0.0736473,0.31027,1,0,,0,0,0,0,0,0,0,0,103808,104555,0,232,0
1708782,1,0,5.84707e-006,0.00148744,0.0664313,0.338294,1,0,,0,0,0,0,0,0,0,0,103808,104555,0,232,0
1708882,1,0,4.09295e-006,0.00119077,0.0599073,0.292044,1,0,,0,0,0,0,0,0,0,0,103808,104555,0,232,0
1708982,1,14,4.2,0.840953,0.138012,0.281279,1,0,,0,0,0,0,0,0,0,0,103808,104555,0,232,0
1709082,1,0,2.94,1.26076,0.250287,0.297891,1,0,,0,0,0,0,0,0,0,0,103808,104555,0,232,0
1709182,1,0,2.058,1.42021,0.367279,0.307516,1,0,,0,0,0,0,0,0,0,0,103808,104555,0,232,0
1709282,1,0,1.4406,1.42429,0.47298,0.31353,1,0,,0,0,0,0,0,0,0,0,103808,104555,0,232,0
1709382,1,0,1.00842,1.34112,0.559794,0.273206,1,0,,0,0,0,0,0,0,0,0,103808,104555,0,232,0
1709482,1,0,0.705894,1.21407,0.625222,0.305567,1,0,,0,0,0,0,0,0,0,0,103808,104555,0,232,0
1709582,1,0,0.494126,1.07008,0.669708,0.315083,1,0,,0,0,0,0,0,0,0,0,103808,104555,0,232,0
1709682,1,0,0.345888,0.925243,0.695261,0.284381,1,0,,0,0,0,0,0,0,0,0,103808,104555,0,232,0
1709782,1,0,0.242122,0.788619,0.704597,0.308583,1,0,,0,0,0,0,0,0,0,0,103808,104555,0,232,0
1709882,1,0,0.169485,0.664792,0.700616,0.288046,1,0,,0,0,0,0,0,0,0,0,103808,104555,0,232,0
1709982,1,0,0.11864,0.555562,0.686111,0.293958,1,0,,0,0,0,0,0,0,0,0,103808,104555,0,232,0
1710082,1,0,0.0830478,0.461059,0.663606,0.289322,1,0,,0,0,0,0,0,0,0,0,103808,104555,0,232,0
1710182,1,0,0.0581334,0.380474,0.635293,0.321992,1,0,,0,0,0,0,0,0,0,0,103808,104555,0,232,0
1710282,1,1,0.340693,0.372518,0.609015,0.316153,1,0,,0,0,0,0,0,0,0,0,103808,104555,0,232,0
1710382,1,0,0.238485,0.345711,0.582685,0.331975,1,0,,0,0,0,0,0,0,0,0,103808,104555,0,232,0
1710482,1,0,0.16694,0.309957,0.555412,0.329375,1,0,,0,0,0,0,0,0,0,0,103808,104555,0,232,0
1710582,1,0,0.116858,0.271337,0.527004,0.297762,1,0,,0,0,0,0,0,0,0,0,103808,104555,0,232,0
1710682,1,0,0.0818005,0.23343,0.497647,0.31065,1,0,,0,0,0,0,0,0,0,0,103808,104555,0,232,0
1710782,1,0,0.0572603,0.198196,0.467702,0.302699,1,0,,0,0,0,0,0,0,0,0,103808,104555,0,232,0
1710882,1,0,0.0400822,0.166573,0.437589,0.309573,1,0,,0,0,0,0,0,0,0,0,103808,104555,0,232,0
1710982,1,0,0.0280576,0.13887,0.407717,0.309534,1,0,,0,0,0,0,0,0,0,0,103808,104555,0,232,0
1711082,1,0,0.0196403,0.115024,0.378448,0.30386,1,0,,0,0,0,0,0,0,0,0,103808,104555,0,232,0
1711182,1,0,0.0137482,0.0947689,0.35008,0.284924,1,0,,0,0,0,0,0,0,0,0,103808,104555,0,232,0
1711282,1,0,0.00962374,0.0777399,0.322846,0.318924,1,0,,0,0,0,0,0,0,0,0,103808,104555,0,232,0
1711382,1,0,0.00673662,0.0635392,0.296915,0.323182,1,0,,0,0,0,0,0,0,0,0,103808,104555,0,232,0
1711482,1,0,0.00471563,0.0517745,0.272401,0.29017,1,0,,0,0,0,0,0,0,0,0,103808,104555,0,232,0
1711582,1,0,0.00330094,0.0420798,0.249369,0.275684,1,0,,0,0,0,0,0,0,0,0,103808,104555,0,232,0
1711682,1,0,0.00231066,0.034126,0.227845,0.313534,1,0,,0,0,0,0,0,0,0,0,103808,104555,0,232,0
1711782,1,0,0.00161746,0.0276243,0.207823,0.290785,1,0,,0,0,0,0,0,0,0,0,103808,104555,0,232,0
1711882,1,0,0.00113222,0.0223259,0.189273,0.31236,1,0,,0,0,0,0,0,0,0,0,103808,104555,0,232,0
1711982,1,0,0.000792557,0.0180192,0.172148,0.315419,1,0,,0,0,0,0,0,0,0,0,103808,104555,0,232,0
1712082,1,0,0.00055479,0.0145263,0.156385,0.298683,1,0,,0,0,0,0,0,0,0,0,103808,104555,0,232,0
1712182,1,0,0.000388353,0.0116987,0.141917,0.291482,1,0,,0,0,0,0,0,0,0,0,103808,104555,0,232,0
1712282,1,0,0.000271847,0.00941336,0.128666,0.300421,1,0,,0,0,0,0,0,0,0,0,103808,104555,0,232,0
1712382,1,0,0.000190293,0.00756874,0.116557,0.293574,1,0,,0,0,0,0,0,0,0,0,103808,104555,0,232,0
1712482,1,0,0.000133205,0.00608164,0.105509,0.277795,1,0,,0,0,0,0,0,0,0,0,103808,104555,0,232,0
1712582,1,0,9.32435e-005,0.00488396,0.0954466,0.323098,1,0,,0,0,0,0,0,0,0,0,103808,104555,0,232,0
1712682,1,0,6.52704e-005,0.00392022,0.086294,0.349473,1,0,,0,0,0,0,0,0,0,0,103808,104555,0,232,0
1712782,1,0,4.56893e-005,0.00314531,0.0779791,0.301048,1,0,,0,0,0,0,0,0,0,0,103808,104555,0,232,0
1712882,1,15,4.50003,0.902523,0.160433,0.284395,1,0,,0,0,0,0,0,0,0,0,103808,104555,0,232,0
1712982,1,0,3.15002,1.35202,0.279592,0.311871,1,0,,0,0,0,0,0,0,0,0,103808,104555,0,232,0
1713082,1,0,2.20502,1.52262,0.403895,0.301895,1,0,,0,0,0,0,0,0,0,0,103808,104555,0,232,0
1713182,1,0,1.54351,1.5268,0.516186,0.291732,1,0,,0,0,0,0,0,0,0,0,103808,104555,0,232,0
1713282,1,0,1.08046,1.43753,0.60832,0.34977,1,0,,0,0,0,0,0,0,0,0,103808,104555,0,232,0
1713382,1,0,0.75632,1.30129,0.677617,0.298057,1,0,,0,0,0,0,0,0,0,0,103808,104555,0,232,0
1713482,1,0,0.529424,1.14692,0.724547,0.314481,1,0,,0,0,0,0,0,0,0,0,103808,104555,0,232,0
1713582,1,0,0.370597,0.991652,0.751257,0.328318,1,0,,0,0,0,0,0,0,0,0,103808,104555,0,232,0
1713682,1,0,0.259418,0.845205,0.760652,0.29003,1,0,,0,0,0,0,0,0,0,0,103808,104555,0,232,0
1713782,1,0,0.181593,0.712483,0.755835,0.309379,1,0,,0,0,0,0,0,0,0,0,103808,104555,0,232,0
1713882,1,0,0.127115,0.595409,0.739793,0.305317,1,0,,0,0,0,0,0,0,0,0,103808,104555,0,232,0
1713982,1,0,0.0889803,0.494123,0.715226,0.328679,1,0,,0,0,0,0,0,0,0,0,103808,104555,0,232,0
1714082,1,0,0.0622862,0.407756,0.684479,0.288317,1,0,,0,0,0,0,0,0,0,0,103808,104555,0,232,0
1714182,1,0,0.0436004,0.334925,0.649523,0.29438,1,0,,0,0,0,0,0,0,0,0,103808,104555,0,232,0
1714282,1,0,0.0305203,0.274044,0.611975,0.303591,1,0,,0,0,0,0,0,0,0,0,103808,104555,0,232,0
1714382,1,0,0.0213642,0.223508,0.573129,0.286852,1,0,,0,0,0,0,0,0,0,0,103808,104555,0,232,0
1714482,1,0,0.0149549,0.181797,0.533995,0.307803,1,0,,0,0,0,0,0,0,0,0,103808,104555,0,232,0
1714582,1,0,0.0104684,0.147532,0.495349,0.315239,1,0,,0,0,0,0,0,0,0,0,103808,104555,0,232,0
1714682,1,0,0.00732791,0.119491,0.457763,0.307002,1,0,,0,0,0,0,0,0,0,0,103808,104555,0,232,0
1714782,1,0,0.00512954,0.0966186,0.421649,0.328089,1,0,,0,0,0,0,0,0,0,0,103808,104555,0,232,0
1714882,1,0,0.00359068,0.078013,0.387285,0.29625,1,0,,0,0,0,0,0,0,0,0,103808,104555,0,232,0
1714982,1,0,0.00251347,0.0629131,0.354848,0.302777,1,0,,0,0,0,0,0,0,0,0,103808,104555,0,232,0
1715082,1,0,0.00175943,0.0506824,0.324431,0.300352,1,0,,0,0,0,0,0,0,0,0,103808,104555,0,232,0
1715182,1,0,0.0012316,0.0407922,0.296067,0.290202,1,0,,0,0,0,0,0,0,0,0,103808,104555,0,232,0
1715282,1,0,0.000862122,0.0328062,0.269741,0.348391,1,0,,0,0,0,0,0,0,0,0,103808,104555,0,232,0
1715382,1,0,0.000603485,0.0263657,0.245404,0.288778,1,0,,0,0,0,0,0,0,0,0,103808,104555,0,232,0
1715482,1,0,0.00042244,0.021177,0.222981,0.285041,1,0,,0,0,0,0,0,0,0,0,103808,104555,0,232,0
1715582,1,0,0.000295708,0.0170008,0.202383,0.297373,1,0,,0,0,0,0,0,0,0,0,103808,104555,0,232,0
1715682,1,0,0.000206995,0.013642,0.183509,0.323485,1,0,,0,0,0,0,0,0,0,0,103808,104555,0,232,0
1715782,1,0,0.000144897,0.0109426,0.166252,0.318273,1,0,,0,0,0,0,0,0,0,0,103808,104555,0,232,0
1715882,1,0,0.000101428,0.00877435,0.150504,0.324587,1,0,,0,0,0,0,0,0,0,0,103808,104555,0,232,0
1715982,1,0,7.09994e-005,0.00703368,0.136157,0.326048,1,0,,0,0,0,0,0,0,0,0,103808,104555,0,232,0
1716082,1,0,4.96996e-005,0.00563688,0.123105,0.286061,1,0,,0,0,0,0,0,0,0,0,103808,104555,0,232,0
1716182,1,0,3.47897e-005,0.00451647,0.111246,0.294235,1,0,,0,0,0,0,0,0,0,0,103808,104555,0,232,0
1716282,1,0,2.43528e-005,0.00361804,0.100484,0.313623,1,0,,0,0,0,0,0,0,0,0,103808,104555,0,232,0
1716382,1,0,1.7047e-005,0.00289784,0.090725,0.304997,1,0,,0,0,0,0,0,0,0,0,103808,104555,0,232,0
1716482,1,0,1.19329e-005,0.00232066,0.0818846,0.312185,1,0,,0,0,0,0,0,0,0,0,103808,104555,0,232,0
1716582,1,0,8.35301e-006,0.0018582,0.0738819,0.295884,1,0,,0,0,0,0,0,0,0,0,103808,104555,0,232,0
1716682,1,0,5.84711e-006,0.00148773,0.0666425,0.304422,1,0,,0,0,0,0,0,0,0,0,103808,104555,0,232,0
1716782,1,0,4.09297e-006,0.001191,0.0600974,0.336614,1,0,,0,0,0,0,0,0,0,0,103808,104555,0,232,0
1716882,1,15,4.5,0.900953,0.144183,0.275972,1,0,,0,0,0,0,0,0,0,0,103808,104555,0,232,0
1716982,1,0,3.15,1.35076,0.264841,0.296384,1,0,,0,0,0,0,0,0,0,0,103808,104555,0,232,0
1717082,1,0,2.205,1.52161,0.390518,0.306636,1,0,,0,0,0,0,0,0,0,0,103808,104555,0,232,0
1717182,1,0,1.5435,1.52599,0.504065,0.287438,1,0,,0,0,0,0,0,0,0,0,103808,104555,0,232,0
1717282,1,0,1.08045,1.43688,0.597347,0.281552,1,0,,0,0,0,0,0,0,0,0,103808,104555,0,232,0
1717382,1,0,0.756316,1.30077,0.667689,0.290357,1,0,,0,0,0,0,0,0,0,0,103808,104555,0,232,0
1717482,1,0,0.529421,1.1465,0.71557,0.315283,1,0,,0,0,0,0,0,0,0,0,103808,104555,0,232,0
1717582,1,0,0.370595,0.991318,0.743145,0.282945,1,0,,0,0,0,0,0,0,0,0,103808,104555,0,232,0
1717682,1,0,0.259416,0.844938,0.753324,0.29012,1,0,,0,0,0,0,0,0,0,0,103808,104555,0,232,0
1717782,1,0,0.181591,0.712268,0.749218,0.298444,1,0,,0,0,0,0,0,0,0,0,103808,104555,0,232,0
1717882,1,0,0.127114,0.595237,0.73382,0.323356,1,0,,0,0,0,0,0,0,0,0,103808,104555,0,232,0
1717982,1,0,0.0889798,0.493986,0.709837,0.321432,1,0,,0,0,0,0,0,0,0,0,103808,104555,0,232,0
1718082,1,0,0.0622858,0.407646,0.679618,0.269957,1,0,,0,0,0,0,0,0,0,0,103808,104555,0,232,0
1718182,1,0,0.0436001,0.334837,0.64514,0.263557,1,0,,0,0,0,0,0,0,0,0,103808,104555,0,232,0
1718282,1,0,0.0305201,0.273973,0.608023,0.296018,1,0,,0,0,0,0,0,0,0,0,103808,104555,0,232,0
1718382,1,0,0.021364,0.223452,0.569566,0.298108,1,0,,0,0,0,0,0,0,0,0,103808,104555,0,232,0
1718482,1,0,0.0149548,0.181752,0.530784,0.286921,1,0,,0,0,0,0,0,0,0,0,103808,104555,0,232,0
1718582,1,0,0.0104684,0.147495,0.492456,0.310371,1,0,,0,0,0,0,0,0,0,0,103808,104555,0,232,0
1718682,1,0,0.00732786,0.119462,0.455156,0.290523,1,0,,0,0,0,0,0,0,0,0,103808,104555,0,232,0
1718782,1,0,0.00512951,0.0965955,0.4193,0.32185,1,0,,0,0,0,0,0,0,0,0,103808,104555,0,232,0
1718882,1,0,0.00359065,0.0779945,0.38517,0.290012,1,0,,0,0,0,0,0,0,0,0,103808,104555,0,232,0
1718982,1,0,0.00251346,0.0628983,0.352942,0.300236,1,0,,0,0,0,0,0,0,0,0,103808,104555,0,232,0
1719082,1,0,0.00175942,0.0506705,0.322715,0.30736,1,0,,0,0,0,0,0,0,0,0,103808,104555,0,232,0
1719182,1,0,0.00123159,0.0407827,0.294522,0.311953,1,0,,0,0,0,0,0,0,0,0,103808,104555,0,232,0
1719282,1,0,0.000862116,0.0327986,0.26835,0.292316,1,0,,0,0,0,0,0,0,0,0,103808,104555,0,232,0
1719382,1,0,0.000603481,0.0263596,0.244151,0.289176,1,0,,0,0,0,0,0,0,0,0,103808,104555,0,232,0
1719482,1,0,0.000422437,0.0211722,0.221853,0.310251,1,0,,0,0,0,0,0,0,0,0,103808,104555,0,232,0
1719582,1,0,0.000295706,0.0169969,0.201367,0.293489,1,0,,0,0,0,0,0,0,0,0,103808,104555,0,232,0
1719682,1,0,0.000206994,0.0136389,0.182594,0.298353,1,0,,0,0,0,0,0,0,0,0,103808,104555,0,232,0
1719782,1,0,0.000144896,0.0109401,0.165429,0.271792,1,0,,0,0,0,0,0,0,0,0,103808,104555,0,232,0
1719882,1,0,0.000101427,0.00877236,0.149763,0.295391,1,0,,0,0,0,0,0,0,0,0,103808,104555,0,232,0
1719982,1,0,7.09989e-005,0.00703209,0.13549,0.283303,1,0,,0,0,0,0,0,0,0,0,103808,104555,0,232,0
1720082,1,0,4.96993e-005,0.00563561,0.122505,0.306116,1,0,,0,0,0,0,0,0,0,0,103808,104555,0,232,0
1720182,1,0,3.47895e-005,0.00451545,0.110706,0.293866,1,0,,0,0,0,0,0,0,0,0,103808,104555,0,232,0
1720282,1,0,2.43526e-005,0.00361723,0.0999969,0.298667,1,0,,0,0,0,0,0,0,0,0,103808,104555,0,232,0
1720382,1,0,1.70468e-005,0.00289719,0.0902869,0.33469,1,0,,0,0,0,0,0,0,0,0,103808,104555,0,232,0
1720482,1,0,1.19328e-005,0.00232014,0.0814902,0.304353,1,0,,0,0,0,0,0,0,0,0,103808,104555,0,232,0
1720582,1,0,8.35295e-006,0.00185778,0.073527,0.320191,1,0,,0,0,0,0,0,0,0,0,103808,104555,0,232,0
1720682,1,0,5.84707e-006,0.00148739,0.066323,0.286252,1,0,,0,0,0,0,0,0,0,0,103808,104555,0,232,0
1720782,1,0,4.09295e-006,0.00119073,0.0598098,0.274215,1,0,,0,0,0,0,0,0,0,0,103808,104555,0,232,0
1720882,1,15,4.5,0.900953,0.143924,0.288378,1,0,,0,0,0,0,0,0,0,0,103808,104555,0,232,0
1720982,1,0,3.15,1.35076,0.264608,0.320767,1,0,,0,0,0,0,0,0,0,0,103808,104555,0,232,0
1721082,1,0,2.205,1.52161,0.390308,0.307867,1,0,,0,0,0,0,0,0,0,0,103808,104555,0,232,0
1721182,1,0,1.5435,1.52599,0.503876,0.293495,1,0,,0,0,0,0,0,0,0,0,103808,104555,0,232,0
1721282,1,0,1.08045,1.43688,0.597177,0.294892,1,0,,0,0,0,0,0,0,0,0,103808,104555,0,232,0
1721382,1,0,0.756316,1.30077,0.667536,0.309532,1,0,,0,0,0,0,0,0,0,0,103808,104555,0,232,0
1721482,1,0,0.529421,1.1465,0.715432,0.289918,1,0,,0,0,0,0,0,0,0,0,103808,104555,0,232,0
1721582,1,0,0.370595,0.991318,0.743021,0.320557,1,0,,0,0,0,0,0,0,0,0,103808,104555,0,232,0
1721682,1,0,0.259416,0.844938,0.753213,0.327808,1,0,,0,0,0,0,0,0,0,0,103808,104555,0,232,0
1721782,1,0,0.181591,0.712268,0.749118,0.289433,1,0,,0,0,0,0,0,0,0,0,103808,104555,0,232,0
1721882,1,0,0.127114,0.595237,0.73373,0.36247,1,0,,0,0,0,0,0,0,0,0,103808,104555,0,232,0
1721982,1,0,0.0889798,0.493986,0.709756,0.288243,1,0,,0,0,0,0,0,0,0,0,103808,104555,0,232,0
1722082,1,0,0.0622858,0.407646,0.679545,0.336079,1,0,,0,0,0,0,0,0,0,0,103808,104555,0,232,0
1722182,1,0,0.0436001,0.334837,0.645074,0.339626,1,0,,0,0,0,0,0,0,0,0,103808,104555,0,232,0
1722282,1,0,0.0305201,0.273973,0.607964,0.306776,1,0,,0,0,0,0,0,0,0,0,103808,104555,0,232,0
1722382,1,0,0.021364,0.223452,0.569513,0.324176,1,0,,0,0,0,0,0,0,0,0,103808,104555,0,232,0
1722482,1,0,0.0149548,0.181752,0.530737,0.285938,1,0,,0,0,0,0,0,0,0,0,103808,104555,0,232,0
1722582,1,0,0.0104684,0.147495,0.492412,0.323413,1,0,,0,0,0,0,0,0,0,0,103808,104555,0,232,0
1722682,1,0,0.00732786,0.119462,0.455117,0.276387,1,0,,0,0,0,0,0,0,0,0,103808,104555,0,232,0
1722782,1,0,0.00512951,0.0965955,0.419265,0.290825,1,0,,0,0,0,0,0,0,0,0,103808,104555,0,232,0
1722882,1,0,0.00359065,0.0779945,0.385138,0.359649,1,0,,0,0,0,0,0,0,0,0,103808,104555,0,232,0
1722982,1,0,0.00251346,0.0628983,0.352914,0.311639,1,0,,0,0,0,0,0,0,0,0,103808,104555,0,232,0
1723082,1,0,0.00175942,0.0506705,0.32269,0.307653,1,0,,0,0,0,0,0,0,0,0,103808,104555,0,232,0
1723182,1,0,0.00123159,0.0407827,0.294499,0.312115,1,0,,0,0,0,0,0,0,0,0,103808,104555,0,232,0
1723282,1,0,0.000862116,0.0327986,0.268329,0.297964,1,0,,0,0,0,0,0,0,0,0,103808,104555,0,232,0
1723382,1,0,0.000603481,0.0263596,0.244132,0.300775,1,0,,0,0,0,0,0,0,0,0,103808,104555,0,232,0
1723482,1,0,0.000422437,0.0211722,0.221836,0.289937,1,0,,0,0,0,0,0,0,0,0,103808,104555,0,232,0
1723582,1,0,0.000295706,0.0169969,0.201352,0.292376,1,0,,0,0,0,0,0,0,0,0,103808,104555,0,232,0
1723682,1,0,0.000206994,0.0136389,0.182581,0.302962,1,0,,0,0,0,0,0,0,0,0,103808,104555,0,232,0
1723782,1,0,0.000144896,0.0109401,0.165417,0.296162,1,0,,0,0,0,0,0,0,0,0,103808,104555,0,232,0
1723882,1,0,0.000101427,0.00877236,0.149752,0.306062,1,0,,0,0,0,0,0,0,0,0,103808,104555,0,232,0
1723982,1,0,7.09989e-005,0.00703209,0.13548,0.346188,1,0,,0,0,0,0,0,0,0,0,103808,104555,0,232,0
1724082,1,0,4.96993e-005,0.00563561,0.122496,0.295,1,0,,0,0,0,0,0,0,0,0,103808,104555,0,232,0
1724182,1,0,3.47895e-005,0.00451545,0.110698,0.303274,1,0,,0,0,0,0,0,0,0,0,103808,104555,0,232,0
1724282,1,0,2.43526e-005,0.00361723,0.0999897,0.303598,1,0,,0,0,0,0,0,0,0,0,103808,104555,0,232,0
1724382,1,0,1.70468e-005,0.00289719,0.0902804,0.303022,1,0,,0,0,0,0,0,0,0,0,103808,104555,0,232,0
1724482,1,0,1.19328e-005,0.00232014,0.0814844,0.29866,1,0,,0,0,0,0,0,0,0,0,103808,104555,0,232,0
1724582,1,0,8.35295e-006,0.00185778,0.0735217,0.302055,1,0,,0,0,0,0,0,0,0,0,103808,104555,0,232,0
1724682,1,0,5.84707e-006,0.00148739,0.0663183,0.303041,1,0,,0,0,0,0,0,0,0,0,103808,104555,0,232,0
1724782,1,16,4.8,0.961191,0.155806,0.29088,1,0,,0,0,0,0,0,0,0,0,103808,104555,0,232,0
1724882,1,0,3.36,1.44095,0.28432,0.34963,1,0,,0,0,0,0,0,0,0,0,103808,104555,0,232,0
1724982,1,0,2.352,1.62316,0.418205,0.317442,1,0,,0,0,0,0,0,0,0,0,103808,104555,0,232,0
1725082,1,0,1.6464,1.62781,0.539165,0.28913,1,0,,0,0,0,0,0,0,0,0,103808,104555,0,232,0
1725182,1,0,1.15248,1.53274,0.638523,0.314206,1,0,,0,0,0,0,0,0,0,0,103808,104555,0,232,0
1725282,1,0,0.806737,1.38754,0.713425,0.317742,1,0,,0,0,0,0,0,0,0,0,103808,104555,0,232,0
1725382,1,0,0.564716,1.22298,0.76438,0.300928,1,0,,0,0,0,0,0,0,0,0,103808,104555,0,232,0
1725482,1,0,0.395301,1.05744,0.793687,0.282991,1,0,,0,0,0,0,0,0,0,0,103808,104555,0,232,0
1725582,1,0,0.276711,0.901296,0.804447,0.295892,1,0,,0,0,0,0,0,0,0,0,103808,104555,0,232,0
1725682,1,0,0.193697,0.759776,0.79998,0.288669,1,0,,0,0,0,0,0,0,0,0,103808,104555,0,232,0
1725782,1,0,0.135588,0.634939,0.783476,0.293848,1,0,,0,0,0,0,0,0,0,0,103808,104555,0,232,0
1725882,1,0,0.0949118,0.526933,0.757822,0.294273,1,0,,0,0,0,0,0,0,0,0,103808,104555,0,232,0
1725982,1,0,0.0664382,0.434834,0.725523,0.299597,1,0,,0,0,0,0,0,0,0,0,103808,104555,0,232,0
1726082,1,0,0.0465068,0.357169,0.688688,0.310761,1,0,,0,0,0,0,0,0,0,0,103808,104555,0,232,0
1726182,1,0,0.0325547,0.292246,0.649043,0.314373,1,0,,0,0,0,0,0,0,0,0,103808,104555,0,232,0
1726282,1,0,0.0227883,0.238354,0.607975,0.331135,1,0,,0,0,0,0,0,0,0,0,103808,104555,0,232,0
1726382,1,0,0.0159518,0.193874,0.566565,0.324432,1,0,,0,0,0,0,0,0,0,0,103808,104555,0,232,0
1726482,1,0,0.0111663,0.157332,0.525641,0.292433,1,0,,0,0,0,0,0,0,0,0,103808,104555,0,232,0
1726582,1,0,0.00781639,0.127429,0.48582,0.32643,1,0,,0,0,0,0,0,0,0,0,103808,104555,0,232,0
1726682,1,0,0.00547147,0.103038,0.447542,0.296056,1,0,,0,0,0,0,0,0,0,0,103808,104555,0,232,0
1726782,1,0,0.00383003,0.0831961,0.411107,0.275143,1,0,,0,0,0,0,0,0,0,0,103808,104555,0,232,0
1726882,1,0,0.00268102,0.0670931,0.376706,0.344605,1,0,,0,0,0,0,0,0,0,0,103808,104555,0,232,0
1726982,1,0,0.00187672,0.0540498,0.34444,0.310004,1,0,,0,0,0,0,0,0,0,0,103808,104555,0,232,0
1727082,1,0,0.0013137,0.0435026,0.314346,0.330655,1,0,,0,0,0,0,0,0,0,0,103808,104555,0,232,0
1727182,1,0,0.000919591,0.034986,0.28641,0.296618,1,0,,0,0,0,0,0,0,0,0,103808,104555,0,232,0
1727282,1,0,0.000643713,0.0281175,0.260581,0.334205,1,0,,0,0,0,0,0,0,0,0,103808,104555,0,232,0
1727382,1,0,0.000450599,0.0225842,0.236781,0.311204,1,0,,0,0,0,0,0,0,0,0,103808,104555,0,232,0
1727482,1,0,0.00031542,0.0181304,0.214916,0.293292,1,0,,0,0,0,0,0,0,0,0,103808,104555,0,232,0
1727582,1,0,0.000220794,0.0145485,0.19488,0.317165,1,0,,0,0,0,0,0,0,0,0,103808,104555,0,232,0
1727682,1,0,0.000154556,0.0116697,0.176559,0.290425,1,0,,0,0,0,0,0,0,0,0,103808,104555,0,232,0
1727782,1,0,0.000108189,0.0093574,0.159838,0.306439,1,0,,0,0,0,0,0,0,0,0,103808,104555,0,232,0
1727882,1,0,7.57322e-005,0.00750107,0.144605,0.292263,1,0,,0,0,0,0,0,0,0,0,103808,104555,0,232,0
1727982,1,0,5.30126e-005,0.00601146,0.130745,0.337513,1,0,,0,0,0,0,0,0,0,0,103808,104555,0,232,0
1728082,1,0,3.71088e-005,0.00481659,0.118152,0.308,1,0,,0,0,0,0,0,0,0,0,103808,104555,0,232,0
1728182,1,0,2.59762e-005,0.00385846,0.106723,0.294828,1,0,,0,0,0,0,0,0,0,0,103808,104555,0,232,0
1728282,1,0,1.81833e-005,0.00309041,0.0963598,0.366791,1,0,,0,0,0,0,0,0,0,0,103808,104555,0,232,0
1728382,1,0,1.27283e-005,0.00247487,0.0869713,0.32254,1,0,,0,0,0,0,0,0,0,0,103808,104555,0,232,0
1728482,1,0,8.90982e-006,0.00198168,0.0784723,0.314915,1,0,,0,0,0,0,0,0,0,0,103808,104555,0,232,0
1728582,1,0,6.23687e-006,0.00158659,0.0707838,0.320838,1,0,,0,0,0,0,0,0,0,0,103808,104555,0,232,0
1728682,1,0,4.36581e-006,0.00127015,0.0638324,0.320612,1,0,,0,0,0,0,0,0,0,0,103808,104555,0,232,0
1728782,1,15,4.5,0.901017,0.147551,0.300863,1,0,,0,0,0,0,0,0,0,0,103808,104555,0,232,0
1728882,1,0,3.15,1.35081,0.267877,0.320213,1,0,,0,0,0,0,0,0,0,0,103808,104555,0,232,0
1728982,1,0,2.205,1.52165,0.393255,0.316213,1,0,,0,0,0,0,0,0,0,0,103808,104555,0,232,0
1729082,1,0,1.5435,1.52602,0.506531,0.323539,1,0,,0,0,0,0,0,0,0,0,103808,104555,0,232,0
1729182,1,0,1.08045,1.43691,0.599569,0.324353,1,0,,0,0,0,0,0,0,0,0,103808,104555,0,232,0
1729282,1,0,0.756316,1.30079,0.669691,0.28229,1,0,,0,0,0,0,0,0,0,0,103808,104555,0,232,0
1729382,1,0,0.529421,1.14652,0.717373,0.293564,1,0,,0,0,0,0,0,0,0,0,103808,104555,0,232,0
1729482,1,0,0.370595,0.991331,0.744769,0.333314,1,0,,0,0,0,0,0,0,0,0,103808,104555,0,232,0
1729582,1,0,0.259416,0.844948,0.754787,0.311487,1,0,,0,0,0,0,0,0,0,0,103808,104555,0,232,0
1729682,1,0,0.181591,0.712277,0.750536,0.282724,1,0,,0,0,0,0,0,0,0,0,103808,104555,0,232,0
1729782,1,0,0.127114,0.595244,0.735007,0.315712,1,0,,0,0,0,0,0,0,0,0,103808,104555,0,232,0
1729882,1,0,0.0889798,0.493991,0.710905,0.301062,1,0,,0,0,0,0,0,0,0,0,103808,104555,0,232,0
1729982,1,0,0.0622858,0.40765,0.68058,0.339845,1,0,,0,0,0,0,0,0,0,0,103808,104555,0,232,0
1730082,1,0,0.0436001,0.33484,0.646006,0.315869,1,0,,0,0,0,0,0,0,0,0,103808,104555,0,232,0
1730182,1,0,0.0305201,0.273976,0.608803,0.29807,1,0,,0,0,0,0,0,0,0,0,103808,104555,0,232,0
1730282,1,0,0.021364,0.223454,0.570268,0.338268,1,0,,0,0,0,0,0,0,0,0,103808,104555,0,232,0
1730382,1,0,0.0149548,0.181754,0.531416,0.306506,1,0,,0,0,0,0,0,0,0,0,103808,104555,0,232,0
1730482,1,0,0.0104684,0.147497,0.493024,0.325631,1,0,,0,0,0,0,0,0,0,0,103808,104555,0,232,0
1730582,1,0,0.00732786,0.119463,0.455668,0.309818,1,0,,0,0,0,0,0,0,0,0,103808,104555,0,232,0
1730682,1,0,0.00512951,0.0965964,0.419761,0.309179,1,0,,0,0,0,0,0,0,0,0,103808,104555,0,232,0
1730782,1,0,0.00359065,0.0779952,0.385585,0.319991,1,0,,0,0,0,0,0,0,0,0,103808,104555,0,232,0
1730882,1,0,0.00251346,0.0628989,0.353316,0.322117,1,0,,0,0,0,0,0,0,0,0,103808,104555,0,232,0
1730982,1,0,0.00175942,0.050671,0.323052,0.30323,1,0,,0,0,0,0,0,0,0,0,103808,104555,0,232,0
1731082,1,0,0.00123159,0.0407831,0.294825,0.294868,1,0,,0,0,0,0,0,0,0,0,103808,104555,0,232,0
1731182,1,0,0.000862116,0.0327989,0.268622,0.136585,1,0,,0,0,0,0,0,0,0,0,103808,104555,0,232,0
1731282,1,0,0.000603481,0.0263598,0.244396,0.298848,1,0,,0,0,0,0,0,0,0,0,103808,104555,0,232,0
1731382,1,0,0.000422437,0.0211723,0.222073,0.293959,1,0,,0,0,0,0,0,0,0,0,103808,104555,0,232,0
1731482,1,0,0.000295706,0.016997,0.201566,0.29477,1,0,,0,0,0,0,0,0,0,0,103808,104555,0,232,0
1731582,1,0,0.000206994,0.013639,0.182773,0.295871,1,0,,0,0,0,0,0,0,0,0,103808,104555,0,232,0
1731682,1,0,0.000144896,0.0109402,0.16559,0.321383,1,0,,0,0,0,0,0,0,0,0,103808,104555,0,232,0
1731782,1,0,0.000101427,0.00877244,0.149908,0.302705,1,0,,0,0,0,0,0,0,0,0,103808,104555,0,232,0
1731882,1,0,7.09989e-005,0.00703215,0.135621,0.285943,1,0,,0,0,0,0,0,0,0,0,103808,104555,0,232,0
1731982,1,0,4.96993e-005,0.00563566,0.122622,0.296291,1,0,,0,0,0,0,0,0,0,0,103808,104555,0,232,0
1732082,1,0,3.47895e-005,0.00451549,0.110811,0.282642,1,0,,0,0,0,0,0,0,0,0,103808,104555,0,232,0
1732182,1,0,2.43526e-005,0.00361726,0.100092,0.302904,1,0,,0,0,0,0,0,0,0,0,103808,104555,0,232,0
1732282,1,0,1.70468e-005,0.00289722,0.0903725,0.278892,1,0,,0,0,0,0,0,0,0,0,103808,104555,0,232,0
1732382,1,0,1.19328e-005,0.00232016,0.0815673,0.297504,1,0,,0,0,0,0,0,0,0,0,103808,104555,0,232,0
1732482,1,0,8.35295e-006,0.0018578,0.0735963,0.290628,1,0,,0,0,0,0,0,0,0,0,103808,104555,0,232,0
1732582,1,0,5.84707e-006,0.00148741,0.0663854,0.301091,1,0,,0,0,0,0,0,0,0,0,103808,104555,0,232,0
1732682,1,16,4.8,0.961191,0.155866,0.318428,1,0,,0,0,0,0,0,0,0,0,103808,104555,0,232,0
1732782,1,0,3.36,1.44095,0.284375,0.324152,1,0,,0,0,0,0,0,0,0,0,103808,104555,0,232,0
1732882,1,0,2.352,1.62316,0.418254,0.281675,1,0,,0,0,0,0,0,0,0,0,103808,104555,0,232,0
1732982,1,0,1.6464,1.62781,0.539209,0.298702,1,0,,0,0,0,0,0,0,0,0,103808,104555,0,232,0
1733082,1,0,1.15248,1.53274,0.638563,0.302352,1,0,,0,0,0,0,0,0,0,0,103808,104555,0,232,0
1733182,1,0,0.806737,1.38754,0.713461,0.296365,1,0,,0,0,0,0,0,0,0,0,103808,104555,0,232,0
1733282,1,0,0.564716,1.22298,0.764412,0.311226,1,0,,0,0,0,0,0,0,0,0,103808,104555,0,232,0
1733382,1,0,0.395301,1.05744,0.793715,0.296777,1,0,,0,0,0,0,0,0,0,0,103808,104555,0,232,0
1733482,1,0,0.276711,0.901296,0.804473,0.289063,1,0,,0,0,0,0,0,0,0,0,103808,104555,0,232,0
1733582,1,0,0.193697,0.759776,0.800004,0.301437,1,0,,0,0,0,0,0,0,0,0,103808,104555,0,232,0
1733682,1,0,0.135588,0.634939,0.783497,0.284624,1,0,,0,0,0,0,0,0,0,0,103808,104555,0,232,0
1733782,1,0,0.0949118,0.526933,0.757841,0.298663,1,0,,0,0,0,0,0,0,0,0,103808,104555,0,232,0
1733882,1,0,0.0664382,0.434834,0.72554,0.305749,1,0,,0,0,0,0,0,0,0,0,103808,104555,0,232,0
1733982,1,0,0.0465068,0.357169,0.688703,0.284351,1,0,,0,0,0,0,0,0,0,0,103808,104555,0,232,0
1734082,1,0,0.0325547,0.292246,0.649057,0.291236,1,0,,0,0,0,0,0,0,0,0,103808,104555,0,232,0
1734182,1,0,0.0227883,0.238354,0.607987,0.276287,1,0,,0,0,0,0,0,0,0,0,103808,104555,0,232,0
1734282,1,0,0.0159518,0.193874,0.566576,0.381313,1,0,,0,0,0,0,0,0,0,0,103808,104555,0,232,0
1734382,1,0,0.0111663,0.157332,0.525651,0.285961,1,0,,0,0,0,0,0,0,0,0,103808,104555,0,232,0
1734482,1,0,0.00781639,0.127429,0.485829,0.318786,1,0,,0,0,0,0,0,0,0,0,103808,104555,0,232,0
1734582,1,0,0.00547147,0.103038,0.44755,0.322124,1,0,,0,0,0,0,0,0,0,0,103808,104555,0,232,0
1734682,1,0,0.00383003,0.0831961,0.411115,0.281162,1,0,,0,0,0,0,0,0,0,0,103808,104555,0,232,0
1734782,1,0,0.00268102,0.0670931,0.376712,0.282365,1,0,,0,0,0,0,0,0,0,0,103808,104555,0,232,0
1734882,1,0,0.00187672,0.0540498,0.344446,0.29224,1,0,,0,0,0,0,0,0,0,0,103808,104555,0,232,0
1734982,1,0,0.0013137,0.0435026,0.314352,0.282228,1,0,,0,0,0,0,0,0,0,0,103808,104555,0,232,0
1735082,1,0,0.000919591,0.034986,0.286415,0.34044,1,0,,0,0,0,0,0,0,0,0,103808,104555,0,232,0
1735182,1,0,0.000643713,0.0281175,0.260585,0.295541,1,0,,0,0,0,0,0,0,0,0,103808,104555,0,232,0
1735282,1,0,0.000450599,0.0225842,0.236785,0.297666,1,0,,0,0,0,0,0,0,0,0,103808,104555,0,232,0
1735382,1,0,0.00031542,0.0181304,0.21492,0.296537,1,0,,0,0,0,0,0,0,0,0,103808,104555,0,232,0
1735482,1,0,0.000220794,0.0145485,0.194883,0.288123,1,0,,0,0,0,0,0,0,0,0,103808,104555,0,232,0
1735582,1,0,0.000154556,0.0116697,0.176561,0.306809,1,0,,0,0,0,0,0,0,0,0,103808,104555,0,232,0
1735682,1,0,0.000108189,0.0093574,0.159841,0.326198,1,0,,0,0,0,0,0,0,0,0,103808,104555,0,232,0
1735782,1,0,7.57322e-005,0.00750107,0.144607,0.322446,1,0,,0,0,0,0,0,0,0,0,103808,104555,0,232,0
1735882,1,0,5.30126e-005,0.00601146,0.130747,0.302283,1,0,,0,0,0,0,0,0,0,0,103808,104555,0,232,0
1735982,1,0,3.71088e-005,0.00481659,0.118154,0.301295,1,0,,0,0,0,0,0,0,0,0,103808,104555,0,232,0
1736082,1,0,2.59762e-005,0.00385846,0.106725,0.312296,1,0,,0,0,0,0,0,0,0,0,103808,104555,0,232,0
1736182,1,0,1.81833e-005,0.00309041,0.0963613,0.313298,1,0,,0,0,0,0,0,0,0,0,103808,104555,0,232,0
1736282,1,0,1.27283e-005,0.00247487,0.0869726,0.316659,1,0,,0,0,0,0,0,0,0,0,103808,104555,0,232,0
1736382,1,0,8.90982e-006,0.00198168,0.0784735,0.308347,1,0,,0,0,0,0,0,0,0,0,103808,104555,0,232,0
1736482,1,0,6.23687e-006,0.00158659,0.0707849,0.312547,1,0,,0,0,0,0,0,0,0,0,103808,104555,0,232,0
1736582,1,0,4.36581e-006,0.00127015,0.0638334,0.303635,1,0,,0,0,0,0,0,0,0,0,103808,104555,0,232,0
1736682,1,14,4.2,0.841017,0.141552,0.294516,1,0,,0,0,0,0,0,0,0,0,103808,104555,0,232,0
1736782,1,0,2.94,1.26081,0.253478,0.26723,1,0,,0,0,0,0,0,0,0,0,103808,104555,0,232,0
1736882,1,0,2.058,1.42025,0.370155,0.320968,1,0,,0,0,0,0,0,0,0,0,103808,104555,0,232,0
1736982,1,0,1.4406,1.42432,0.475572,0.304116,1,0,,0,0,0,0,0,0,0,0,103808,104555,0,232,0
1737082,1,0,1.00842,1.34114,0.562129,0.296268,1,0,,0,0,0,0,0,0,0,0,103808,104555,0,232,0
1737182,1,0,0.705894,1.21409,0.627325,0.294117,1,0,,0,0,0,0,0,0,0,0,103808,104555,0,232,0
1737282,1,0,0.494126,1.0701,0.671602,0.322493,1,0,,0,0,0,0,0,0,0,0,103808,104555,0,232,0
1737382,1,0,0.345888,0.925257,0.696968,0.298655,1,0,,0,0,0,0,0,0,0,0,103808,104555,0,232,0
1737482,1,0,0.242122,0.78863,0.706134,0.305755,1,0,,0,0,0,0,0,0,0,0,103808,104555,0,232,0
1737582,1,0,0.169485,0.664801,0.702001,0.292079,1,0,,0,0,0,0,0,0,0,0,103808,104555,0,232,0
1737682,1,0,0.11864,0.555569,0.687357,0.296703,1,0,,0,0,0,0,0,0,0,0,103808,104555,0,232,0
1737782,1,0,0.0830478,0.461065,0.664728,0.30354,1,0,,0,0,0,0,0,0,0,0,103808,104555,0,232,0
1737882,1,0,0.0581334,0.380478,0.636303,0.280039,1,0,,0,0,0,0,0,0,0,0,103808,104555,0,232,0
1737982,1,0,0.0406934,0.312521,0.603925,0.326451,1,0,,0,0,0,0,0,0,0,0,103808,104555,0,232,0
1738082,1,0,0.0284854,0.255714,0.569104,0.305028,1,0,,0,0,0,0,0,0,0,0,103808,104555,0,232,0
1738182,1,0,0.0199398,0.208559,0.533049,0.320452,1,0,,0,0,0,0,0,0,0,0,103808,104555,0,232,0
1738282,1,0,0.0139578,0.169639,0.496708,0.325578,1,0,,0,0,0,0,0,0,0,0,103808,104555,0,232,0
1738382,1,0,0.00977049,0.137665,0.460804,0.293024,1,0,,0,0,0,0,0,0,0,0,103808,104555,0,232,0
1738482,1,0,0.00683934,0.1115,0.425874,0.291811,1,0,,0,0,0,0,0,0,0,0,103808,104555,0,232,0
1738582,1,0,0.00478754,0.0901576,0.392302,0.30525,1,0,,0,0,0,0,0,0,0,0,103808,104555,0,232,0
1738682,1,0,0.00335128,0.0727963,0.360351,0.309173,1,0,,0,0,0,0,0,0,0,0,103808,104555,0,232,0
1738782,1,0,0.00234589,0.0587062,0.330187,0.294287,1,0,,0,0,0,0,0,0,0,0,103808,104555,0,232,0
1738882,1,0,0.00164213,0.0472934,0.301898,0.311223,1,0,,0,0,0,0,0,0,0,0,103808,104555,0,232,0
1738982,1,1,0.301149,0.0980646,0.281514,0.287114,1,0,,0,0,0,0,0,0,0,0,103808,104555,0,232,0
1739082,1,0,0.210805,0.120613,0.265424,0.300501,1,0,,0,0,0,0,0,0,0,0,103808,104555,0,232,0
1739182,1,0,0.147563,0.126003,0.251482,0.300451,1,0,,0,0,0,0,0,0,0,0,103808,104555,0,232,0
1739282,1,0,0.103294,0.121461,0.23848,0.301964,1,0,,0,0,0,0,0,0,0,0,103808,104555,0,232,0
1739382,1,0,0.072306,0.11163,0.225795,0.278788,1,0,,0,0,0,0,0,0,0,0,103808,104555,0,232,0
1739482,1,0,0.0506142,0.0994269,0.213158,0.336577,1,0,,0,0,0,0,0,0,0,0,103808,104555,0,232,0
1739582,1,0,0.0354299,0.0866275,0.200505,0.307413,1,0,,0,0,0,0,0,0,0,0,103808,104555,0,232,0
1739682,1,0,0.024801,0.0742622,0.187881,0.284412,1,0,,0,0,0,0,0,0,0,0,103808,104555,0,232,0
1739782,1,0,0.0173607,0.0628819,0.175381,0.287134,1,0,,0,0,0,0,0,0,0,0,103808,104555,0,232,0
1739882,1,0,0.0121525,0.052736,0.163116,0.347172,1,0,,0,0,0,0,0,0,0,0,103808,104555,0,232,0
1739982,1,0,0.00850673,0.0438901,0.151194,0.288873,1,0,,0,0,0,0,0,0,0,0,103808,104555,0,232,0
1740082,1,0,0.00595471,0.0363031,0.139705,0.329149,1,0,,0,0,0,0,0,0,0,0,103808,104555,0,232,0
1740182,1,0,0.0041683,0.0298761,0.128722,0.289659,1,0,,0,0,0,0,0,0,0,0,103808,104555,0,232,0
1740282,1,0,0.00291781,0.0244844,0.118298,0.283548,1,0,,0,0,0,0,0,0,0,0,103808,104555,0,232,0
1740382,1,0,0.00204247,0.0199961,0.108468,0.301738,1,0,,0,0,0,0,0,0,0,0,103808,104555,0,232,0
1740482,1,0,0.00142973,0.0162828,0.0992494,0.313275,1,0,,0,0,0,0,0,0,0,0,103808,104555,0,232,0
1740582,1,0,0.00100081,0.0132264,0.0906471,0.318175,1,0,,0,0,0,0,0,0,0,0,103808,104555,0,232,0
1740682,1,14,4.2007,0.850721,0.166654,0.30085,1,0,,0,0,0,0,0,0,0,0,103808,104555,0,232,0
1740782,1,0,2.94049,1.26868,0.276857,0.323688,1,0,,0,0,0,0,0,0,0,0,103808,104555,0,232,0
1740882,1,0,2.05834,1.42661,0.391832,0.320827,1,0,,0,0,0,0,0,0,0,0,103808,104555,0,232,0
1740982,1,0,1.44084,1.42946,0.495594,0.315377,1,0,,0,0,0,0,0,0,0,0,103808,104555,0,232,0
1741082,1,0,1.00859,1.34528,0.580563,0.283126,1,0,,0,0,0,0,0,0,0,0,103808,104555,0,232,0
1741182,1,0,0.706012,1.21743,0.644249,0.310565,1,0,,0,0,0,0,0,0,0,0,103808,104555,0,232,0
1741282,1,0,0.494208,1.07278,0.687103,0.308852,1,0,,0,0,0,0,0,0,0,0,103808,104555,0,232,0
1741382,1,0,0.345946,0.927416,0.711134,0.294238,1,0,,0,0,0,0,0,0,0,0,103808,104555,0,232,0
1741482,1,0,0.242162,0.790365,0.719057,0.287214,1,0,,0,0,0,0,0,0,0,0,103808,104555,0,232,0
1741582,1,0,0.169513,0.666195,0.713771,0.315751,1,0,,0,0,0,0,0,0,0,0,103808,104555,0,232,0
1741682,1,0,0.118659,0.556688,0.698063,0.287539,1,0,,0,0,0,0,0,0,0,0,103808,104555,0,232,0
1741782,1,0,0.0830616,0.461963,0.674453,0.325502,1,0,,0,0,0,0,0,0,0,0,103808,104555,0,232,0
1741882,1,0,0.0581431,0.381199,0.645127,0.351716,1,0,,0,0,0,0,0,0,0,0,103808,104555,0,232,0
1741982,1,0,0.0407002,0.313099,0.611924,0.304538,1,0,,0,0,0,0,0,0,0,0,103808,104555,0,232,0
1742082,1,0,0.0284901,0.256177,0.57635,0.303926,1,0,,0,0,0,0,0,0,0,0,103808,104555,0,232,0
1742182,1,0,0.0199431,0.20893,0.539608,0.305563,1,0,,0,0,0,0,0,0,0,0,103808,104555,0,232,0
1742282,1,0,0.0139602,0.169936,0.502641,0.276388,1,0,,0,0,0,0,0,0,0,0,103808,104555,0,232,0
1742382,1,0,0.00977211,0.137904,0.466167,0.293712,1,0,,0,0,0,0,0,0,0,0,103808,104555,0,232,0
1742482,1,0,0.00684048,0.111691,0.430719,0.327563,1,0,,0,0,0,0,0,0,0,0,103808,104555,0,232,0
1742582,1,0,0.00478833,0.0903104,0.396678,0.320409,1,0,,0,0,0,0,0,0,0,0,103808,104555,0,232,0
1742682,1,0,0.00335183,0.0729187,0.364302,0.337585,1,0,,0,0,0,0,0,0,0,0,103808,104555,0,232,0
1742782,1,0,0.00234628,0.0588042,0.333753,0.305071,1,0,,0,0,0,0,0,0,0,0,103808,104555,0,232,0
1742882,1,0,0.0016424,0.0473719,0.305115,0.290023,1,0,,0,0,0,0,0,0,0,0,103808,104555,0,232,0
1742982,1,0,0.00114968,0.0381274,0.278416,0.294198,1,0,,0,0,0,0,0,0,0,0,103808,104555,0,232,0
1743082,1,0,0.000804775,0.0306629,0.253641,0.319199,1,0,,0,0,0,0,0,0,0,0,103808,104555,0,232,0
1743182,1,0,0.000563343,0.024643,0.230741,0.283474,1,0,,0,0,0,0,0,0,0,0,103808,104555,0,232,0
1743282,1,0,0.00039434,0.0197933,0.209646,0.335724,1,0,,0,0,0,0,0,0,0,0,103808,104555,0,232,0
1743382,1,0,0.000276038,0.0158898,0.19027,0.336322,1,0,,0,0,0,0,0,0,0,0,103808,104555,0,232,0
1743482,1,0,0.000193227,0.0127505,0.172518,0.293085,1,0,,0,0,0,0,0,0,0,0,103808,104555,0,232,0
1743582,1,0,0.000135259,0.0102274,0.156289,0.295674,1,0,,0,0,0,0,0,0,0,0,103808,104555,0,232,0
1743682,1,0,9.4681e-005,0.00820089,0.14148,0.297861,1,0,,0,0,0,0,0,0,0,0,103808,104555,0,232,0
1743782,1,0,6.62767e-005,0.00657397,0.12799,0.29976,1,0,,0,0,0,0,0,0,0,0,103808,104555,0,232,0
1743882,1,0,4.63937e-005,0.00526846,0.115718,0.294974,1,0,,0,0,0,0,0,0,0,0,103808,104555,0,232,0
1743982,1,0,3.24756e-005,0.00422126,0.104568,0.313201,1,0,,0,0,0,0,0,0,0,0,103808,104555,0,232,0
1744082,1,0,2.27329e-005,0.00338155,0.0944494,0.285013,1,0,,0,0,0,0,0,0,0,0,103808,104555,0,232,0
1744182,1,0,1.5913e-005,0.00270843,0.0852753,0.337077,1,0,,0,0,0,0,0,0,0,0,103808,104555,0,232,0
1744282,1,0,1.11391e-005,0.00216897,0.0769646,0.374901,1,0,,0,0,0,0,0,0,0,0,103808,104555,0,232,0
1744382,1,0,7.79738e-006,0.00173673,0.0694418,0.339177,1,0,,0,0,0,0,0,0,0,0,103808,104555,0,232,0
1744482,1,0,5.45817e-006,0.00139048,0.0626367,0.348103,1,0,,0,0,0,0,0,0,0,0,103808,104555,0,232,0
1744582,1,16,4.8,0.961113,0.152484,0.305463,1,0,,0,0,0,0,0,0,0,0,103808,104555,0,232,0
1744682,1,0,3.36,1.44089,0.281325,0.303062,1,0,,0,0,0,0,0,0,0,0,103808,104555,0,232,0
1744782,1,0,2.352,1.62311,0.415504,0.321063,1,0,,0,0,0,0,0,0,0,0,103808,104555,0,232,0
1744882,1,0,1.6464,1.62777,0.536731,0.294587,1,0,,0,0,0,0,0,0,0,0,103808,104555,0,232,0
1744982,1,0,1.15248,1.53271,0.636329,0.336936,1,0,,0,0,0,0,0,0,0,0,103808,104555,0,232,0
1745082,1,0,0.806737,1.38752,0.711448,0.29975,1,0,,0,0,0,0,0,0,0,0,103808,104555,0,232,0
1745182,1,0,0.564716,1.22296,0.762599,0.27434,1,0,,0,0,0,0,0,0,0,0,103808,104555,0,232,0
1745282,1,0,0.395301,1.05743,0.792081,0.33069,1,0,,0,0,0,0,0,0,0,0,103808,104555,0,232,0
1745382,1,0,0.276711,0.901283,0.803002,0.28299,1,0,,0,0,0,0,0,0,0,0,103808,104555,0,232,0
1745482,1,0,0.193697,0.759766,0.798678,0.297842,1,0,,0,0,0,0,0,0,0,0,103808,104555,0,232,0
1745582,1,0,0.135588,0.63493,0.782303,0.291153,1,0,,0,0,0,0,0,0,0,0,103808,104555,0,232,0
1745682,1,0,0.0949117,0.526927,0.756766,0.310641,1,0,,0,0,0,0,0,0,0,0,103808,104555,0,232,0
1745782,1,0,0.0664382,0.434829,0.724572,0.291279,1,0,,0,0,0,0,0,0,0,0,103808,104555,0,232,0
1745882,1,0,0.0465067,0.357165,0.687831,0.336828,1,0,,0,0,0,0,0,0,0,0,103808,104555,0,232,0
1745982,1,0,0.0325547,0.292243,0.648272,0.312741,1,0,,0,0,0,0,0,0,0,0,103808,104555,0,232,0
1746082,1,0,0.0227883,0.238352,0.60728,0.304416,1,0,,0,0,0,0,0,0,0,0,103808,104555,0,232,0
1746182,1,0,0.0159518,0.193872,0.565939,0.303833,1,0,,0,0,0,0,0,0,0,0,103808,104555,0,232,0
1746282,1,0,0.0111663,0.157331,0.525079,0.309733,1,0,,0,0,0,0,0,0,0,0,103808,104555,0,232,0
1746382,1,0,0.00781639,0.127428,0.485313,0.326132,1,0,,0,0,0,0,0,0,0,0,103808,104555,0,232,0
1746482,1,0,0.00547147,0.103037,0.447086,0.318381,1,0,,0,0,0,0,0,0,0,0,103808,104555,0,232,0
1746582,1,0,0.00383003,0.0831952,0.410697,0.318282,1,0,,0,0,0,0,0,0,0,0,103808,104555,0,232,0
1746682,1,0,0.00268102,0.0670924,0.376336,0.324619,1,0,,0,0,0,0,0,0,0,0,103808,104555,0,232,0
1746782,1,0,0.00187671,0.0540493,0.344108,0.294545,1,0,,0,0,0,0,0,0,0,0,103808,104555,0,232,0
1746882,1,0,0.0013137,0.0435022,0.314047,0.343896,1,0,,0,0,0,0,0,0,0,0,103808,104555,0,232,0
1746982,1,0,0.00091959,0.0349856,0.286141,0.309621,1,0,,0,0,0,0,0,0,0,0,103808,104555,0,232,0
1747082,1,0,0.000643713,0.0281173,0.260338,0.315872,1,0,,0,0,0,0,0,0,0,0,103808,104555,0,232,0
1747182,1,0,0.000450599,0.0225839,0.236563,0.319825,1,0,,0,0,0,0,0,0,0,0,103808,104555,0,232,0
1747282,1,0,0.000315419,0.0181302,0.21472,0.353801,1,0,,0,0,0,0,0,0,0,0,103808,104555,0,232,0
1747382,1,0,0.000220794,0.0145483,0.194703,0.31384,1,0,,0,0,0,0,0,0,0,0,103808,104555,0,232,0
1747482,1,0,0.000154556,0.0116696,0.176399,0.310365,1,0,,0,0,0,0,0,0,0,0,103808,104555,0,232,0
1747582,1,0,0.000108189,0.0093573,0.159695,0.309514,1,0,,0,0,0,0,0,0,0,0,103808,104555,0,232,0
1747682,1,0,7.57322e-005,0.00750099,0.144476,0.319189,1,0,,0,0,0,0,0,0,0,0,103808,104555,0,232,0
1747782,1,0,5.30125e-005,0.00601139,0.130629,0.348865,1,0,,0,0,0,0,0,0,0,0,103808,104555,0,232,0
1747882,1,0,3.71088e-005,0.00481654,0.118048,0.364054,1,0,,0,0,0,0,0,0,0,0,103808,104555,0,232,0
1747982,1,0,2.59761e-005,0.00385842,0.106629,0.345613,1,0,,0,0,0,0,0,0,0,0,103808,104555,0,232,0
1748082,1,0,1.81833e-005,0.00309038,0.0962751,0.307575,1,0,,0,0,0,0,0,0,0,0,103808,104555,0,232,0
1748182,1,0,1.27283e-005,0.00247485,0.0868951,0.332437,1,0,,0,0,0,0,0,0,0,0,103808,104555,0,232,0
1748282,1,0,8.90982e-006,0.00198166,0.0784037,0.346288,1,0,,0,0,0,0,0,0,0,0,103808,104555,0,232,0
1748382,1,0,6.23687e-006,0.00158658,0.070722,0.328287,1,0,,0,0,0,0,0,0,0,0,103808,104555,0,232,0
1748482,1,0,4.36581e-006,0.00127013,0.0637768,0.348874,1,0,,0,0,0,0,0,0,0,0,103808,104555,0,232,0
1748582,1,14,4.2,0.841017,0.141501,0.329367,1,0,,0,0,0,0,0,0,0,0,103808,104555,0,232,0
1748682,1,0,2.94,1.26081,0.253432,0.304856,1,0,,0,0,0,0,0,0,0,0,103808,104555,0,232,0
1748782,1,0,2.058,1.42025,0.370114,0.339117,1,0,,0,0,0,0,0,0,0,0,103808,104555,0,232,0
1748882,1,0,1.4406,1.42432,0.475535,0.347166,1,0,,0,0,0,0,0,0,0,0,103808,104555,0,232,0
1748982,1,0,1.00842,1.34114,0.562095,0.301629,1,0,,0,0,0,0,0,0,0,0,103808,104555,0,232,0
1749082,1,0,0.705894,1.21409,0.627295,0.32958,1,0,,0,0,0,0,0,0,0,0,103808,104555,0,232,0
1749182,1,0,0.494126,1.0701,0.671575,0.296947,1,0,,0,0,0,0,0,0,0,0,103808,104555,0,232,0
1749282,1,0,0.345888,0.925257,0.696944,0.326909,1,0,,0,0,0,0,0,0,0,0,103808,104555,0,232,0
1749382,1,0,0.242122,0.78863,0.706112,0.33501,1,0,,0,0,0,0,0,0,0,0,103808,104555,0,232,0
1749482,1,0,0.169485,0.664801,0.701981,0.370046,1,0,,0,0,0,0,0,0,0,0,103808,104555,0,232,0
1749582,1,0,0.11864,0.555569,0.68734,0.332972,1,0,,0,0,0,0,0,0,0,0,103808,104555,0,232,0
1749682,1,0,0.0830478,0.461065,0.664712,0.310871,1,0,,0,0,0,0,0,0,0,0,103808,104555,0,232,0
1749782,1,0,0.0581334,0.380478,0.636289,0.335108,1,0,,0,0,0,0,0,0,0,0,103808,104555,0,232,0
1749882,1,0,0.0406934,0.312521,0.603912,0.32127,1,0,,0,0,0,0,0,0,0,0,103808,104555,0,232,0
1749982,1,0,0.0284854,0.255714,0.569092,0.300733,1,0,,0,0,0,0,0,0,0,0,103808,104555,0,232,0
1750082,1,0,0.0199398,0.208559,0.533039,0.30102,1,0,,0,0,0,0,0,0,0,0,103808,104555,0,232,0
1750182,1,0,0.0139578,0.169639,0.496699,0.307407,1,0,,0,0,0,0,0,0,0,0,103808,104555,0,232,0
1750282,1,0,0.00977049,0.137665,0.460796,0.293943,1,0,,0,0,0,0,0,0,0,0,103808,104555,0,232,0
1750382,1,0,0.00683934,0.1115,0.425866,0.319642,1,0,,0,0,0,0,0,0,0,0,103808,104555,0,232,0
1750482,1,0,0.00478754,0.0901576,0.392295,0.319391,1,0,,0,0,0,0,0,0,0,0,103808,104555,0,232,0
1750582,1,0,0.00335128,0.0727963,0.360345,0.302968,1,0,,0,0,0,0,0,0,0,0,103808,104555,0,232,0
1750682,1,0,0.00234589,0.0587062,0.330181,0.326194,1,0,,0,0,0,0,0,0,0,0,103808,104555,0,232,0
1750782,1,0,0.00164213,0.0472934,0.301893,0.303932,1,0,,0,0,0,0,0,0,0,0,103808,104555,0,232,0
1750882,1,0,0.00114949,0.0380646,0.27551,0.285632,1,0,,0,0,0,0,0,0,0,0,103808,104555,0,232,0
1750982,1,0,0.000804642,0.0306126,0.25102,0.322197,1,0,,0,0,0,0,0,0,0,0,103808,104555,0,232,0
1751082,1,0,0.000563249,0.0246028,0.228378,0.313509,1,0,,0,0,0,0,0,0,0,0,103808,104555,0,232,0
1751182,1,0,0.000394274,0.0197611,0.207517,0.299133,1,0,,0,0,0,0,0,0,0,0,103808,104555,0,232,0
1751282,1,0,0.000275992,0.015864,0.188351,0.31286,1,0,,0,0,0,0,0,0,0,0,103808,104555,0,232,0
1751382,1,0,0.000193194,0.0127299,0.170789,0.332835,1,0,,0,0,0,0,0,0,0,0,103808,104555,0,232,0
1751482,1,0,0.000135236,0.0102109,0.154731,0.287847,1,0,,0,0,0,0,0,0,0,0,103808,104555,0,232,0
1751582,1,0,9.46653e-005,0.00818769,0.140077,0.315965,1,0,,0,0,0,0,0,0,0,0,103808,104555,0,232,0
1751682,1,0,6.62657e-005,0.00656341,0.126726,0.301402,1,0,,0,0,0,0,0,0,0,0,103808,104555,0,232,0
1751782,1,0,4.6386e-005,0.00526,0.114579,0.30144,1,0,,0,0,0,0,0,0,0,0,103808,104555,0,232,0
1751882,1,0,3.24702e-005,0.0042145,0.103543,0.304752,1,0,,0,0,0,0,0,0,0,0,103808,104555,0,232,0
1751982,1,0,2.27291e-005,0.00337614,0.0935259,0.308139,1,0,,0,0,0,0,0,0,0,0,103808,104555,0,232,0
1752082,1,0,1.59104e-005,0.0027041,0.0844438,0.32479,1,0,,0,0,0,0,0,0,0,0,103808,104555,0,232,0
1752182,1,0,1.11373e-005,0.0021655,0.0762159,0.328266,1,0,,0,0,0,0,0,0,0,0,103808,104555,0,232,0
1752282,1,0,7.79609e-006,0.00173396,0.0687677,0.318691,1,0,,0,0,0,0,0,0,0,0,103808,104555,0,232,0
1752382,1,0,5.45726e-006,0.00138826,0.0620298,0.334929,1,0,,0,0,0,0,0,0,0,0,103808,104555,0,232,0
1752482,1,17,5.1,1.02111,0.157938,0.285233,1,0,,0,0,0,0,0,0,0,0,103808,104555,0,232,0
1752582,1,0,3.57,1.53089,0.295233,0.290385,1,0,,0,0,0,0,0,0,0,0,103808,104555,0,232,0
1752682,1,0,2.499,1.72451,0.438161,0.313111,1,0,,0,0,0,0,0,0,0,0,103808,104555,0,232,0
1752782,1,0,1.7493,1.72947,0.567292,0.31641,1,0,,0,0,0,0,0,0,0,0,103808,104555,0,232,0
1752882,1,0,1.22451,1.62848,0.673411,0.318474,1,0,,0,0,0,0,0,0,0,0,103808,104555,0,232,0
1752982,1,0,0.857158,1.47421,0.753491,0.371162,1,0,,0,0,0,0,0,0,0,0,103808,104555,0,232,0
1753082,1,0,0.60001,1.29937,0.808079,0.315236,1,0,,0,0,0,0,0,0,0,0,103808,104555,0,232,0
1753182,1,0,0.420007,1.1235,0.839621,0.314223,1,0,,0,0,0,0,0,0,0,0,103808,104555,0,232,0
1753282,1,0,0.294005,0.957601,0.851419,0.330024,1,0,,0,0,0,0,0,0,0,0,103808,104555,0,232,0
1753382,1,0,0.205804,0.807242,0.847001,0.344164,1,0,,0,0,0,0,0,0,0,0,103808,104555,0,232,0
1753482,1,0,0.144062,0.674606,0.829762,0.32515,1,0,,0,0,0,0,0,0,0,0,103808,104555,0,232,0
1753582,1,0,0.100844,0.559853,0.802771,0.295289,1,0,,0,0,0,0,0,0,0,0,103808,104555,0,232,0
1753682,1,0,0.0705906,0.462001,0.768694,0.305414,1,0,,0,0,0,0,0,0,0,0,103808,104555,0,232,0
1753782,1,0,0.0494134,0.379483,0.729773,0.33584,1,0,,0,0,0,0,0,0,0,0,103808,104555,0,232,0
1753882,1,0,0.0345894,0.310505,0.687846,0.334938,1,0,,0,0,0,0,0,0,0,0,103808,104555,0,232,0
1753982,1,0,0.0242126,0.253246,0.644386,0.304299,1,0,,0,0,0,0,0,0,0,0,103808,104555,0,232,0
1754082,1,0,0.0169488,0.205987,0.600546,0.320437,1,0,,0,0,0,0,0,0,0,0,103808,104555,0,232,0
1754182,1,0,0.0118642,0.167162,0.557208,0.29445,1,0,,0,0,0,0,0,0,0,0,103808,104555,0,232,0
1754282,1,0,0.00830491,0.135391,0.515026,0.284512,1,0,,0,0,0,0,0,0,0,0,103808,104555,0,232,0
1754382,1,0,0.00581344,0.109475,0.474471,0.296537,1,0,,0,0,0,0,0,0,0,0,103808,104555,0,232,0
1754482,1,0,0.00406941,0.0883941,0.435863,0.30035,1,0,,0,0,0,0,0,0,0,0,103808,104555,0,232,0
1754582,1,0,0.00284858,0.071285,0.399405,0.308549,1,0,,0,0,0,0,0,0,0,0,103808,104555,0,232,0
1754682,1,0,0.00199401,0.0574268,0.365207,0.340187,1,0,,0,0,0,0,0,0,0,0,103808,104555,0,232,0
1754782,1,0,0.00139581,0.0462206,0.333309,0.315446,1,0,,0,0,0,0,0,0,0,0,103808,104555,0,232,0
1754882,1,0,0.000977065,0.0371719,0.303695,0.322947,1,0,,0,0,0,0,0,0,0,0,103808,104555,0,232,0
1754982,1,0,0.000683945,0.0298743,0.276313,0.359873,1,0,,0,0,0,0,0,0,0,0,103808,104555,0,232,0
1755082,1,0,0.000478762,0.0239952,0.251081,0.290335,1,0,,0,0,0,0,0,0,0,0,103808,104555,0,232,0
1755182,1,0,0.000335133,0.0192632,0.227899,0.298846,1,0,,0,0,0,0,0,0,0,0,103808,104555,0,232,0
1755282,1,0,0.000234593,0.0154575,0.206655,0.349072,1,0,,0,0,0,0,0,0,0,0,103808,104555,0,232,0
1755382,1,0,0.000164215,0.0123988,0.18723,0.308872,1,0,,0,0,0,0,0,0,0,0,103808,104555,0,232,0
1755482,1,0,0.000114951,0.00994205,0.169501,0.303622,1,0,,0,0,0,0,0,0,0,0,103808,104555,0,232,0
1755582,1,0,8.04655e-005,0.00796973,0.153348,0.29375,1,0,,0,0,0,0,0,0,0,0,103808,104555,0,232,0
1755682,1,0,5.63258e-005,0.00638705,0.138652,0.313149,1,0,,0,0,0,0,0,0,0,0,103808,104555,0,232,0
1755782,1,0,3.94281e-005,0.00511753,0.125298,0.300813,1,0,,0,0,0,0,0,0,0,0,103808,104555,0,232,0
1755882,1,0,2.75997e-005,0.00409954,0.113178,0.283912,1,0,,0,0,0,0,0,0,0,0,103808,104555,0,232,0
1755982,1,0,1.93198e-005,0.0032835,0.102189,0.305375,1,0,,0,0,0,0,0,0,0,0,103808,104555,0,232,0
1756082,1,0,1.35238e-005,0.0026295,0.0922329,0.342264,1,0,,0,0,0,0,0,0,0,0,103808,104555,0,232,0
1756182,1,0,9.46668e-006,0.00210549,0.0832202,0.316877,1,0,,0,0,0,0,0,0,0,0,103808,104555,0,232,0
1756282,1,0,6.62668e-006,0.00168572,0.0750667,0.289504,1,0,,0,0,0,0,0,0,0,0,103808,104555,0,232,0
1756382,1,0,4.63867e-006,0.0013495,0.067695,0.285217,1,0,,0,0,0,0,0,0,0,0,103808,104555,0,232,0
1756482,1,16,4.8,0.96108,0.157034,0.336646,1,0,,0,0,0,0,0,0,0,0,103808,104555,0,232,0
1756582,1,0,3.36,1.44086,0.285417,0.320847,1,0,,0,0,0,0,0,0,0,0,103808,104555,0,232,0
1756682,1,0,2.352,1.62309,0.419184,0.292222,1,0,,0,0,0,0,0,0,0,0,103808,104555,0,232,0
1756782,1,0,1.6464,1.62775,0.540041,0.33427,1,0,,0,0,0,0,0,0,0,0,103808,104555,0,232,0
1756882,1,0,1.15248,1.5327,0.639307,0.30292,1,0,,0,0,0,0,0,0,0,0,103808,104555,0,232,0
1756982,1,0,0.806737,1.38751,0.714127,0.289246,1,0,,0,0,0,0,0,0,0,0,103808,104555,0,232,0
1757082,1,0,0.564716,1.22295,0.765009,0.294332,1,0,,0,0,0,0,0,0,0,0,103808,104555,0,232,0
1757182,1,0,0.395301,1.05742,0.79425,0.309157,1,0,,0,0,0,0,0,0,0,0,103808,104555,0,232,0
1757282,1,0,0.276711,0.901277,0.804953,0.347043,1,0,,0,0,0,0,0,0,0,0,103808,104555,0,232,0
1757382,1,0,0.193697,0.759761,0.800434,0.286781,1,0,,0,0,0,0,0,0,0,0,103808,104555,0,232,0
1757482,1,0,0.135588,0.634927,0.783883,0.297868,1,0,,0,0,0,0,0,0,0,0,103808,104555,0,232,0
1757582,1,0,0.0949117,0.526924,0.758187,0.31047,1,0,,0,0,0,0,0,0,0,0,103808,104555,0,232,0
1757682,1,0,0.0664382,0.434827,0.725851,0.295082,1,0,,0,0,0,0,0,0,0,0,103808,104555,0,232,0
1757782,1,0,0.0465067,0.357163,0.688982,0.302183,1,0,,0,0,0,0,0,0,0,0,103808,104555,0,232,0
1757882,1,0,0.0325547,0.292241,0.649308,0.301683,1,0,,0,0,0,0,0,0,0,0,103808,104555,0,232,0
1757982,1,0,0.0227883,0.238351,0.608212,0.301845,1,0,,0,0,0,0,0,0,0,0,103808,104555,0,232,0
1758082,1,0,0.0159518,0.193871,0.566778,0.298232,1,0,,0,0,0,0,0,0,0,0,103808,104555,0,232,0
1758182,1,0,0.0111663,0.15733,0.525833,0.317058,1,0,,0,0,0,0,0,0,0,0,103808,104555,0,232,0
1758282,1,0,0.00781639,0.127427,0.485993,0.316532,1,0,,0,0,0,0,0,0,0,0,103808,104555,0,232,0
1758382,1,0,0.00547147,0.103036,0.447697,0.322669,1,0,,0,0,0,0,0,0,0,0,103808,104555,0,232,0
1758482,1,0,0.00383003,0.0831949,0.411247,0.332605,1,0,,0,0,0,0,0,0,0,0,103808,104555,0,232,0
1758582,1,0,0.00268102,0.0670921,0.376831,0.303879,1,0,,0,0,0,0,0,0,0,0,103808,104555,0,232,0
1758682,1,0,0.00187671,0.054049,0.344553,0.301431,1,0,,0,0,0,0,0,0,0,0,103808,104555,0,232,0
1758782,1,0,0.0013137,0.043502,0.314448,0.313361,1,0,,0,0,0,0,0,0,0,0,103808,104555,0,232,0
1758882,1,0,0.00091959,0.0349855,0.286502,0.305473,1,0,,0,0,0,0,0,0,0,0,103808,104555,0,232,0
1758982,1,0,0.000643713,0.0281171,0.260663,0.356848,1,0,,0,0,0,0,0,0,0,0,103808,104555,0,232,0
1759082,1,0,0.000450599,0.0225838,0.236855,0.316483,1,0,,0,0,0,0,0,0,0,0,103808,104555,0,232,0
1759182,1,0,0.000315419,0.0181301,0.214983,0.307246,1,0,,0,0,0,0,0,0,0,0,103808,104555,0,232,0
1759282,1,0,0.000220794,0.0145483,0.194939,0.324521,1,0,,0,0,0,0,0,0,0,0,103808,104555,0,232,0
1759382,1,0,0.000154556,0.0116695,0.176612,0.287772,1,0,,0,0,0,0,0,0,0,0,103808,104555,0,232,0
1759482,1,0,0.000108189,0.00935726,0.159887,0.333946,1,0,,0,0,0,0,0,0,0,0,103808,104555,0,232,0
1759582,1,0,7.57322e-005,0.00750096,0.144648,0.315635,1,0,,0,0,0,0,0,0,0,0,103808,104555,0,232,0
1759682,1,0,5.30125e-005,0.00601137,0.130785,0.334149,1,0,,0,0,0,0,0,0,0,0,103808,104555,0,232,0
1759782,1,0,3.71088e-005,0.00481652,0.118188,0.315987,1,0,,0,0,0,0,0,0,0,0,103808,104555,0,232,0
1759882,1,0,2.59761e-005,0.00385841,0.106755,0.325734,1,0,,0,0,0,0,0,0,0,0,103808,104555,0,232,0
1759982,1,0,1.81833e-005,0.00309036,0.0963884,0.299813,1,0,,0,0,0,0,0,0,0,0,103808,104555,0,232,0
1760082,1,0,1.27283e-005,0.00247484,0.086997,0.2884,1,0,,0,0,0,0,0,0,0,0,103808,104555,0,232,0
1760182,1,0,8.90982e-006,0.00198165,0.0784955,0.322166,1,0,,0,0,0,0,0,0,0,0,103808,104555,0,232,0
1760282,1,0,6.23687e-006,0.00158657,0.0708046,0.288777,1,0,,0,0,0,0,0,0,0,0,103808,104555,0,232,0
1760382,1,0,4.36581e-006,0.00127013,0.0638511,0.315179,1,0,,0,0,0,0,0,0,0,0,103808,104555,0,232,0
1760482,1,14,4.2,0.841017,0.141568,0.346881,1,0,,0,0,0,0,0,0,0,0,103808,104555,0,232,0
1760582,1,0,2.94,1.26081,0.253492,0.326164,1,0,,0,0,0,0,0,0,0,0,103808,104555,0,232,0
1760682,1,0,2.058,1.42025,0.370168,0.293265,1,0,,0,0,0,0,0,0,0,0,103808,104555,0,232,0
1760782,1,0,1.4406,1.42432,0.475583,0.363904,1,0,,0,0,0,0,0,0,0,0,103808,104555,0,232,0
1760882,1,0,1.00842,1.34114,0.562139,0.359628,1,0,,0,0,0,0,0,0,0,0,103808,104555,0,232,0
1760982,1,0,0.705894,1.21409,0.627335,0.300918,1,0,,0,0,0,0,0,0,0,0,103808,104555,0,232,0
1761082,1,0,0.494126,1.0701,0.671611,0.294394,1,0,,0,0,0,0,0,0,0,0,103808,104555,0,232,0
1761182,1,0,0.345888,0.925257,0.696976,0.296955,1,0,,0,0,0,0,0,0,0,0,103808,104555,0,232,0
1761282,1,0,0.242122,0.78863,0.706141,0.320205,1,0,,0,0,0,0,0,0,0,0,103808,104555,0,232,0
1761382,1,0,0.169485,0.664801,0.702007,0.308756,1,0,,0,0,0,0,0,0,0,0,103808,104555,0,232,0
1761482,1,0,0.11864,0.555569,0.687363,0.31977,1,0,,0,0,0,0,0,0,0,0,103808,104555,0,232,0
1761582,1,0,0.0830478,0.461065,0.664733,0.312104,1,0,,0,0,0,0,0,0,0,0,103808,104555,0,232,0
1761682,1,0,0.0581334,0.380478,0.636308,0.301004,1,0,,0,0,0,0,0,0,0,0,103808,104555,0,232,0
1761782,1,0,0.0406934,0.312521,0.603929,0.299503,1,0,,0,0,0,0,0,0,0,0,103808,104555,0,232,0
1761882,1,0,0.0284854,0.255714,0.569108,0.330215,1,0,,0,0,0,0,0,0,0,0,103808,104555,0,232,0
1761982,1,0,0.0199398,0.208559,0.533053,0.278279,1,0,,0,0,0,0,0,0,0,0,103808,104555,0,232,0
1762082,1,0,0.0139578,0.169639,0.496711,0.308142,1,0,,0,0,0,0,0,0,0,0,103808,104555,0,232,0
1762182,1,0,0.00977049,0.137665,0.460807,0.283752,1,0,,0,0,0,0,0,0,0,0,103808,104555,0,232,0
1762282,1,0,0.00683934,0.1115,0.425876,0.294689,1,0,,0,0,0,0,0,0,0,0,103808,104555,0,232,0
1762382,1,0,0.00478754,0.0901576,0.392304,0.296614,1,0,,0,0,0,0,0,0,0,0,103808,104555,0,232,0
1762482,1,0,0.00335128,0.0727963,0.360353,0.282864,1,0,,0,0,0,0,0,0,0,0,103808,104555,0,232,0
1762582,1,0,0.00234589,0.0587062,0.330189,0.312889,1,0,,0,0,0,0,0,0,0,0,103808,104555,0,232,0
1762682,1,0,0.00164213,0.0472934,0.301899,0.318875,1,0,,0,0,0,0,0,0,0,0,103808,104555,0,232,0
1762782,1,0,0.00114949,0.0380646,0.275516,0.293324,1,0,,0,0,0,0,0,0,0,0,103808,104555,0,232,0
1762882,1,0,0.000804642,0.0306126,0.251025,0.281027,1,0,,0,0,0,0,0,0,0,0,103808,104555,0,232,0
1762982,1,0,0.000563249,0.0246028,0.228383,0.286488,1,0,,0,0,0,0,0,0,0,0,103808,104555,0,232,0
1763082,1,0,0.000394274,0.0197611,0.207521,0.279137,1,0,,0,0,0,0,0,0,0,0,103808,104555,0,232,0
1763182,1,0,0.000275992,0.015864,0.188355,0.311859,1,0,,0,0,0,0,0,0,0,0,103808,104555,0,232,0
1763282,1,0,0.000193194,0.0127299,0.170793,0.285208,1,0,,0,0,0,0,0,0,0,0,103808,104555,0,232,0
1763382,1,0,0.000135236,0.0102109,0.154734,0.296819,1,0,,0,0,0,0,0,0,0,0,103808,104555,0,232,0
1763482,1,0,9.46653e-005,0.00818769,0.14008,0.309557,1,0,,0,0,0,0,0,0,0,0,103808,104555,0,232,0
1763582,1,0,6.62657e-005,0.00656341,0.126728,0.297525,1,0,,0,0,0,0,0,0,0,0,103808,104555,0,232,0
1763682,1,0,4.6386e-005,0.00526,0.114581,0.297225,1,0,,0,0,0,0,0,0,0,0,103808,104555,0,232,0
1763782,1,0,3.24702e-005,0.0042145,0.103545,0.304585,1,0,,0,0,0,0,0,0,0,0,103808,104555,0,232,0
1763882,1,0,2.27291e-005,0.00337614,0.0935278,0.327972,1,0,,0,0,0,0,0,0,0,0,103808,104555,0,232,0
1763982,1,0,1.59104e-005,0.0027041,0.0844454,0.348509,1,0,,0,0,0,0,0,0,0,0,103808,104555,0,232,0
1764082,1,0,1.11373e-005,0.0021655,0.0762174,0.329947,1,0,,0,0,0,0,0,0,0,0,103808,104555,0,232,0
1764182,1,0,7.79609e-006,0.00173396,0.0687691,0.284002,1,0,,0,0,0,0,0,0,0,0,103808,104555,0,232,0
1764282,1,0,5.45726e-006,0.00138826,0.062031,0.320364,1,0,,0,0,0,0,0,0,0,0,103808,104555,0,232,0
1764382,1,16,4.8,0.961111,0.151939,0.299668,1,0,,0,0,0,0,0,0,0,0,103808,104555,0,232,0
1764482,1,0,3.36,1.44089,0.280834,0.291443,1,0,,0,0,0,0,0,0,0,0,103808,104555,0,232,0
1764582,1,0,2.352,1.62311,0.415062,0.306419,1,0,,0,0,0,0,0,0,0,0,103808,104555,0,232,0
1764682,1,0,1.6464,1.62777,0.536333,0.343556,1,0,,0,0,0,0,0,0,0,0,103808,104555,0,232,0
1764782,1,0,1.15248,1.53271,0.635971,0.327032,1,0,,0,0,0,0,0,0,0,0,103808,104555,0,232,0
1764882,1,0,0.806737,1.38752,0.711125,0.284743,1,0,,0,0,0,0,0,0,0,0,103808,104555,0,232,0
1764982,1,0,0.564716,1.22296,0.762308,0.302767,1,0,,0,0,0,0,0,0,0,0,103808,104555,0,232,0
1765082,1,0,0.395301,1.05743,0.79182,0.289604,1,0,,0,0,0,0,0,0,0,0,103808,104555,0,232,0
1765182,1,0,0.276711,0.901283,0.802766,0.322204,1,0,,0,0,0,0,0,0,0,0,103808,104555,0,232,0
1765282,1,0,0.193697,0.759766,0.798466,0.28408,1,0,,0,0,0,0,0,0,0,0,103808,104555,0,232,0
1765382,1,0,0.135588,0.63493,0.782113,0.302191,1,0,,0,0,0,0,0,0,0,0,103808,104555,0,232,0
1765482,1,0,0.0949117,0.526927,0.756594,0.303465,1,0,,0,0,0,0,0,0,0,0,103808,104555,0,232,0
1765582,1,0,0.0664382,0.434829,0.724418,0.294527,1,0,,0,0,0,0,0,0,0,0,103808,104555,0,232,0
1765682,1,0,0.0465067,0.357165,0.687692,0.296552,1,0,,0,0,0,0,0,0,0,0,103808,104555,0,232,0
1765782,1,0,0.0325547,0.292243,0.648147,0.295127,1,0,,0,0,0,0,0,0,0,0,103808,104555,0,232,0
1765882,1,0,0.0227883,0.238352,0.607168,0.29849,1,0,,0,0,0,0,0,0,0,0,103808,104555,0,232,0
1765982,1,0,0.0159518,0.193872,0.565838,0.298004,1,0,,0,0,0,0,0,0,0,0,103808,104555,0,232,0
1766082,1,0,0.0111663,0.157331,0.524987,0.30579,1,0,,0,0,0,0,0,0,0,0,103808,104555,0,232,0
1766182,1,0,0.00781639,0.127428,0.485231,0.30144,1,0,,0,0,0,0,0,0,0,0,103808,104555,0,232,0
1766282,1,0,0.00547147,0.103037,0.447012,0.303463,1,0,,0,0,0,0,0,0,0,0,103808,104555,0,232,0
1766382,1,0,0.00383003,0.0831952,0.41063,0.304898,1,0,,0,0,0,0,0,0,0,0,103808,104555,0,232,0
1766482,1,0,0.00268102,0.0670924,0.376276,0.304412,1,0,,0,0,0,0,0,0,0,0,103808,104555,0,232,0
1766582,1,0,0.00187671,0.0540493,0.344054,0.297061,1,0,,0,0,0,0,0,0,0,0,103808,104555,0,232,0
1766682,1,0,0.0013137,0.0435022,0.313999,0.319913,1,0,,0,0,0,0,0,0,0,0,103808,104555,0,232,0
1766782,1,0,0.00091959,0.0349856,0.286097,0.324787,1,0,,0,0,0,0,0,0,0,0,103808,104555,0,232,0
1766882,1,0,0.000643713,0.0281173,0.260299,0.293361,1,0,,0,0,0,0,0,0,0,0,103808,104555,0,232,0
1766982,1,0,0.000450599,0.0225839,0.236528,0.290949,1,0,,0,0,0,0,0,0,0,0,103808,104555,0,232,0
1767082,1,0,0.000315419,0.0181302,0.214688,0.366311,1,0,,0,0,0,0,0,0,0,0,103808,104555,0,232,0
1767182,1,0,0.000220794,0.0145483,0.194674,0.313899,1,0,,0,0,0,0,0,0,0,0,103808,104555,0,232,0
1767282,1,0,0.000154556,0.0116696,0.176374,0.310549,1,0,,0,0,0,0,0,0,0,0,103808,104555,0,232,0
1767382,1,0,0.000108189,0.0093573,0.159672,0.286461,1,0,,0,0,0,0,0,0,0,0,103808,104555,0,232,0
1767482,1,0,7.57322e-005,0.00750099,0.144455,0.323147,1,0,,0,0,0,0,0,0,0,0,103808,104555,0,232,0
1767582,1,0,5.30125e-005,0.00601139,0.13061,0.293684,1,0,,0,0,0,0,0,0,0,0,103808,104555,0,232,0
1767682,1,0,3.71088e-005,0.00481654,0.118031,0.291574,1,0,,0,0,0,0,0,0,0,0,103808,104555,0,232,0
1767782,1,0,2.59761e-005,0.00385842,0.106614,0.302647,1,0,,0,0,0,0,0,0,0,0,103808,104555,0,232,0
1767882,1,0,1.81833e-005,0.00309038,0.0962614,0.325272,1,0,,0,0,0,0,0,0,0,0,103808,104555,0,232,0
1767982,1,0,1.27283e-005,0.00247485,0.0868828,0.306487,1,0,,0,0,0,0,0,0,0,0,103808,104555,0,232,0
1768082,1,0,8.90982e-006,0.00198166,0.0783927,0.294073,1,0,,0,0,0,0,0,0,0,0,103808,104555,0,232,0
1768182,1,0,6.23687e-006,0.00158658,0.0707121,0.321658,1,0,,0,0,0,0,0,0,0,0,103808,104555,0,232,0
1768282,1,0,4.36581e-006,0.00127013,0.0637679,0.299533,1,0,,0,0,0,0,0,0,0,0,103808,104555,0,232,0
1768382,1,15,4.5,0.901017,0.147493,0.292119,1,0,,0,0,0,0,0,0,0,0,103808,104555,0,232,0
1768482,1,0,3.15,1.35081,0.267825,0.320656,1,0,,0,0,0,0,0,0,0,0,103808,104555,0,232,0
1768582,1,0,2.205,1.52165,0.393208,0.315132,1,0,,0,0,0,0,0,0,0,0,103808,104555,0,232,0
1768682,1,0,1.5435,1.52602,0.506489,0.318171,1,0,,0,0,0,0,0,0,0,0,103808,104555,0,232,0
1768782,1,0,1.08045,1.43691,0.599531,0.291195,1,0,,0,0,0,0,0,0,0,0,103808,104555,0,232,0
1768882,1,0,0.756316,1.30079,0.669657,0.291207,1,0,,0,0,0,0,0,0,0,0,103808,104555,0,232,0
1768982,1,0,0.529421,1.14652,0.717342,0.286355,1,0,,0,0,0,0,0,0,0,0,103808,104555,0,232,0
1769082,1,0,0.370595,0.991331,0.744741,0.331754,1,0,,0,0,0,0,0,0,0,0,103808,104555,0,232,0
1769182,1,0,0.259416,0.844948,0.754762,0.289867,1,0,,0,0,0,0,0,0,0,0,103808,104555,0,232,0
1769282,1,0,0.181591,0.712277,0.750513,0.328191,1,0,,0,0,0,0,0,0,0,0,103808,104555,0,232,0
1769382,1,0,0.127114,0.595244,0.734986,0.304442,1,0,,0,0,0,0,0,0,0,0,103808,104555,0,232,0
1769482,1,0,0.0889798,0.493991,0.710887,0.297792,1,0,,0,0,0,0,0,0,0,0,103808,104555,0,232,0
1769582,1,0,0.0622858,0.40765,0.680563,0.31866,1,0,,0,0,0,0,0,0,0,0,103808,104555,0,232,0
1769682,1,0,0.0436001,0.33484,0.645991,0.33936,1,0,,0,0,0,0,0,0,0,0,103808,104555,0,232,0
1769782,1,0,0.0305201,0.273976,0.60879,0.284201,1,0,,0,0,0,0,0,0,0,0,103808,104555,0,232,0
1769882,1,0,0.021364,0.223454,0.570256,0.309876,1,0,,0,0,0,0,0,0,0,0,103808,104555,0,232,0
1769982,1,0,0.0149548,0.181754,0.531406,0.291827,1,0,,0,0,0,0,0,0,0,0,103808,104555,0,232,0
1770082,1,0,0.0104684,0.147497,0.493015,0.306615,1,0,,0,0,0,0,0,0,0,0,103808,104555,0,232,0
1770182,1,0,0.00732786,0.119463,0.45566,0.341079,1,0,,0,0,0,0,0,0,0,0,103808,104555,0,232,0
1770282,1,0,0.00512951,0.0965964,0.419753,0.327817,1,0,,0,0,0,0,0,0,0,0,103808,104555,0,232,0
1770382,1,0,0.00359065,0.0779952,0.385577,0.308617,1,0,,0,0,0,0,0,0,0,0,103808,104555,0,232,0
1770482,1,0,0.00251346,0.0628989,0.35331,0.298469,1,0,,0,0,0,0,0,0,0,0,103808,104555,0,232,0
1770582,1,0,0.00175942,0.050671,0.323046,0.332319,1,0,,0,0,0,0,0,0,0,0,103808,104555,0,232,0
1770682,1,0,0.00123159,0.0407831,0.294819,0.31403,1,0,,0,0,0,0,0,0,0,0,103808,104555,0,232,0
1770782,1,0,0.000862116,0.0327989,0.268617,0.332419,1,0,,0,0,0,0,0,0,0,0,103808,104555,0,232,0
1770882,1,0,0.000603481,0.0263598,0.244392,0.304457,1,0,,0,0,0,0,0,0,0,0,103808,104555,0,232,0
1770982,1,0,0.000422437,0.0211723,0.22207,0.290295,1,0,,0,0,0,0,0,0,0,0,103808,104555,0,232,0
1771082,1,0,0.000295706,0.016997,0.201562,0.286294,1,0,,0,0,0,0,0,0,0,0,103808,104555,0,232,0
1771182,1,0,0.000206994,0.013639,0.18277,0.319632,1,0,,0,0,0,0,0,0,0,0,103808,104555,0,232,0
1771282,1,0,0.000144896,0.0109402,0.165587,0.317071,1,0,,0,0,0,0,0,0,0,0,103808,104555,0,232,0
1771382,1,0,0.000101427,0.00877244,0.149906,0.304479,1,0,,0,0,0,0,0,0,0,0,103808,104555,0,232,0
1771482,1,0,7.09989e-005,0.00703215,0.135618,0.321242,1,0,,0,0,0,0,0,0,0,0,103808,104555,0,232,0
1771582,1,0,4.96993e-005,0.00563566,0.12262,0.286928,1,0,,0,0,0,0,0,0,0,0,103808,104555,0,232,0
1771682,1,0,3.47895e-005,0.00451549,0.11081,0.287891,1,0,,0,0,0,0,0,0,0,0,103808,104555,0,232,0
1771782,1,0,2.43526e-005,0.00361726,0.10009,0.314191,1,0,,0,0,0,0,0,0,0,0,103808,104555,0,232,0
1771882,1,0,1.70468e-005,0.00289722,0.090371,0.306578,1,0,,0,0,0,0,0,0,0,0,103808,104555,0,232,0
1771982,1,0,1.19328e-005,0.00232016,0.0815659,0.331553,1,0,,0,0,0,0,0,0,0,0,103808,104555,0,232,0
1772082,1,0,8.35295e-006,0.0018578,0.0735951,0.28279,1,0,,0,0,0,0,0,0,0,0,103808,104555,0,232,0
1772182,1,0,5.84707e-006,0.00148741,0.0663844,0.317753,1,0,,0,0,0,0,0,0,0,0,103808,104555,0,232,0
1772282,1,16,4.8,0.961191,0.155865,0.311123,1,0,,0,0,0,0,0,0,0,0,103808,104555,0,232,0
1772382,1,0,3.36,1.44095,0.284374,0.306759,1,0,,0,0,0,0,0,0,0,0,103808,104555,0,232,0
1772482,1,0,2.352,1.62316,0.418253,0.345122,1,0,,0,0,0,0,0,0,0,0,103808,104555,0,232,0
1772582,1,0,1.6464,1.62781,0.539209,0.303897,1,0,,0,0,0,0,0,0,0,0,103808,104555,0,232,0
1772682,1,0,1.15248,1.53274,0.638562,0.305634,1,0,,0,0,0,0,0,0,0,0,103808,104555,0,232,0
1772782,1,0,0.806737,1.38754,0.71346,0.343133,1,0,,0,0,0,0,0,0,0,0,103808,104555,0,232,0
1772882,1,0,0.564716,1.22298,0.764412,0.298483,1,0,,0,0,0,0,0,0,0,0,103808,104555,0,232,0
1772982,1,0,0.395301,1.05744,0.793715,0.321821,1,0,,0,0,0,0,0,0,0,0,103808,104555,0,232,0
1773082,1,0,0.276711,0.901296,0.804473,0.315895,1,0,,0,0,0,0,0,0,0,0,103808,104555,0,232,0
1773182,1,0,0.193697,0.759776,0.800003,0.296119,1,0,,0,0,0,0,0,0,0,0,103808,104555,0,232,0
1773282,1,0,0.135588,0.634939,0.783497,0.272443,1,0,,0,0,0,0,0,0,0,0,103808,104555,0,232,0
1773382,1,0,0.0949118,0.526933,0.757841,0.283406,1,0,,0,0,0,0,0,0,0,0,103808,104555,0,232,0
1773482,1,0,0.0664382,0.434834,0.72554,0.29488,1,0,,0,0,0,0,0,0,0,0,103808,104555,0,232,0
1773582,1,0,0.0465068,0.357169,0.688703,0.314879,1,0,,0,0,0,0,0,0,0,0,103808,104555,0,232,0
1773682,1,0,0.0325547,0.292246,0.649057,0.303278,1,0,,0,0,0,0,0,0,0,0,103808,104555,0,232,0
1773782,1,0,0.0227883,0.238354,0.607987,0.29319,1,0,,0,0,0,0,0,0,0,0,103808,104555,0,232,0
1773882,1,0,0.0159518,0.193874,0.566575,0.313029,1,0,,0,0,0,0,0,0,0,0,103808,104555,0,232,0
1773982,1,0,0.0111663,0.157332,0.525651,0.308842,1,0,,0,0,0,0,0,0,0,0,103808,104555,0,232,0
1774082,1,0,0.00781639,0.127429,0.485829,0.285056,1,0,,0,0,0,0,0,0,0,0,103808,104555,0,232,0
1774182,1,0,0.00547147,0.103038,0.44755,0.308768,1,0,,0,0,0,0,0,0,0,0,103808,104555,0,232,0
1774282,1,0,0.00383003,0.0831961,0.411114,0.382741,1,0,,0,0,0,0,0,0,0,0,103808,104555,0,232,0
1774382,1,0,0.00268102,0.0670931,0.376712,0.314318,1,0,,0,0,0,0,0,0,0,0,103808,104555,0,232,0
1774482,1,0,0.00187672,0.0540498,0.344446,0.28208,1,0,,0,0,0,0,0,0,0,0,103808,104555,0,232,0
1774582,1,0,0.0013137,0.0435026,0.314352,0.298117,1,0,,0,0,0,0,0,0,0,0,103808,104555,0,232,0
1774682,1,0,0.000919591,0.034986,0.286415,0.306104,1,0,,0,0,0,0,0,0,0,0,103808,104555,0,232,0
1774782,1,0,0.000643713,0.0281175,0.260585,0.311941,1,0,,0,0,0,0,0,0,0,0,103808,104555,0,232,0
1774882,1,0,0.000450599,0.0225842,0.236785,0.302816,1,0,,0,0,0,0,0,0,0,0,103808,104555,0,232,0
1774982,1,0,0.00031542,0.0181304,0.21492,0.322597,1,0,,0,0,0,0,0,0,0,0,103808,104555,0,232,0
1775082,1,0,0.000220794,0.0145485,0.194883,0.302011,1,0,,0,0,0,0,0,0,0,0,103808,104555,0,232,0
1775182,1,0,0.000154556,0.0116697,0.176561,0.2861,1,0,,0,0,0,0,0,0,0,0,103808,104555,0,232,0
1775282,1,0,0.000108189,0.0093574,0.159841,0.347925,1,0,,0,0,0,0,0,0,0,0,103808,104555,0,232,0
1775382,1,0,7.57322e-005,0.00750107,0.144607,0.311749,1,0,,0,0,0,0,0,0,0,0,103808,104555,0,232,0
1775482,1,0,5.30126e-005,0.00601146,0.130747,0.2915,1,0,,0,0,0,0,0,0,0,0,103808,104555,0,232,0
1775582,1,0,3.71088e-005,0.00481659,0.118154,0.323,1,0,,0,0,0,0,0,0,0,0,103808,104555,0,232,0
1775682,1,0,2.59762e-005,0.00385846,0.106725,0.308426,1,0,,0,0,0,0,0,0,0,0,103808,104555,0,232,0
1775782,1,0,1.81833e-005,0.00309041,0.0963613,0.280128,1,0,,0,0,0,0,0,0,0,0,103808,104555,0,232,0
1775882,1,0,1.27283e-005,0.00247487,0.0869726,0.299564,1,0,,0,0,0,0,0,0,0,0,103808,104555,0,232,0
1775982,1,0,8.90982e-006,0.00198168,0.0784735,0.335728,1,0,,0,0,0,0,0,0,0,0,103808,104555,0,232,0
1776082,1,0,6.23687e-006,0.00158659,0.0707848,0.287917,1,0,,0,0,0,0,0,0,0,0,103808,104555,0,232,0
1776182,1,0,4.36581e-006,0.00127015,0.0638334,0.314146,1,0,,0,0,0,0,0,0,0,0,103808,104555,0,232,0
1776282,1,16,4.8,0.961017,0.153552,0.329759,1,0,,0,0,0,0,0,0,0,0,103808,104555,0,232,0
1776382,1,5,4.86,1.74081,0.312278,0.316721,1,0,,0,0,0,0,0,0,0,0,103808,104555,0,232,0
1776482,1,0,3.402,2.07305,0.488355,0.31256,1,0,,0,0,0,0,0,0,0,0,103808,104555,0,232,0
1776582,1,0,2.3814,2.13472,0.652992,0.286347,1,0,,0,0,0,0,0,0,0,0,103808,104555,0,232,0
1776682,1,0,1.66698,2.04117,0.79181,0.293822,1,0,,0,0,0,0,0,0,0,0,103808,104555,0,232,0
1776782,1,0,1.16689,1.86632,0.899261,0.300943,1,0,,0,0,0,0,0,0,0,0,103808,104555,0,232,0
1776882,1,0,0.81682,1.65642,0.974976,0.311654,1,0,,0,0,0,0,0,0,0,0,103808,104555,0,232,0
1776982,1,0,0.571774,1.43949,1.02143,0.300255,1,0,,0,0,0,0,0,0,0,0,103808,104555,0,232,0
1777082,1,0,0.400242,1.23164,1.04245,0.341305,1,0,,0,0,0,0,0,0,0,0,103808,104555,0,232,0
1777182,1,0,0.280169,1.04135,1.04234,0.29698,1,0,,0,0,0,0,0,0,0,0,103808,104555,0,232,0
1777282,1,0,0.196119,0.8723,1.02533,0.299403,1,0,,0,0,0,0,0,0,0,0,103808,104555,0,232,0
1777382,1,0,0.137283,0.725296,0.99533,0.288202,1,0,,0,0,0,0,0,0,0,0,103808,104555,0,232,0
1777482,1,0,0.0960981,0.599457,0.955743,0.285114,1,0,,0,0,0,0,0,0,0,0,103808,104555,0,232,0
1777582,1,0,0.0672687,0.493019,0.909471,0.336852,1,0,,0,0,0,0,0,0,0,0,103808,104555,0,232,0
1777682,1,0,0.0470881,0.403833,0.858907,0.30089,1,0,,0,0,0,0,0,0,0,0,103808,104555,0,232,0
1777782,1,0,0.0329616,0.329659,0.805982,0.316815,1,0,,0,0,0,0,0,0,0,0,103808,104555,0,232,0
1777882,1,0,0.0230731,0.268342,0.752218,0.281752,1,0,,0,0,0,0,0,0,0,0,103808,104555,0,232,0
1777982,1,0,0.0161512,0.217904,0.698786,0.310374,1,0,,0,0,0,0,0,0,0,0,103808,104555,0,232,0
1778082,1,0,0.0113058,0.176584,0.646566,0.301288,1,0,,0,0,0,0,0,0,0,0,103808,104555,0,232,0
1778182,1,0,0.00791409,0.14285,0.596195,0.319211,1,0,,0,0,0,0,0,0,0,0,103808,104555,0,232,0
1778282,1,0,0.00553986,0.115388,0.548114,0.328963,1,0,,0,0,0,0,0,0,0,0,103808,104555,0,232,0
1778382,1,0,0.0038779,0.093086,0.502611,0.303439,1,0,,0,0,0,0,0,0,0,0,103808,104555,0,232,0
1778482,1,0,0.00271453,0.0750117,0.459851,0.28584,1,0,,0,0,0,0,0,0,0,0,103808,104555,0,232,0
1778582,1,0,0.00190017,0.0603894,0.419905,0.290704,1,0,,0,0,0,0,0,0,0,0,103808,104555,0,232,0
1778682,1,0,0.00133012,0.0485775,0.382772,0.289267,1,0,,0,0,0,0,0,0,0,0,103808,104555,0,232,0
1778782,1,0,0.000931085,0.0390482,0.3484,0.284218,1,0,,0,0,0,0,0,0,0,0,103808,104555,0,232,0
1778882,1,0,0.000651759,0.031369,0.316697,0.293946,1,0,,0,0,0,0,0,0,0,0,103808,104555,0,232,0
1778982,1,0,0.000456232,0.0251864,0.287546,0.305332,1,0,,0,0,0,0,0,0,0,0,103808,104555,0,232,0
1779082,1,0,0.000319362,0.020213,0.260812,0.288306,1,0,,0,0,0,0,0,0,0,0,103808,104555,0,232,0
1779182,1,0,0.000223553,0.0162151,0.236353,0.295795,1,0,,0,0,0,0,0,0,0,0,103808,104555,0,232,0
1779282,1,0,0.000156487,0.0130034,0.214018,0.302594,1,0,,0,0,0,0,0,0,0,0,103808,104555,0,232,0
1779382,1,0,0.000109541,0.0104246,0.193658,0.296419,1,0,,0,0,0,0,0,0,0,0,103808,104555,0,232,0
1779482,1,0,7.66788e-005,0.00835503,0.175128,0.306919,1,0,,0,0,0,0,0,0,0,0,103808,104555,0,232,0
1779582,1,0,5.36752e-005,0.00669476,0.158285,0.341294,1,0,,0,0,0,0,0,0,0,0,103808,104555,0,232,0
1779682,1,0,3.75726e-005,0.00536332,0.142993,0.306283,1,0,,0,0,0,0,0,0,0,0,103808,104555,0,232,0
1779782,1,0,2.63008e-005,0.00429592,0.129123,0.309584,1,0,,0,0,0,0,0,0,0,0,103808,104555,0,232,0
1779882,1,0,1.84106e-005,0.00344042,0.116555,0.273634,1,0,,0,0,0,0,0,0,0,0,103808,104555,0,232,0
1779982,1,0,1.28874e-005,0.00275491,0.105175,0.29967,1,0,,0,0,0,0,0,0,0,0,103808,104555,0,232,0
1780082,1,0,9.02119e-006,0.00220573,0.0948778,0.290095,1,0,,0,0,0,0,0,0,0,0,103808,104555,0,232,0
1780182,1,0,6.31483e-006,0.00176585,0.0855666,0.303083,1,0,,0,0,0,0,0,0,0,0,103808,104555,0,232,0
1780282,1,16,4.8,0.961414,0.173151,0.294288,1,0,,0,0,0,0,0,0,0,0,103808,104555,0,232,0
1780382,1,0,3.36,1.44113,0.299949,0.293098,1,0,,0,0,0,0,0,0,0,0,103808,104555,0,232,0
1780482,1,0,2.352,1.62331,0.432285,0.32386,1,0,,0,0,0,0,0,0,0,0,103808,104555,0,232,0
1780582,1,0,1.6464,1.62792,0.551849,0.299196,1,0,,0,0,0,0,0,0,0,0,103808,104555,0,232,0
1780682,1,0,1.15248,1.53284,0.649948,0.290398,1,0,,0,0,0,0,0,0,0,0,103808,104555,0,232,0
1780782,1,0,0.806737,1.38762,0.723715,0.303123,1,0,,0,0,0,0,0,0,0,0,103808,104555,0,232,0
1780882,1,0,0.564716,1.22304,0.773647,0.304947,1,0,,0,0,0,0,0,0,0,0,103808,104555,0,232,0
1780982,1,0,0.395301,1.05749,0.802031,0.313711,1,0,,0,0,0,0,0,0,0,0,103808,104555,0,232,0
1781082,1,0,0.276711,0.901333,0.811961,0.296086,1,0,,0,0,0,0,0,0,0,0,103808,104555,0,232,0
1781182,1,0,0.193697,0.759806,0.806746,0.296236,1,0,,0,0,0,0,0,0,0,0,103808,104555,0,232,0
1781282,1,0,0.135588,0.634963,0.789567,0.293559,1,0,,0,0,0,0,0,0,0,0,103808,104555,0,232,0
1781382,1,0,0.0949118,0.526953,0.763306,0.266248,1,0,,0,0,0,0,0,0,0,0,103808,104555,0,232,0
1781482,1,0,0.0664382,0.43485,0.73046,0.317536,1,0,,0,0,0,0,0,0,0,0,103808,104555,0,232,0
1781582,1,0,0.0465068,0.357181,0.693132,0.309198,1,0,,0,0,0,0,0,0,0,0,103808,104555,0,232,0
1781682,1,0,0.0325547,0.292256,0.653045,0.296063,1,0,,0,0,0,0,0,0,0,0,103808,104555,0,232,0
1781782,1,0,0.0227883,0.238362,0.611576,0.286937,1,0,,0,0,0,0,0,0,0,0,103808,104555,0,232,0
1781882,1,0,0.0159518,0.19388,0.569807,0.29965,1,0,,0,0,0,0,0,0,0,0,103808,104555,0,232,0
1781982,1,0,0.0111663,0.157337,0.52856,0.303623,1,0,,0,0,0,0,0,0,0,0,103808,104555,0,232,0
1782082,1,0,0.00781639,0.127433,0.488447,0.304436,1,0,,0,0,0,0,0,0,0,0,103808,104555,0,232,0
1782182,1,0,0.00547147,0.103041,0.449907,0.307775,1,0,,0,0,0,0,0,0,0,0,103808,104555,0,232,0
1782282,1,0,0.00383003,0.0831987,0.413236,0.2966,1,0,,0,0,0,0,0,0,0,0,103808,104555,0,232,0
1782382,1,0,0.00268102,0.0670952,0.378622,0.315439,1,0,,0,0,0,0,0,0,0,0,103808,104555,0,232,0
1782482,1,0,0.00187672,0.0540515,0.346165,0.301451,1,0,,0,0,0,0,0,0,0,0,103808,104555,0,232,0
1782582,1,0,0.0013137,0.0435039,0.315899,0.318938,1,0,,0,0,0,0,0,0,0,0,103808,104555,0,232,0
1782682,1,0,0.000919591,0.0349871,0.287807,0.323177,1,0,,0,0,0,0,0,0,0,0,103808,104555,0,232,0
1782782,1,0,0.000643713,0.0281184,0.261839,0.30769,1,0,,0,0,0,0,0,0,0,0,103808,104555,0,232,0
1782882,1,0,0.000450599,0.0225848,0.237913,0.299376,1,0,,0,0,0,0,0,0,0,0,103808,104555,0,232,0
1782982,1,0,0.00031542,0.018131,0.215935,0.295301,1,0,,0,0,0,0,0,0,0,0,103808,104555,0,232,0
1783082,1,0,0.000220794,0.0145489,0.195796,0.316538,1,0,,0,0,0,0,0,0,0,0,103808,104555,0,232,0
1783182,1,0,0.000154556,0.01167,0.177384,0.282864,1,0,,0,0,0,0,0,0,0,0,103808,104555,0,232,0
1783282,1,0,0.000108189,0.00935768,0.160581,0.287116,1,0,,0,0,0,0,0,0,0,0,103808,104555,0,232,0
1783382,1,0,7.57322e-005,0.00750129,0.145273,0.27812,1,0,,0,0,0,0,0,0,0,0,103808,104555,0,232,0
1783482,1,0,5.30126e-005,0.00601163,0.131347,0.299333,1,0,,0,0,0,0,0,0,0,0,103808,104555,0,232,0
1783582,1,0,3.71088e-005,0.00481673,0.118694,0.303131,1,0,,0,0,0,0,0,0,0,0,103808,104555,0,232,0
1783682,1,0,2.59762e-005,0.00385858,0.10721,0.303383,1,0,,0,0,0,0,0,0,0,0,103808,104555,0,232,0
1783782,1,0,1.81833e-005,0.0030905,0.0967984,0.286883,1,0,,0,0,0,0,0,0,0,0,103808,104555,0,232,0
1783882,1,0,1.27283e-005,0.00247494,0.087366,0.310984,1,0,,0,0,0,0,0,0,0,0,103808,104555,0,232,0
1783982,1,0,8.90982e-006,0.00198174,0.0788276,0.317785,1,0,,0,0,0,0,0,0,0,0,103808,104555,0,232,0
1784082,1,0,6.23687e-006,0.00158664,0.0711035,0.291385,1,0,,0,0,0,0,0,0,0,0,103808,104555,0,232,0
1784182,1,16,4.8,0.96127,0.16012,0.332147,1,0,,0,0,0,0,0,0,0,0,103808,104555,0,232,0
1784282,1,0,3.36,1.44102,0.28821,0.335898,1,0,,0,0,0,0,0,0,0,0,103808,104555,0,232,0
1784382,1,0,2.352,1.62321,0.42171,0.286487,1,0,,0,0,0,0,0,0,0,0,103808,104555,0,232,0
1784482,1,0,1.6464,1.62785,0.542324,0.287011,1,0,,0,0,0,0,0,0,0,0,103808,104555,0,232,0
1784582,1,0,1.15248,1.53278,0.64137,0.32496,1,0,,0,0,0,0,0,0,0,0,103808,104555,0,232,0
1784682,1,0,0.806737,1.38757,0.71599,0.308758,1,0,,0,0,0,0,0,0,0,0,103808,104555,0,232,0
1784782,1,0,0.564716,1.223,0.76669,0.327897,1,0,,0,0,0,0,0,0,0,0,103808,104555,0,232,0
1784882,1,0,0.395301,1.05746,0.795767,0.319595,1,0,,0,0,0,0,0,0,0,0,103808,104555,0,232,0
1784982,1,0,0.276711,0.901309,0.806322,0.320206,1,0,,0,0,0,0,0,0,0,0,103808,104555,0,232,0
1785082,1,0,0.193697,0.759787,0.801668,0.29153,1,0,,0,0,0,0,0,0,0,0,103808,104555,0,232,0
1785182,1,0,0.135588,0.634947,0.784996,0.30213,1,0,,0,0,0,0,0,0,0,0,103808,104555,0,232,0
1785282,1,0,0.0949118,0.52694,0.75919,0.317428,1,0,,0,0,0,0,0,0,0,0,103808,104555,0,232,0
1785382,1,0,0.0664382,0.43484,0.726755,0.322493,1,0,,0,0,0,0,0,0,0,0,103808,104555,0,232,0
1785482,1,0,0.0465068,0.357173,0.689797,0.308005,1,0,,0,0,0,0,0,0,0,0,103808,104555,0,232,0
1785582,1,0,0.0325547,0.29225,0.650042,0.318255,1,0,,0,0,0,0,0,0,0,0,103808,104555,0,232,0
1785682,1,0,0.0227883,0.238357,0.608874,0.300868,1,0,,0,0,0,0,0,0,0,0,103808,104555,0,232,0
1785782,1,0,0.0159518,0.193876,0.567374,0.253034,1,0,,0,0,0,0,0,0,0,0,103808,104555,0,232,0
1785882,1,0,0.0111663,0.157334,0.52637,0.304732,1,0,,0,0,0,0,0,0,0,0,103808,104555,0,232,0
1785982,1,0,0.00781639,0.127431,0.486476,0.327494,1,0,,0,0,0,0,0,0,0,0,103808,104555,0,232,0
1786082,1,0,0.00547147,0.103039,0.448132,0.303869,1,0,,0,0,0,0,0,0,0,0,103808,104555,0,232,0
1786182,1,0,0.00383003,0.0831971,0.411639,0.308908,1,0,,0,0,0,0,0,0,0,0,103808,104555,0,232,0
1786282,1,0,0.00268102,0.0670939,0.377184,0.32522,1,0,,0,0,0,0,0,0,0,0,103808,104555,0,232,0
1786382,1,0,0.00187672,0.0540504,0.344871,0.327433,1,0,,0,0,0,0,0,0,0,0,103808,104555,0,232,0
1786482,1,0,0.0013137,0.0435031,0.314734,0.323546,1,0,,0,0,0,0,0,0,0,0,103808,104555,0,232,0
1786582,1,0,0.000919591,0.0349864,0.286759,0.328459,1,0,,0,0,0,0,0,0,0,0,103808,104555,0,232,0
1786682,1,0,0.000643713,0.0281179,0.260895,0.300097,1,0,,0,0,0,0,0,0,0,0,103808,104555,0,232,0
1786782,1,0,0.000450599,0.0225844,0.237064,0.27806,1,0,,0,0,0,0,0,0,0,0,103808,104555,0,232,0
1786882,1,0,0.00031542,0.0181306,0.215171,0.28071,1,0,,0,0,0,0,0,0,0,0,103808,104555,0,232,0
1786982,1,0,0.000220794,0.0145486,0.195108,0.295172,1,0,,0,0,0,0,0,0,0,0,103808,104555,0,232,0
1787082,1,0,0.000154556,0.0116698,0.176765,0.322537,1,0,,0,0,0,0,0,0,0,0,103808,104555,0,232,0
1787182,1,0,0.000108189,0.0093575,0.160024,0.331637,1,0,,0,0,0,0,0,0,0,0,103808,104555,0,232,0
1787282,1,0,7.57322e-005,0.00750115,0.144772,0.299562,1,0,,0,0,0,0,0,0,0,0,103808,104555,0,232,0
1787382,1,0,5.30126e-005,0.00601152,0.130896,0.324612,1,0,,0,0,0,0,0,0,0,0,103808,104555,0,232,0
1787482,1,0,3.71088e-005,0.00481664,0.118288,0.299626,1,0,,0,0,0,0,0,0,0,0,103808,104555,0,232,0
1787582,1,0,2.59762e-005,0.00385851,0.106845,0.274978,1,0,,0,0,0,0,0,0,0,0,103808,104555,0,232,0
1787682,1,0,1.81833e-005,0.00309044,0.0964694,0.313417,1,0,,0,0,0,0,0,0,0,0,103808,104555,0,232,0
1787782,1,0,1.27283e-005,0.0024749,0.0870699,0.318253,1,0,,0,0,0,0,0,0,0,0,103808,104555,0,232,0
1787882,1,0,8.90982e-006,0.0019817,0.0785611,0.327565,1,0,,0,0,0,0,0,0,0,0,103808,104555,0,232,0
1787982,1,0,6.23687e-006,0.00158661,0.0708636,0.287365,1,0,,0,0,0,0,0,0,0,0,103808,104555,0,232,0
1788082,1,0,4.36581e-006,0.00127016,0.0639043,0.31848,1,0,,0,0,0,0,0,0,0,0,103808,104555,0,232,0
1788182,1,16,4.8,0.961017,0.153616,0.290965,1,0,,0,0,0,0,0,0,0,0,103808,104555,0,232,0
1788282,1,0,3.36,1.44081,0.282335,0.286902,1,0,,0,0,0,0,0,0,0,0,103808,104555,0,232,0
1788382,1,0,2.352,1.62305,0.416407,0.300489,1,0,,0,0,0,0,0,0,0,0,103808,104555,0,232,0
1788482,1,0,1.6464,1.62772,0.537538,0.324152,1,0,,0,0,0,0,0,0,0,0,103808,104555,0,232,0
1788582,1,0,1.15248,1.53267,0.637052,0.314288,1,0,,0,0,0,0,0,0,0,0,103808,104555,0,232,0
1788682,1,0,0.806736,1.38749,0.712095,0.292988,1,0,,0,0,0,0,0,0,0,0,103808,104555,0,232,0
1788782,1,0,0.564716,1.22293,0.763179,0.311665,1,0,,0,0,0,0,0,0,0,0,103808,104555,0,232,0
1788882,1,0,0.395301,1.05741,0.792602,0.300228,1,0,,0,0,0,0,0,0,0,0,103808,104555,0,232,0
1788982,1,0,0.276711,0.901267,0.803468,0.283041,1,0,,0,0,0,0,0,0,0,0,103808,104555,0,232,0
1789082,1,0,0.193697,0.759753,0.799096,0.292365,1,0,,0,0,0,0,0,0,0,0,103808,104555,0,232,0
1789182,1,0,0.135588,0.63492,0.782679,0.296652,1,0,,0,0,0,0,0,0,0,0,103808,104555,0,232,0
1789282,1,0,0.0949117,0.526918,0.757103,0.35349,1,0,,0,0,0,0,0,0,0,0,103808,104555,0,232,0
1789382,1,0,0.0664382,0.434822,0.724875,0.323432,1,0,,0,0,0,0,0,0,0,0,103808,104555,0,232,0
1789482,1,0,0.0465067,0.357159,0.688103,0.308458,1,0,,0,0,0,0,0,0,0,0,103808,104555,0,232,0
1789582,1,0,0.0325547,0.292238,0.648517,0.291933,1,0,,0,0,0,0,0,0,0,0,103808,104555,0,232,0
1789682,1,0,0.0227883,0.238348,0.6075,0.331032,1,0,,0,0,0,0,0,0,0,0,103808,104555,0,232,0
1789782,1,0,0.0159518,0.193869,0.566137,0.332855,1,0,,0,0,0,0,0,0,0,0,103808,104555,0,232,0
1789882,1,0,0.0111663,0.157328,0.525256,0.282631,1,0,,0,0,0,0,0,0,0,0,103808,104555,0,232,0
1789982,1,0,0.00781639,0.127426,0.485473,0.324832,1,0,,0,0,0,0,0,0,0,0,103808,104555,0,232,0
1790082,1,0,0.00547147,0.103035,0.447229,0.315431,1,0,,0,0,0,0,0,0,0,0,103808,104555,0,232,0
1790182,1,0,0.00383003,0.0831941,0.410825,0.328243,1,0,,0,0,0,0,0,0,0,0,103808,104555,0,232,0
1790282,1,0,0.00268102,0.0670915,0.376452,0.315258,1,0,,0,0,0,0,0,0,0,0,103808,104555,0,232,0
1790382,1,0,0.00187671,0.0540485,0.344212,0.366484,1,0,,0,0,0,0,0,0,0,0,103808,104555,0,232,0
1790482,1,0,0.0013137,0.0435016,0.314141,0.377159,1,0,,0,0,0,0,0,0,0,0,103808,104555,0,232,0
1790582,1,0,0.00091959,0.0349852,0.286225,0.344224,1,0,,0,0,0,0,0,0,0,0,103808,104555,0,232,0
1790682,1,0,0.000643713,0.0281169,0.260414,0.328725,1,0,,0,0,0,0,0,0,0,0,103808,104555,0,232,0
1790782,1,0,0.000450599,0.0225836,0.236631,0.3342,1,0,,0,0,0,0,0,0,0,0,103808,104555,0,232,0
1790882,1,0,0.000315419,0.01813,0.214781,0.2896,1,0,,0,0,0,0,0,0,0,0,103808,104555,0,232,0
1790982,1,0,0.000220794,0.0145481,0.194758,0.310111,1,0,,0,0,0,0,0,0,0,0,103808,104555,0,232,0
1791082,1,0,0.000154555,0.0116694,0.176449,0.324011,1,0,,0,0,0,0,0,0,0,0,103808,104555,0,232,0
1791182,1,0,0.000108189,0.00935718,0.15974,0.290107,1,0,,0,0,0,0,0,0,0,0,103808,104555,0,232,0
1791282,1,0,7.57322e-005,0.00750089,0.144516,0.290905,1,0,,0,0,0,0,0,0,0,0,103808,104555,0,232,0
1791382,1,0,5.30125e-005,0.00601132,0.130665,0.293343,1,0,,0,0,0,0,0,0,0,0,103808,104555,0,232,0
1791482,1,0,3.71088e-005,0.00481647,0.118081,0.289406,1,0,,0,0,0,0,0,0,0,0,103808,104555,0,232,0
1791582,1,0,2.59761e-005,0.00385837,0.106658,0.312918,1,0,,0,0,0,0,0,0,0,0,103808,104555,0,232,0
1791682,1,0,1.81833e-005,0.00309034,0.0963015,0.317942,1,0,,0,0,0,0,0,0,0,0,103808,104555,0,232,0
1791782,1,0,1.27283e-005,0.00247481,0.0869188,0.288455,1,0,,0,0,0,0,0,0,0,0,103808,104555,0,232,0
1791882,1,0,8.90982e-006,0.00198163,0.0784251,0.296981,1,0,,0,0,0,0,0,0,0,0,103808,104555,0,232,0
1791982,1,0,6.23687e-006,0.00158655,0.0707413,0.283532,1,0,,0,0,0,0,0,0,0,0,103808,104555,0,232,0
1792082,1,15,4.5,0.90127,0.153794,0.308362,1,0,,0,0,0,0,0,0,0,0,103808,104555,0,232,0
1792182,1,0,3.15,1.35102,0.273516,0.312611,1,0,,0,0,0,0,0,0,0,0,103808,104555,0,232,0
1792282,1,0,2.205,1.52181,0.398346,0.288963,1,0,,0,0,0,0,0,0,0,0,103808,104555,0,232,0
1792382,1,0,1.5435,1.52615,0.511127,0.316397,1,0,,0,0,0,0,0,0,0,0,103808,104555,0,232,0
1792482,1,0,1.08045,1.43701,0.603715,0.365121,1,0,,0,0,0,0,0,0,0,0,103808,104555,0,232,0
1792582,1,0,0.756316,1.30087,0.673431,0.288197,1,0,,0,0,0,0,0,0,0,0,103808,104555,0,232,0
1792682,1,0,0.529421,1.14658,0.720746,0.297571,1,0,,0,0,0,0,0,0,0,0,103808,104555,0,232,0
1792782,1,0,0.370595,0.991385,0.74781,0.309783,1,0,,0,0,0,0,0,0,0,0,103808,104555,0,232,0
1792882,1,0,0.259416,0.844991,0.757528,0.311606,1,0,,0,0,0,0,0,0,0,0,103808,104555,0,232,0
1792982,1,0,0.181591,0.712311,0.753006,0.272498,1,0,,0,0,0,0,0,0,0,0,103808,104555,0,232,0
1793082,1,0,0.127114,0.595272,0.737233,0.29236,1,0,,0,0,0,0,0,0,0,0,103808,104555,0,232,0
1793182,1,0,0.0889798,0.494013,0.712911,0.296133,1,0,,0,0,0,0,0,0,0,0,103808,104555,0,232,0
1793282,1,0,0.0622858,0.407668,0.682387,0.326008,1,0,,0,0,0,0,0,0,0,0,103808,104555,0,232,0
1793382,1,0,0.0436001,0.334854,0.647633,0.279559,1,0,,0,0,0,0,0,0,0,0,103808,104555,0,232,0
1793482,1,0,0.0305201,0.273987,0.610269,0.296485,1,0,,0,0,0,0,0,0,0,0,103808,104555,0,232,0
1793582,1,0,0.021364,0.223463,0.571588,0.294948,1,0,,0,0,0,0,0,0,0,0,103808,104555,0,232,0
1793682,1,0,0.0149548,0.181761,0.532605,0.32006,1,0,,0,0,0,0,0,0,0,0,103808,104555,0,232,0
1793782,1,0,0.0104684,0.147503,0.494095,0.320172,1,0,,0,0,0,0,0,0,0,0,103808,104555,0,232,0
1793882,1,0,0.00732787,0.119468,0.456632,0.309647,1,0,,0,0,0,0,0,0,0,0,103808,104555,0,232,0
1793982,1,0,0.00512951,0.0966,0.420629,0.311571,1,0,,0,0,0,0,0,0,0,0,103808,104555,0,232,0
1794082,1,0,0.00359065,0.0779981,0.386366,0.276046,1,0,,0,0,0,0,0,0,0,0,103808,104555,0,232,0
1794182,1,0,0.00251346,0.0629012,0.354019,0.286093,1,0,,0,0,0,0,0,0,0,0,103808,104555,0,232,0
1794282,1,0,0.00175942,0.0506729,0.323685,0.29718,1,0,,0,0,0,0,0,0,0,0,103808,104555,0,232,0
1794382,1,0,0.00123159,0.0407846,0.295395,0.359868,1,0,,0,0,0,0,0,0,0,0,103808,104555,0,232,0
1794482,1,0,0.000862116,0.0328001,0.269135,0.322806,1,0,,0,0,0,0,0,0,0,0,103808,104555,0,232,0
1794582,1,0,0.000603481,0.0263608,0.244858,0.305417,1,0,,0,0,0,0,0,0,0,0,103808,104555,0,232,0
1794682,1,0,0.000422437,0.0211731,0.222489,0.287267,1,0,,0,0,0,0,0,0,0,0,103808,104555,0,232,0
1794782,1,0,0.000295706,0.0169976,0.20194,0.305092,1,0,,0,0,0,0,0,0,0,0,103808,104555,0,232,0
1794882,1,0,0.000206994,0.0136395,0.18311,0.31603,1,0,,0,0,0,0,0,0,0,0,103808,104555,0,232,0
1794982,1,0,0.000144896,0.0109406,0.165893,0.295742,1,0,,0,0,0,0,0,0,0,0,103808,104555,0,232,0
1795082,1,0,0.000101427,0.00877275,0.150181,0.308343,1,0,,0,0,0,0,0,0,0,0,103808,104555,0,232,0
1795182,1,0,7.0999e-005,0.0070324,0.135866,0.339168,1,0,,0,0,0,0,0,0,0,0,103808,104555,0,232,0
1795282,1,0,4.96993e-005,0.00563586,0.122843,0.32497,1,0,,0,0,0,0,0,0,0,0,103808,104555,0,232,0
1795382,1,0,3.47895e-005,0.00451565,0.11101,0.311646,1,0,,0,0,0,0,0,0,0,0,103808,104555,0,232,0
1795482,1,0,2.43526e-005,0.00361739,0.100271,0.307784,1,0,,0,0,0,0,0,0,0,0,103808,104555,0,232,0
1795582,1,0,1.70469e-005,0.00289732,0.0905337,0.297421,1,0,,0,0,0,0,0,0,0,0,103808,104555,0,232,0
1795682,1,0,1.19328e-005,0.00232024,0.0817124,0.292121,1,0,,0,0,0,0,0,0,0,0,103808,104555,0,232,0
1795782,1,0,8.35296e-006,0.00185786,0.0737269,0.324259,1,0,,0,0,0,0,0,0,0,0,103808,104555,0,232,0
1795882,1,0,5.84707e-006,0.00148746,0.066503,0.291284,1,0,,0,0,0,0,0,0,0,0,103808,104555,0,232,0
1795982,1,0,4.09295e-006,0.00119079,0.0599718,0.293631,1,0,,0,0,0,0,0,0,0,0,103808,104555,0,232,0
1796082,1,16,4.8,0.960953,0.15007,0.306434,1,0,,0,0,0,0,0,0,0,0,103808,104555,0,232,0
1796182,1,0,3.36,1.44076,0.279139,0.305585,1,0,,0,0,0,0,0,0,0,0,103808,104555,0,232,0
1796282,1,0,2.352,1.62301,0.413526,0.305435,1,0,,0,0,0,0,0,0,0,0,103808,104555,0,232,0
1796382,1,0,1.6464,1.62769,0.534943,0.309,1,0,,0,0,0,0,0,0,0,0,103808,104555,0,232,0
1796482,1,0,1.15248,1.53265,0.634713,0.289775,1,0,,0,0,0,0,0,0,0,0,103808,104555,0,232,0
1796582,1,0,0.806736,1.38747,0.709988,0.310007,1,0,,0,0,0,0,0,0,0,0,103808,104555,0,232,0
1796682,1,0,0.564716,1.22292,0.761281,0.283359,1,0,,0,0,0,0,0,0,0,0,103808,104555,0,232,0
1796782,1,0,0.395301,1.05739,0.790892,0.307808,1,0,,0,0,0,0,0,0,0,0,103808,104555,0,232,0
1796882,1,0,0.276711,0.901256,0.801928,0.29122,1,0,,0,0,0,0,0,0,0,0,103808,104555,0,232,0
1796982,1,0,0.193697,0.759744,0.79771,0.315709,1,0,,0,0,0,0,0,0,0,0,103808,104555,0,232,0
1797082,1,0,0.135588,0.634913,0.78143,0.334244,1,0,,0,0,0,0,0,0,0,0,103808,104555,0,232,0
1797182,1,0,0.0949117,0.526913,0.755978,0.308796,1,0,,0,0,0,0,0,0,0,0,103808,104555,0,232,0
1797282,1,0,0.0664382,0.434818,0.723862,0.339632,1,0,,0,0,0,0,0,0,0,0,103808,104555,0,232,0
1797382,1,0,0.0465067,0.357156,0.687192,0.292582,1,0,,0,0,0,0,0,0,0,0,103808,104555,0,232,0
1797482,1,0,0.0325547,0.292235,0.647696,0.325707,1,0,,0,0,0,0,0,0,0,0,103808,104555,0,232,0
1797582,1,0,0.0227883,0.238346,0.606761,0.32117,1,0,,0,0,0,0,0,0,0,0,103808,104555,0,232,0
1797682,1,0,0.0159518,0.193867,0.565472,0.292043,1,0,,0,0,0,0,0,0,0,0,103808,104555,0,232,0
1797782,1,0,0.0111663,0.157327,0.524657,0.320727,1,0,,0,0,0,0,0,0,0,0,103808,104555,0,232,0
1797882,1,0,0.00781639,0.127425,0.484934,0.310925,1,0,,0,0,0,0,0,0,0,0,103808,104555,0,232,0
1797982,1,0,0.00547147,0.103034,0.446744,0.334201,1,0,,0,0,0,0,0,0,0,0,103808,104555,0,232,0
1798082,1,0,0.00383003,0.0831934,0.410389,0.298877,1,0,,0,0,0,0,0,0,0,0,103808,104555,0,232,0
1798182,1,0,0.00268102,0.0670909,0.376059,0.323177,1,0,,0,0,0,0,0,0,0,0,103808,104555,0,232,0
1798282,1,0,0.00187671,0.0540481,0.343858,0.275315,1,0,,0,0,0,0,0,0,0,0,103808,104555,0,232,0
1798382,1,0,0.0013137,0.0435012,0.313822,0.351964,1,0,,0,0,0,0,0,0,0,0,103808,104555,0,232,0
1798482,1,0,0.00091959,0.0349849,0.285939,0.309339,1,0,,0,0,0,0,0,0,0,0,103808,104555,0,232,0
1798582,1,0,0.000643713,0.0281166,0.260156,0.287251,1,0,,0,0,0,0,0,0,0,0,103808,104555,0,232,0
1798682,1,0,0.000450599,0.0225834,0.236399,0.313886,1,0,,0,0,0,0,0,0,0,0,103808,104555,0,232,0
1798782,1,0,0.000315419,0.0181298,0.214572,0.313925,1,0,,0,0,0,0,0,0,0,0,103808,104555,0,232,0
1798882,1,0,0.000220794,0.014548,0.19457,0.289939,1,0,,0,0,0,0,0,0,0,0,103808,104555,0,232,0
1798982,1,0,0.000154555,0.0116693,0.17628,0.311951,1,0,,0,0,0,0,0,0,0,0,103808,104555,0,232,0
1799082,1,0,0.000108189,0.0093571,0.159587,0.341701,1,0,,0,0,0,0,0,0,0,0,103808,104555,0,232,0
1799182,1,0,7.57322e-005,0.00750083,0.144379,0.323076,1,0,,0,0,0,0,0,0,0,0,103808,104555,0,232,0
1799282,1,0,5.30125e-005,0.00601127,0.130542,0.320199,1,0,,0,0,0,0,0,0,0,0,103808,104555,0,232,0
1799382,1,0,3.71088e-005,0.00481643,0.117969,0.319749,1,0,,0,0,0,0,0,0,0,0,103808,104555,0,232,0
1799482,1,0,2.59761e-005,0.00385834,0.106558,0.284274,1,0,,0,0,0,0,0,0,0,0,103808,104555,0,232,0
1799582,1,0,1.81833e-005,0.00309031,0.0962115,0.305217,1,0,,0,0,0,0,0,0,0,0,103808,104555,0,232,0
1799682,1,0,1.27283e-005,0.00247479,0.0868378,0.294829,1,0,,0,0,0,0,0,0,0,0,103808,104555,0,232,0
1799782,1,0,8.90982e-006,0.00198162,0.0783522,0.299841,1,0,,0,0,0,0,0,0,0,0,103808,104555,0,232,0
1799882,1,0,6.23687e-006,0.00158654,0.0706756,0.292329,1,0,,0,0,0,0,0,0,0,0,103808,104555,0,232,0
1799982,1,0,4.36581e-006,0.00127011,0.0637351,0.314993,1,0,,0,0,0,0,0,0,0,0,103808,104555,0,232,0
1800082,1,15,4.5,0.901017,0.147463,0.282962,1,0,,0,0,0,0,0,0,0,0,103808,104555,0,232,0
1800182,1,0,3.15,1.35081,0.267798,0.295624,1,0,,0,0,0,0,0,0,0,0,103808,104555,0,232,0
1800282,1,0,2.205,1.52165,0.393184,0.321585,1,0,,0,0,0,0,0,0,0,0,103808,104555,0,232,0
1800382,1,0,1.5435,1.52602,0.506467,0.315948,1,0,,0,0,0,0,0,0,0,0,103808,104555,0,232,0
1800482,1,0,1.08045,1.43691,0.599511,0.288886,1,0,,0,0,0,0,0,0,0,0,103808,104555,0,232,0
1800582,1,0,0.756316,1.30079,0.669639,0.27281,1,0,,0,0,0,0,0,0,0,0,103808,104555,0,232,0
1800682,1,0,0.529421,1.14652,0.717327,0.314073,1,0,,0,0,0,0,0,0,0,0,103808,104555,0,232,0
1800782,1,0,0.370595,0.991331,0.744727,0.298973,1,0,,0,0,0,0,0,0,0,0,103808,104555,0,232,0
1800882,1,0,0.259416,0.844948,0.754749,0.306647,1,0,,0,0,0,0,0,0,0,0,103808,104555,0,232,0
1800982,1,0,0.181591,0.712277,0.750502,0.31297,1,0,,0,0,0,0,0,0,0,0,103808,104555,0,232,0
1801082,1,0,0.127114,0.595244,0.734976,0.30783,1,0,,0,0,0,0,0,0,0,0,103808,104555,0,232,0
1801182,1,0,0.0889798,0.493991,0.710878,0.292341,1,0,,0,0,0,0,0,0,0,0,103808,104555,0,232,0
1801282,1,0,0.0622858,0.40765,0.680555,0.307028,1,0,,0,0,0,0,0,0,0,0,103808,104555,0,232,0
1801382,1,0,0.0436001,0.33484,0.645984,0.289319,1,0,,0,0,0,0,0,0,0,0,103808,104555,0,232,0
1801482,1,0,0.0305201,0.273976,0.608783,0.305094,1,0,,0,0,0,0,0,0,0,0,103808,104555,0,232,0
1801582,1,0,0.021364,0.223454,0.57025,0.331882,1,0,,0,0,0,0,0,0,0,0,103808,104555,0,232,0
1801682,1,0,0.0149548,0.181754,0.5314,0.287345,1,0,,0,0,0,0,0,0,0,0,103808,104555,0,232,0
1801782,1,0,0.0104684,0.147497,0.49301,0.298482,1,0,,0,0,0,0,0,0,0,0,103808,104555,0,232,0
1801882,1,0,0.00732786,0.119463,0.455655,0.312332,1,0,,0,0,0,0,0,0,0,0,103808,104555,0,232,0
1801982,1,0,0.00512951,0.0965964,0.419749,0.303029,1,0,,0,0,0,0,0,0,0,0,103808,104555,0,232,0
1802082,1,0,0.00359065,0.0779952,0.385574,0.301616,1,0,,0,0,0,0,0,0,0,0,103808,104555,0,232,0
1802182,1,0,0.00251346,0.0628989,0.353306,0.341029,1,0,,0,0,0,0,0,0,0,0,103808,104555,0,232,0
1802282,1,0,0.00175942,0.050671,0.323043,0.309517,1,0,,0,0,0,0,0,0,0,0,103808,104555,0,232,0
1802382,1,0,0.00123159,0.0407831,0.294817,0.280268,1,0,,0,0,0,0,0,0,0,0,103808,104555,0,232,0
1802482,1,0,0.000862116,0.0327989,0.268615,0.296892,1,0,,0,0,0,0,0,0,0,0,103808,104555,0,232,0
1802582,1,0,0.000603481,0.0263598,0.24439,0.298306,1,0,,0,0,0,0,0,0,0,0,103808,104555,0,232,0
1802682,1,0,0.000422437,0.0211723,0.222068,0.288253,1,0,,0,0,0,0,0,0,0,0,103808,104555,0,232,0
1802782,1,0,0.000295706,0.016997,0.201561,0.290403,1,0,,0,0,0,0,0,0,0,0,103808,104555,0,232,0
1802882,1,0,0.000206994,0.013639,0.182769,0.296191,1,0,,0,0,0,0,0,0,0,0,103808,104555,0,232,0
1802982,1,0,0.000144896,0.0109402,0.165586,0.302679,1,0,,0,0,0,0,0,0,0,0,103808,104555,0,232,0
1803082,1,0,0.000101427,0.00877244,0.149904,0.303704,1,0,,0,0,0,0,0,0,0,0,103808,104555,0,232,0
1803182,1,0,7.09989e-005,0.00703215,0.135617,0.376948,1,0,,0,0,0,0,0,0,0,0,103808,104555,0,232,0
1803282,1,0,4.96993e-005,0.00563566,0.122619,0.298597,1,0,,0,0,0,0,0,0,0,0,103808,104555,0,232,0
1803382,1,0,3.47895e-005,0.00451549,0.110809,0.30421,1,0,,0,0,0,0,0,0,0,0,103808,104555,0,232,0
1803482,1,0,2.43526e-005,0.00361726,0.10009,0.277636,1,0,,0,0,0,0,0,0,0,0,103808,104555,0,232,0
1803582,1,0,1.70468e-005,0.00289722,0.0903703,0.297675,1,0,,0,0,0,0,0,0,0,0,103808,104555,0,232,0
1803682,1,0,1.19328e-005,0.00232016,0.0815653,0.291287,1,0,,0,0,0,0,0,0,0,0,103808,104555,0,232,0
1803782,1,0,8.35295e-006,0.0018578,0.0735945,0.318574,1,0,,0,0,0,0,0,0,0,0,103808,104555,0,232,0
1803882,1,0,5.84707e-006,0.00148741,0.0663838,0.301998,1,0,,0,0,0,0,0,0,0,0,103808,104555,0,232,0
1803982,1,16,4.8,0.961191,0.155865,0.302712,1,0,,0,0,0,0,0,0,0,0,103808,104555,0,232,0
1804082,1,0,3.36,1.44095,0.284373,0.277,1,0,,0,0,0,0,0,0,0,0,103808,104555,0,232,0
1804182,1,0,2.352,1.62316,0.418252,0.304637,1,0,,0,0,0,0,0,0,0,0,103808,104555,0,232,0
1804282,1,0,1.6464,1.62781,0.539208,0.312212,1,0,,0,0,0,0,0,0,0,0,103808,104555,0,232,0
1804382,1,0,1.15248,1.53274,0.638562,0.284974,1,0,,0,0,0,0,0,0,0,0,103808,104555,0,232,0
1804482,1,0,0.806737,1.38754,0.71346,0.291699,1,0,,0,0,0,0,0,0,0,0,103808,104555,0,232,0
1804582,1,0,0.564716,1.22298,0.764412,0.298335,1,0,,0,0,0,0,0,0,0,0,103808,104555,0,232,0
1804682,1,0,0.395301,1.05744,0.793715,0.28486,1,0,,0,0,0,0,0,0,0,0,103808,104555,0,232,0
1804782,1,0,0.276711,0.901296,0.804473,0.279374,1,0,,0,0,0,0,0,0,0,0,103808,104555,0,232,0
1804882,1,0,0.193697,0.759776,0.800003,0.316674,1,0,,0,0,0,0,0,0,0,0,103808,104555,0,232,0
1804982,1,0,0.135588,0.634939,0.783497,0.293913,1,0,,0,0,0,0,0,0,0,0,103808,104555,0,232,0
1805082,1,0,0.0949118,0.526933,0.75784,0.316525,1,0,,0,0,0,0,0,0,0,0,103808,104555,0,232,0
1805182,1,0,0.0664382,0.434834,0.72554,0.280339,1,0,,0,0,0,0,0,0,0,0,103808,104555,0,232,0
1805282,1,0,0.0465068,0.357169,0.688703,0.304075,1,0,,0,0,0,0,0,0,0,0,103808,104555,0,232,0
1805382,1,0,0.0325547,0.292246,0.649057,0.2895,1,0,,0,0,0,0,0,0,0,0,103808,104555,0,232,0
1805482,1,0,0.0227883,0.238354,0.607987,0.297109,1,0,,0,0,0,0,0,0,0,0,103808,104555,0,232,0
1805582,1,0,0.0159518,0.193874,0.566575,0.31637,1,0,,0,0,0,0,0,0,0,0,103808,104555,0,232,0
1805682,1,0,0.0111663,0.157332,0.525651,0.279956,1,0,,0,0,0,0,0,0,0,0,103808,104555,0,232,0
1805782,1,0,0.00781639,0.127429,0.485829,0.293095,1,0,,0,0,0,0,0,0,0,0,103808,104555,0,232,0
1805882,1,0,0.00547147,0.103038,0.44755,0.300395,1,0,,0,0,0,0,0,0,0,0,103808,104555,0,232,0
1805982,1,0,0.00383003,0.0831961,0.411114,0.293631,1,0,,0,0,0,0,0,0,0,0,103808,104555,0,232,0
1806082,1,0,0.00268102,0.0670931,0.376712,0.295768,1,0,,0,0,0,0,0,0,0,0,103808,104555,0,232,0
1806182,1,0,0.00187672,0.0540498,0.344446,0.295878,1,0,,0,0,0,0,0,0,0,0,103808,104555,0,232,0
1806282,1,0,0.0013137,0.0435026,0.314352,0.292318,1,0,,0,0,0,0,0,0,0,0,103808,104555,0,232,0
1806382,1,0,0.000919591,0.034986,0.286415,0.315955,1,0,,0,0,0,0,0,0,0,0,103808,104555,0,232,0
1806482,1,0,0.000643713,0.0281175,0.260585,0.321918,1,0,,0,0,0,0,0,0,0,0,103808,104555,0,232,0
1806582,1,0,0.000450599,0.0225842,0.236785,0.337855,1,0,,0,0,0,0,0,0,0,0,103808,104555,0,232,0
1806682,1,0,0.00031542,0.0181304,0.21492,0.300191,1,0,,0,0,0,0,0,0,0,0,103808,104555,0,232,0
1806782,1,0,0.000220794,0.0145485,0.194883,0.288604,1,0,,0,0,0,0,0,0,0,0,103808,104555,0,232,0
1806882,1,0,0.000154556,0.0116697,0.176561,0.300739,1,0,,0,0,0,0,0,0,0,0,103808,104555,0,232,0
1806982,1,0,0.000108189,0.0093574,0.159841,0.270115,1,0,,0,0,0,0,0,0,0,0,103808,104555,0,232,0
1807082,1,0,7.57322e-005,0.00750107,0.144607,0.296878,1,0,,0,0,0,0,0,0,0,0,103808,104555,0,232,0
1807182,1,0,5.30126e-005,0.00601146,0.130747,0.315166,1,0,,0,0,0,0,0,0,0,0,103808,104555,0,232,0
1807282,1,0,3.71088e-005,0.00481659,0.118154,0.321477,1,0,,0,0,0,0,0,0,0,0,103808,104555,0,232,0
1807382,1,0,2.59762e-005,0.00385846,0.106725,0.312133,1,0,,0,0,0,0,0,0,0,0,103808,104555,0,232,0
1807482,1,0,1.81833e-005,0.00309041,0.0963612,0.299121,1,0,,0,0,0,0,0,0,0,0,103808,104555,0,232,0
1807582,1,0,1.27283e-005,0.00247487,0.0869726,0.289597,1,0,,0,0,0,0,0,0,0,0,103808,104555,0,232,0
1807682,1,0,8.90982e-006,0.00198168,0.0784735,0.306083,1,0,,0,0,0,0,0,0,0,0,103808,104555,0,232,0
1807782,1,0,6.23687e-006,0.00158659,0.0707848,0.325596,1,0,,0,0,0,0,0,0,0,0,103808,104555,0,232,0
1807882,1,0,4.36581e-006,0.00127015,0.0638334,0.291495,1,0,,0,0,0,0,0,0,0,0,103808,104555,0,232,0
1807982,1,16,4.8,0.961017,0.153552,0.304831,1,0,,0,0,0,0,0,0,0,0,103808,104555,0,232,0
1808082,1,0,3.36,1.44081,0.282278,0.290681,1,0,,0,0,0,0,0,0,0,0,103808,104555,0,232,0
1808182,1,0,2.352,1.62305,0.416355,0.306421,1,0,,0,0,0,0,0,0,0,0,103808,104555,0,232,0
1808282,1,0,1.6464,1.62772,0.537492,0.328684,1,0,,0,0,0,0,0,0,0,0,103808,104555,0,232,0
1808382,1,0,1.15248,1.53267,0.63701,0.283049,1,0,,0,0,0,0,0,0,0,0,103808,104555,0,232,0
1808482,1,0,0.806736,1.38749,0.712058,0.296399,1,0,,0,0,0,0,0,0,0,0,103808,104555,0,232,0
1808582,1,0,0.564716,1.22293,0.763145,0.295472,1,0,,0,0,0,0,0,0,0,0,103808,104555,0,232,0
1808682,1,0,0.395301,1.05741,0.792571,0.289408,1,0,,0,0,0,0,0,0,0,0,103808,104555,0,232,0
1808782,1,0,0.276711,0.901267,0.80344,0.298283,1,0,,0,0,0,0,0,0,0,0,103808,104555,0,232,0
1808882,1,0,0.193697,0.759753,0.799072,0.303045,1,0,,0,0,0,0,0,0,0,0,103808,104555,0,232,0
1808982,1,0,0.135588,0.63492,0.782656,0.286795,1,0,,0,0,0,0,0,0,0,0,103808,104555,0,232,0
1809082,1,0,0.0949117,0.526918,0.757083,0.308922,1,0,,0,0,0,0,0,0,0,0,103808,104555,0,232,0
1809182,1,0,0.0664382,0.434822,0.724857,0.289757,1,0,,0,0,0,0,0,0,0,0,103808,104555,0,232,0
1809282,1,0,0.0465067,0.357159,0.688087,0.358231,1,0,,0,0,0,0,0,0,0,0,103808,104555,0,232,0
1809382,1,0,0.0325547,0.292238,0.648502,0.310907,1,0,,0,0,0,0,0,0,0,0,103808,104555,0,232,0
1809482,1,0,0.0227883,0.238348,0.607487,0.327546,1,0,,0,0,0,0,0,0,0,0,103808,104555,0,232,0
1809582,1,0,0.0159518,0.193869,0.566125,0.297395,1,0,,0,0,0,0,0,0,0,0,103808,104555,0,232,0
1809682,1,0,0.0111663,0.157328,0.525245,0.30192,1,0,,0,0,0,0,0,0,0,0,103808,104555,0,232,0
1809782,1,0,0.00781639,0.127426,0.485463,0.282408,1,0,,0,0,0,0,0,0,0,0,103808,104555,0,232,0
1809882,1,0,0.00547147,0.103035,0.44722,0.295884,1,0,,0,0,0,0,0,0,0,0,103808,104555,0,232,0
1809982,1,0,0.00383003,0.0831941,0.410818,0.275247,1,0,,0,0,0,0,0,0,0,0,103808,104555,0,232,0
1810082,1,0,0.00268102,0.0670915,0.376445,0.275295,1,0,,0,0,0,0,0,0,0,0,103808,104555,0,232,0
1810182,1,0,0.00187671,0.0540485,0.344205,0.320043,1,0,,0,0,0,0,0,0,0,0,103808,104555,0,232,0
1810282,1,0,0.0013137,0.0435016,0.314135,0.296018,1,0,,0,0,0,0,0,0,0,0,103808,104555,0,232,0
1810382,1,0,0.00091959,0.0349852,0.28622,0.310189,1,0,,0,0,0,0,0,0,0,0,103808,104555,0,232,0
1810482,1,0,0.000643713,0.0281169,0.26041,0.287987,1,0,,0,0,0,0,0,0,0,0,103808,104555,0,232,0
1810582,1,0,0.000450599,0.0225836,0.236627,0.277862,1,0,,0,0,0,0,0,0,0,0,103808,104555,0,232,0
1810682,1,0,0.000315419,0.01813,0.214777,0.325647,1,0,,0,0,0,0,0,0,0,0,103808,104555,0,232,0
1810782,1,0,0.000220794,0.0145481,0.194754,0.283447,1,0,,0,0,0,0,0,0,0,0,103808,104555,0,232,0
1810882,1,0,0.000154555,0.0116694,0.176446,0.286347,1,0,,0,0,0,0,0,0,0,0,103808,104555,0,232,0
1810982,1,0,0.000108189,0.00935718,0.159737,0.298859,1,0,,0,0,0,0,0,0,0,0,103808,104555,0,232,0
1811082,1,0,7.57322e-005,0.00750089,0.144513,0.295221,1,0,,0,0,0,0,0,0,0,0,103808,104555,0,232,0
1811182,1,0,5.30125e-005,0.00601132,0.130663,0.298696,1,0,,0,0,0,0,0,0,0,0,103808,104555,0,232,0
1811282,1,0,3.71088e-005,0.00481647,0.118079,0.27977,1,0,,0,0,0,0,0,0,0,0,103808,104555,0,232,0
1811382,1,0,2.59761e-005,0.00385837,0.106657,0.280891,1,0,,0,0,0,0,0,0,0,0,103808,104555,0,232,0
1811482,1,0,1.81833e-005,0.00309034,0.0962999,0.309828,1,0,,0,0,0,0,0,0,0,0,103808,104555,0,232,0
1811582,1,0,1.27283e-005,0.00247481,0.0869174,0.302901,1,0,,0,0,0,0,0,0,0,0,103808,104555,0,232,0
1811682,1,0,8.90982e-006,0.00198163,0.0784238,0.294575,1,0,,0,0,0,0,0,0,0,0,103808,104555,0,232,0
1811782,1,0,6.23687e-006,0.00158655,0.0707401,0.3209,1,0,,0,0,0,0,0,0,0,0,103808,104555,0,232,0
1811882,1,15,4.5,0.90127,0.153793,0.293854,1,0,,0,0,0,0,0,0,0,0,103808,104555,0,232,0
1811982,1,0,3.15,1.35102,0.273515,0.293447,1,0,,0,0,0,0,0,0,0,0,103808,104555,0,232,0
1812082,1,0,2.205,1.52181,0.398345,0.303597,1,0,,0,0,0,0,0,0,0,0,103808,104555,0,232,0
1812182,1,0,1.5435,1.52615,0.511126,0.279871,1,0,,0,0,0,0,0,0,0,0,103808,104555,0,232,0
1812282,1,0,1.08045,1.43701,0.603714,0.296745,1,0,,0,0,0,0,0,0,0,0,103808,104555,0,232,0
1812382,1,0,0.756316,1.30087,0.67343,0.32617,1,0,,0,0,0,0,0,0,0,0,103808,104555,0,232,0
1812482,1,0,0.529421,1.14658,0.720745,0.321607,1,0,,0,0,0,0,0,0,0,0,103808,104555,0,232,0
1812582,1,0,0.370595,0.991385,0.747809,0.305006,1,0,,0,0,0,0,0,0,0,0,103808,104555,0,232,0
1812682,1,0,0.259416,0.844991,0.757527,0.317207,1,0,,0,0,0,0,0,0,0,0,103808,104555,0,232,0
1812782,1,0,0.181591,0.712311,0.753006,0.288616,1,0,,0,0,0,0,0,0,0,0,103808,104555,0,232,0
1812882,1,0,0.127114,0.595272,0.737232,0.321041,1,0,,0,0,0,0,0,0,0,0,103808,104555,0,232,0
1812982,1,0,0.0889798,0.494013,0.71291,0.300177,1,0,,0,0,0,0,0,0,0,0,103808,104555,0,232,0
1813082,1,0,0.0622858,0.407668,0.682386,0.268176,1,0,,0,0,0,0,0,0,0,0,103808,104555,0,232,0
1813182,1,0,0.0436001,0.334854,0.647633,0.332165,1,0,,0,0,0,0,0,0,0,0,103808,104555,0,232,0
1813282,1,0,0.0305201,0.273987,0.610268,0.286478,1,0,,0,0,0,0,0,0,0,0,103808,104555,0,232,0
1813382,1,0,0.021364,0.223463,0.571588,0.30969,1,0,,0,0,0,0,0,0,0,0,103808,104555,0,232,0
1813482,1,0,0.0149548,0.181761,0.532605,0.299927,1,0,,0,0,0,0,0,0,0,0,103808,104555,0,232,0
1813582,1,0,0.0104684,0.147503,0.494095,0.287477,1,0,,0,0,0,0,0,0,0,0,103808,104555,0,232,0
1813682,1,0,0.00732787,0.119468,0.456632,0.281426,1,0,,0,0,0,0,0,0,0,0,103808,104555,0,232,0
1813782,1,0,0.00512951,0.0966,0.420629,0.276664,1,0,,0,0,0,0,0,0,0,0,103808,104555,0,232,0
1813882,1,0,0.00359065,0.0779981,0.386366,0.280789,1,0,,0,0,0,0,0,0,0,0,103808,104555,0,232,0
1813982,1,0,0.00251346,0.0629012,0.354019,0.303228,1,0,,0,0,0,0,0,0,0,0,103808,104555,0,232,0
1814082,1,0,0.00175942,0.0506729,0.323685,0.280316,1,0,,0,0,0,0,0,0,0,0,103808,104555,0,232,0
1814182,1,0,0.00123159,0.0407846,0.295395,0.307656,1,0,,0,0,0,0,0,0,0,0,103808,104555,0,232,0
1814282,1,0,0.000862116,0.0328001,0.269135,0.311418,1,0,,0,0,0,0,0,0,0,0,103808,104555,0,232,0
1814382,1,0,0.000603481,0.0263608,0.244858,0.316356,1,0,,0,0,0,0,0,0,0,0,103808,104555,0,232,0
1814482,1,0,0.000422437,0.0211731,0.222489,0.31368,1,0,,0,0,0,0,0,0,0,0,103808,104555,0,232,0
1814582,1,0,0.000295706,0.0169976,0.20194,0.338709,1,0,,0,0,0,0,0,0,0,0,103808,104555,0,232,0
1814682,1,0,0.000206994,0.0136395,0.18311,0.34437,1,0,,0,0,0,0,0,0,0,0,103808,104555,0,232,0
1814782,1,0,0.000144896,0.0109406,0.165893,0.300022,1,0,,0,0,0,0,0,0,0,0,103808,104555,0,232,0
1814882,1,0,0.000101427,0.00877275,0.150181,0.316046,1,0,,0,0,0,0,0,0,0,0,103808,104555,0,232,0
1814982,1,0,7.0999e-005,0.0070324,0.135866,0.300747,1,0,,0,0,0,0,0,0,0,0,103808,104555,0,232,0
1815082,1,0,4.96993e-005,0.00563586,0.122843,0.302934,1,0,,0,0,0,0,0,0,0,0,103808,104555,0,232,0
1815182,1,0,3.47895e-005,0.00451565,0.11101,0.275785,1,0,,0,0,0,0,0,0,0,0,103808,104555,0,232,0
1815282,1,0,2.43526e-005,0.00361739,0.100271,0.276435,1,0,,0,0,0,0,0,0,0,0,103808,104555,0,232,0
1815382,1,0,1.70469e-005,0.00289732,0.0905337,0.273783,1,0,,0,0,0,0,0,0,0,0,103808,104555,0,232,0
1815482,1,0,1.19328e-005,0.00232024,0.0817124,0.344886,1,0,,0,0,0,0,0,0,0,0,103808,104555,0,232,0
1815582,1,0,8.35296e-006,0.00185786,0.0737269,0.287072,1,0,,0,0,0,0,0,0,0,0,103808,104555,0,232,0
1815682,1,0,5.84707e-006,0.00148746,0.066503,0.295172,1,0,,0,0,0,0,0,0,0,0,103808,104555,0,232,0
1815782,1,0,4.09295e-006,0.00119079,0.0599718,0.309808,1,0,,0,0,0,0,0,0,0,0,103808,104555,0,232,0
1815882,1,16,4.8,0.960953,0.15007,0.288625,1,0,,0,0,0,0,0,0,0,0,103808,104555,0,232,0
1815982,1,0,3.36,1.44076,0.279139,0.316036,1,0,,0,0,0,0,0,0,0,0,103808,104555,0,232,0
1816082,1,0,2.352,1.62301,0.413526,0.298047,1,0,,0,0,0,0,0,0,0,0,103808,104555,0,232,0
1816182,1,0,1.6464,1.62769,0.534943,0.304597,1,0,,0,0,0,0,0,0,0,0,103808,104555,0,232,0
1816282,1,0,1.15248,1.53265,0.634713,0.3314,1,0,,0,0,0,0,0,0,0,0,103808,104555,0,232,0
1816382,1,0,0.806736,1.38747,0.709988,0.285773,1,0,,0,0,0,0,0,0,0,0,103808,104555,0,232,0
1816482,1,0,0.564716,1.22292,0.761281,0.354247,1,0,,0,0,0,0,0,0,0,0,103808,104555,0,232,0
1816582,1,0,0.395301,1.05739,0.790892,0.348321,1,0,,0,0,0,0,0,0,0,0,103808,104555,0,232,0
1816682,1,0,0.276711,0.901256,0.801928,0.279886,1,0,,0,0,0,0,0,0,0,0,103808,104555,0,232,0
1816782,1,0,0.193697,0.759744,0.79771,0.300985,1,0,,0,0,0,0,0,0,0,0,103808,104555,0,232,0
1816882,1,0,0.135588,0.634913,0.78143,0.323097,1,0,,0,0,0,0,0,0,0,0,103808,104555,0,232,0
1816982,1,0,0.0949117,0.526913,0.755978,0.335047,1,0,,0,0,0,0,0,0,0,0,103808,104555,0,232,0
1817082,1,0,0.0664382,0.434818,0.723862,0.298035,1,0,,0,0,0,0,0,0,0,0,103808,104555,0,232,0
1817182,1,0,0.0465067,0.357156,0.687192,0.275934,1,0,,0,0,0,0,0,0,0,0,103808,104555,0,232,0
1817282,1,0,0.0325547,0.292235,0.647696,0.286834,1,0,,0,0,0,0,0,0,0,0,103808,104555,0,232,0
1817382,1,0,0.0227883,0.238346,0.606761,0.318858,1,0,,0,0,0,0,0,0,0,0,103808,104555,0,232,0
1817482,1,0,0.0159518,0.193867,0.565472,0.299895,1,0,,0,0,0,0,0,0,0,0,103808,104555,0,232,0
1817582,1,0,0.0111663,0.157327,0.524657,0.320267,1,0,,0,0,0,0,0,0,0,0,103808,104555,0,232,0
1817682,1,0,0.00781639,0.127425,0.484934,0.294992,1,0,,0,0,0,0,0,0,0,0,103808,104555,0,232,0
1817782,1,0,0.00547147,0.103034,0.446744,0.28953,1,0,,0,0,0,0,0,0,0,0,103808,104555,0,232,0
1817882,1,0,0.00383003,0.0831934,0.410389,0.320168,1,0,,0,0,0,0,0,0,0,0,103808,104555,0,232,0
1817982,1,0,0.00268102,0.0670909,0.376059,0.31618,1,0,,0,0,0,0,0,0,0,0,103808,104555,0,232,0
1818082,1,0,0.00187671,0.0540481,0.343858,0.317081,1,0,,0,0,0,0,0,0,0,0,103808,104555,0,232,0
1818182,1,0,0.0013137,0.0435012,0.313822,0.289915,1,0,,0,0,0,0,0,0,0,0,103808,104555,0,232,0
1818282,1,0,0.00091959,0.0349849,0.285939,0.313289,1,0,,0,0,0,0,0,0,0,0,103808,104555,0,232,0
1818382,1,0,0.000643713,0.0281166,0.260156,0.310739,1,0,,0,0,0,0,0,0,0,0,103808,104555,0,232,0
1818482,1,0,0.000450599,0.0225834,0.236399,0.333987,1,0,,0,0,0,0,0,0,0,0,103808,104555,0,232,0
1818582,1,0,0.000315419,0.0181298,0.214572,0.286076,1,0,,0,0,0,0,0,0,0,0,103808,104555,0,232,0
1818682,1,0,0.000220794,0.014548,0.19457,0.304678,1,0,,0,0,0,0,0,0,0,0,103808,104555,0,232,0
1818782,1,0,0.000154555,0.0116693,0.17628,0.294989,1,0,,0,0,0,0,0,0,0,0,103808,104555,0,232,0
1818882,1,0,0.000108189,0.0093571,0.159587,0.334639,1,0,,0,0,0,0,0,0,0,0,103808,104555,0,232,0
1818982,1,0,7.57322e-005,0.00750083,0.144379,0.290528,1,0,,0,0,0,0,0,0,0,0,103808,104555,0,232,0
1819082,1,0,5.30125e-005,0.00601127,0.130542,0.339068,1,0,,0,0,0,0,0,0,0,0,103808,104555,0,232,0
1819182,1,0,3.71088e-005,0.00481643,0.117969,0.285642,1,0,,0,0,0,0,0,0,0,0,103808,104555,0,232,0
1819282,1,0,2.59761e-005,0.00385834,0.106558,0.311731,1,0,,0,0,0,0,0,0,0,0,103808,104555,0,232,0
1819382,1,0,1.81833e-005,0.00309031,0.0962115,0.276295,1,0,,0,0,0,0,0,0,0,0,103808,104555,0,232,0
1819482,1,0,1.27283e-005,0.00247479,0.0868378,0.300359,1,0,,0,0,0,0,0,0,0,0,103808,104555,0,232,0
1819582,1,0,8.90982e-006,0.00198162,0.0783522,0.339585,1,0,,0,0,0,0,0,0,0,0,103808,104555,0,232,0
1819682,1,0,6.23687e-006,0.00158654,0.0706756,0.308437,1,0,,0,0,0,0,0,0,0,0,103808,104555,0,232,0
1819782,1,0,4.36581e-006,0.00127011,0.0637351,0.292275,1,0,,0,0,0,0,0,0,0,0,103808,104555,0,232,0
1819882,1,16,4.8,0.961017,0.153463,0.287359,1,0,,0,0,0,0,0,0,0,0,103808,104555,0,232,0
1819982,1,0,3.36,1.44081,0.282198,0.299474,1,0,,0,0,0,0,0,0,0,0,103808,104555,0,232,0
1820082,1,0,2.352,1.62305,0.416284,0.27661,1,0,,0,0,0,0,0,0,0,0,103808,104555,0,232,0
1820182,1,0,1.6464,1.62772,0.537427,0.304459,1,0,,0,0,0,0,0,0,0,0,103808,104555,0,232,0
1820282,1,0,1.15248,1.53267,0.636952,0.311824,1,0,,0,0,0,0,0,0,0,0,103808,104555,0,232,0
1820382,1,0,0.806736,1.38749,0.712005,0.2949,1,0,,0,0,0,0,0,0,0,0,103808,104555,0,232,0
1820482,1,0,0.564716,1.22293,0.763098,0.293013,1,0,,0,0,0,0,0,0,0,0,103808,104555,0,232,0
1820582,1,0,0.395301,1.05741,0.792529,0.351913,1,0,,0,0,0,0,0,0,0,0,103808,104555,0,232,0
1820682,1,0,0.276711,0.901267,0.803402,0.279014,1,0,,0,0,0,0,0,0,0,0,103808,104555,0,232,0
1820782,1,0,0.193697,0.759753,0.799037,0.302503,1,0,,0,0,0,0,0,0,0,0,103808,104555,0,232,0
1820882,1,0,0.135588,0.63492,0.782626,0.37884,1,0,,0,0,0,0,0,0,0,0,103808,104555,0,232,0
1820982,1,0,0.0949117,0.526918,0.757055,0.284104,1,0,,0,0,0,0,0,0,0,0,103808,104555,0,232,0
1821082,1,0,0.0664382,0.434822,0.724832,0.288241,1,0,,0,0,0,0,0,0,0,0,103808,104555,0,232,0
1821182,1,0,0.0465067,0.357159,0.688064,0.324518,1,0,,0,0,0,0,0,0,0,0,103808,104555,0,232,0
1821282,1,0,0.0325547,0.292238,0.648482,0.336643,1,0,,0,0,0,0,0,0,0,0,103808,104555,0,232,0
1821382,1,0,0.0227883,0.238348,0.607468,0.295818,1,0,,0,0,0,0,0,0,0,0,103808,104555,0,232,0
1821482,1,0,0.0159518,0.193869,0.566108,0.28473,1,0,,0,0,0,0,0,0,0,0,103808,104555,0,232,0
1821582,1,0,0.0111663,0.157328,0.52523,0.297592,1,0,,0,0,0,0,0,0,0,0,103808,104555,0,232,0
1821682,1,0,0.00781639,0.127426,0.48545,0.341756,1,0,,0,0,0,0,0,0,0,0,103808,104555,0,232,0
1821782,1,0,0.00547147,0.103035,0.447208,0.29611,1,0,,0,0,0,0,0,0,0,0,103808,104555,0,232,0
1821882,1,0,0.00383003,0.0831941,0.410807,0.299023,1,0,,0,0,0,0,0,0,0,0,103808,104555,0,232,0
1821982,1,0,0.00268102,0.0670915,0.376435,0.274249,1,0,,0,0,0,0,0,0,0,0,103808,104555,0,232,0
1822082,1,0,0.00187671,0.0540485,0.344197,0.315975,1,0,,0,0,0,0,0,0,0,0,103808,104555,0,232,0
1822182,1,0,0.0013137,0.0435016,0.314127,0.315288,1,0,,0,0,0,0,0,0,0,0,103808,104555,0,232,0
1822282,1,0,0.00091959,0.0349852,0.286213,0.320602,1,0,,0,0,0,0,0,0,0,0,103808,104555,0,232,0
1822382,1,0,0.000643713,0.0281169,0.260403,0.280028,1,0,,0,0,0,0,0,0,0,0,103808,104555,0,232,0
1822482,1,0,0.000450599,0.0225836,0.236621,0.266365,1,0,,0,0,0,0,0,0,0,0,103808,104555,0,232,0
1822582,1,0,0.000315419,0.01813,0.214772,0.307752,1,0,,0,0,0,0,0,0,0,0,103808,104555,0,232,0
1822682,1,0,0.000220794,0.0145481,0.19475,0.301041,1,0,,0,0,0,0,0,0,0,0,103808,104555,0,232,0
1822782,1,0,0.000154555,0.0116694,0.176442,0.300816,1,0,,0,0,0,0,0,0,0,0,103808,104555,0,232,0
1822882,1,0,0.000108189,0.00935718,0.159733,0.306717,1,0,,0,0,0,0,0,0,0,0,103808,104555,0,232,0
1822982,1,0,7.57322e-005,0.00750089,0.14451,0.347456,1,0,,0,0,0,0,0,0,0,0,103808,104555,0,232,0
1823082,1,0,5.30125e-005,0.00601132,0.13066,0.314445,1,0,,0,0,0,0,0,0,0,0,103808,104555,0,232,0
1823182,1,0,3.71088e-005,0.00481647,0.118076,0.274121,1,0,,0,0,0,0,0,0,0,0,103808,104555,0,232,0
1823282,1,0,2.59761e-005,0.00385837,0.106654,0.289447,1,0,,0,0,0,0,0,0,0,0,103808,104555,0,232,0
1823382,1,0,1.81833e-005,0.00309034,0.0962977,0.318161,1,0,,0,0,0,0,0,0,0,0,103808,104555,0,232,0
1823482,1,0,1.27283e-005,0.00247481,0.0869154,0.290872,1,0,,0,0,0,0,0,0,0,0,103808,104555,0,232,0
1823582,1,0,8.90982e-006,0.00198163,0.078422,0.294435,1,0,,0,0,0,0,0,0,0,0,103808,104555,0,232,0
1823682,1,0,6.23687e-006,0.00158655,0.0707385,0.321285,1,0,,0,0,0,0,0,0,0,0,103808,104555,0,232,0
1823782,1,16,4.8,0.96127,0.159792,0.318903,1,0,,0,0,0,0,0,0,0,0,103808,104555,0,232,0
1823882,1,0,3.36,1.44102,0.287914,0.276465,1,0,,0,0,0,0,0,0,0,0,103808,104555,0,232,0
1823982,1,0,2.352,1.62321,0.421444,0.302601,1,0,,0,0,0,0,0,0,0,0,103808,104555,0,232,0
1824082,1,0,1.6464,1.62785,0.542085,0.285802,1,0,,0,0,0,0,0,0,0,0,103808,104555,0,232,0
1824182,1,0,1.15248,1.53278,0.641154,0.298861,1,0,,0,0,0,0,0,0,0,0,103808,104555,0,232,0
1824282,1,0,0.806737,1.38757,0.715796,0.304335,1,0,,0,0,0,0,0,0,0,0,103808,104555,0,232,0
1824382,1,0,0.564716,1.223,0.766516,0.306858,1,0,,0,0,0,0,0,0,0,0,103808,104555,0,232,0
1824482,1,0,0.395301,1.05746,0.79561,0.313656,1,0,,0,0,0,0,0,0,0,0,103808,104555,0,232,0
1824582,1,0,0.276711,0.901309,0.80618,0.31058,1,0,,0,0,0,0,0,0,0,0,103808,104555,0,232,0
1824682,1,0,0.193697,0.759787,0.801541,0.339118,1,0,,0,0,0,0,0,0,0,0,103808,104555,0,232,0
1824782,1,0,0.135588,0.634947,0.784881,0.318529,1,0,,0,0,0,0,0,0,0,0,103808,104555,0,232,0
1824882,1,0,0.0949118,0.52694,0.759087,0.348755,1,0,,0,0,0,0,0,0,0,0,103808,104555,0,232,0
1824982,1,0,0.0664382,0.43484,0.726662,0.338743,1,0,,0,0,0,0,0,0,0,0,103808,104555,0,232,0
1825082,1,0,0.0465068,0.357173,0.689713,0.286368,1,0,,0,0,0,0,0,0,0,0,103808,104555,0,232,0
1825182,1,0,0.0325547,0.29225,0.649967,0.294831,1,0,,0,0,0,0,0,0,0,0,103808,104555,0,232,0
1825282,1,0,0.0227883,0.238357,0.608806,0.300432,1,0,,0,0,0,0,0,0,0,0,103808,104555,0,232,0
1825382,1,0,0.0159518,0.193876,0.567313,0.315515,1,0,,0,0,0,0,0,0,0,0,103808,104555,0,232,0
1825482,1,0,0.0111663,0.157334,0.526315,0.326391,1,0,,0,0,0,0,0,0,0,0,103808,104555,0,232,0
1825582,1,0,0.00781639,0.127431,0.486427,0.324928,1,0,,0,0,0,0,0,0,0,0,103808,104555,0,232,0
1825682,1,0,0.00547147,0.103039,0.448088,0.291892,1,0,,0,0,0,0,0,0,0,0,103808,104555,0,232,0
1825782,1,0,0.00383003,0.0831971,0.411599,0.288003,1,0,,0,0,0,0,0,0,0,0,103808,104555,0,232,0
1825882,1,0,0.00268102,0.0670939,0.377148,0.300016,1,0,,0,0,0,0,0,0,0,0,103808,104555,0,232,0
1825982,1,0,0.00187672,0.0540504,0.344839,0.287704,1,0,,0,0,0,0,0,0,0,0,103808,104555,0,232,0
1826082,1,0,0.0013137,0.0435031,0.314705,0.317655,1,0,,0,0,0,0,0,0,0,0,103808,104555,0,232,0
1826182,1,0,0.000919591,0.0349864,0.286733,0.303957,1,0,,0,0,0,0,0,0,0,0,103808,104555,0,232,0
1826282,1,0,0.000643713,0.0281179,0.260872,0.321407,1,0,,0,0,0,0,0,0,0,0,103808,104555,0,232,0
1826382,1,0,0.000450599,0.0225844,0.237043,0.280819,1,0,,0,0,0,0,0,0,0,0,103808,104555,0,232,0
1826482,1,0,0.00031542,0.0181306,0.215152,0.303957,1,0,,0,0,0,0,0,0,0,0,103808,104555,0,232,0
1826582,1,0,0.000220794,0.0145486,0.195091,0.305368,1,0,,0,0,0,0,0,0,0,0,103808,104555,0,232,0
1826682,1,0,0.000154556,0.0116698,0.176749,0.369681,1,0,,0,0,0,0,0,0,0,0,103808,104555,0,232,0
1826782,1,0,0.000108189,0.0093575,0.16001,0.323931,1,0,,0,0,0,0,0,0,0,0,103808,104555,0,232,0
1826882,1,0,7.57322e-005,0.00750115,0.144759,0.313307,1,0,,0,0,0,0,0,0,0,0,103808,104555,0,232,0
1826982,1,0,5.30126e-005,0.00601152,0.130884,0.272056,1,0,,0,0,0,0,0,0,0,0,103808,104555,0,232,0
1827082,1,0,3.71088e-005,0.00481664,0.118278,0.31528,1,0,,0,0,0,0,0,0,0,0,103808,104555,0,232,0
1827182,1,0,2.59762e-005,0.00385851,0.106836,0.305169,1,0,,0,0,0,0,0,0,0,0,103808,104555,0,232,0
1827282,1,0,1.81833e-005,0.00309044,0.0964611,0.288968,1,0,,0,0,0,0,0,0,0,0,103808,104555,0,232,0
1827382,1,0,1.27283e-005,0.0024749,0.0870625,0.301742,1,0,,0,0,0,0,0,0,0,0,103808,104555,0,232,0
1827482,1,0,8.90982e-006,0.0019817,0.0785544,0.327603,1,0,,0,0,0,0,0,0,0,0,103808,104555,0,232,0
1827582,1,0,6.23687e-006,0.00158661,0.0708576,0.325218,1,0,,0,0,0,0,0,0,0,0,103808,104555,0,232,0
1827682,1,0,4.36581e-006,0.00127016,0.0638989,0.313632,1,0,,0,0,0,0,0,0,0,0,103808,104555,0,232,0
1827782,1,16,4.8,0.961017,0.153611,0.305479,1,0,,0,0,0,0,0,0,0,0,103808,104555,0,232,0
1827882,1,0,3.36,1.44081,0.282331,0.30668,1,0,,0,0,0,0,0,0,0,0,103808,104555,0,232,0
1827982,1,0,2.352,1.62305,0.416403,0.302454,1,0,,0,0,0,0,0,0,0,0,103808,104555,0,232,0
1828082,1,0,1.6464,1.62772,0.537535,0.309606,1,0,,0,0,0,0,0,0,0,0,103808,104555,0,232,0
1828182,1,0,1.15248,1.53267,0.637049,0.327356,1,0,,0,0,0,0,0,0,0,0,103808,104555,0,232,0
1828282,1,0,0.806736,1.38749,0.712092,0.279394,1,0,,0,0,0,0,0,0,0,0,103808,104555,0,232,0
1828382,1,0,0.564716,1.22293,0.763176,0.296417,1,0,,0,0,0,0,0,0,0,0,103808,104555,0,232,0
1828482,1,0,0.395301,1.05741,0.792599,0.286831,1,0,,0,0,0,0,0,0,0,0,103808,104555,0,232,0
1828582,1,0,0.276711,0.901267,0.803466,0.294644,1,0,,0,0,0,0,0,0,0,0,103808,104555,0,232,0
1828682,1,0,0.193697,0.759753,0.799095,0.285058,1,0,,0,0,0,0,0,0,0,0,103808,104555,0,232,0
1828782,1,0,0.135588,0.63492,0.782677,0.302294,1,0,,0,0,0,0,0,0,0,0,103808,104555,0,232,0
1828882,1,0,0.0949117,0.526918,0.757101,0.329544,1,0,,0,0,0,0,0,0,0,0,103808,104555,0,232,0
1828982,1,0,0.0664382,0.434822,0.724873,0.361081,1,0,,0,0,0,0,0,0,0,0,103808,104555,0,232,0
1829082,1,0,0.0465067,0.357159,0.688102,0.279456,1,0,,0,0,0,0,0,0,0,0,103808,104555,0,232,0
1829182,1,0,0.0325547,0.292238,0.648515,0.27998,1,0,,0,0,0,0,0,0,0,0,103808,104555,0,232,0
1829282,1,0,0.0227883,0.238348,0.607499,0.300655,1,0,,0,0,0,0,0,0,0,0,103808,104555,0,232,0
1829382,1,0,0.0159518,0.193869,0.566136,0.325369,1,0,,0,0,0,0,0,0,0,0,103808,104555,0,232,0
1829482,1,0,0.0111663,0.157328,0.525255,0.318767,1,0,,0,0,0,0,0,0,0,0,103808,104555,0,232,0
1829582,1,0,0.00781639,0.127426,0.485472,0.311967,1,0,,0,0,0,0,0,0,0,0,103808,104555,0,232,0
1829682,1,0,0.00547147,0.103035,0.447228,0.31713,1,0,,0,0,0,0,0,0,0,0,103808,104555,0,232,0
1829782,1,0,0.00383003,0.0831941,0.410825,0.291779,1,0,,0,0,0,0,0,0,0,0,103808,104555,0,232,0
1829882,1,0,0.00268102,0.0670915,0.376452,0.307278,1,0,,0,0,0,0,0,0,0,0,103808,104555,0,232,0
1829982,1,0,0.00187671,0.0540485,0.344211,0.342767,1,0,,0,0,0,0,0,0,0,0,103808,104555,0,232,0
1830082,1,0,0.0013137,0.0435016,0.31414,0.283392,1,0,,0,0,0,0,0,0,0,0,103808,104555,0,232,0
1830182,1,0,0.00091959,0.0349852,0.286225,0.304814,1,0,,0,0,0,0,0,0,0,0,103808,104555,0,232,0
1830282,1,0,0.000643713,0.0281169,0.260414,0.316828,1,0,,0,0,0,0,0,0,0,0,103808,104555,0,232,0
1830382,1,0,0.000450599,0.0225836,0.236631,0.31393,1,0,,0,0,0,0,0,0,0,0,103808,104555,0,232,0
1830482,1,0,0.000315419,0.01813,0.214781,0.303028,1,0,,0,0,0,0,0,0,0,0,103808,104555,0,232,0
1830582,1,0,0.000220794,0.0145481,0.194758,0.289327,1,0,,0,0,0,0,0,0,0,0,103808,104555,0,232,0
1830682,1,0,0.000154555,0.0116694,0.176449,0.347226,1,0,,0,0,0,0,0,0,0,0,103808,104555,0,232,0
1830782,1,0,0.000108189,0.00935718,0.15974,0.311028,1,0,,0,0,0,0,0,0,0,0,103808,104555,0,232,0
1830882,1,0,7.57322e-005,0.00750089,0.144516,0.337263,1,0,,0,0,0,0,0,0,0,0,103808,104555,0,232,0
1830982,1,0,5.30125e-005,0.00601132,0.130665,0.308063,1,0,,0,0,0,0,0,0,0,0,103808,104555,0,232,0
1831082,1,0,3.71088e-005,0.00481647,0.11808,0.298977,1,0,,0,0,0,0,0,0,0,0,103808,104555,0,232,0
1831182,1,0,2.59761e-005,0.00385837,0.106658,0.326238,1,0,,0,0,0,0,0,0,0,0,103808,104555,0,232,0
1831282,1,0,1.81833e-005,0.00309034,0.0963014,0.280776,1,0,,0,0,0,0,0,0,0,0,103808,104555,0,232,0
1831382,1,0,1.27283e-005,0.00247481,0.0869187,0.277076,1,0,,0,0,0,0,0,0,0,0,103808,104555,0,232,0
1831482,1,0,8.90982e-006,0.00198163,0.078425,0.302479,1,0,,0,0,0,0,0,0,0,0,103808,104555,0,232,0
1831582,1,0,6.23687e-006,0.00158655,0.0707412,0.311892,1,0,,0,0,0,0,0,0,0,0,103808,104555,0,232,0
1831682,1,0,4.36581e-006,0.00127012,0.0637941,0.338929,1,0,,0,0,0,0,0,0,0,0,103808,104555,0,232,0
1831782,1,16,4.8,0.961017,0.153516,0.316123,1,0,,0,0,0,0,0,0,0,0,103808,104555,0,232,0
1831882,1,0,3.36,1.44081,0.282246,0.340986,1,0,,0,0,0,0,0,0,0,0,103808,104555,0,232,0
1831982,1,0,2.352,1.62305,0.416327,0.34291,1,0,,0,0,0,0,0,0,0,0,103808,104555,0,232,0
1832082,1,0,1.6464,1.62772,0.537466,0.313047,1,0,,0,0,0,0,0,0,0,0,103808,104555,0,232,0
1832182,1,0,1.15248,1.53267,0.636987,0.293596,1,0,,0,0,0,0,0,0,0,0,103808,104555,0,232,0
1832282,1,0,0.806736,1.38749,0.712037,0.345746,1,0,,0,0,0,0,0,0,0,0,103808,104555,0,232,0
1832382,1,0,0.564716,1.22293,0.763126,0.315972,1,0,,0,0,0,0,0,0,0,0,103808,104555,0,232,0
1832482,1,0,0.395301,1.05741,0.792554,0.317972,1,0,,0,0,0,0,0,0,0,0,103808,104555,0,232,0
1832582,1,0,0.276711,0.901267,0.803425,0.278407,1,0,,0,0,0,0,0,0,0,0,103808,104555,0,232,0
1832682,1,0,0.193697,0.759753,0.799058,0.310619,1,0,,0,0,0,0,0,0,0,0,103808,104555,0,232,0
1832782,1,0,0.135588,0.63492,0.782644,0.305994,1,0,,0,0,0,0,0,0,0,0,103808,104555,0,232,0
1832882,1,0,0.0949117,0.526918,0.757072,0.313307,1,0,,0,0,0,0,0,0,0,0,103808,104555,0,232,0
1832982,1,0,0.0664382,0.434822,0.724847,0.339721,1,0,,0,0,0,0,0,0,0,0,103808,104555,0,232,0
1833082,1,0,0.0465067,0.357159,0.688078,0.323409,1,0,,0,0,0,0,0,0,0,0,103808,104555,0,232,0
1833182,1,0,0.0325547,0.292238,0.648494,0.310607,1,0,,0,0,0,0,0,0,0,0,103808,104555,0,232,0
1833282,1,0,0.0227883,0.238348,0.607479,0.298545,1,0,,0,0,0,0,0,0,0,0,103808,104555,0,232,0
1833382,1,0,0.0159518,0.193869,0.566118,0.328018,1,0,,0,0,0,0,0,0,0,0,103808,104555,0,232,0
1833482,1,0,0.0111663,0.157328,0.525239,0.294919,1,0,,0,0,0,0,0,0,0,0,103808,104555,0,232,0
1833582,1,0,0.00781639,0.127426,0.485458,0.308543,1,0,,0,0,0,0,0,0,0,0,103808,104555,0,232,0
1833682,1,0,0.00547147,0.103035,0.447216,0.301894,1,0,,0,0,0,0,0,0,0,0,103808,104555,0,232,0
1833782,1,0,0.00383003,0.0831941,0.410814,0.289475,1,0,,0,0,0,0,0,0,0,0,103808,104555,0,232,0
1833882,1,0,0.00268102,0.0670915,0.376441,0.301572,1,0,,0,0,0,0,0,0,0,0,103808,104555,0,232,0
1833982,1,0,0.00187671,0.0540485,0.344202,0.323923,1,0,,0,0,0,0,0,0,0,0,103808,104555,0,232,0
1834082,1,0,0.0013137,0.0435016,0.314132,0.321499,1,0,,0,0,0,0,0,0,0,0,103808,104555,0,232,0
1834182,1,0,0.00091959,0.0349852,0.286217,0.335938,1,0,,0,0,0,0,0,0,0,0,103808,104555,0,232,0
1834282,1,0,0.000643713,0.0281169,0.260407,0.346061,1,0,,0,0,0,0,0,0,0,0,103808,104555,0,232,0
1834382,1,0,0.000450599,0.0225836,0.236625,0.317629,1,0,,0,0,0,0,0,0,0,0,103808,104555,0,232,0
1834482,1,0,0.000315419,0.01813,0.214775,0.306153,1,0,,0,0,0,0,0,0,0,0,103808,104555,0,232,0
1834582,1,0,0.000220794,0.0145481,0.194753,0.295216,1,0,,0,0,0,0,0,0,0,0,103808,104555,0,232,0
1834682,1,0,0.000154555,0.0116694,0.176444,0.321153,1,0,,0,0,0,0,0,0,0,0,103808,104555,0,232,0
1834782,1,0,0.000108189,0.00935718,0.159736,0.313677,1,0,,0,0,0,0,0,0,0,0,103808,104555,0,232,0
1834882,1,0,7.57322e-005,0.00750089,0.144512,0.336316,1,0,,0,0,0,0,0,0,0,0,103808,104555,0,232,0
1834982,1,0,5.30125e-005,0.00601132,0.130662,0.284902,1,0,,0,0,0,0,0,0,0,0,103808,104555,0,232,0
1835082,1,0,3.71088e-005,0.00481647,0.118077,0.287179,1,0,,0,0,0,0,0,0,0,0,103808,104555,0,232,0
1835182,1,0,2.59761e-005,0.00385837,0.106656,0.305966,1,0,,0,0,0,0,0,0,0,0,103808,104555,0,232,0
1835282,1,0,1.81833e-005,0.00309034,0.096299,0.328217,1,0,,0,0,0,0,0,0,0,0,103808,104555,0,232,0
1835382,1,0,1.27283e-005,0.00247481,0.0869166,0.353754,1,0,,0,0,0,0,0,0,0,0,103808,104555,0,232,0
1835482,1,0,8.90982e-006,0.00198163,0.0784231,0.319041,1,0,,0,0,0,0,0,0,0,0,103808,104555,0,232,0
1835582,1,0,6.23687e-006,0.00158655,0.0707395,0.325744,1,0,,0,0,0,0,0,0,0,0,103808,104555,0,232,0
1835682,1,16,4.8,0.96127,0.159793,0.300527,1,0,,0,0,0,0,0,0,0,0,103808,104555,0,232,0
1835782,1,0,3.36,1.44102,0.287915,0.322365,1,0,,0,0,0,0,0,0,0,0,103808,104555,0,232,0
1835882,1,0,2.352,1.62321,0.421445,0.298191,1,0,,0,0,0,0,0,0,0,0,103808,104555,0,232,0
1835982,1,0,1.6464,1.62785,0.542085,0.338979,1,0,,0,0,0,0,0,0,0,0,103808,104555,0,232,0
1836082,1,0,1.15248,1.53278,0.641155,0.294454,1,0,,0,0,0,0,0,0,0,0,103808,104555,0,232,0
1836182,1,0,0.806737,1.38757,0.715796,0.276307,1,0,,0,0,0,0,0,0,0,0,103808,104555,0,232,0
1836282,1,0,0.564716,1.223,0.766516,0.319993,1,0,,0,0,0,0,0,0,0,0,103808,104555,0,232,0
1836382,1,0,0.395301,1.05746,0.795611,0.339306,1,0,,0,0,0,0,0,0,0,0,103808,104555,0,232,0
1836482,1,0,0.276711,0.901309,0.80618,0.323819,1,0,,0,0,0,0,0,0,0,0,103808,104555,0,232,0
1836582,1,0,0.193697,0.759787,0.801541,0.291716,1,0,,0,0,0,0,0,0,0,0,103808,104555,0,232,0
1836682,1,0,0.135588,0.634947,0.784882,0.34224,1,0,,0,0,0,0,0,0,0,0,103808,104555,0,232,0
1836782,1,0,0.0949118,0.52694,0.759088,0.302416,1,0,,0,0,0,0,0,0,0,0,103808,104555,0,232,0
1836882,1,0,0.0664382,0.43484,0.726663,0.317541,1,0,,0,0,0,0,0,0,0,0,103808,104555,0,232,0
1836982,1,0,0.0465068,0.357173,0.689714,0.328315,1,0,,0,0,0,0,0,0,0,0,103808,104555,0,232,0
1837082,1,0,0.0325547,0.29225,0.649967,0.294189,1,0,,0,0,0,0,0,0,0,0,103808,104555,0,232,0
1837182,1,0,0.0227883,0.238357,0.608806,0.308827,1,0,,0,0,0,0,0,0,0,0,103808,104555,0,232,0
1837282,1,0,0.0159518,0.193876,0.567313,0.314804,1,0,,0,0,0,0,0,0,0,0,103808,104555,0,232,0
1837382,1,0,0.0111663,0.157334,0.526315,0.276479,1,0,,0,0,0,0,0,0,0,0,103808,104555,0,232,0
1837482,1,0,0.00781639,0.127431,0.486427,0.295543,1,0,,0,0,0,0,0,0,0,0,103808,104555,0,232,0
1837582,1,0,0.00547147,0.103039,0.448088,0.325307,1,0,,0,0,0,0,0,0,0,0,103808,104555,0,232,0
1837682,1,0,0.00383003,0.0831971,0.411599,0.312268,1,0,,0,0,0,0,0,0,0,0,103808,104555,0,232,0
1837782,1,0,0.00268102,0.0670939,0.377148,0.323729,1,0,,0,0,0,0,0,0,0,0,103808,104555,0,232,0
1837882,1,0,0.00187672,0.0540504,0.344839,0.296777,1,0,,0,0,0,0,0,0,0,0,103808,104555,0,232,0
1837982,1,0,0.0013137,0.0435031,0.314705,0.301921,1,0,,0,0,0,0,0,0,0,0,103808,104555,0,232,0
1838082,1,0,0.000919591,0.0349864,0.286733,0.322022,1,0,,0,0,0,0,0,0,0,0,103808,104555,0,232,0
1838182,1,0,0.000643713,0.0281179,0.260872,0.288384,1,0,,0,0,0,0,0,0,0,0,103808,104555,0,232,0
1838282,1,0,0.000450599,0.0225844,0.237043,0.356446,1,0,,0,0,0,0,0,0,0,0,103808,104555,0,232,0
1838382,1,0,0.00031542,0.0181306,0.215152,0.295496,1,0,,0,0,0,0,0,0,0,0,103808,104555,0,232,0
1838482,1,0,0.000220794,0.0145486,0.195091,0.311471,1,0,,0,0,0,0,0,0,0,0,103808,104555,0,232,0
1838582,1,0,0.000154556,0.0116698,0.176749,0.294371,1,0,,0,0,0,0,0,0,0,0,103808,104555,0,232,0
1838682,1,0,0.000108189,0.0093575,0.16001,0.296747,1,0,,0,0,0,0,0,0,0,0,103808,104555,0,232,0
1838782,1,0,7.57322e-005,0.00750115,0.144759,0.313897,1,0,,0,0,0,0,0,0,0,0,103808,104555,0,232,0
1838882,1,0,5.30126e-005,0.00601152,0.130884,0.311147,1,0,,0,0,0,0,0,0,0,0,103808,104555,0,232,0
1838982,1,0,3.71088e-005,0.00481664,0.118278,0.306947,1,0,,0,0,0,0,0,0,0,0,103808,104555,0,232,0
1839082,1,0,2.59762e-005,0.00385851,0.106836,0.299423,1,0,,0,0,0,0,0,0,0,0,103808,104555,0,232,0
1839182,1,0,1.81833e-005,0.00309044,0.0964612,0.322354,1,0,,0,0,0,0,0,0,0,0,103808,104555,0,232,0
1839282,1,0,1.27283e-005,0.0024749,0.0870625,0.204741,1,0,,0,0,0,0,0,0,0,0,103808,104555,0,232,0
1839382,1,0,8.90982e-006,0.0019817,0.0785545,0.344805,1,0,,0,0,0,0,0,0,0,0,103808,104555,0,232,0
1839482,1,0,6.23687e-006,0.00158661,0.0708577,0.311043,1,0,,0,0,0,0,0,0,0,0,103808,104555,0,232,0
1839582,1,0,4.36581e-006,0.00127016,0.0638989,0.287843,1,0,,0,0,0,0,0,0,0,0,103808,104555,0,232,0
1839682,1,14,4.2,0.841017,0.141611,0.310619,1,0,,0,0,0,0,0,0,0,0,103808,104555,0,232,0
1839782,1,0,2.94,1.26081,0.253531,0.286348,1,0,,0,0,0,0,0,0,0,0,103808,104555,0,232,0
1839882,1,0,2.058,1.42025,0.370203,0.350483,1,0,,0,0,0,0,0,0,0,0,103808,104555,0,232,0
1839982,1,0,1.4406,1.42432,0.475615,0.30202,1,0,,0,0,0,0,0,0,0,0,103808,104555,0,232,0
1840082,1,0,1.00842,1.34114,0.562168,0.287106,1,0,,0,0,0,0,0,0,0,0,103808,104555,0,232,0
1840182,1,0,0.705894,1.21409,0.62736,0.297021,1,0,,0,0,0,0,0,0,0,0,103808,104555,0,232,0
1840282,1,0,0.494126,1.0701,0.671634,0.280618,1,0,,0,0,0,0,0,0,0,0,103808,104555,0,232,0
1840382,1,0,0.345888,0.925257,0.696996,0.300493,1,0,,0,0,0,0,0,0,0,0,103808,104555,0,232,0
1840482,1,0,0.242122,0.78863,0.706159,0.31458,1,0,,0,0,0,0,0,0,0,0,103808,104555,0,232,0
1840582,1,0,0.169485,0.664801,0.702024,0.293666,1,0,,0,0,0,0,0,0,0,0,103808,104555,0,232,0
1840682,1,0,0.11864,0.555569,0.687378,0.326017,1,0,,0,0,0,0,0,0,0,0,103808,104555,0,232,0
1840782,1,0,0.0830478,0.461065,0.664747,0.30178,1,0,,0,0,0,0,0,0,0,0,103808,104555,0,232,0
1840882,1,0,0.0581334,0.380478,0.63632,0.294305,1,0,,0,0,0,0,0,0,0,0,103808,104555,0,232,0
1840982,1,0,0.0406934,0.312521,0.60394,0.321329,1,0,,0,0,0,0,0,0,0,0,103808,104555,0,232,0
1841082,1,0,0.0284854,0.255714,0.569117,0.282166,1,0,,0,0,0,0,0,0,0,0,103808,104555,0,232,0
1841182,1,0,0.0199398,0.208559,0.533062,0.300829,1,0,,0,0,0,0,0,0,0,0,103808,104555,0,232,0
1841282,1,0,0.0139578,0.169639,0.496719,0.321802,1,0,,0,0,0,0,0,0,0,0,103808,104555,0,232,0
1841382,1,0,0.00977049,0.137665,0.460814,0.297739,1,0,,0,0,0,0,0,0,0,0,103808,104555,0,232,0
1841482,1,0,0.00683934,0.1115,0.425882,0.276717,1,0,,0,0,0,0,0,0,0,0,103808,104555,0,232,0
1841582,1,0,0.00478754,0.0901576,0.39231,0.328381,1,0,,0,0,0,0,0,0,0,0,103808,104555,0,232,0
1841682,1,0,0.00335128,0.0727963,0.360359,0.32822,1,0,,0,0,0,0,0,0,0,0,103808,104555,0,232,0
1841782,1,0,0.00234589,0.0587062,0.330193,0.297944,1,0,,0,0,0,0,0,0,0,0,103808,104555,0,232,0
1841882,1,0,0.00164213,0.0472934,0.301903,0.365831,1,0,,0,0,0,0,0,0,0,0,103808,104555,0,232,0
1841982,1,0,0.00114949,0.0380646,0.275519,0.332367,1,0,,0,0,0,0,0,0,0,0,103808,104555,0,232,0
1842082,1,0,0.000804642,0.0306126,0.251029,0.293891,1,0,,0,0,0,0,0,0,0,0,103808,104555,0,232,0
1842182,1,0,0.000563249,0.0246028,0.228386,0.305532,1,0,,0,0,0,0,0,0,0,0,103808,104555,0,232,0
1842282,1,0,0.000394274,0.0197611,0.207524,0.321467,1,0,,0,0,0,0,0,0,0,0,103808,104555,0,232,0
1842382,1,0,0.000275992,0.015864,0.188358,0.335855,1,0,,0,0,0,0,0,0,0,0,103808,104555,0,232,0
1842482,1,0,0.000193194,0.0127299,0.170795,0.327268,1,0,,0,0,0,0,0,0,0,0,103808,104555,0,232,0
1842582,1,0,0.000135236,0.0102109,0.154737,0.295181,1,0,,0,0,0,0,0,0,0,0,103808,104555,0,232,0
1842682,1,0,9.46653e-005,0.00818769,0.140082,0.306856,1,0,,0,0,0,0,0,0,0,0,103808,104555,0,232,0
1842782,1,0,6.62657e-005,0.00656341,0.12673,0.29991,1,0,,0,0,0,0,0,0,0,0,103808,104555,0,232,0
1842882,1,0,4.6386e-005,0.00526,0.114583,0.295811,1,0,,0,0,0,0,0,0,0,0,103808,104555,0,232,0
1842982,1,0,3.24702e-005,0.0042145,0.103546,0.320521,1,0,,0,0,0,0,0,0,0,0,103808,104555,0,232,0
1843082,1,0,2.27291e-005,0.00337614,0.093529,0.303046,1,0,,0,0,0,0,0,0,0,0,103808,104555,0,232,0
1843182,1,0,1.59104e-005,0.0027041,0.0844465,0.318984,1,0,,0,0,0,0,0,0,0,0,103808,104555,0,232,0
1843282,1,0,1.11373e-005,0.0021655,0.0762184,0.285745,1,0,,0,0,0,0,0,0,0,0,103808,104555,0,232,0
1843382,1,0,7.79609e-006,0.00173396,0.06877,0.298745,1,0,,0,0,0,0,0,0,0,0,103808,104555,0,232,0
1843482,1,0,5.45726e-006,0.00138826,0.0620318,0.318257,1,0,,0,0,0,0,0,0,0,0,103808,104555,0,232,0
1843582,1,16,4.8,0.961111,0.15194,0.29538,1,0,,0,0,0,0,0,0,0,0,103808,104555,0,232,0
1843682,1,0,3.36,1.44089,0.280835,0.290254,1,0,,0,0,0,0,0,0,0,0,103808,104555,0,232,0
1843782,1,0,2.352,1.62311,0.415062,0.330366,1,0,,0,0,0,0,0,0,0,0,103808,104555,0,232,0
1843882,1,0,1.6464,1.62777,0.536333,0.283351,1,0,,0,0,0,0,0,0,0,0,103808,104555,0,232,0
1843982,1,0,1.15248,1.53271,0.635971,0.290064,1,0,,0,0,0,0,0,0,0,0,103808,104555,0,232,0
1844082,1,0,0.806737,1.38752,0.711126,0.290088,1,0,,0,0,0,0,0,0,0,0,103808,104555,0,232,0
1844182,1,0,0.564716,1.22296,0.762309,0.303563,1,0,,0,0,0,0,0,0,0,0,103808,104555,0,232,0
1844282,1,0,0.395301,1.05743,0.79182,0.31394,1,0,,0,0,0,0,0,0,0,0,103808,104555,0,232,0
1844382,1,0,0.276711,0.901283,0.802767,0.300452,1,0,,0,0,0,0,0,0,0,0,103808,104555,0,232,0
1844482,1,0,0.193697,0.759766,0.798466,0.299563,1,0,,0,0,0,0,0,0,0,0,103808,104555,0,232,0
1844582,1,0,0.135588,0.63493,0.782113,0.318909,1,0,,0,0,0,0,0,0,0,0,103808,104555,0,232,0
1844682,1,0,0.0949117,0.526927,0.756594,0.286483,1,0,,0,0,0,0,0,0,0,0,103808,104555,0,232,0
1844782,1,0,0.0664382,0.434829,0.724418,0.319346,1,0,,0,0,0,0,0,0,0,0,103808,104555,0,232,0
1844882,1,0,0.0465067,0.357165,0.687692,0.291246,1,0,,0,0,0,0,0,0,0,0,103808,104555,0,232,0
1844982,1,0,0.0325547,0.292243,0.648147,0.32117,1,0,,0,0,0,0,0,0,0,0,103808,104555,0,232,0
1845082,1,0,0.0227883,0.238352,0.607168,0.339707,1,0,,0,0,0,0,0,0,0,0,103808,104555,0,232,0
1845182,1,0,0.0159518,0.193872,0.565838,0.294402,1,0,,0,0,0,0,0,0,0,0,103808,104555,0,232,0
1845282,1,0,0.0111663,0.157331,0.524987,0.315453,1,0,,0,0,0,0,0,0,0,0,103808,104555,0,232,0
1845382,1,0,0.00781639,0.127428,0.485231,0.277216,1,0,,0,0,0,0,0,0,0,0,103808,104555,0,232,0
1845482,1,0,0.00547147,0.103037,0.447012,0.28558,1,0,,0,0,0,0,0,0,0,0,103808,104555,0,232,0
1845582,1,0,0.00383003,0.0831952,0.41063,0.300755,1,0,,0,0,0,0,0,0,0,0,103808,104555,0,232,0
1845682,1,0,0.00268102,0.0670924,0.376276,0.308318,1,0,,0,0,0,0,0,0,0,0,103808,104555,0,232,0
1845782,1,0,0.00187671,0.0540493,0.344054,0.303106,1,0,,0,0,0,0,0,0,0,0,103808,104555,0,232,0
1845882,1,0,0.0013137,0.0435022,0.313999,0.311683,1,0,,0,0,0,0,0,0,0,0,103808,104555,0,232,0
1845982,1,0,0.00091959,0.0349856,0.286097,0.287784,1,0,,0,0,0,0,0,0,0,0,103808,104555,0,232,0
1846082,1,0,0.000643713,0.0281173,0.260299,0.29636,1,0,,0,0,0,0,0,0,0,0,103808,104555,0,232,0
1846182,1,0,0.000450599,0.0225839,0.236528,0.314596,1,0,,0,0,0,0,0,0,0,0,103808,104555,0,232,0
1846282,1,0,0.000315419,0.0181302,0.214688,0.31187,1,0,,0,0,0,0,0,0,0,0,103808,104555,0,232,0
1846382,1,0,0.000220794,0.0145483,0.194674,0.298307,1,0,,0,0,0,0,0,0,0,0,103808,104555,0,232,0
1846482,1,0,0.000154556,0.0116696,0.176374,0.289756,1,0,,0,0,0,0,0,0,0,0,103808,104555,0,232,0
1846582,1,0,0.000108189,0.0093573,0.159672,0.298854,1,0,,0,0,0,0,0,0,0,0,103808,104555,0,232,0
1846682,1,0,7.57322e-005,0.00750099,0.144455,0.313504,1,0,,0,0,0,0,0,0,0,0,103808,104555,0,232,0
1846782,1,0,5.30125e-005,0.00601139,0.13061,0.30104,1,0,,0,0,0,0,0,0,0,0,103808,104555,0,232,0
1846882,1,0,3.71088e-005,0.00481654,0.118031,0.290278,1,0,,0,0,0,0,0,0,0,0,103808,104555,0,232,0
1846982,1,0,2.59761e-005,0.00385842,0.106614,0.296846,1,0,,0,0,0,0,0,0,0,0,103808,104555,0,232,0
1847082,1,0,1.81833e-005,0.00309038,0.0962614,0.306809,1,0,,0,0,0,0,0,0,0,0,103808,104555,0,232,0
1847182,1,0,1.27283e-005,0.00247485,0.0868828,0.30461,1,0,,0,0,0,0,0,0,0,0,103808,104555,0,232,0
1847282,1,0,8.90982e-006,0.00198166,0.0783927,0.326561,1,0,,0,0,0,0,0,0,0,0,103808,104555,0,232,0
1847382,1,0,6.23687e-006,0.00158658,0.0707121,0.278536,1,0,,0,0,0,0,0,0,0,0,103808,104555,0,232,0
1847482,1,0,4.36581e-006,0.00127013,0.0637679,0.2872,1,0,,0,0,0,0,0,0,0,0,103808,104555,0,232,0
1847582,1,16,4.8,0.961017,0.153493,0.274122,1,0,,0,0,0,0,0,0,0,0,103808,104555,0,232,0
1847682,1,0,3.36,1.44081,0.282225,0.321747,1,0,,0,0,0,0,0,0,0,0,103808,104555,0,232,0
1847782,1,0,2.352,1.62305,0.416307,0.31481,1,0,,0,0,0,0,0,0,0,0,103808,104555,0,232,0
1847882,1,0,1.6464,1.62772,0.537449,0.304908,1,0,,0,0,0,0,0,0,0,0,103808,104555,0,232,0
1847982,1,0,1.15248,1.53267,0.636971,0.298445,1,0,,0,0,0,0,0,0,0,0,103808,104555,0,232,0
1848082,1,0,0.806736,1.38749,0.712023,0.300132,1,0,,0,0,0,0,0,0,0,0,103808,104555,0,232,0
1848182,1,0,0.564716,1.22293,0.763114,0.305071,1,0,,0,0,0,0,0,0,0,0,103808,104555,0,232,0
1848282,1,0,0.395301,1.05741,0.792543,0.336397,1,0,,0,0,0,0,0,0,0,0,103808,104555,0,232,0
1848382,1,0,0.276711,0.901267,0.803415,0.286558,1,0,,0,0,0,0,0,0,0,0,103808,104555,0,232,0
1848482,1,0,0.193697,0.759753,0.799049,0.292595,1,0,,0,0,0,0,0,0,0,0,103808,104555,0,232,0
1848582,1,0,0.135588,0.63492,0.782636,0.288521,1,0,,0,0,0,0,0,0,0,0,103808,104555,0,232,0
1848682,1,0,0.0949117,0.526918,0.757064,0.32286,1,0,,0,0,0,0,0,0,0,0,103808,104555,0,232,0
1848782,1,0,0.0664382,0.434822,0.72484,0.278132,1,0,,0,0,0,0,0,0,0,0,103808,104555,0,232,0
1848882,1,0,0.0465067,0.357159,0.688072,0.291694,1,0,,0,0,0,0,0,0,0,0,103808,104555,0,232,0
1848982,1,0,0.0325547,0.292238,0.648489,0.347845,1,0,,0,0,0,0,0,0,0,0,103808,104555,0,232,0
1849082,1,0,0.0227883,0.238348,0.607475,0.307295,1,0,,0,0,0,0,0,0,0,0,103808,104555,0,232,0
1849182,1,0,0.0159518,0.193869,0.566114,0.316682,1,0,,0,0,0,0,0,0,0,0,103808,104555,0,232,0
1849282,1,0,0.0111663,0.157328,0.525235,0.300907,1,0,,0,0,0,0,0,0,0,0,103808,104555,0,232,0
1849382,1,0,0.00781639,0.127426,0.485454,0.308554,1,0,,0,0,0,0,0,0,0,0,103808,104555,0,232,0
1849482,1,0,0.00547147,0.103035,0.447212,0.320792,1,0,,0,0,0,0,0,0,0,0,103808,104555,0,232,0
1849582,1,0,0.00383003,0.0831941,0.410811,0.293906,1,0,,0,0,0,0,0,0,0,0,103808,104555,0,232,0
1849682,1,0,0.00268102,0.0670915,0.376439,0.316818,1,0,,0,0,0,0,0,0,0,0,103808,104555,0,232,0
1849782,1,0,0.00187671,0.0540485,0.3442,0.273742,1,0,,0,0,0,0,0,0,0,0,103808,104555,0,232,0
1849882,1,0,0.0013137,0.0435016,0.31413,0.31108,1,0,,0,0,0,0,0,0,0,0,103808,104555,0,232,0
1849982,1,0,0.00091959,0.0349852,0.286215,0.313178,1,0,,0,0,0,0,0,0,0,0,103808,104555,0,232,0
1850082,1,0,0.000643713,0.0281169,0.260406,0.295367,1,0,,0,0,0,0,0,0,0,0,103808,104555,0,232,0
1850182,1,0,0.000450599,0.0225836,0.236623,0.318007,1,0,,0,0,0,0,0,0,0,0,103808,104555,0,232,0
1850282,1,0,0.000315419,0.01813,0.214774,0.278169,1,0,,0,0,0,0,0,0,0,0,103808,104555,0,232,0
1850382,1,0,0.000220794,0.0145481,0.194751,0.296841,1,0,,0,0,0,0,0,0,0,0,103808,104555,0,232,0
1850482,1,0,0.000154555,0.0116694,0.176443,0.29214,1,0,,0,0,0,0,0,0,0,0,103808,104555,0,232,0
1850582,1,0,0.000108189,0.00935718,0.159735,0.307253,1,0,,0,0,0,0,0,0,0,0,103808,104555,0,232,0
1850682,1,0,7.57322e-005,0.00750089,0.144511,0.293504,1,0,,0,0,0,0,0,0,0,0,103808,104555,0,232,0
1850782,1,0,5.30125e-005,0.00601132,0.130661,0.306951,1,0,,0,0,0,0,0,0,0,0,103808,104555,0,232,0
1850882,1,0,3.71088e-005,0.00481647,0.118077,0.307264,1,0,,0,0,0,0,0,0,0,0,103808,104555,0,232,0
1850982,1,0,2.59761e-005,0.00385837,0.106655,0.318378,1,0,,0,0,0,0,0,0,0,0,103808,104555,0,232,0
1851082,1,0,1.81833e-005,0.00309034,0.0962985,0.299216,1,0,,0,0,0,0,0,0,0,0,103808,104555,0,232,0
1851182,1,0,1.27283e-005,0.00247481,0.0869161,0.291854,1,0,,0,0,0,0,0,0,0,0,103808,104555,0,232,0
1851282,1,0,8.90982e-006,0.00198163,0.0784226,0.299265,1,0,,0,0,0,0,0,0,0,0,103808,104555,0,232,0
1851382,1,0,6.23687e-006,0.00158655,0.070739,0.31284,1,0,,0,0,0,0,0,0,0,0,103808,104555,0,232,0
1851482,1,0,4.36581e-006,0.00127012,0.0637921,0.319467,1,0,,0,0,0,0,0,0,0,0,103808,104555,0,232,0
1851582,1,16,4.8,0.961017,0.153515,0.300312,1,0,,0,0,0,0,0,0,0,0,103808,104555,0,232,0
1851682,1,0,3.36,1.44081,0.282245,0.283589,1,0,,0,0,0,0,0,0,0,0,103808,104555,0,232,0
1851782,1,0,2.352,1.62305,0.416325,0.30676,1,0,,0,0,0,0,0,0,0,0,103808,104555,0,232,0
1851882,1,0,1.6464,1.62772,0.537465,0.314232,1,0,,0,0,0,0,0,0,0,0,103808,104555,0,232,0
1851982,1,0,1.15248,1.53267,0.636986,0.28706,1,0,,0,0,0,0,0,0,0,0,103808,104555,0,232,0
1852082,1,0,0.806736,1.38749,0.712036,0.297058,1,0,,0,0,0,0,0,0,0,0,103808,104555,0,232,0
1852182,1,0,0.564716,1.22293,0.763125,0.311594,1,0,,0,0,0,0,0,0,0,0,103808,104555,0,232,0
1852282,1,0,0.395301,1.05741,0.792553,0.297482,1,0,,0,0,0,0,0,0,0,0,103808,104555,0,232,0
1852382,1,0,0.276711,0.901267,0.803425,0.284725,1,0,,0,0,0,0,0,0,0,0,103808,104555,0,232,0
1852482,1,0,0.193697,0.759753,0.799057,0.287338,1,0,,0,0,0,0,0,0,0,0,103808,104555,0,232,0
1852582,1,0,0.135588,0.63492,0.782644,0.294998,1,0,,0,0,0,0,0,0,0,0,103808,104555,0,232,0
1852682,1,0,0.0949117,0.526918,0.757071,0.292362,1,0,,0,0,0,0,0,0,0,0,103808,104555,0,232,0
1852782,1,0,0.0664382,0.434822,0.724846,0.309536,1,0,,0,0,0,0,0,0,0,0,103808,104555,0,232,0
1852882,1,0,0.0465067,0.357159,0.688078,0.29586,1,0,,0,0,0,0,0,0,0,0,103808,104555,0,232,0
1852982,1,0,0.0325547,0.292238,0.648494,0.293425,1,0,,0,0,0,0,0,0,0,0,103808,104555,0,232,0
1853082,1,0,0.0227883,0.238348,0.607479,0.314561,1,0,,0,0,0,0,0,0,0,0,103808,104555,0,232,0
1853182,1,0,0.0159518,0.193869,0.566118,0.295073,1,0,,0,0,0,0,0,0,0,0,103808,104555,0,232,0
1853282,1,0,0.0111663,0.157328,0.525239,0.302811,1,0,,0,0,0,0,0,0,0,0,103808,104555,0,232,0
1853382,1,0,0.00781639,0.127426,0.485458,0.321424,1,0,,0,0,0,0,0,0,0,0,103808,104555,0,232,0
1853482,1,0,0.00547147,0.103035,0.447215,0.324102,1,0,,0,0,0,0,0,0,0,0,103808,104555,0,232,0
1853582,1,0,0.00383003,0.0831941,0.410813,0.314726,1,0,,0,0,0,0,0,0,0,0,103808,104555,0,232,0
1853682,1,0,0.00268102,0.0670915,0.376441,0.300416,1,0,,0,0,0,0,0,0,0,0,103808,104555,0,232,0
1853782,1,0,0.00187671,0.0540485,0.344202,0.278803,1,0,,0,0,0,0,0,0,0,0,103808,104555,0,232,0
1853882,1,0,0.0013137,0.0435016,0.314132,0.321365,1,0,,0,0,0,0,0,0,0,0,103808,104555,0,232,0
1853982,1,0,0.00091959,0.0349852,0.286217,0.285626,1,0,,0,0,0,0,0,0,0,0,103808,104555,0,232,0
1854082,1,0,0.000643713,0.0281169,0.260407,0.293924,1,0,,0,0,0,0,0,0,0,0,103808,104555,0,232,0
1854182,1,0,0.000450599,0.0225836,0.236625,0.292899,1,0,,0,0,0,0,0,0,0,0,103808,104555,0,232,0
1854282,1,0,0.000315419,0.01813,0.214775,0.325076,1,0,,0,0,0,0,0,0,0,0,103808,104555,0,232,0
1854382,1,0,0.000220794,0.0145481,0.194753,0.34565,1,0,,0,0,0,0,0,0,0,0,103808,104555,0,232,0
1854482,1,0,0.000154555,0.0116694,0.176444,0.347749,1,0,,0,0,0,0,0,0,0,0,103808,104555,0,232,0
1854582,1,0,0.000108189,0.00935718,0.159736,0.314326,1,0,,0,0,0,0,0,0,0,0,103808,104555,0,232,0
1854682,1,0,7.57322e-005,0.00750089,0.144512,0.29705,1,0,,0,0,0,0,0,0,0,0,103808,104555,0,232,0
1854782,1,0,5.30125e-005,0.00601132,0.130662,0.302249,1,0,,0,0,0,0,0,0,0,0,103808,104555,0,232,0
1854882,1,0,3.71088e-005,0.00481647,0.118077,0.308935,1,0,,0,0,0,0,0,0,0,0,103808,104555,0,232,0
1854982,1,0,2.59761e-005,0.00385837,0.106656,0.308134,1,0,,0,0,0,0,0,0,0,0,103808,104555,0,232,0
1855082,1,0,1.81833e-005,0.00309034,0.096299,0.331883,1,0,,0,0,0,0,0,0,0,0,103808,104555,0,232,0
1855182,1,0,1.27283e-005,0.00247481,0.0869166,0.294119,1,0,,0,0,0,0,0,0,0,0,103808,104555,0,232,0
1855282,1,0,8.90982e-006,0.00198163,0.0784231,0.319619,1,0,,0,0,0,0,0,0,0,0,103808,104555,0,232,0
1855382,1,0,6.23687e-006,0.00158655,0.0707394,0.320669,1,0,,0,0,0,0,0,0,0,0,103808,104555,0,232,0
1855482,1,17,5.1,1.02127,0.165792,0.339427,1,0,,0,0,0,0,0,0,0,0,103808,104555,0,232,0
1855582,1,0,3.57,1.53102,0.302315,0.323766,1,0,,0,0,0,0,0,0,0,0,103808,104555,0,232,0
1855682,1,0,2.499,1.72461,0.444545,0.303804,1,0,,0,0,0,0,0,0,0,0,103808,104555,0,232,0
1855782,1,0,1.7493,1.72955,0.573045,0.306891,1,0,,0,0,0,0,0,0,0,0,103808,104555,0,232,0
1855882,1,0,1.22451,1.62854,0.678595,0.301404,1,0,,0,0,0,0,0,0,0,0,103808,104555,0,232,0
1855982,1,0,0.857158,1.47427,0.758162,0.305543,1,0,,0,0,0,0,0,0,0,0,103808,104555,0,232,0
1856082,1,0,0.60001,1.29942,0.812288,0.291845,1,0,,0,0,0,0,0,0,0,0,103808,104555,0,232,0
1856182,1,0,0.420007,1.12353,0.843412,0.330008,1,0,,0,0,0,0,0,0,0,0,103808,104555,0,232,0
1856282,1,0,0.294005,0.957628,0.854834,0.377868,1,0,,0,0,0,0,0,0,0,0,103808,104555,0,232,0
1856382,1,0,0.205804,0.807263,0.850077,0.288593,1,0,,0,0,0,0,0,0,0,0,103808,104555,0,232,0
1856482,1,0,0.144062,0.674623,0.832531,0.298716,1,0,,0,0,0,0,0,0,0,0,103808,104555,0,232,0
1856582,1,0,0.100844,0.559867,0.805265,0.29164,1,0,,0,0,0,0,0,0,0,0,103808,104555,0,232,0
1856682,1,0,0.0705906,0.462012,0.770939,0.312876,1,0,,0,0,0,0,0,0,0,0,103808,104555,0,232,0
1856782,1,0,0.0494134,0.379492,0.731795,0.297513,1,0,,0,0,0,0,0,0,0,0,103808,104555,0,232,0
1856882,1,0,0.0345894,0.310512,0.689666,0.316665,1,0,,0,0,0,0,0,0,0,0,103808,104555,0,232,0
1856982,1,0,0.0242126,0.253252,0.646025,0.318577,1,0,,0,0,0,0,0,0,0,0,103808,104555,0,232,0
1857082,1,0,0.0169488,0.205991,0.602022,0.308701,1,0,,0,0,0,0,0,0,0,0,103808,104555,0,232,0
1857182,1,0,0.0118642,0.167166,0.558536,0.28905,1,0,,0,0,0,0,0,0,0,0,103808,104555,0,232,0
1857282,1,0,0.00830491,0.135394,0.516222,0.344135,1,0,,0,0,0,0,0,0,0,0,103808,104555,0,232,0
1857382,1,0,0.00581344,0.109478,0.475547,0.274585,1,0,,0,0,0,0,0,0,0,0,103808,104555,0,232,0
1857482,1,0,0.00406941,0.0883959,0.436832,0.287384,1,0,,0,0,0,0,0,0,0,0,103808,104555,0,232,0
1857582,1,0,0.00284858,0.0712865,0.400278,0.313634,1,0,,0,0,0,0,0,0,0,0,103808,104555,0,232,0
1857682,1,0,0.00199401,0.057428,0.365993,0.333547,1,0,,0,0,0,0,0,0,0,0,103808,104555,0,232,0
1857782,1,0,0.00139581,0.0462216,0.334016,0.300045,1,0,,0,0,0,0,0,0,0,0,103808,104555,0,232,0
1857882,1,0,0.000977065,0.0371727,0.304331,0.299958,1,0,,0,0,0,0,0,0,0,0,103808,104555,0,232,0
1857982,1,0,0.000683945,0.0298749,0.276886,0.296311,1,0,,0,0,0,0,0,0,0,0,103808,104555,0,232,0
1858082,1,0,0.000478762,0.0239957,0.251597,0.289074,1,0,,0,0,0,0,0,0,0,0,103808,104555,0,232,0
1858182,1,0,0.000335133,0.0192636,0.228363,0.29331,1,0,,0,0,0,0,0,0,0,0,103808,104555,0,232,0
1858282,1,0,0.000234593,0.0154578,0.207073,0.299935,1,0,,0,0,0,0,0,0,0,0,103808,104555,0,232,0
1858382,1,0,0.000164215,0.0123991,0.187605,0.293198,1,0,,0,0,0,0,0,0,0,0,103808,104555,0,232,0
1858482,1,0,0.000114951,0.00994224,0.169839,0.398461,1,0,,0,0,0,0,0,0,0,0,103808,104555,0,232,0
1858582,1,0,8.04655e-005,0.00796989,0.153652,0.286024,1,0,,0,0,0,0,0,0,0,0,103808,104555,0,232,0
1858682,1,0,5.63258e-005,0.00638718,0.138926,0.316464,1,0,,0,0,0,0,0,0,0,0,103808,104555,0,232,0
1858782,1,0,3.94281e-005,0.00511763,0.125545,0.287562,1,0,,0,0,0,0,0,0,0,0,103808,104555,0,232,0
1858882,1,0,2.75997e-005,0.00409962,0.1134,0.287399,1,0,,0,0,0,0,0,0,0,0,103808,104555,0,232,0
1858982,1,0,1.93198e-005,0.00328356,0.102389,0.27335,1,0,,0,0,0,0,0,0,0,0,103808,104555,0,232,0
1859082,1,0,1.35238e-005,0.00262955,0.0924127,0.288849,1,0,,0,0,0,0,0,0,0,0,103808,104555,0,232,0
1859182,1,0,9.46668e-006,0.00210554,0.083382,0.319276,1,0,,0,0,0,0,0,0,0,0,103808,104555,0,232,0
1859282,1,0,6.62668e-006,0.00168575,0.0752124,0.285463,1,0,,0,0,0,0,0,0,0,0,103808,104555,0,232,0
1859382,1,0,4.63867e-006,0.00134953,0.0678261,0.304275,1,0,,0,0,0,0,0,0,0,0,103808,104555,0,232,0
1859482,1,16,4.8,0.96108,0.157152,0.302726,1,0,,0,0,0,0,0,0,0,0,103808,104555,0,232,0
1859582,1,0,3.36,1.44086,0.285523,0.31654,1,0,,0,0,0,0,0,0,0,0,103808,104555,0,232,0
1859682,1,0,2.352,1.62309,0.41928,0.284778,1,0,,0,0,0,0,0,0,0,0,103808,104555,0,232,0
1859782,1,0,1.6464,1.62775,0.540127,0.303989,1,0,,0,0,0,0,0,0,0,0,103808,104555,0,232,0
1859882,1,0,1.15248,1.5327,0.639384,0.3152,1,0,,0,0,0,0,0,0,0,0,103808,104555,0,232,0
1859982,1,0,0.806737,1.38751,0.714197,0.308501,1,0,,0,0,0,0,0,0,0,0,103808,104555,0,232,0
1860082,1,0,0.564716,1.22295,0.765072,0.292653,1,0,,0,0,0,0,0,0,0,0,103808,104555,0,232,0
1860182,1,0,0.395301,1.05742,0.794307,0.322953,1,0,,0,0,0,0,0,0,0,0,103808,104555,0,232,0
1860282,1,0,0.276711,0.901277,0.805004,0.313714,1,0,,0,0,0,0,0,0,0,0,103808,104555,0,232,0
1860382,1,0,0.193697,0.759761,0.800479,0.345113,1,0,,0,0,0,0,0,0,0,0,103808,104555,0,232,0
1860482,1,0,0.135588,0.634927,0.783924,0.293638,1,0,,0,0,0,0,0,0,0,0,103808,104555,0,232,0
1860582,1,0,0.0949117,0.526924,0.758224,0.2851,1,0,,0,0,0,0,0,0,0,0,103808,104555,0,232,0
1860682,1,0,0.0664382,0.434827,0.725884,0.309824,1,0,,0,0,0,0,0,0,0,0,103808,104555,0,232,0
1860782,1,0,0.0465067,0.357163,0.689012,0.313578,1,0,,0,0,0,0,0,0,0,0,103808,104555,0,232,0
1860882,1,0,0.0325547,0.292241,0.649335,0.322327,1,0,,0,0,0,0,0,0,0,0,103808,104555,0,232,0
1860982,1,0,0.0227883,0.238351,0.608236,0.289264,1,0,,0,0,0,0,0,0,0,0,103808,104555,0,232,0
1861082,1,0,0.0159518,0.193871,0.5668,0.290549,1,0,,0,0,0,0,0,0,0,0,103808,104555,0,232,0
1861182,1,0,0.0111663,0.15733,0.525853,0.302808,1,0,,0,0,0,0,0,0,0,0,103808,104555,0,232,0
1861282,1,0,0.00781639,0.127427,0.48601,0.336371,1,0,,0,0,0,0,0,0,0,0,103808,104555,0,232,0
1861382,1,0,0.00547147,0.103036,0.447713,0.289737,1,0,,0,0,0,0,0,0,0,0,103808,104555,0,232,0
1861482,1,0,0.00383003,0.0831949,0.411261,0.284897,1,0,,0,0,0,0,0,0,0,0,103808,104555,0,232,0
1861582,1,0,0.00268102,0.0670921,0.376844,0.312585,1,0,,0,0,0,0,0,0,0,0,103808,104555,0,232,0
1861682,1,0,0.00187671,0.054049,0.344565,0.278585,1,0,,0,0,0,0,0,0,0,0,103808,104555,0,232,0
1861782,1,0,0.0013137,0.043502,0.314458,0.304411,1,0,,0,0,0,0,0,0,0,0,103808,104555,0,232,0
1861882,1,0,0.00091959,0.0349855,0.286511,0.287088,1,0,,0,0,0,0,0,0,0,0,103808,104555,0,232,0
1861982,1,0,0.000643713,0.0281171,0.260672,0.285125,1,0,,0,0,0,0,0,0,0,0,103808,104555,0,232,0
1862082,1,0,0.000450599,0.0225838,0.236863,0.281962,1,0,,0,0,0,0,0,0,0,0,103808,104555,0,232,0
1862182,1,0,0.000315419,0.0181301,0.21499,0.323525,1,0,,0,0,0,0,0,0,0,0,103808,104555,0,232,0
1862282,1,0,0.000220794,0.0145483,0.194945,0.320275,1,0,,0,0,0,0,0,0,0,0,103808,104555,0,232,0
1862382,1,0,0.000154556,0.0116695,0.176618,0.320326,1,0,,0,0,0,0,0,0,0,0,103808,104555,0,232,0
1862482,1,0,0.000108189,0.00935726,0.159892,0.3334,1,0,,0,0,0,0,0,0,0,0,103808,104555,0,232,0
1862582,1,0,7.57322e-005,0.00750096,0.144653,0.307933,1,0,,0,0,0,0,0,0,0,0,103808,104555,0,232,0
1862682,1,0,5.30125e-005,0.00601137,0.130789,0.290358,1,0,,0,0,0,0,0,0,0,0,103808,104555,0,232,0
1862782,1,0,3.71088e-005,0.00481652,0.118191,0.29737,1,0,,0,0,0,0,0,0,0,0,103808,104555,0,232,0
1862882,1,0,2.59761e-005,0.00385841,0.106758,0.29927,1,0,,0,0,0,0,0,0,0,0,103808,104555,0,232,0
1862982,1,0,1.81833e-005,0.00309036,0.0963913,0.277981,1,0,,0,0,0,0,0,0,0,0,103808,104555,0,232,0
1863082,1,0,1.27283e-005,0.00247484,0.0869996,0.304666,1,0,,0,0,0,0,0,0,0,0,103808,104555,0,232,0
1863182,1,0,8.90982e-006,0.00198165,0.0784978,0.302611,1,0,,0,0,0,0,0,0,0,0,103808,104555,0,232,0
1863282,1,0,6.23687e-006,0.00158657,0.0708067,0.334997,1,0,,0,0,0,0,0,0,0,0,103808,104555,0,232,0
1863382,1,17,5.1,1.02127,0.165853,0.294724,1,0,,0,0,0,0,0,0,0,0,103808,104555,0,232,0
1863482,1,0,3.57,1.53102,0.302369,0.270239,1,0,,0,0,0,0,0,0,0,0,103808,104555,0,232,0
1863582,1,0,2.499,1.72461,0.444594,0.30184,1,0,,0,0,0,0,0,0,0,0,103808,104555,0,232,0
1863682,1,0,1.7493,1.72955,0.57309,0.289077,1,0,,0,0,0,0,0,0,0,0,103808,104555,0,232,0
1863782,1,0,1.22451,1.62854,0.678635,0.277939,1,0,,0,0,0,0,0,0,0,0,103808,104555,0,232,0
1863882,1,0,0.857158,1.47427,0.758198,0.308601,1,0,,0,0,0,0,0,0,0,0,103808,104555,0,232,0
1863982,1,0,0.60001,1.29942,0.81232,0.289126,1,0,,0,0,0,0,0,0,0,0,103808,104555,0,232,0
1864082,1,0,0.420007,1.12353,0.843441,0.283026,1,0,,0,0,0,0,0,0,0,0,103808,104555,0,232,0
1864182,1,0,0.294005,0.957628,0.85486,0.315575,1,0,,0,0,0,0,0,0,0,0,103808,104555,0,232,0
1864282,1,0,0.205804,0.807263,0.8501,0.308776,1,0,,0,0,0,0,0,0,0,0,103808,104555,0,232,0
1864382,1,0,0.144062,0.674623,0.832552,0.30274,1,0,,0,0,0,0,0,0,0,0,103808,104555,0,232,0
1864482,1,0,0.100844,0.559867,0.805284,0.32988,1,0,,0,0,0,0,0,0,0,0,103808,104555,0,232,0
1864582,1,0,0.0705906,0.462012,0.770957,0.324767,1,0,,0,0,0,0,0,0,0,0,103808,104555,0,232,0
1864682,1,0,0.0494134,0.379492,0.73181,0.312606,1,0,,0,0,0,0,0,0,0,0,103808,104555,0,232,0
1864782,1,0,0.0345894,0.310512,0.68968,0.299181,1,0,,0,0,0,0,0,0,0,0,103808,104555,0,232,0
1864882,1,0,0.0242126,0.253252,0.646037,0.307981,1,0,,0,0,0,0,0,0,0,0,103808,104555,0,232,0
1864982,1,0,0.0169488,0.205991,0.602033,0.30377,1,0,,0,0,0,0,0,0,0,0,103808,104555,0,232,0
1865082,1,0,0.0118642,0.167166,0.558546,0.30057,1,0,,0,0,0,0,0,0,0,0,103808,104555,0,232,0
1865182,1,0,0.00830491,0.135394,0.516231,0.293043,1,0,,0,0,0,0,0,0,0,0,103808,104555,0,232,0
1865282,1,0,0.00581344,0.109478,0.475555,0.314455,1,0,,0,0,0,0,0,0,0,0,103808,104555,0,232,0
1865382,1,0,0.00406941,0.0883959,0.436839,0.313518,1,0,,0,0,0,0,0,0,0,0,103808,104555,0,232,0
1865482,1,0,0.00284858,0.0712865,0.400284,0.323217,1,0,,0,0,0,0,0,0,0,0,103808,104555,0,232,0
1865582,1,0,0.00199401,0.057428,0.365999,0.302906,1,0,,0,0,0,0,0,0,0,0,103808,104555,0,232,0
1865682,1,0,0.00139581,0.0462216,0.334021,0.281716,1,0,,0,0,0,0,0,0,0,0,103808,104555,0,232,0
1865782,1,0,0.000977065,0.0371727,0.304336,0.32089,1,0,,0,0,0,0,0,0,0,0,103808,104555,0,232,0
1865882,1,0,0.000683945,0.0298749,0.27689,0.299852,1,0,,0,0,0,0,0,0,0,0,103808,104555,0,232,0
1865982,1,0,0.000478762,0.0239957,0.251601,0.277527,1,0,,0,0,0,0,0,0,0,0,103808,104555,0,232,0
1866082,1,0,0.000335133,0.0192636,0.228367,0.28159,1,0,,0,0,0,0,0,0,0,0,103808,104555,0,232,0
1866182,1,0,0.000234593,0.0154578,0.207076,0.30311,1,0,,0,0,0,0,0,0,0,0,103808,104555,0,232,0
1866282,1,0,0.000164215,0.0123991,0.187608,0.311223,1,0,,0,0,0,0,0,0,0,0,103808,104555,0,232,0
1866382,1,0,0.000114951,0.00994224,0.169842,0.3146,1,0,,0,0,0,0,0,0,0,0,103808,104555,0,232,0
1866482,1,0,8.04655e-005,0.00796989,0.153654,0.362534,1,0,,0,0,0,0,0,0,0,0,103808,104555,0,232,0
1866582,1,0,5.63258e-005,0.00638718,0.138928,0.318795,1,0,,0,0,0,0,0,0,0,0,103808,104555,0,232,0
1866682,1,0,3.94281e-005,0.00511763,0.125547,0.314308,1,0,,0,0,0,0,0,0,0,0,103808,104555,0,232,0
1866782,1,0,2.75997e-005,0.00409962,0.113402,0.330503,1,0,,0,0,0,0,0,0,0,0,103808,104555,0,232,0
1866882,1,0,1.93198e-005,0.00328356,0.10239,0.30984,1,0,,0,0,0,0,0,0,0,0,103808,104555,0,232,0
1866982,1,0,1.35238e-005,0.00262955,0.0924141,0.309877,1,0,,0,0,0,0,0,0,0,0,103808,104555,0,232,0
1867082,1,0,9.46668e-006,0.00210554,0.0833832,0.302589,1,0,,0,0,0,0,0,0,0,0,103808,104555,0,232,0
1867182,1,0,6.62668e-006,0.00168575,0.0752135,0.334002,1,0,,0,0,0,0,0,0,0,0,103808,104555,0,232,0
1867282,1,0,4.63867e-006,0.00134953,0.0678271,0.295452,1,0,,0,0,0,0,0,0,0,0,103808,104555,0,232,0
1867382,1,16,4.8,0.96108,0.157152,0.339492,1,0,,0,0,0,0,0,0,0,0,103808,104555,0,232,0
1867482,1,0,3.36,1.44086,0.285524,0.291979,1,0,,0,0,0,0,0,0,0,0,103808,104555,0,232,0
1867582,1,0,2.352,1.62309,0.41928,0.326655,1,0,,0,0,0,0,0,0,0,0,103808,104555,0,232,0
1867682,1,0,1.6464,1.62775,0.540128,0.289903,1,0,,0,0,0,0,0,0,0,0,103808,104555,0,232,0
1867782,1,0,1.15248,1.5327,0.639385,0.284853,1,0,,0,0,0,0,0,0,0,0,103808,104555,0,232,0
1867882,1,0,0.806737,1.38751,0.714197,0.295928,1,0,,0,0,0,0,0,0,0,0,103808,104555,0,232,0
1867982,1,0,0.564716,1.22295,0.765072,0.290941,1,0,,0,0,0,0,0,0,0,0,103808,104555,0,232,0
1868082,1,0,0.395301,1.05742,0.794307,0.294716,1,0,,0,0,0,0,0,0,0,0,103808,104555,0,232,0
1868182,1,0,0.276711,0.901277,0.805004,0.350076,1,0,,0,0,0,0,0,0,0,0,103808,104555,0,232,0
1868282,1,0,0.193697,0.759761,0.80048,0.333438,1,0,,0,0,0,0,0,0,0,0,103808,104555,0,232,0
1868382,1,0,0.135588,0.634927,0.783924,0.299414,1,0,,0,0,0,0,0,0,0,0,103808,104555,0,232,0
1868482,1,0,0.0949117,0.526924,0.758224,0.295202,1,0,,0,0,0,0,0,0,0,0,103808,104555,0,232,0
1868582,1,0,0.0664382,0.434827,0.725884,0.29445,1,0,,0,0,0,0,0,0,0,0,103808,104555,0,232,0
1868682,1,0,0.0465067,0.357163,0.689012,0.300375,1,0,,0,0,0,0,0,0,0,0,103808,104555,0,232,0
1868782,1,0,0.0325547,0.292241,0.649335,0.297762,1,0,,0,0,0,0,0,0,0,0,103808,104555,0,232,0
1868882,1,0,0.0227883,0.238351,0.608237,0.307175,1,0,,0,0,0,0,0,0,0,0,103808,104555,0,232,0
1868982,1,0,0.0159518,0.193871,0.5668,0.310188,1,0,,0,0,0,0,0,0,0,0,103808,104555,0,232,0
1869082,1,0,0.0111663,0.15733,0.525853,0.315528,1,0,,0,0,0,0,0,0,0,0,103808,104555,0,232,0
1869182,1,0,0.00781639,0.127427,0.48601,0.305479,1,0,,0,0,0,0,0,0,0,0,103808,104555,0,232,0
1869282,1,0,0.00547147,0.103036,0.447713,0.296327,1,0,,0,0,0,0,0,0,0,0,103808,104555,0,232,0
1869382,1,0,0.00383003,0.0831949,0.411261,0.30339,1,0,,0,0,0,0,0,0,0,0,103808,104555,0,232,0
1869482,1,0,0.00268102,0.0670921,0.376844,0.298316,1,0,,0,0,0,0,0,0,0,0,103808,104555,0,232,0
1869582,1,0,0.00187671,0.054049,0.344565,0.302253,1,0,,0,0,0,0,0,0,0,0,103808,104555,0,232,0
1869682,1,0,0.0013137,0.043502,0.314458,0.330629,1,0,,0,0,0,0,0,0,0,0,103808,104555,0,232,0
1869782,1,0,0.00091959,0.0349855,0.286511,0.331012,1,0,,0,0,0,0,0,0,0,0,103808,104555,0,232,0
1869882,1,0,0.000643713,0.0281171,0.260672,0.285523,1,0,,0,0,0,0,0,0,0,0,103808,104555,0,232,0
1869982,1,0,0.000450599,0.0225838,0.236863,0.342023,1,0,,0,0,0,0,0,0,0,0,103808,104555,0,232,0
1870082,1,0,0.000315419,0.0181301,0.21499,0.272273,1,0,,0,0,0,0,0,0,0,0,103808,104555,0,232,0
1870182,1,0,0.000220794,0.0145483,0.194945,0.32816,1,0,,0,0,0,0,0,0,0,0,103808,104555,0,232,0
1870282,1,0,0.000154556,0.0116695,0.176618,0.334986,1,0,,0,0,0,0,0,0,0,0,103808,104555,0,232,0
1870382,1,0,0.000108189,0.00935726,0.159892,0.311578,1,0,,0,0,0,0,0,0,0,0,103808,104555,0,232,0
1870482,1,0,7.57322e-005,0.00750096,0.144653,0.299116,1,0,,0,0,0,0,0,0,0,0,103808,104555,0,232,0
1870582,1,0,5.30125e-005,0.00601137,0.130789,0.300642,1,0,,0,0,0,0,0,0,0,0,103808,104555,0,232,0
1870682,1,0,3.71088e-005,0.00481652,0.118191,0.317181,1,0,,0,0,0,0,0,0,0,0,103808,104555,0,232,0
1870782,1,0,2.59761e-005,0.00385841,0.106758,0.318619,1,0,,0,0,0,0,0,0,0,0,103808,104555,0,232,0
1870882,1,0,1.81833e-005,0.00309036,0.0963913,0.309417,1,0,,0,0,0,0,0,0,0,0,103808,104555,0,232,0
1870982,1,0,1.27283e-005,0.00247484,0.0869997,0.398431,1,0,,0,0,0,0,0,0,0,0,103808,104555,0,232,0
1871082,1,0,8.90982e-006,0.00198165,0.0784979,0.301129,1,0,,0,0,0,0,0,0,0,0,103808,104555,0,232,0
1871182,1,0,6.23687e-006,0.00158657,0.0708067,0.325643,1,0,,0,0,0,0,0,0,0,0,103808,104555,0,232,0
1871282,1,0,4.36581e-006,0.00127013,0.0638531,0.329256,1,0,,0,0,0,0,0,0,0,0,103808,104555,0,232,0
1871382,1,16,4.8,0.961017,0.153569,0.306921,1,0,,0,0,0,0,0,0,0,0,103808,104555,0,232,0
1871482,1,0,3.36,1.44081,0.282294,0.294147,1,0,,0,0,0,0,0,0,0,0,103808,104555,0,232,0
1871582,1,0,2.352,1.62305,0.41637,0.338749,1,0,,0,0,0,0,0,0,0,0,103808,104555,0,232,0
1871682,1,0,1.6464,1.62772,0.537505,0.329276,1,0,,0,0,0,0,0,0,0,0,103808,104555,0,232,0
1871782,1,0,1.15248,1.53267,0.637022,0.299114,1,0,,0,0,0,0,0,0,0,0,103808,104555,0,232,0
1871882,1,0,0.806736,1.38749,0.712068,0.3228,1,0,,0,0,0,0,0,0,0,0,103808,104555,0,232,0
1871982,1,0,0.564716,1.22293,0.763154,0.360473,1,0,,0,0,0,0,0,0,0,0,103808,104555,0,232,0
1872082,1,0,0.395301,1.05741,0.79258,0.312523,1,0,,0,0,0,0,0,0,0,0,103808,104555,0,232,0
1872182,1,0,0.276711,0.901267,0.803448,0.347943,1,0,,0,0,0,0,0,0,0,0,103808,104555,0,232,0
1872282,1,0,0.193697,0.759753,0.799079,0.325417,1,0,,0,0,0,0,0,0,0,0,103808,104555,0,232,0
1872382,1,0,0.135588,0.63492,0.782663,0.325681,1,0,,0,0,0,0,0,0,0,0,103808,104555,0,232,0
1872482,1,0,0.0949117,0.526918,0.757088,0.310717,1,0,,0,0,0,0,0,0,0,0,103808,104555,0,232,0
1872582,1,0,0.0664382,0.434822,0.724862,0.31627,1,0,,0,0,0,0,0,0,0,0,103808,104555,0,232,0
1872682,1,0,0.0465067,0.357159,0.688091,0.298933,1,0,,0,0,0,0,0,0,0,0,103808,104555,0,232,0
1872782,1,0,0.0325547,0.292238,0.648506,0.298257,1,0,,0,0,0,0,0,0,0,0,103808,104555,0,232,0
1872882,1,0,0.0227883,0.238348,0.60749,0.309569,1,0,,0,0,0,0,0,0,0,0,103808,104555,0,232,0
1872982,1,0,0.0159518,0.193869,0.566128,0.320632,1,0,,0,0,0,0,0,0,0,0,103808,104555,0,232,0
1873082,1,0,0.0111663,0.157328,0.525248,0.362631,1,0,,0,0,0,0,0,0,0,0,103808,104555,0,232,0
1873182,1,0,0.00781639,0.127426,0.485466,0.325857,1,0,,0,0,0,0,0,0,0,0,103808,104555,0,232,0
1873282,1,0,0.00547147,0.103035,0.447223,0.305643,1,0,,0,0,0,0,0,0,0,0,103808,104555,0,232,0
1873382,1,0,0.00383003,0.0831941,0.41082,0.308468,1,0,,0,0,0,0,0,0,0,0,103808,104555,0,232,0
1873482,1,0,0.00268102,0.0670915,0.376447,0.31248,1,0,,0,0,0,0,0,0,0,0,103808,104555,0,232,0
1873582,1,0,0.00187671,0.0540485,0.344207,0.305142,1,0,,0,0,0,0,0,0,0,0,103808,104555,0,232,0
1873682,1,0,0.0013137,0.0435016,0.314137,0.326341,1,0,,0,0,0,0,0,0,0,0,103808,104555,0,232,0
1873782,1,0,0.00091959,0.0349852,0.286222,0.328089,1,0,,0,0,0,0,0,0,0,0,103808,104555,0,232,0
1873882,1,0,0.000643713,0.0281169,0.260411,0.308841,1,0,,0,0,0,0,0,0,0,0,103808,104555,0,232,0
1873982,1,0,0.000450599,0.0225836,0.236628,0.324309,1,0,,0,0,0,0,0,0,0,0,103808,104555,0,232,0
1874082,1,0,0.000315419,0.01813,0.214778,0.307983,1,0,,0,0,0,0,0,0,0,0,103808,104555,0,232,0
1874182,1,0,0.000220794,0.0145481,0.194755,0.340783,1,0,,0,0,0,0,0,0,0,0,103808,104555,0,232,0
1874282,1,0,0.000154555,0.0116694,0.176447,0.324222,1,0,,0,0,0,0,0,0,0,0,103808,104555,0,232,0
1874382,1,0,0.000108189,0.00935718,0.159738,0.331433,1,0,,0,0,0,0,0,0,0,0,103808,104555,0,232,0
1874482,1,0,7.57322e-005,0.00750089,0.144514,0.336797,1,0,,0,0,0,0,0,0,0,0,103808,104555,0,232,0
1874582,1,0,5.30125e-005,0.00601132,0.130664,0.309872,1,0,,0,0,0,0,0,0,0,0,103808,104555,0,232,0
1874682,1,0,3.71088e-005,0.00481647,0.118079,0.292172,1,0,,0,0,0,0,0,0,0,0,103808,104555,0,232,0
1874782,1,0,2.59761e-005,0.00385837,0.106657,0.314884,1,0,,0,0,0,0,0,0,0,0,103808,104555,0,232,0
1874882,1,0,1.81833e-005,0.00309034,0.0963004,0.298072,1,0,,0,0,0,0,0,0,0,0,103808,104555,0,232,0
1874982,1,0,1.27283e-005,0.00247481,0.0869178,0.318634,1,0,,0,0,0,0,0,0,0,0,103808,104555,0,232,0
1875082,1,0,8.90982e-006,0.00198163,0.0784242,0.317072,1,0,,0,0,0,0,0,0,0,0,103808,104555,0,232,0
1875182,1,0,6.23687e-006,0.00158655,0.0707404,0.327762,1,0,,0,0,0,0,0,0,0,0,103808,104555,0,232,0
1875282,1,16,4.8,0.96127,0.159793,0.337387,1,0,,0,0,0,0,0,0,0,0,103808,104555,0,232,0
1875382,1,0,3.36,1.44102,0.287916,0.30387,1,0,,0,0,0,0,0,0,0,0,103808,104555,0,232,0
1875482,1,0,2.352,1.62321,0.421445,0.292195,1,0,,0,0,0,0,0,0,0,0,103808,104555,0,232,0
1875582,1,0,1.6464,1.62785,0.542086,0.298558,1,0,,0,0,0,0,0,0,0,0,103808,104555,0,232,0
1875682,1,0,1.15248,1.53278,0.641155,0.287957,1,0,,0,0,0,0,0,0,0,0,103808,104555,0,232,0
1875782,1,0,0.806737,1.38757,0.715797,0.345358,1,0,,0,0,0,0,0,0,0,0,103808,104555,0,232,0
1875882,1,0,0.564716,1.223,0.766517,0.327845,1,0,,0,0,0,0,0,0,0,0,103808,104555,0,232,0
1875982,1,0,0.395301,1.05746,0.795611,0.334098,1,0,,0,0,0,0,0,0,0,0,103808,104555,0,232,0
1876082,1,0,0.276711,0.901309,0.806181,0.309222,1,0,,0,0,0,0,0,0,0,0,103808,104555,0,232,0
1876182,1,0,0.193697,0.759787,0.801541,0.337474,1,0,,0,0,0,0,0,0,0,0,103808,104555,0,232,0
1876282,1,0,0.135588,0.634947,0.784882,0.324159,1,0,,0,0,0,0,0,0,0,0,103808,104555,0,232,0
1876382,1,0,0.0949118,0.52694,0.759088,0.312932,1,0,,0,0,0,0,0,0,0,0,103808,104555,0,232,0
1876482,1,0,0.0664382,0.43484,0.726663,0.318182,1,0,,0,0,0,0,0,0,0,0,103808,104555,0,232,0
1876582,1,0,0.0465068,0.357173,0.689714,0.324194,1,0,,0,0,0,0,0,0,0,0,103808,104555,0,232,0
1876682,1,0,0.0325547,0.29225,0.649967,0.315019,1,0,,0,0,0,0,0,0,0,0,103808,104555,0,232,0
1876782,1,0,0.0227883,0.238357,0.608806,0.316593,1,0,,0,0,0,0,0,0,0,0,103808,104555,0,232,0
1876882,1,0,0.0159518,0.193876,0.567313,0.309241,1,0,,0,0,0,0,0,0,0,0,103808,104555,0,232,0
1876982,1,0,0.0111663,0.157334,0.526315,0.294288,1,0,,0,0,0,0,0,0,0,0,103808,104555,0,232,0
1877082,1,0,0.00781639,0.127431,0.486427,0.28525,1,0,,0,0,0,0,0,0,0,0,103808,104555,0,232,0
1877182,1,0,0.00547147,0.103039,0.448088,0.339099,1,0,,0,0,0,0,0,0,0,0,103808,104555,0,232,0
1877282,1,0,0.00383003,0.0831971,0.411599,0.336837,1,0,,0,0,0,0,0,0,0,0,103808,104555,0,232,0
1877382,1,0,0.00268102,0.0670939,0.377149,0.335137,1,0,,0,0,0,0,0,0,0,0,103808,104555,0,232,0
1877482,1,0,0.00187672,0.0540504,0.344839,0.3537,1,0,,0,0,0,0,0,0,0,0,103808,104555,0,232,0
1877582,1,0,0.0013137,0.0435031,0.314705,0.355952,1,0,,0,0,0,0,0,0,0,0,103808,104555,0,232,0
1877682,1,0,0.000919591,0.0349864,0.286733,0.3146,1,0,,0,0,0,0,0,0,0,0,103808,104555,0,232,0
1877782,1,0,0.000643713,0.0281179,0.260872,0.340049,1,0,,0,0,0,0,0,0,0,0,103808,104555,0,232,0
1877882,1,0,0.000450599,0.0225844,0.237043,0.354947,1,0,,0,0,0,0,0,0,0,0,103808,104555,0,232,0
1877982,1,0,0.00031542,0.0181306,0.215152,0.356721,1,0,,0,0,0,0,0,0,0,0,103808,104555,0,232,0
1878082,1,0,0.000220794,0.0145486,0.195091,0.32133,1,0,,0,0,0,0,0,0,0,0,103808,104555,0,232,0
1878182,1,0,0.000154556,0.0116698,0.176749,0.287293,1,0,,0,0,0,0,0,0,0,0,103808,104555,0,232,0
1878282,1,0,0.000108189,0.0093575,0.16001,0.323694,1,0,,0,0,0,0,0,0,0,0,103808,104555,0,232,0
1878382,1,0,7.57322e-005,0.00750115,0.144759,0.299056,1,0,,0,0,0,0,0,0,0,0,103808,104555,0,232,0
1878482,1,0,5.30126e-005,0.00601152,0.130884,0.323443,1,0,,0,0,0,0,0,0,0,0,103808,104555,0,232,0
1878582,1,0,3.71088e-005,0.00481664,0.118278,0.308781,1,0,,0,0,0,0,0,0,0,0,103808,104555,0,232,0
1878682,1,0,2.59762e-005,0.00385851,0.106836,0.315168,1,0,,0,0,0,0,0,0,0,0,103808,104555,0,232,0
1878782,1,0,1.81833e-005,0.00309044,0.0964612,0.299643,1,0,,0,0,0,0,0,0,0,0,103808,104555,0,232,0
1878882,1,0,1.27283e-005,0.0024749,0.0870625,0.324268,1,0,,0,0,0,0,0,0,0,0,103808,104555,0,232,0
1878982,1,0,8.90982e-006,0.0019817,0.0785545,0.328319,1,0,,0,0,0,0,0,0,0,0,103808,104555,0,232,0
1879082,1,0,6.23687e-006,0.00158661,0.0708577,0.336981,1,0,,0,0,0,0,0,0,0,0,103808,104555,0,232,0
1879182,1,0,4.36581e-006,0.00127016,0.0638989,0.325507,1,0,,0,0,0,0,0,0,0,0,103808,104555,0,232,0
1879282,1,16,4.8,0.961017,0.153611,0.29996,1,0,,0,0,0,0,0,0,0,0,103808,104555,0,232,0
1879382,1,0,3.36,1.44081,0.282331,0.338993,1,0,,0,0,0,0,0,0,0,0,103808,104555,0,232,0
1879482,1,0,2.352,1.62305,0.416403,0.301982,1,0,,0,0,0,0,0,0,0,0,103808,104555,0,232,0
1879582,1,0,1.6464,1.62772,0.537535,0.349082,1,0,,0,0,0,0,0,0,0,0,103808,104555,0,232,0
1879682,1,0,1.15248,1.53267,0.637049,0.326569,1,0,,0,0,0,0,0,0,0,0,103808,104555,0,232,0
1879782,1,0,0.806736,1.38749,0.712092,0.319108,1,0,,0,0,0,0,0,0,0,0,103808,104555,0,232,0
1879882,1,0,0.564716,1.22293,0.763176,0.32852,1,0,,0,0,0,0,0,0,0,0,103808,104555,0,232,0
1879982,1,0,0.395301,1.05741,0.792599,0.321994,1,0,,0,0,0,0,0,0,0,0,103808,104555,0,232,0
1880082,1,0,0.276711,0.901267,0.803466,0.324305,1,0,,0,0,0,0,0,0,0,0,103808,104555,0,232,0
1880182,1,0,0.193697,0.759753,0.799095,0.322991,1,0,,0,0,0,0,0,0,0,0,103808,104555,0,232,0
1880282,1,0,0.135588,0.63492,0.782677,0.325353,1,0,,0,0,0,0,0,0,0,0,103808,104555,0,232,0
1880382,1,0,0.0949117,0.526918,0.757101,0.302029,1,0,,0,0,0,0,0,0,0,0,103808,104555,0,232,0
1880482,1,0,0.0664382,0.434822,0.724873,0.313967,1,0,,0,0,0,0,0,0,0,0,103808,104555,0,232,0
1880582,1,0,0.0465067,0.357159,0.688102,0.320028,1,0,,0,0,0,0,0,0,0,0,103808,104555,0,232,0
1880682,1,0,0.0325547,0.292238,0.648515,0.335478,1,0,,0,0,0,0,0,0,0,0,103808,104555,0,232,0
1880782,1,0,0.0227883,0.238348,0.607499,0.356315,1,0,,0,0,0,0,0,0,0,0,103808,104555,0,232,0
1880882,1,0,0.0159518,0.193869,0.566136,0.371464,1,0,,0,0,0,0,0,0,0,0,103808,104555,0,232,0
1880982,1,0,0.0111663,0.157328,0.525255,0.31255,1,0,,0,0,0,0,0,0,0,0,103808,104555,0,232,0
1881082,1,0,0.00781639,0.127426,0.485472,0.282899,1,0,,0,0,0,0,0,0,0,0,103808,104555,0,232,0
1881182,1,0,0.00547147,0.103035,0.447228,0.301889,1,0,,0,0,0,0,0,0,0,0,103808,104555,0,232,0
1881282,1,0,0.00383003,0.0831941,0.410825,0.298839,1,0,,0,0,0,0,0,0,0,0,103808,104555,0,232,0
1881382,1,0,0.00268102,0.0670915,0.376452,0.306435,1,0,,0,0,0,0,0,0,0,0,103808,104555,0,232,0
1881482,1,0,0.00187671,0.0540485,0.344211,0.334976,1,0,,0,0,0,0,0,0,0,0,103808,104555,0,232,0
1881582,1,0,0.0013137,0.0435016,0.31414,0.31814,1,0,,0,0,0,0,0,0,0,0,103808,104555,0,232,0
1881682,1,0,0.00091959,0.0349852,0.286225,0.291155,1,0,,0,0,0,0,0,0,0,0,103808,104555,0,232,0
1881782,1,0,0.000643713,0.0281169,0.260414,0.294555,1,0,,0,0,0,0,0,0,0,0,103808,104555,0,232,0
1881882,1,0,0.000450599,0.0225836,0.236631,0.348619,1,0,,0,0,0,0,0,0,0,0,103808,104555,0,232,0
1881982,1,0,0.000315419,0.01813,0.214781,0.328331,1,0,,0,0,0,0,0,0,0,0,103808,104555,0,232,0
1882082,1,1,0.300221,0.0745482,0.200758,0.306246,1,0,,0,0,0,0,0,0,0,0,103808,104555,0,232,0
1882182,1,0,0.210155,0.101669,0.190849,0.289083,1,0,,0,0,0,0,0,0,0,0,103808,104555,0,232,0
1882282,1,0,0.147108,0.110757,0.18284,0.345633,1,0,,0,0,0,0,0,0,0,0,103808,104555,0,232,0
1882382,1,0,0.102976,0.109201,0.175476,0.294152,1,0,,0,0,0,0,0,0,0,0,103808,104555,0,232,0
1882482,1,0,0.072083,0.101777,0.168106,0.294614,1,0,,0,0,0,0,0,0,0,0,103808,104555,0,232,0
1882582,1,0,0.0504581,0.0915135,0.160447,0.352802,1,0,,0,0,0,0,0,0,0,0,103808,104555,0,232,0
1882682,1,0,0.0353207,0.0802749,0.152429,0.327641,1,0,,0,0,0,0,0,0,0,0,103808,104555,0,232,0
1882782,1,0,0.0247245,0.0691648,0.144103,0.327103,1,0,,0,0,0,0,0,0,0,0,103808,104555,0,232,0
1882882,1,0,0.0173071,0.0587933,0.135572,0.297388,1,0,,0,0,0,0,0,0,0,0,103808,104555,0,232,0
1882982,1,0,0.012115,0.0494576,0.126961,0.338538,1,0,,0,0,0,0,0,0,0,0,103808,104555,0,232,0
1883082,1,0,0.00848049,0.0412622,0.118391,0.286314,1,0,,0,0,0,0,0,0,0,0,103808,104555,0,232,0
1883182,1,0,0.00593635,0.034197,0.109971,0.300328,1,0,,0,0,0,0,0,0,0,0,103808,104555,0,232,0
1883282,1,18,5.40416,1.10819,0.209793,0.337667,1,0,,0,0,0,0,0,0,0,0,103808,104555,0,232,0
1883382,1,0,3.78291,1.64313,0.353127,0.299005,1,0,,0,0,0,0,0,0,0,0,103808,104555,0,232,0
1883482,1,0,2.64804,1.84411,0.502226,0.29478,1,0,,0,0,0,0,0,0,0,0,103808,104555,0,232,0
1883582,1,0,1.85363,1.84602,0.636605,0.333453,1,0,,0,0,0,0,0,0,0,0,103808,104555,0,232,0
1883682,1,0,1.29754,1.73632,0.746576,0.331528,1,0,,0,0,0,0,0,0,0,0,103808,104555,0,232,0
1883782,1,0,0.908276,1.57071,0.82899,0.276228,1,0,,0,0,0,0,0,0,0,0,103808,104555,0,232,0
1883882,1,0,0.635793,1.38373,0.884464,0.308916,1,0,,0,0,0,0,0,0,0,0,103808,104555,0,232,0
1883982,1,0,0.445055,1.19599,0.915617,0.290253,1,0,,0,0,0,0,0,0,0,0,103808,104555,0,232,0
1884082,1,0,0.311539,1.0191,0.925965,0.308988,1,0,,0,0,0,0,0,0,0,0,103808,104555,0,232,0
1884182,1,0,0.218077,0.858897,0.919258,0.314252,1,0,,0,0,0,0,0,0,0,0,103808,104555,0,232,0
1884282,1,0,0.152654,0.717649,0.899097,0.327377,1,0,,0,0,0,0,0,0,0,0,103808,104555,0,232,0
1884382,1,0,0.106858,0.595491,0.868737,0.334652,1,0,,0,0,0,0,0,0,0,0,103808,104555,0,232,0
1884482,1,0,0.0748005,0.491353,0.830998,0.309239,1,0,,0,0,0,0,0,0,0,0,103808,104555,0,232,0
1884582,1,0,0.0523603,0.403554,0.788254,0.298726,1,0,,0,0,0,0,0,0,0,0,103808,104555,0,232,0
1884682,1,0,0.0366522,0.330174,0.742446,0.343014,1,0,,0,0,0,0,0,0,0,0,103808,104555,0,232,0
1884782,1,0,0.0256566,0.26927,0.695128,0.340917,1,0,,0,0,0,0,0,0,0,0,103808,104555,0,232,0
1884882,1,0,0.0179596,0.219008,0.647516,0.329329,1,0,,0,0,0,0,0,0,0,0,103808,104555,0,232,0
1884982,1,0,0.0125717,0.177721,0.600537,0.304565,1,0,,0,0,0,0,0,0,0,0,103808,104555,0,232,0
1885082,1,0,0.0088002,0.143937,0.554877,0.327691,1,0,,0,0,0,0,0,0,0,0,103808,104555,0,232,0
1885182,1,0,0.00616014,0.116381,0.511027,0.306803,1,0,,0,0,0,0,0,0,0,0,103808,104555,0,232,0
1885282,1,0,0.0043121,0.0939676,0.469321,0.314055,1,0,,0,0,0,0,0,0,0,0,103808,104555,0,232,0
1885382,1,0,0.00301847,0.0757777,0.429967,0.293768,1,0,,0,0,0,0,0,0,0,0,103808,104555,0,232,0
1885482,1,0,0.00211293,0.0610448,0.393075,0.30398,1,0,,0,0,0,0,0,0,0,0,103808,104555,0,232,0
1885582,1,0,0.00147905,0.0491316,0.35868,0.277074,1,0,,0,0,0,0,0,0,0,0,103808,104555,0,232,0
1885682,1,0,0.00103533,0.0395124,0.326763,0.292212,1,0,,0,0,0,0,0,0,0,0,103808,104555,0,232,0
1885782,1,0,0.000724734,0.0317549,0.297263,0.331699,1,0,,0,0,0,0,0,0,0,0,103808,104555,0,232,0
1885882,1,0,0.000507314,0.0255053,0.270087,0.335897,1,0,,0,0,0,0,0,0,0,0,103808,104555,0,232,0
1885982,1,0,0.00035512,0.0204753,0.245126,0.313663,1,0,,0,0,0,0,0,0,0,0,103808,104555,0,232,0
1886082,1,0,0.000248584,0.01643,0.222256,0.294665,1,0,,0,0,0,0,0,0,0,0,103808,104555,0,232,0
1886182,1,0,0.000174009,0.0131788,0.201348,0.303765,1,0,,0,0,0,0,0,0,0,0,103808,104555,0,232,0
1886282,1,0,0.000121806,0.0105674,0.18227,0.363253,1,0,,0,0,0,0,0,0,0,0,103808,104555,0,232,0
1886382,1,0,8.52642e-005,0.00847095,0.16489,0.279252,1,0,,0,0,0,0,0,0,0,0,103808,104555,0,232,0
1886482,1,0,5.9685e-005,0.0067887,0.14908,0.304327,1,0,,0,0,0,0,0,0,0,0,103808,104555,0,232,0
1886582,1,0,4.17795e-005,0.00543932,0.134716,0.329941,1,0,,0,0,0,0,0,0,0,0,103808,104555,0,232,0
1886682,1,0,2.92456e-005,0.0043573,0.12168,0.313003,1,0,,0,0,0,0,0,0,0,0,103808,104555,0,232,0
1886782,1,0,2.04719e-005,0.00348994,0.109861,0.326978,1,0,,0,0,0,0,0,0,0,0,103808,104555,0,232,0
1886882,1,0,1.43304e-005,0.00279481,0.0991545,0.319079,1,0,,0,0,0,0,0,0,0,0,103808,104555,0,232,0
1886982,1,0,1.00312e-005,0.00223786,0.0894629,0.302691,1,0,,0,0,0,0,0,0,0,0,103808,104555,0,232,0
1887082,1,0,7.02187e-006,0.00179169,0.0806957,0.304355,1,0,,0,0,0,0,0,0,0,0,103808,104555,0,232,0
1887182,1,17,5.10001,1.02143,0.17477,0.324079,1,0,,0,0,0,0,0,0,0,0,103808,104555,0,232,0
1887282,1,0,3.57,1.53115,0.310407,0.344229,1,0,,0,0,0,0,0,0,0,0,103808,104555,0,232,0
1887382,1,0,2.499,1.72472,0.451839,0.318104,1,0,,0,0,0,0,0,0,0,0,103808,104555,0,232,0
1887482,1,0,1.7493,1.72964,0.579618,0.329179,1,0,,0,0,0,0,0,0,0,0,103808,104555,0,232,0
1887582,1,0,1.22451,1.62861,0.684518,0.308515,1,0,,0,0,0,0,0,0,0,0,103808,104555,0,232,0
1887682,1,0,0.857158,1.47432,0.763498,0.330654,1,0,,0,0,0,0,0,0,0,0,103808,104555,0,232,0
1887782,1,0,0.60001,1.29946,0.817094,0.348119,1,0,,0,0,0,0,0,0,0,0,103808,104555,0,232,0
1887882,1,0,0.420007,1.12357,0.847741,0.309255,1,0,,0,0,0,0,0,0,0,0,103808,104555,0,232,0
1887982,1,0,0.294005,0.957655,0.858733,0.335781,1,0,,0,0,0,0,0,0,0,0,103808,104555,0,232,0
1888082,1,0,0.205804,0.807285,0.853588,0.350793,1,0,,0,0,0,0,0,0,0,0,103808,104555,0,232,0
1888182,1,0,0.144063,0.674641,0.835693,0.323881,1,0,,0,0,0,0,0,0,0,0,103808,104555,0,232,0
1888282,1,0,0.100844,0.559881,0.808112,0.322655,1,0,,0,0,0,0,0,0,0,0,103808,104555,0,232,0
1888382,1,0,0.0705906,0.462023,0.773503,0.310559,1,0,,0,0,0,0,0,0,0,0,103808,104555,0,232,0
1888482,1,0,0.0494134,0.379501,0.734103,0.348083,1,0,,0,0,0,0,0,0,0,0,103808,104555,0,232,0
1888582,1,0,0.0345894,0.310519,0.691744,0.316345,1,0,,0,0,0,0,0,0,0,0,103808,104555,0,232,0
1888682,1,0,0.0242126,0.253258,0.647896,0.337545,1,0,,0,0,0,0,0,0,0,0,103808,104555,0,232,0
1888782,1,0,0.0169488,0.205996,0.603706,0.336619,1,0,,0,0,0,0,0,0,0,0,103808,104555,0,232,0
1888882,1,0,0.0118642,0.16717,0.560052,0.339482,1,0,,0,0,0,0,0,0,0,0,103808,104555,0,232,0
1888982,1,0,0.00830492,0.135397,0.517587,0.319831,1,0,,0,0,0,0,0,0,0,0,103808,104555,0,232,0
1889082,1,0,0.00581344,0.10948,0.476776,0.313054,1,0,,0,0,0,0,0,0,0,0,103808,104555,0,232,0
1889182,1,0,0.00406941,0.0883979,0.437938,0.324467,1,0,,0,0,0,0,0,0,0,0,103808,104555,0,232,0
1889282,1,0,0.00284859,0.071288,0.401273,0.310768,1,0,,0,0,0,0,0,0,0,0,103808,104555,0,232,0
1889382,1,0,0.00199401,0.0574292,0.366889,0.296357,1,0,,0,0,0,0,0,0,0,0,103808,104555,0,232,0
1889482,1,0,0.00139581,0.0462225,0.334822,0.319057,1,0,,0,0,0,0,0,0,0,0,103808,104555,0,232,0
1889582,1,0,0.000977065,0.0371734,0.305057,0.307344,1,0,,0,0,0,0,0,0,0,0,103808,104555,0,232,0
1889682,1,0,0.000683945,0.0298755,0.277539,0.332092,1,0,,0,0,0,0,0,0,0,0,103808,104555,0,232,0
1889782,1,0,0.000478762,0.0239962,0.252185,0.322042,1,0,,0,0,0,0,0,0,0,0,103808,104555,0,232,0
1889882,1,0,0.000335133,0.019264,0.228893,0.333516,1,0,,0,0,0,0,0,0,0,0,103808,104555,0,232,0
1889982,1,0,0.000234593,0.0154581,0.207549,0.308792,1,0,,0,0,0,0,0,0,0,0,103808,104555,0,232,0
1890082,1,0,0.000164215,0.0123993,0.188034,0.31152,1,0,,0,0,0,0,0,0,0,0,103808,104555,0,232,0
1890182,1,0,0.000114951,0.00994245,0.170225,0.336139,1,0,,0,0,0,0,0,0,0,0,103808,104555,0,232,0
1890282,1,0,8.04655e-005,0.00797005,0.154,0.323613,1,0,,0,0,0,0,0,0,0,0,103808,104555,0,232,0
1890382,1,0,5.63258e-005,0.00638731,0.139238,0.307175,1,0,,0,0,0,0,0,0,0,0,103808,104555,0,232,0
1890482,1,0,3.94281e-005,0.00511773,0.125826,0.332889,1,0,,0,0,0,0,0,0,0,0,103808,104555,0,232,0
1890582,1,0,2.75997e-005,0.0040997,0.113654,0.349062,1,0,,0,0,0,0,0,0,0,0,103808,104555,0,232,0
1890682,1,0,1.93198e-005,0.00328363,0.102617,0.348563,1,0,,0,0,0,0,0,0,0,0,103808,104555,0,232,0
1890782,1,0,1.35238e-005,0.00262961,0.0926179,0.330025,1,0,,0,0,0,0,0,0,0,0,103808,104555,0,232,0
1890882,1,0,9.46668e-006,0.00210558,0.0835666,0.308261,1,0,,0,0,0,0,0,0,0,0,103808,104555,0,232,0
1890982,1,0,6.62668e-006,0.00168579,0.0753786,0.308749,1,0,,0,0,0,0,0,0,0,0,103808,104555,0,232,0
1891082,1,0,4.63867e-006,0.00134956,0.0679756,0.321563,1,0,,0,0,0,0,0,0,0,0,103808,104555,0,232,0
1891182,1,16,4.8,0.96108,0.157286,0.30774,1,0,,0,0,0,0,0,0,0,0,103808,104555,0,232,0
1891282,1,0,3.36,1.44086,0.285644,0.286764,1,0,,0,0,0,0,0,0,0,0,103808,104555,0,232,0
1891382,1,0,2.352,1.62309,0.419389,0.301685,1,0,,0,0,0,0,0,0,0,0,103808,104555,0,232,0
1891482,1,0,1.6464,1.62775,0.540225,0.306998,1,0,,0,0,0,0,0,0,0,0,103808,104555,0,232,0
1891582,1,0,1.15248,1.5327,0.639473,0.31121,1,0,,0,0,0,0,0,0,0,0,103808,104555,0,232,0
1891682,1,0,0.806737,1.38751,0.714276,0.323685,1,0,,0,0,0,0,0,0,0,0,103808,104555,0,232,0
1891782,1,0,0.564716,1.22295,0.765143,0.322021,1,0,,0,0,0,0,0,0,0,0,103808,104555,0,232,0
1891882,1,0,0.395301,1.05742,0.794371,0.316546,1,0,,0,0,0,0,0,0,0,0,103808,104555,0,232,0
1891982,1,0,0.276711,0.901277,0.805062,0.299254,1,0,,0,0,0,0,0,0,0,0,103808,104555,0,232,0
1892082,1,0,0.193697,0.759761,0.800532,0.35408,1,0,,0,0,0,0,0,0,0,0,103808,104555,0,232,0
1892182,1,0,0.135588,0.634927,0.783971,0.319227,1,0,,0,0,0,0,0,0,0,0,103808,104555,0,232,0
1892282,1,0,0.0949117,0.526924,0.758266,0.322864,1,0,,0,0,0,0,0,0,0,0,103808,104555,0,232,0
1892382,1,0,0.0664382,0.434827,0.725922,0.298902,1,0,,0,0,0,0,0,0,0,0,103808,104555,0,232,0
1892482,1,0,0.0465067,0.357163,0.689046,0.337638,1,0,,0,0,0,0,0,0,0,0,103808,104555,0,232,0
1892582,1,0,0.0325547,0.292241,0.649366,0.331077,1,0,,0,0,0,0,0,0,0,0,103808,104555,0,232,0
1892682,1,0,0.0227883,0.238351,0.608264,0.338326,1,0,,0,0,0,0,0,0,0,0,103808,104555,0,232,0
1892782,1,0,0.0159518,0.193871,0.566825,0.376837,1,0,,0,0,0,0,0,0,0,0,103808,104555,0,232,0
1892882,1,0,0.0111663,0.15733,0.525875,0.324238,1,0,,0,0,0,0,0,0,0,0,103808,104555,0,232,0
1892982,1,0,0.00781639,0.127427,0.486031,0.356176,1,0,,0,0,0,0,0,0,0,0,103808,104555,0,232,0
1893082,1,0,0.00547147,0.103036,0.447731,0.340276,1,0,,0,0,0,0,0,0,0,0,103808,104555,0,232,0
1893182,1,0,0.00383003,0.0831949,0.411278,0.339074,1,0,,0,0,0,0,0,0,0,0,103808,104555,0,232,0
1893282,1,0,0.00268102,0.0670921,0.376859,0.389037,1,0,,0,0,0,0,0,0,0,0,103808,104555,0,232,0
1893382,1,0,0.00187671,0.054049,0.344578,0.362039,1,0,,0,0,0,0,0,0,0,0,103808,104555,0,232,0
1893482,1,0,0.0013137,0.043502,0.31447,0.362316,1,0,,0,0,0,0,0,0,0,0,103808,104555,0,232,0
1893582,1,1,0.30092,0.0949855,0.292522,0.343352,1,0,,0,0,0,0,0,0,0,0,103808,104555,0,232,0
1893682,1,0,0.210644,0.118117,0.275081,0.306965,1,0,,0,0,0,0,0,0,0,0,103808,104555,0,232,0
1893782,1,0,0.147451,0.123984,0.259972,0.335133,1,0,,0,0,0,0,0,0,0,0,103808,104555,0,232,0
1893882,1,0,0.103215,0.11983,0.245957,0.361269,1,0,,0,0,0,0,0,0,0,0,103808,104555,0,232,0
1893982,1,0,0.0722508,0.110314,0.232393,0.339557,1,0,,0,0,0,0,0,0,0,0,103808,104555,0,232,0
1894082,1,0,0.0505756,0.0983665,0.21899,0.317232,1,0,,0,0,0,0,0,0,0,0,103808,104555,0,232,0
1894182,1,0,0.0354029,0.0857738,0.205669,0.35393,1,0,,0,0,0,0,0,0,0,0,103808,104555,0,232,0
1894282,1,0,0.024782,0.0735755,0.192459,0.326742,1,0,,0,0,0,0,0,0,0,0,103808,104555,0,232,0
1894382,1,0,0.0173474,0.0623298,0.179446,0.312982,1,0,,0,0,0,0,0,0,0,0,103808,104555,0,232,0
1894482,1,0,0.0121432,0.0522925,0.166731,0.299569,1,0,,0,0,0,0,0,0,0,0,103808,104555,0,232,0
1894582,1,0,0.00850023,0.0435341,0.154411,0.301957,1,0,,0,0,0,0,0,0,0,0,103808,104555,0,232,0
1894682,1,0,0.00595016,0.0360173,0.142572,0.306857,1,0,,0,0,0,0,0,0,0,0,103808,104555,0,232,0
1894782,1,0,0.00416511,0.0296468,0.131279,0.299931,1,0,,0,0,0,0,0,0,0,0,103808,104555,0,232,0
1894882,1,0,0.00291558,0.0243006,0.120582,0.338631,1,0,,0,0,0,0,0,0,0,0,103808,104555,0,232,0
1894982,1,0,0.00204091,0.0198487,0.110508,0.311913,1,0,,0,0,0,0,0,0,0,0,103808,104555,0,232,0
1895082,1,0,0.00142863,0.0161647,0.101074,0.278351,1,0,,0,0,0,0,0,0,0,0,103808,104555,0,232,0
1895182,1,16,4.801,0.973132,0.18828,0.312515,1,0,,0,0,0,0,0,0,0,0,103808,104555,0,232,0
1895282,1,0,3.3607,1.45065,0.314516,0.334854,1,0,,0,0,0,0,0,0,0,0,103808,104555,0,232,0
1895382,1,0,2.35249,1.63101,0.446166,0.292265,1,0,,0,0,0,0,0,0,0,0,103808,104555,0,232,0
1895482,1,0,1.64674,1.63416,0.564965,0.298752,1,0,,0,0,0,0,0,0,0,0,103808,104555,0,232,0
1895582,1,0,1.15272,1.53787,0.662256,0.298694,1,0,,0,0,0,0,0,0,0,0,103808,104555,0,232,0
1895682,1,0,0.806904,1.39168,0.735198,0.334794,1,0,,0,0,0,0,0,0,0,0,103808,104555,0,232,0
1895782,1,0,0.564833,1.22631,0.784309,0.280306,1,0,,0,0,0,0,0,0,0,0,103808,104555,0,232,0
1895882,1,0,0.395383,1.06012,0.811891,0.315143,1,0,,0,0,0,0,0,0,0,0,103808,104555,0,232,0
1895982,1,0,0.276768,0.903453,0.821047,0.298843,1,0,,0,0,0,0,0,0,0,0,103808,104555,0,232,0
1896082,1,0,0.193738,0.76151,0.815093,0.324818,1,0,,0,0,0,0,0,0,0,0,103808,104555,0,232,0
1896182,1,0,0.135616,0.636331,0.797217,0.297982,1,0,,0,0,0,0,0,0,0,0,103808,104555,0,232,0
1896282,1,0,0.0949315,0.528051,0.7703,0.307719,1,0,,0,0,0,0,0,0,0,0,103808,104555,0,232,0
1896382,1,0,0.066452,0.435731,0.736843,0.30272,1,0,,0,0,0,0,0,0,0,0,103808,104555,0,232,0
1896482,1,0,0.0465164,0.357888,0.698948,0.320206,1,0,,0,0,0,0,0,0,0,0,103808,104555,0,232,0
1896582,1,0,0.0325615,0.292823,0.658335,0.325569,1,0,,0,0,0,0,0,0,0,0,103808,104555,0,232,0
1896682,1,0,0.022793,0.238817,0.616384,0.311282,1,0,,0,0,0,0,0,0,0,0,103808,104555,0,232,0
1896782,1,0,0.0159551,0.194245,0.57417,0.287828,1,0,,0,0,0,0,0,0,0,0,103808,104555,0,232,0
1896882,1,0,0.0111686,0.157629,0.532516,0.294817,1,0,,0,0,0,0,0,0,0,0,103808,104555,0,232,0
1896982,1,0,0.00781801,0.127667,0.492031,0.283178,1,0,,0,0,0,0,0,0,0,0,103808,104555,0,232,0
1897082,1,0,0.00547261,0.103228,0.45315,0.28914,1,0,,0,0,0,0,0,0,0,0,103808,104555,0,232,0
1897182,1,0,0.00383083,0.0833488,0.41617,0.311615,1,0,,0,0,0,0,0,0,0,0,103808,104555,0,232,0
1897282,1,0,0.00268158,0.0672153,0.381275,0.298317,1,0,,0,0,0,0,0,0,0,0,103808,104555,0,232,0
1897382,1,0,0.0018771,0.0541477,0.348562,0.312023,1,0,,0,0,0,0,0,0,0,0,103808,104555,0,232,0
1897482,1,0,0.00131397,0.0435809,0.318064,0.327674,1,0,,0,0,0,0,0,0,0,0,103808,104555,0,232,0
1897582,1,0,0.000919781,0.0350487,0.289762,0.299588,1,0,,0,0,0,0,0,0,0,0,103808,104555,0,232,0
1897682,1,0,0.000643847,0.0281677,0.263603,0.292789,1,0,,0,0,0,0,0,0,0,0,103808,104555,0,232,0
1897782,1,0,0.000450693,0.0226243,0.239505,0.375374,1,0,,0,0,0,0,0,0,0,0,103808,104555,0,232,0
1897882,1,0,0.000315485,0.0181626,0.217371,0.294761,1,0,,0,0,0,0,0,0,0,0,103808,104555,0,232,0
1897982,1,0,0.00022084,0.0145742,0.197091,0.280848,1,0,,0,0,0,0,0,0,0,0,103808,104555,0,232,0
1898082,1,0,0.000154588,0.0116903,0.178551,0.310811,1,0,,0,0,0,0,0,0,0,0,103808,104555,0,232,0
1898182,1,0,0.000108211,0.00937387,0.161633,0.329561,1,0,,0,0,0,0,0,0,0,0,103808,104555,0,232,0
1898282,1,0,7.5748e-005,0.00751425,0.146221,0.292611,1,0,,0,0,0,0,0,0,0,0,103808,104555,0,232,0
1898382,1,0,5.30236e-005,0.006022,0.132201,0.285524,1,0,,0,0,0,0,0,0,0,0,103808,104555,0,232,0
1898482,1,0,3.71165e-005,0.00482503,0.119464,0.308774,1,0,,0,0,0,0,0,0,0,0,103808,104555,0,232,0
1898582,1,0,2.59815e-005,0.00386522,0.107904,0.271748,1,0,,0,0,0,0,0,0,0,0,103808,104555,0,232,0
1898682,1,0,1.81871e-005,0.00309581,0.0974231,0.299599,1,0,,0,0,0,0,0,0,0,0,103808,104555,0,232,0
1898782,1,0,1.2731e-005,0.0024792,0.0879287,0.313038,1,0,,0,0,0,0,0,0,0,0,103808,104555,0,232,0
1898882,1,0,8.91167e-006,0.00198514,0.0793344,0.299662,1,0,,0,0,0,0,0,0,0,0,103808,104555,0,232,0
1898982,1,0,6.23817e-006,0.00158936,0.0715599,0.287786,1,0,,0,0,0,0,0,0,0,0,103808,104555,0,232,0
1899082,1,17,5.1,1.02127,0.166531,0.292358,1,0,,0,0,0,0,0,0,0,0,103808,104555,0,232,0
1899182,1,0,3.57,1.53102,0.30298,0.284008,1,0,,0,0,0,0,0,0,0,0,103808,104555,0,232,0
1899282,1,0,2.499,1.72462,0.445143,0.300082,1,0,,0,0,0,0,0,0,0,0,103808,104555,0,232,0
1899382,1,0,1.7493,1.72955,0.573584,0.312444,1,0,,0,0,0,0,0,0,0,0,103808,104555,0,232,0
1899482,1,0,1.22451,1.62854,0.67908,0.315382,1,0,,0,0,0,0,0,0,0,0,103808,104555,0,232,0
1899582,1,0,0.857158,1.47427,0.758599,0.315281,1,0,,0,0,0,0,0,0,0,0,103808,104555,0,232,0
1899682,1,0,0.60001,1.29942,0.812681,0.291667,1,0,,0,0,0,0,0,0,0,0,103808,104555,0,232,0
1899782,1,0,0.420007,1.12353,0.843766,0.301716,1,0,,0,0,0,0,0,0,0,0,103808,104555,0,232,0
1899882,1,0,0.294005,0.957628,0.855152,0.310167,1,0,,0,0,0,0,0,0,0,0,103808,104555,0,232,0
1899982,1,0,0.205804,0.807263,0.850363,0.300891,1,0,,0,0,0,0,0,0,0,0,103808,104555,0,232,0
1900082,1,0,0.144062,0.674623,0.832789,0.277265,1,0,,0,0,0,0,0,0,0,0,103808,104555,0,232,0
1900182,1,0,0.100844,0.559867,0.805497,0.300839,1,0,,0,0,0,0,0,0,0,0,103808,104555,0,232,0
1900282,1,0,0.0705906,0.462012,0.771148,0.294478,1,0,,0,0,0,0,0,0,0,0,103808,104555,0,232,0
1900382,1,0,0.0494134,0.379492,0.731983,0.304341,1,0,,0,0,0,0,0,0,0,0,103808,104555,0,232,0
1900482,1,0,0.0345894,0.310512,0.689836,0.303739,1,0,,0,0,0,0,0,0,0,0,103808,104555,0,232,0
1900582,1,0,0.0242126,0.253252,0.646177,0.328265,1,0,,0,0,0,0,0,0,0,0,103808,104555,0,232,0
1900682,1,0,0.0169488,0.205991,0.602159,0.288378,1,0,,0,0,0,0,0,0,0,0,103808,104555,0,232,0
1900782,1,0,0.0118642,0.167166,0.558659,0.281714,1,0,,0,0,0,0,0,0,0,0,103808,104555,0,232,0
1900882,1,0,0.00830491,0.135394,0.516333,0.291839,1,0,,0,0,0,0,0,0,0,0,103808,104555,0,232,0
1900982,1,0,0.00581344,0.109478,0.475647,0.308722,1,0,,0,0,0,0,0,0,0,0,103808,104555,0,232,0
1901082,1,0,0.00406941,0.088396,0.436922,0.27886,1,0,,0,0,0,0,0,0,0,0,103808,104555,0,232,0
1901182,1,0,0.00284858,0.0712865,0.400358,0.293333,1,0,,0,0,0,0,0,0,0,0,103808,104555,0,232,0
1901282,1,0,0.00199401,0.057428,0.366065,0.326519,1,0,,0,0,0,0,0,0,0,0,103808,104555,0,232,0
1901382,1,0,0.00139581,0.0462216,0.334081,0.279108,1,0,,0,0,0,0,0,0,0,0,103808,104555,0,232,0
1901482,1,0,0.000977065,0.0371727,0.30439,0.282433,1,0,,0,0,0,0,0,0,0,0,103808,104555,0,232,0
1901582,1,0,0.000683945,0.0298749,0.276939,0.27182,1,0,,0,0,0,0,0,0,0,0,103808,104555,0,232,0
1901682,1,0,0.000478762,0.0239957,0.251644,0.315182,1,0,,0,0,0,0,0,0,0,0,103808,104555,0,232,0
1901782,1,0,0.000335133,0.0192636,0.228406,0.320344,1,0,,0,0,0,0,0,0,0,0,103808,104555,0,232,0
1901882,1,0,0.000234593,0.0154578,0.207111,0.28602,1,0,,0,0,0,0,0,0,0,0,103808,104555,0,232,0
1901982,1,0,0.000164215,0.0123991,0.18764,0.28582,1,0,,0,0,0,0,0,0,0,0,103808,104555,0,232,0
1902082,1,0,0.000114951,0.00994225,0.16987,0.281133,1,0,,0,0,0,0,0,0,0,0,103808,104555,0,232,0
1902182,1,0,8.04655e-005,0.00796989,0.15368,0.284625,1,0,,0,0,0,0,0,0,0,0,103808,104555,0,232,0
1902282,1,0,5.63258e-005,0.00638718,0.138951,0.307186,1,0,,0,0,0,0,0,0,0,0,103808,104555,0,232,0
1902382,1,0,3.94281e-005,0.00511763,0.125568,0.301072,1,0,,0,0,0,0,0,0,0,0,103808,104555,0,232,0
1902482,1,0,2.75997e-005,0.00409962,0.113421,0.322498,1,0,,0,0,0,0,0,0,0,0,103808,104555,0,232,0
1902582,1,0,1.93198e-005,0.00328356,0.102407,0.300247,1,0,,0,0,0,0,0,0,0,0,103808,104555,0,232,0
1902682,1,0,1.35238e-005,0.00262955,0.0924294,0.293486,1,0,,0,0,0,0,0,0,0,0,103808,104555,0,232,0
1902782,1,0,9.46668e-006,0.00210554,0.083397,0.270752,1,0,,0,0,0,0,0,0,0,0,103808,104555,0,232,0
1902882,1,0,6.62668e-006,0.00168575,0.0752259,0.287863,1,0,,0,0,0,0,0,0,0,0,103808,104555,0,232,0
1902982,1,0,4.63867e-006,0.00134953,0.0678382,0.287561,1,0,,0,0,0,0,0,0,0,0,103808,104555,0,232,0
1903082,1,16,4.8,0.96108,0.157162,0.311478,1,0,,0,0,0,0,0,0,0,0,103808,104555,0,232,0
1903182,1,0,3.36,1.44086,0.285533,0.348989,1,0,,0,0,0,0,0,0,0,0,103808,104555,0,232,0
1903282,1,0,2.352,1.62309,0.419289,0.296864,1,0,,0,0,0,0,0,0,0,0,103808,104555,0,232,0
1903382,1,0,1.6464,1.62775,0.540135,0.314001,1,0,,0,0,0,0,0,0,0,0,103808,104555,0,232,0
1903482,1,0,1.15248,1.5327,0.639392,0.340388,1,0,,0,0,0,0,0,0,0,0,103808,104555,0,232,0
1903582,1,0,0.806737,1.38751,0.714203,0.286625,1,0,,0,0,0,0,0,0,0,0,103808,104555,0,232,0
1903682,1,0,0.564716,1.22295,0.765078,0.294874,1,0,,0,0,0,0,0,0,0,0,103808,104555,0,232,0
1903782,1,0,0.395301,1.05742,0.794312,0.312487,1,0,,0,0,0,0,0,0,0,0,103808,104555,0,232,0
1903882,1,0,0.276711,0.901277,0.805008,0.300699,1,0,,0,0,0,0,0,0,0,0,103808,104555,0,232,0
1903982,1,0,0.193697,0.759761,0.800484,0.320344,1,0,,0,0,0,0,0,0,0,0,103808,104555,0,232,0
1904082,1,0,0.135588,0.634927,0.783928,0.289208,1,0,,0,0,0,0,0,0,0,0,103808,104555,0,232,0
1904182,1,0,0.0949117,0.526924,0.758227,0.299771,1,0,,0,0,0,0,0,0,0,0,103808,104555,0,232,0
1904282,1,0,0.0664382,0.434827,0.725887,0.308532,1,0,,0,0,0,0,0,0,0,0,103808,104555,0,232,0
1904382,1,0,0.0465067,0.357163,0.689015,0.308983,1,0,,0,0,0,0,0,0,0,0,103808,104555,0,232,0
1904482,1,0,0.0325547,0.292241,0.649337,0.296121,1,0,,0,0,0,0,0,0,0,0,103808,104555,0,232,0
1904582,1,0,0.0227883,0.238351,0.608239,0.301003,1,0,,0,0,0,0,0,0,0,0,103808,104555,0,232,0
1904682,1,0,0.0159518,0.193871,0.566802,0.347803,1,0,,0,0,0,0,0,0,0,0,103808,104555,0,232,0
1904782,1,0,0.0111663,0.15733,0.525855,0.312217,1,0,,0,0,0,0,0,0,0,0,103808,104555,0,232,0
1904882,1,0,0.00781639,0.127427,0.486012,0.287228,1,0,,0,0,0,0,0,0,0,0,103808,104555,0,232,0
1904982,1,0,0.00547147,0.103036,0.447714,0.288253,1,0,,0,0,0,0,0,0,0,0,103808,104555,0,232,0
1905082,1,0,0.00383003,0.0831949,0.411262,0.321928,1,0,,0,0,0,0,0,0,0,0,103808,104555,0,232,0
1905182,1,0,0.00268102,0.0670921,0.376845,0.300989,1,0,,0,0,0,0,0,0,0,0,103808,104555,0,232,0
1905282,1,0,0.00187671,0.054049,0.344566,0.299604,1,0,,0,0,0,0,0,0,0,0,103808,104555,0,232,0
1905382,1,0,0.0013137,0.043502,0.314459,0.294216,1,0,,0,0,0,0,0,0,0,0,103808,104555,0,232,0
1905482,1,0,0.00091959,0.0349855,0.286512,0.297991,1,0,,0,0,0,0,0,0,0,0,103808,104555,0,232,0
1905582,1,0,0.000643713,0.0281171,0.260672,0.29759,1,0,,0,0,0,0,0,0,0,0,103808,104555,0,232,0
1905682,1,0,0.000450599,0.0225838,0.236864,0.284166,1,0,,0,0,0,0,0,0,0,0,103808,104555,0,232,0
1905782,1,0,0.000315419,0.0181301,0.21499,0.30271,1,0,,0,0,0,0,0,0,0,0,103808,104555,0,232,0
1905882,1,0,0.000220794,0.0145483,0.194946,0.284837,1,0,,0,0,0,0,0,0,0,0,103808,104555,0,232,0
1905982,1,0,0.000154556,0.0116695,0.176618,0.31325,1,0,,0,0,0,0,0,0,0,0,103808,104555,0,232,0
1906082,1,0,0.000108189,0.00935726,0.159892,0.302262,1,0,,0,0,0,0,0,0,0,0,103808,104555,0,232,0
1906182,1,0,7.57322e-005,0.00750096,0.144653,0.3201,1,0,,0,0,0,0,0,0,0,0,103808,104555,0,232,0
1906282,1,0,5.30125e-005,0.00601137,0.130789,0.352463,1,0,,0,0,0,0,0,0,0,0,103808,104555,0,232,0
1906382,1,0,3.71088e-005,0.00481652,0.118192,0.276738,1,0,,0,0,0,0,0,0,0,0,103808,104555,0,232,0
1906482,1,0,2.59761e-005,0.00385841,0.106758,0.295563,1,0,,0,0,0,0,0,0,0,0,103808,104555,0,232,0
1906582,1,0,1.81833e-005,0.00309036,0.0963916,0.296727,1,0,,0,0,0,0,0,0,0,0,103808,104555,0,232,0
1906682,1,0,1.27283e-005,0.00247484,0.0869999,0.299427,1,0,,0,0,0,0,0,0,0,0,103808,104555,0,232,0
1906782,1,0,8.90982e-006,0.00198165,0.0784981,0.293465,1,0,,0,0,0,0,0,0,0,0,103808,104555,0,232,0
1906882,1,0,6.23687e-006,0.00158657,0.0708069,0.288164,1,0,,0,0,0,0,0,0,0,0,103808,104555,0,232,0
1906982,1,16,4.8,0.96127,0.159853,0.293732,1,0,,0,0,0,0,0,0,0,0,103808,104555,0,232,0
1907082,1,0,3.36,1.44102,0.28797,0.301875,1,0,,0,0,0,0,0,0,0,0,103808,104555,0,232,0
1907182,1,0,2.352,1.62321,0.421494,0.300938,1,0,,0,0,0,0,0,0,0,0,103808,104555,0,232,0
1907282,1,0,1.6464,1.62785,0.54213,0.294128,1,0,,0,0,0,0,0,0,0,0,103808,104555,0,232,0
1907382,1,0,1.15248,1.53278,0.641195,0.330528,1,0,,0,0,0,0,0,0,0,0,103808,104555,0,232,0
1907482,1,0,0.806737,1.38757,0.715832,0.297552,1,0,,0,0,0,0,0,0,0,0,103808,104555,0,232,0
1907582,1,0,0.564716,1.223,0.766549,0.300991,1,0,,0,0,0,0,0,0,0,0,103808,104555,0,232,0
1907682,1,0,0.395301,1.05746,0.79564,0.310441,1,0,,0,0,0,0,0,0,0,0,103808,104555,0,232,0
1907782,1,0,0.276711,0.901309,0.806207,0.287915,1,0,,0,0,0,0,0,0,0,0,103808,104555,0,232,0
1907882,1,0,0.193697,0.759787,0.801565,0.310155,1,0,,0,0,0,0,0,0,0,0,103808,104555,0,232,0
1907982,1,0,0.135588,0.634947,0.784903,0.30358,1,0,,0,0,0,0,0,0,0,0,103808,104555,0,232,0
1908082,1,0,0.0949118,0.52694,0.759107,0.345619,1,0,,0,0,0,0,0,0,0,0,103808,104555,0,232,0
1908182,1,0,0.0664382,0.43484,0.72668,0.318161,1,0,,0,0,0,0,0,0,0,0,103808,104555,0,232,0
1908282,1,0,0.0465068,0.357173,0.689729,0.305125,1,0,,0,0,0,0,0,0,0,0,103808,104555,0,232,0
1908382,1,0,0.0325547,0.29225,0.649981,0.295336,1,0,,0,0,0,0,0,0,0,0,103808,104555,0,232,0
1908482,1,0,0.0227883,0.238357,0.608819,0.31401,1,0,,0,0,0,0,0,0,0,0,103808,104555,0,232,0
1908582,1,0,0.0159518,0.193876,0.567324,0.32361,1,0,,0,0,0,0,0,0,0,0,103808,104555,0,232,0
1908682,1,0,0.0111663,0.157334,0.526325,0.295648,1,0,,0,0,0,0,0,0,0,0,103808,104555,0,232,0
1908782,1,0,0.00781639,0.127431,0.486436,0.31616,1,0,,0,0,0,0,0,0,0,0,103808,104555,0,232,0
1908882,1,0,0.00547147,0.103039,0.448096,0.349573,1,0,,0,0,0,0,0,0,0,0,103808,104555,0,232,0
1908982,1,0,0.00383003,0.0831971,0.411606,0.293524,1,0,,0,0,0,0,0,0,0,0,103808,104555,0,232,0
1909082,1,0,0.00268102,0.0670939,0.377155,0.309762,1,0,,0,0,0,0,0,0,0,0,103808,104555,0,232,0
1909182,1,0,0.00187672,0.0540504,0.344845,0.3217,1,0,,0,0,0,0,0,0,0,0,103808,104555,0,232,0
1909282,1,0,0.0013137,0.0435031,0.31471,0.3437,1,0,,0,0,0,0,0,0,0,0,103808,104555,0,232,0
1909382,1,0,0.000919591,0.0349864,0.286738,0.296296,1,0,,0,0,0,0,0,0,0,0,103808,104555,0,232,0
1909482,1,0,0.000643713,0.0281179,0.260876,0.282957,1,0,,0,0,0,0,0,0,0,0,103808,104555,0,232,0
1909582,1,0,0.000450599,0.0225844,0.237047,0.312119,1,0,,0,0,0,0,0,0,0,0,103808,104555,0,232,0
1909682,1,0,0.00031542,0.0181306,0.215155,0.317694,1,0,,0,0,0,0,0,0,0,0,103808,104555,0,232,0
1909782,1,0,0.000220794,0.0145486,0.195095,0.302207,1,0,,0,0,0,0,0,0,0,0,103808,104555,0,232,0
1909882,1,0,0.000154556,0.0116698,0.176752,0.270045,1,0,,0,0,0,0,0,0,0,0,103808,104555,0,232,0
1909982,1,0,0.000108189,0.0093575,0.160013,0.316573,1,0,,0,0,0,0,0,0,0,0,103808,104555,0,232,0
1910082,1,0,7.57322e-005,0.00750115,0.144761,0.348388,1,0,,0,0,0,0,0,0,0,0,103808,104555,0,232,0
1910182,1,0,5.30126e-005,0.00601152,0.130886,0.28515,1,0,,0,0,0,0,0,0,0,0,103808,104555,0,232,0
1910282,1,0,3.71088e-005,0.00481664,0.118279,0.292087,1,0,,0,0,0,0,0,0,0,0,103808,104555,0,232,0
1910382,1,0,2.59762e-005,0.00385851,0.106837,0.303624,1,0,,0,0,0,0,0,0,0,0,103808,104555,0,232,0
1910482,1,0,1.81833e-005,0.00309044,0.0964627,0.29855,1,0,,0,0,0,0,0,0,0,0,103808,104555,0,232,0
1910582,1,0,1.27283e-005,0.0024749,0.0870639,0.307938,1,0,,0,0,0,0,0,0,0,0,103808,104555,0,232,0
1910682,1,0,8.90982e-006,0.0019817,0.0785557,0.286377,1,0,,0,0,0,0,0,0,0,0,103808,104555,0,232,0
1910782,1,0,6.23687e-006,0.00158661,0.0708588,0.320788,1,0,,0,0,0,0,0,0,0,0,103808,104555,0,232,0
1910882,1,0,4.36581e-006,0.00127016,0.0638999,0.307749,1,0,,0,0,0,0,0,0,0,0,103808,104555,0,232,0
1910982,1,17,5.1,1.02102,0.159612,0.271948,1,0,,0,0,0,0,0,0,0,0,103808,104555,0,232,0
1911082,1,0,3.57,1.53081,0.296732,0.327337,1,0,,0,0,0,0,0,0,0,0,103808,104555,0,232,0
1911182,1,0,2.499,1.72445,0.439504,0.311438,1,0,,0,0,0,0,0,0,0,0,103808,104555,0,232,0
1911282,1,0,1.7493,1.72942,0.568496,0.29519,1,0,,0,0,0,0,0,0,0,0,103808,104555,0,232,0
1911382,1,0,1.22451,1.62844,0.67449,0.274501,1,0,,0,0,0,0,0,0,0,0,103808,104555,0,232,0
1911482,1,0,0.857158,1.47418,0.754459,0.315688,1,0,,0,0,0,0,0,0,0,0,103808,104555,0,232,0
1911582,1,0,0.60001,1.29935,0.808948,0.281125,1,0,,0,0,0,0,0,0,0,0,103808,104555,0,232,0
1911682,1,0,0.420007,1.12348,0.840401,0.310485,1,0,,0,0,0,0,0,0,0,0,103808,104555,0,232,0
1911782,1,0,0.294005,0.957585,0.85212,0.303259,1,0,,0,0,0,0,0,0,0,0,103808,104555,0,232,0
1911882,1,0,0.205804,0.807229,0.847631,0.338846,1,0,,0,0,0,0,0,0,0,0,103808,104555,0,232,0
1911982,1,0,0.144062,0.674596,0.830327,0.326559,1,0,,0,0,0,0,0,0,0,0,103808,104555,0,232,0
1912082,1,0,0.100844,0.559845,0.803279,0.28031,1,0,,0,0,0,0,0,0,0,0,103808,104555,0,232,0
1912182,1,0,0.0705906,0.461994,0.76915,0.318323,1,0,,0,0,0,0,0,0,0,0,103808,104555,0,232,0
1912282,1,0,0.0494134,0.379478,0.730183,0.283871,1,0,,0,0,0,0,0,0,0,0,103808,104555,0,232,0
1912382,1,0,0.0345894,0.3105,0.688215,0.28922,1,0,,0,0,0,0,0,0,0,0,103808,104555,0,232,0
1912482,1,0,0.0242126,0.253243,0.644718,0.289993,1,0,,0,0,0,0,0,0,0,0,103808,104555,0,232,0
1912582,1,0,0.0169488,0.205984,0.600844,0.347056,1,0,,0,0,0,0,0,0,0,0,103808,104555,0,232,0
1912682,1,0,0.0118642,0.16716,0.557476,0.306907,1,0,,0,0,0,0,0,0,0,0,103808,104555,0,232,0
1912782,1,0,0.00830491,0.135389,0.515267,0.308843,1,0,,0,0,0,0,0,0,0,0,103808,104555,0,232,0
1912882,1,0,0.00581344,0.109474,0.474688,0.321119,1,0,,0,0,0,0,0,0,0,0,103808,104555,0,232,0
1912982,1,0,0.00406941,0.088393,0.436058,0.303843,1,0,,0,0,0,0,0,0,0,0,103808,104555,0,232,0
1913082,1,0,0.00284858,0.0712841,0.399581,0.313454,1,0,,0,0,0,0,0,0,0,0,103808,104555,0,232,0
1913182,1,0,0.00199401,0.0574261,0.365365,0.301593,1,0,,0,0,0,0,0,0,0,0,103808,104555,0,232,0
1913282,1,0,0.00139581,0.04622,0.333451,0.287495,1,0,,0,0,0,0,0,0,0,0,103808,104555,0,232,0
1913382,1,0,0.000977065,0.0371714,0.303823,0.302518,1,0,,0,0,0,0,0,0,0,0,103808,104555,0,232,0
1913482,1,0,0.000683945,0.0298739,0.276428,0.314719,1,0,,0,0,0,0,0,0,0,0,103808,104555,0,232,0
1913582,1,0,0.000478762,0.0239949,0.251185,0.329047,1,0,,0,0,0,0,0,0,0,0,103808,104555,0,232,0
1913682,1,0,0.000335133,0.019263,0.227993,0.309985,1,0,,0,0,0,0,0,0,0,0,103808,104555,0,232,0
1913782,1,0,0.000234593,0.0154573,0.206739,0.29791,1,0,,0,0,0,0,0,0,0,0,103808,104555,0,232,0
1913882,1,0,0.000164215,0.0123987,0.187305,0.301286,1,0,,0,0,0,0,0,0,0,0,103808,104555,0,232,0
1913982,1,0,0.000114951,0.00994193,0.169569,0.280373,1,0,,0,0,0,0,0,0,0,0,103808,104555,0,232,0
1914082,1,0,8.04655e-005,0.00796964,0.153409,0.308558,1,0,,0,0,0,0,0,0,0,0,103808,104555,0,232,0
1914182,1,0,5.63258e-005,0.00638697,0.138707,0.31312,1,0,,0,0,0,0,0,0,0,0,103808,104555,0,232,0
1914282,1,0,3.94281e-005,0.00511746,0.125348,0.294346,1,0,,0,0,0,0,0,0,0,0,103808,104555,0,232,0
1914382,1,0,2.75997e-005,0.00409949,0.113223,0.349646,1,0,,0,0,0,0,0,0,0,0,103808,104555,0,232,0
1914482,1,0,1.93198e-005,0.00328346,0.102229,0.286509,1,0,,0,0,0,0,0,0,0,0,103808,104555,0,232,0
1914582,1,0,1.35238e-005,0.00262947,0.092269,0.300785,1,0,,0,0,0,0,0,0,0,0,103808,104555,0,232,0
1914682,1,0,9.46668e-006,0.00210547,0.0832526,0.287748,1,0,,0,0,0,0,0,0,0,0,103808,104555,0,232,0
1914782,1,0,6.62668e-006,0.0016857,0.0750959,0.320139,1,0,,0,0,0,0,0,0,0,0,103808,104555,0,232,0
1914882,1,0,4.63867e-006,0.00134949,0.0677213,0.291688,1,0,,0,0,0,0,0,0,0,0,103808,104555,0,232,0
1914982,1,17,5.1,1.02108,0.163057,0.32895,1,0,,0,0,0,0,0,0,0,0,103808,104555,0,232,0
1915082,1,0,3.57,1.53086,0.299838,0.305151,1,0,,0,0,0,0,0,0,0,0,103808,104555,0,232,0
1915182,1,0,2.499,1.72449,0.442303,0.285127,1,0,,0,0,0,0,0,0,0,0,103808,104555,0,232,0
1915282,1,0,1.7493,1.72945,0.571018,0.331639,1,0,,0,0,0,0,0,0,0,0,103808,104555,0,232,0
1915382,1,0,1.22451,1.62847,0.676763,0.306602,1,0,,0,0,0,0,0,0,0,0,103808,104555,0,232,0
1915482,1,0,0.857158,1.4742,0.756507,0.303027,1,0,,0,0,0,0,0,0,0,0,103808,104555,0,232,0
1915582,1,0,0.60001,1.29937,0.810793,0.293154,1,0,,0,0,0,0,0,0,0,0,103808,104555,0,232,0
1915682,1,0,0.420007,1.12349,0.842063,0.335854,1,0,,0,0,0,0,0,0,0,0,103808,104555,0,232,0
1915782,1,0,0.294005,0.957596,0.853616,0.311178,1,0,,0,0,0,0,0,0,0,0,103808,104555,0,232,0
1915882,1,0,0.205804,0.807237,0.848978,0.300117,1,0,,0,0,0,0,0,0,0,0,103808,104555,0,232,0
1915982,1,0,0.144062,0.674602,0.831541,0.30898,1,0,,0,0,0,0,0,0,0,0,103808,104555,0,232,0
1916082,1,0,0.100844,0.559851,0.804372,0.283118,1,0,,0,0,0,0,0,0,0,0,103808,104555,0,232,0
1916182,1,0,0.0705906,0.461999,0.770134,0.319608,1,0,,0,0,0,0,0,0,0,0,103808,104555,0,232,0
1916282,1,0,0.0494134,0.379482,0.731069,0.29726,1,0,,0,0,0,0,0,0,0,0,103808,104555,0,232,0
1916382,1,0,0.0345894,0.310503,0.689012,0.311647,1,0,,0,0,0,0,0,0,0,0,103808,104555,0,232,0
1916482,1,0,0.0242126,0.253245,0.645436,0.298672,1,0,,0,0,0,0,0,0,0,0,103808,104555,0,232,0
1916582,1,0,0.0169488,0.205986,0.601491,0.294319,1,0,,0,0,0,0,0,0,0,0,103808,104555,0,232,0
1916682,1,0,0.0118642,0.167161,0.558058,0.31488,1,0,,0,0,0,0,0,0,0,0,103808,104555,0,232,0
1916782,1,0,0.00830491,0.13539,0.515791,0.280329,1,0,,0,0,0,0,0,0,0,0,103808,104555,0,232,0
1916882,1,0,0.00581344,0.109475,0.475159,0.322493,1,0,,0,0,0,0,0,0,0,0,103808,104555,0,232,0
1916982,1,0,0.00406941,0.0883937,0.436483,0.330004,1,0,,0,0,0,0,0,0,0,0,103808,104555,0,232,0
1917082,1,0,0.00284858,0.0712847,0.399963,0.309441,1,0,,0,0,0,0,0,0,0,0,103808,104555,0,232,0
1917182,1,0,0.00199401,0.0574266,0.365709,0.324361,1,0,,0,0,0,0,0,0,0,0,103808,104555,0,232,0
1917282,1,0,0.00139581,0.0462204,0.33376,0.321484,1,0,,0,0,0,0,0,0,0,0,103808,104555,0,232,0
1917382,1,0,0.000977065,0.0371718,0.304102,0.291384,1,0,,0,0,0,0,0,0,0,0,103808,104555,0,232,0
1917482,1,0,0.000683945,0.0298742,0.276679,0.310909,1,0,,0,0,0,0,0,0,0,0,103808,104555,0,232,0
1917582,1,0,0.000478762,0.0239951,0.25141,0.282432,1,0,,0,0,0,0,0,0,0,0,103808,104555,0,232,0
1917682,1,0,0.000335133,0.0192631,0.228196,0.345984,1,0,,0,0,0,0,0,0,0,0,103808,104555,0,232,0
1917782,1,0,0.000234593,0.0154574,0.206922,0.277059,1,0,,0,0,0,0,0,0,0,0,103808,104555,0,232,0
1917882,1,0,0.000164215,0.0123988,0.18747,0.302559,1,0,,0,0,0,0,0,0,0,0,103808,104555,0,232,0
1917982,1,0,0.000114951,0.00994201,0.169717,0.30311,1,0,,0,0,0,0,0,0,0,0,103808,104555,0,232,0
1918082,1,0,8.04655e-005,0.0079697,0.153542,0.307235,1,0,,0,0,0,0,0,0,0,0,103808,104555,0,232,0
1918182,1,0,5.63258e-005,0.00638702,0.138827,0.310323,1,0,,0,0,0,0,0,0,0,0,103808,104555,0,232,0
1918282,1,0,3.94281e-005,0.00511751,0.125456,0.303349,1,0,,0,0,0,0,0,0,0,0,103808,104555,0,232,0
1918382,1,0,2.75997e-005,0.00409952,0.11332,0.286606,1,0,,0,0,0,0,0,0,0,0,103808,104555,0,232,0
1918482,1,0,1.93198e-005,0.00328348,0.102316,0.334669,1,0,,0,0,0,0,0,0,0,0,103808,104555,0,232,0
1918582,1,0,1.35238e-005,0.00262949,0.0923477,0.320145,1,0,,0,0,0,0,0,0,0,0,103808,104555,0,232,0
1918682,1,0,9.46668e-006,0.00210549,0.0833235,0.31977,1,0,,0,0,0,0,0,0,0,0,103808,104555,0,232,0
1918782,1,0,6.62668e-006,0.00168571,0.0751597,0.311245,1,0,,0,0,0,0,0,0,0,0,103808,104555,0,232,0
1918882,1,17,5.10001,1.02135,0.169779,0.29594,1,0,,0,0,0,0,0,0,0,0,103808,104555,0,232,0
1918982,1,0,3.57,1.53108,0.305909,0.330786,1,0,,0,0,0,0,0,0,0,0,103808,104555,0,232,0
1919082,1,0,2.499,1.72466,0.447784,0.305824,1,0,,0,0,0,0,0,0,0,0,103808,104555,0,232,0
1919182,1,0,1.7493,1.72959,0.575965,0.328088,1,0,,0,0,0,0,0,0,0,0,103808,104555,0,232,0
1919282,1,0,1.22451,1.62858,0.681226,0.290998,1,0,,0,0,0,0,0,0,0,0,103808,104555,0,232,0
1919382,1,0,0.857158,1.47429,0.760533,0.303149,1,0,,0,0,0,0,0,0,0,0,103808,104555,0,232,0
1919482,1,0,0.60001,1.29944,0.814423,0.298348,1,0,,0,0,0,0,0,0,0,0,103808,104555,0,232,0
1919582,1,0,0.420007,1.12355,0.845336,0.28931,1,0,,0,0,0,0,0,0,0,0,103808,104555,0,232,0
1919682,1,0,0.294005,0.957641,0.856566,0.304509,1,0,,0,0,0,0,0,0,0,0,103808,104555,0,232,0
1919782,1,0,0.205804,0.807274,0.851637,0.304485,1,0,,0,0,0,0,0,0,0,0,103808,104555,0,232,0
1919882,1,0,0.144063,0.674631,0.833937,0.327459,1,0,,0,0,0,0,0,0,0,0,103808,104555,0,232,0
1919982,1,0,0.100844,0.559874,0.80653,0.302822,1,0,,0,0,0,0,0,0,0,0,103808,104555,0,232,0
1920082,1,0,0.0705906,0.462017,0.772079,0.292262,1,0,,0,0,0,0,0,0,0,0,103808,104555,0,232,0
1920182,1,0,0.0494134,0.379497,0.732821,0.313845,1,0,,0,0,0,0,0,0,0,0,103808,104555,0,232,0
1920282,1,0,0.0345894,0.310515,0.69059,0.333019,1,0,,0,0,0,0,0,0,0,0,103808,104555,0,232,0
1920382,1,0,0.0242126,0.253255,0.646857,0.309009,1,0,,0,0,0,0,0,0,0,0,103808,104555,0,232,0
1920482,1,0,0.0169488,0.205993,0.60277,0.298961,1,0,,0,0,0,0,0,0,0,0,103808,104555,0,232,0
1920582,1,0,0.0118642,0.167168,0.55921,0.287797,1,0,,0,0,0,0,0,0,0,0,103808,104555,0,232,0
1920682,1,0,0.00830492,0.135395,0.516828,0.319847,1,0,,0,0,0,0,0,0,0,0,103808,104555,0,232,0
1920782,1,0,0.00581344,0.109479,0.476094,0.303932,1,0,,0,0,0,0,0,0,0,0,103808,104555,0,232,0
1920882,1,0,0.00406941,0.0883969,0.437324,0.287918,1,0,,0,0,0,0,0,0,0,0,103808,104555,0,232,0
1920982,1,0,0.00284859,0.0712872,0.40072,0.328042,1,0,,0,0,0,0,0,0,0,0,103808,104555,0,232,0
1921082,1,0,0.00199401,0.0574286,0.366391,0.303668,1,0,,0,0,0,0,0,0,0,0,103808,104555,0,232,0
1921182,1,0,0.00139581,0.046222,0.334374,0.313969,1,0,,0,0,0,0,0,0,0,0,103808,104555,0,232,0
1921282,1,0,0.000977065,0.037173,0.304654,0.292705,1,0,,0,0,0,0,0,0,0,0,103808,104555,0,232,0
1921382,1,0,0.000683945,0.0298752,0.277176,0.298692,1,0,,0,0,0,0,0,0,0,0,103808,104555,0,232,0
1921482,1,0,0.000478762,0.0239959,0.251858,0.288429,1,0,,0,0,0,0,0,0,0,0,103808,104555,0,232,0
1921582,1,0,0.000335133,0.0192638,0.228599,0.284026,1,0,,0,0,0,0,0,0,0,0,103808,104555,0,232,0
1921682,1,0,0.000234593,0.0154579,0.207285,0.337914,1,0,,0,0,0,0,0,0,0,0,103808,104555,0,232,0
1921782,1,0,0.000164215,0.0123992,0.187796,0.289526,1,0,,0,0,0,0,0,0,0,0,103808,104555,0,232,0
1921882,1,0,0.000114951,0.00994234,0.170011,0.300902,1,0,,0,0,0,0,0,0,0,0,103808,104555,0,232,0
1921982,1,0,8.04655e-005,0.00796997,0.153807,0.303679,1,0,,0,0,0,0,0,0,0,0,103808,104555,0,232,0
1922082,1,0,5.63258e-005,0.00638724,0.139065,0.304342,1,0,,0,0,0,0,0,0,0,0,103808,104555,0,232,0
1922182,1,0,3.94281e-005,0.00511768,0.12567,0.294217,1,0,,0,0,0,0,0,0,0,0,103808,104555,0,232,0
1922282,1,0,2.75997e-005,0.00409966,0.113513,0.334655,1,0,,0,0,0,0,0,0,0,0,103808,104555,0,232,0
1922382,1,0,1.93198e-005,0.00328359,0.10249,0.323591,1,0,,0,0,0,0,0,0,0,0,103808,104555,0,232,0
1922482,1,0,1.35238e-005,0.00262958,0.0925039,0.294653,1,0,,0,0,0,0,0,0,0,0,103808,104555,0,232,0
1922582,1,0,9.46668e-006,0.00210556,0.0834641,0.320424,1,0,,0,0,0,0,0,0,0,0,103808,104555,0,232,0
1922682,1,0,6.62668e-006,0.00168577,0.0752863,0.308711,1,0,,0,0,0,0,0,0,0,0,103808,104555,0,232,0
1922782,1,0,4.63867e-006,0.00134954,0.0678926,0.310026,1,0,,0,0,0,0,0,0,0,0,103808,104555,0,232,0
1922882,1,16,4.8,0.96108,0.157211,0.283578,1,0,,0,0,0,0,0,0,0,0,103808,104555,0,232,0
1922982,1,0,3.36,1.44086,0.285577,0.411666,1,0,,0,0,0,0,0,0,0,0,103808,104555,0,232,0
1923082,1,0,2.352,1.62309,0.419328,0.335752,1,0,,0,0,0,0,0,0,0,0,103808,104555,0,232,0
1923182,1,0,1.6464,1.62775,0.540171,0.291162,1,0,,0,0,0,0,0,0,0,0,103808,104555,0,232,0
1923282,1,0,1.15248,1.5327,0.639424,0.29775,1,0,,0,0,0,0,0,0,0,0,103808,104555,0,232,0
1923382,1,0,0.806737,1.38751,0.714232,0.286439,1,0,,0,0,0,0,0,0,0,0,103808,104555,0,232,0
1923482,1,0,0.564716,1.22295,0.765104,0.297928,1,0,,0,0,0,0,0,0,0,0,103808,104555,0,232,0
1923582,1,0,0.395301,1.05742,0.794335,0.285802,1,0,,0,0,0,0,0,0,0,0,103808,104555,0,232,0
1923682,1,0,0.276711,0.901277,0.805029,0.283677,1,0,,0,0,0,0,0,0,0,0,103808,104555,0,232,0
1923782,1,0,0.193697,0.759761,0.800503,0.28894,1,0,,0,0,0,0,0,0,0,0,103808,104555,0,232,0
1923882,1,0,0.135588,0.634927,0.783945,0.286027,1,0,,0,0,0,0,0,0,0,0,103808,104555,0,232,0
1923982,1,0,0.0949117,0.526924,0.758243,0.311189,1,0,,0,0,0,0,0,0,0,0,103808,104555,0,232,0
1924082,1,0,0.0664382,0.434827,0.725901,0.294516,1,0,,0,0,0,0,0,0,0,0,103808,104555,0,232,0
1924182,1,0,0.0465067,0.357163,0.689027,0.312742,1,0,,0,0,0,0,0,0,0,0,103808,104555,0,232,0
1924282,1,0,0.0325547,0.292241,0.649349,0.276018,1,0,,0,0,0,0,0,0,0,0,103808,104555,0,232,0
1924382,1,0,0.0227883,0.238351,0.608249,0.298552,1,0,,0,0,0,0,0,0,0,0,103808,104555,0,232,0
1924482,1,0,0.0159518,0.193871,0.566811,0.293702,1,0,,0,0,0,0,0,0,0,0,103808,104555,0,232,0
1924582,1,0,0.0111663,0.15733,0.525863,0.287113,1,0,,0,0,0,0,0,0,0,0,103808,104555,0,232,0
1924682,1,0,0.00781639,0.127427,0.486019,0.295237,1,0,,0,0,0,0,0,0,0,0,103808,104555,0,232,0
1924782,1,0,0.00547147,0.103036,0.447721,0.294649,1,0,,0,0,0,0,0,0,0,0,103808,104555,0,232,0
1924882,1,0,0.00383003,0.0831949,0.411268,0.331972,1,0,,0,0,0,0,0,0,0,0,103808,104555,0,232,0
1924982,1,0,0.00268102,0.0670921,0.376851,0.304986,1,0,,0,0,0,0,0,0,0,0,103808,104555,0,232,0
1925082,1,0,0.00187671,0.054049,0.344571,0.325875,1,0,,0,0,0,0,0,0,0,0,103808,104555,0,232,0
1925182,1,0,0.0013137,0.043502,0.314464,0.281562,1,0,,0,0,0,0,0,0,0,0,103808,104555,0,232,0
1925282,1,0,0.00091959,0.0349855,0.286516,0.274648,1,0,,0,0,0,0,0,0,0,0,103808,104555,0,232,0
1925382,1,0,0.000643713,0.0281171,0.260676,0.299961,1,0,,0,0,0,0,0,0,0,0,103808,104555,0,232,0
1925482,1,0,0.000450599,0.0225838,0.236867,0.325675,1,0,,0,0,0,0,0,0,0,0,103808,104555,0,232,0
1925582,1,0,0.000315419,0.0181301,0.214993,0.296593,1,0,,0,0,0,0,0,0,0,0,103808,104555,0,232,0
1925682,1,0,0.000220794,0.0145483,0.194949,0.28928,1,0,,0,0,0,0,0,0,0,0,103808,104555,0,232,0
1925782,1,0,0.000154556,0.0116695,0.176621,0.327432,1,0,,0,0,0,0,0,0,0,0,103808,104555,0,232,0
1925882,1,0,0.000108189,0.00935726,0.159894,0.323218,1,0,,0,0,0,0,0,0,0,0,103808,104555,0,232,0
1925982,1,0,7.57322e-005,0.00750096,0.144655,0.32497,1,0,,0,0,0,0,0,0,0,0,103808,104555,0,232,0
1926082,1,0,5.30125e-005,0.00601137,0.130791,0.30117,1,0,,0,0,0,0,0,0,0,0,103808,104555,0,232,0
1926182,1,2,0.600037,0.124817,0.130193,0.269106,1,0,,0,0,0,0,0,0,0,0,103808,104555,0,232,0
1926282,1,0,0.420026,0.183858,0.13556,0.297668,1,0,,0,0,0,0,0,0,0,0,103808,104555,0,232,0
1926382,1,0,0.294018,0.20589,0.142593,0.284568,1,0,,0,0,0,0,0,0,0,0,103808,104555,0,232,0
1926482,1,0,0.205813,0.205875,0.148921,0.290165,1,0,,0,0,0,0,0,0,0,0,103808,104555,0,232,0
1926582,1,0,0.144069,0.193514,0.15338,0.301489,1,0,,0,0,0,0,0,0,0,0,103808,104555,0,232,0
1926682,1,0,0.100848,0.174981,0.15554,0.284927,1,0,,0,0,0,0,0,0,0,0,103808,104555,0,232,0
1926782,1,0,0.0705938,0.154103,0.155397,0.316339,1,0,,0,0,0,0,0,0,0,0,103808,104555,0,232,0
1926882,1,17,5.14942,1.15317,0.255174,0.341972,1,0,,0,0,0,0,0,0,0,0,103808,104555,0,232,0
1926982,1,0,3.60459,1.64345,0.394001,0.300686,1,0,,0,0,0,0,0,0,0,0,103808,104555,0,232,0
1927082,1,0,2.52321,1.8194,0.536541,0.29145,1,0,,0,0,0,0,0,0,0,0,103808,104555,0,232,0
1927182,1,0,1.76625,1.80877,0.663765,0.307127,1,0,,0,0,0,0,0,0,0,0,103808,104555,0,232,0
1927282,1,0,1.23637,1.69429,0.766817,0.344514,1,0,,0,0,0,0,0,0,0,0,103808,104555,0,232,0
1927382,1,0,0.865462,1.52853,0.842988,0.324664,1,0,,0,0,0,0,0,0,0,0,103808,104555,0,232,0
1927482,1,0,0.605824,1.34399,0.893088,0.310077,1,0,,0,0,0,0,0,0,0,0,103808,104555,0,232,0
1927582,1,0,0.424076,1.16,0.91978,0.315427,1,0,,0,0,0,0,0,0,0,0,103808,104555,0,232,0
1927682,1,0,0.296854,0.987374,0.926539,0.301001,1,0,,0,0,0,0,0,0,0,0,103808,104555,0,232,0
1927782,1,0,0.207797,0.831459,0.917031,0.296113,1,0,,0,0,0,0,0,0,0,0,103808,104555,0,232,0
1927882,1,0,0.145458,0.694259,0.894754,0.349313,1,0,,0,0,0,0,0,0,0,0,103808,104555,0,232,0
1927982,1,0,0.101821,0.575771,0.862856,0.292013,1,0,,0,0,0,0,0,0,0,0,103808,104555,0,232,0
1928082,1,0,0.0712745,0.474872,0.824057,0.344677,1,0,,0,0,0,0,0,0,0,0,103808,104555,0,232,0
1928182,1,0,0.0498922,0.389876,0.780639,0.308402,1,0,,0,0,0,0,0,0,0,0,103808,104555,0,232,0
1928282,1,0,0.0349245,0.318886,0.734464,0.296587,1,0,,0,0,0,0,0,0,0,0,103808,104555,0,232,0
1928382,1,0,0.0244472,0.259998,0.687017,0.321824,1,0,,0,0,0,0,0,0,0,0,103808,104555,0,232,0
1928482,1,0,0.017113,0.211421,0.639457,0.300986,1,0,,0,0,0,0,0,0,0,0,103808,104555,0,232,0
1928582,1,0,0.0119791,0.171533,0.592665,0.308334,1,0,,0,0,0,0,0,0,0,0,103808,104555,0,232,0
1928682,1,0,0.00838538,0.138903,0.547289,0.316344,1,0,,0,0,0,0,0,0,0,0,103808,104555,0,232,0
1928782,1,0,0.00586976,0.112296,0.503789,0.308929,1,0,,0,0,0,0,0,0,0,0,103808,104555,0,232,0
1928882,1,0,0.00410883,0.0906589,0.462476,0.281793,1,0,,0,0,0,0,0,0,0,0,103808,104555,0,232,0
1928982,1,0,0.00287618,0.0731024,0.423539,0.340757,1,0,,0,0,0,0,0,0,0,0,103808,104555,0,232,0
1929082,1,0,0.00201333,0.0588846,0.387074,0.305505,1,0,,0,0,0,0,0,0,0,0,103808,104555,0,232,0
1929182,1,0,0.00140933,0.0473895,0.353105,0.331629,1,0,,0,0,0,0,0,0,0,0,103808,104555,0,232,0
1929282,1,0,0.000986531,0.0381089,0.321605,0.335916,1,0,,0,0,0,0,0,0,0,0,103808,104555,0,232,0
1929382,1,0,0.000690572,0.0306253,0.292507,0.323539,1,0,,0,0,0,0,0,0,0,0,103808,104555,0,232,0
1929482,1,0,0.0004834,0.0245969,0.265716,0.311123,1,0,,0,0,0,0,0,0,0,0,103808,104555,0,232,0
1929582,1,0,0.00033838,0.0197452,0.241119,0.321625,1,0,,0,0,0,0,0,0,0,0,103808,104555,0,232,0
1929682,1,0,0.000236866,0.0158435,0.218592,0.3172,1,0,,0,0,0,0,0,0,0,0,103808,104555,0,232,0
1929782,1,0,0.000165806,0.012708,0.198003,0.313332,1,0,,0,0,0,0,0,0,0,0,103808,104555,0,232,0
1929882,1,0,0.000116064,0.0101896,0.179222,0.281431,1,0,,0,0,0,0,0,0,0,0,103808,104555,0,232,0
1929982,1,0,8.12451e-005,0.00816793,0.162117,0.286981,1,0,,0,0,0,0,0,0,0,0,103808,104555,0,232,0
1930082,1,0,5.68715e-005,0.00654572,0.146559,0.309028,1,0,,0,0,0,0,0,0,0,0,103808,104555,0,232,0
1930182,1,0,3.98101e-005,0.00524453,0.132428,0.292053,1,0,,0,0,0,0,0,0,0,0,103808,104555,0,232,0
1930282,1,0,2.78671e-005,0.0042012,0.119605,0.32784,1,0,,0,0,0,0,0,0,0,0,103808,104555,0,232,0
1930382,1,0,1.95069e-005,0.00336486,0.107981,0.31959,1,0,,0,0,0,0,0,0,0,0,103808,104555,0,232,0
1930482,1,0,1.36549e-005,0.00269462,0.0974526,0.308153,1,0,,0,0,0,0,0,0,0,0,103808,104555,0,232,0
1930582,1,0,9.5584e-006,0.00215761,0.0879231,0.305667,1,0,,0,0,0,0,0,0,0,0,103808,104555,0,232,0
1930682,1,0,6.69088e-006,0.00172743,0.0793035,0.306368,1,0,,0,0,0,0,0,0,0,0,103808,104555,0,232,0
1930782,1,16,4.8,0.961383,0.167511,0.327494,1,0,,0,0,0,0,0,0,0,0,103808,104555,0,232,0
1930882,1,0,3.36,1.44111,0.294871,0.336305,1,0,,0,0,0,0,0,0,0,0,103808,104555,0,232,0
1930982,1,0,2.352,1.62329,0.427713,0.275904,1,0,,0,0,0,0,0,0,0,0,103808,104555,0,232,0
1931082,1,0,1.6464,1.62791,0.547732,0.331953,1,0,,0,0,0,0,0,0,0,0,103808,104555,0,232,0
1931182,1,0,1.15248,1.53282,0.646241,0.302578,1,0,,0,0,0,0,0,0,0,0,103808,104555,0,232,0
1931282,1,0,0.806737,1.38761,0.720378,0.301041,1,0,,0,0,0,0,0,0,0,0,103808,104555,0,232,0
1931382,1,0,0.564716,1.22303,0.770643,0.346353,1,0,,0,0,0,0,0,0,0,0,103808,104555,0,232,0
1931482,1,0,0.395301,1.05748,0.799327,0.310366,1,0,,0,0,0,0,0,0,0,0,103808,104555,0,232,0
1931582,1,0,0.276711,0.901328,0.809527,0.290017,1,0,,0,0,0,0,0,0,0,0,103808,104555,0,232,0
1931682,1,0,0.193697,0.759802,0.804555,0.323843,1,0,,0,0,0,0,0,0,0,0,103808,104555,0,232,0
1931782,1,0,0.135588,0.63496,0.787595,0.29183,1,0,,0,0,0,0,0,0,0,0,103808,104555,0,232,0
1931882,1,0,0.0949118,0.52695,0.76153,0.282194,1,0,,0,0,0,0,0,0,0,0,103808,104555,0,232,0
1931982,1,0,0.0664382,0.434848,0.728862,0.326044,1,0,,0,0,0,0,0,0,0,0,103808,104555,0,232,0
1932082,1,0,0.0465068,0.357179,0.691694,0.288593,1,0,,0,0,0,0,0,0,0,0,103808,104555,0,232,0
1932182,1,0,0.0325547,0.292255,0.65175,0.303853,1,0,,0,0,0,0,0,0,0,0,103808,104555,0,232,0
1932282,1,0,0.0227883,0.238361,0.610411,0.30714,1,0,,0,0,0,0,0,0,0,0,103808,104555,0,232,0
1932382,1,0,0.0159518,0.193879,0.568758,0.311652,1,0,,0,0,0,0,0,0,0,0,103808,104555,0,232,0
1932482,1,0,0.0111663,0.157337,0.527616,0.322402,1,0,,0,0,0,0,0,0,0,0,103808,104555,0,232,0
1932582,1,0,0.00781639,0.127433,0.487597,0.275229,1,0,,0,0,0,0,0,0,0,0,103808,104555,0,232,0
1932682,1,0,0.00547147,0.10304,0.449142,0.304456,1,0,,0,0,0,0,0,0,0,0,103808,104555,0,232,0
1932782,1,0,0.00383003,0.0831984,0.412547,0.285796,1,0,,0,0,0,0,0,0,0,0,103808,104555,0,232,0
1932882,1,0,0.00268102,0.0670949,0.378002,0.292949,1,0,,0,0,0,0,0,0,0,0,103808,104555,0,232,0
1932982,1,0,0.00187672,0.0540513,0.345607,0.28156,1,0,,0,0,0,0,0,0,0,0,103808,104555,0,232,0
1933082,1,0,0.0013137,0.0435038,0.315397,0.331862,1,0,,0,0,0,0,0,0,0,0,103808,104555,0,232,0
1933182,1,0,0.000919591,0.0349869,0.287356,0.310998,1,0,,0,0,0,0,0,0,0,0,103808,104555,0,232,0
1933282,1,0,0.000643713,0.0281183,0.261432,0.317909,1,0,,0,0,0,0,0,0,0,0,103808,104555,0,232,0
1933382,1,0,0.000450599,0.0225847,0.237547,0.324261,1,0,,0,0,0,0,0,0,0,0,103808,104555,0,232,0
1933482,1,0,0.00031542,0.0181309,0.215606,0.311675,1,0,,0,0,0,0,0,0,0,0,103808,104555,0,232,0
1933582,1,0,0.000220794,0.0145489,0.1955,0.292038,1,0,,0,0,0,0,0,0,0,0,103808,104555,0,232,0
1933682,1,0,0.000154556,0.01167,0.177117,0.278499,1,0,,0,0,0,0,0,0,0,0,103808,104555,0,232,0
1933782,1,0,0.000108189,0.00935764,0.160341,0.307413,1,0,,0,0,0,0,0,0,0,0,103808,104555,0,232,0
1933882,1,0,7.57322e-005,0.00750126,0.145057,0.280214,1,0,,0,0,0,0,0,0,0,0,103808,104555,0,232,0
1.93398e+006,1,0.492611,0.147836,0.0355683,0.134108,0.303349,1,0,,0,0,0,0,0,0,0,0,103808,104555,0,232,0
1.93408e+006,1,0,0.103485,0.0491517,0.125612,0.301373,1,0,,0,0,0,0,0,0,0,0,103808,104555,0,232,0
1.93418e+006,1,0,0.0724398,0.0538093,0.118432,0.341683,1,0,,0,0,0,0,0,0,0,0,103808,104555,0,232,0
1.93428e+006,1,0,0.0507078,0.053189,0.111908,0.317421,1,0,,0,0,0,0,0,0,0,0,103808,104555,0,232,0
1.93438e+006,1,0,0.0354955,0.0496503,0.105682,0.280633,1,0,,0,0,0,0,0,0,0,0,103808,104555,0,232,0
1.93448e+006,1,0,0.0248468,0.0446896,0.0995828,0.296183,1,0,,0,0,0,0,0,0,0,0,103808,104555,0,232,0
1.93458e+006,1,0,0.0173928,0.0392303,0.0935476,0.295374,1,0,,0,0,0,0,0,0,0,0,103808,104555,0,232,0
1.93468e+006,1,0,0.012175,0.0338192,0.0875747,0.28835,1,0,,0,0,0,0,0,0,0,0,103808,104555,0,232,0
1.93478e+006,1,17,5.10852,1.04876,0.183693,0.297636,1,0,,0,0,0,0,0,0,0,0,103808,104555,0,232,0
1.93488e+006,1,0,3.57597,1.5542,0.320744,0.322935,1,0,,0,0,0,0,0,0,0,0,103808,104555,0,232,0
1.93498e+006,1,0,2.50318,1.744,0.463069,0.317624,1,0,,0,0,0,0,0,0,0,0,103808,104555,0,232,0
1.93508e+006,1,0,1.75222,1.74564,0.591326,0.28056,1,0,,0,0,0,0,0,0,0,0,103808,104555,0,232,0
1.93518e+006,1,0,1.22656,1.64182,0.696376,0.318132,1,0,,0,0,0,0,0,0,0,0,103808,104555,0,232,0
1.93528e+006,1,0,0.858589,1.48518,0.775256,0.279607,1,0,,0,0,0,0,0,0,0,0,103808,104555,0,232,0
1.93538e+006,1,0,0.601012,1.30834,0.828565,0.303006,1,0,,0,0,0,0,0,0,0,0,103808,104555,0,232,0
1.93548e+006,1,0,0.420709,1.13082,0.85879,0.29257,1,0,,0,0,0,0,0,0,0,0,103808,104555,0,232,0
1.93558e+006,1,0,0.294496,0.963553,0.869267,0.329268,1,0,,0,0,0,0,0,0,0,0,103808,104555,0,232,0
1.93568e+006,1,0,0.206147,0.812072,0.863547,0.291205,1,0,,0,0,0,0,0,0,0,0,103808,104555,0,232,0
1.93578e+006,1,0,0.144303,0.678518,0.845044,0.32923,1,0,,0,0,0,0,0,0,0,0,103808,104555,0,232,0
1.93588e+006,1,0,0.101012,0.563017,0.816842,0.301278,1,0,,0,0,0,0,0,0,0,0,103808,104555,0,232,0
1.93598e+006,1,0,0.0707085,0.464555,0.781613,0.333204,1,0,,0,0,0,0,0,0,0,0,103808,104555,0,232,0
1.93608e+006,1,0,0.049496,0.381544,0.741606,0.300065,1,0,,0,0,0,0,0,0,0,0,103808,104555,0,232,0
1.93618e+006,1,0,0.0346472,0.312164,0.698662,0.32409,1,0,,0,0,0,0,0,0,0,0,103808,104555,0,232,0
1.93628e+006,1,0,0.024253,0.254582,0.654254,0.293602,1,0,,0,0,0,0,0,0,0,0,103808,104555,0,232,0
1.93638e+006,1,0,0.0169771,0.207061,0.609535,0.318492,1,0,,0,0,0,0,0,0,0,0,103808,104555,0,232,0
1.93648e+006,1,0,0.011884,0.168026,0.565384,0.279691,1,0,,0,0,0,0,0,0,0,0,103808,104555,0,232,0
1.93658e+006,1,0,0.00831878,0.136084,0.522454,0.280892,1,0,,0,0,0,0,0,0,0,0,103808,104555,0,232,0
1.93668e+006,1,0,0.00582315,0.110032,0.481211,0.335428,1,0,,0,0,0,0,0,0,0,0,103808,104555,0,232,0
1.93678e+006,1,0,0.0040762,0.0888409,0.441974,0.270803,1,0,,0,0,0,0,0,0,0,0,103808,104555,0,232,0
1.93688e+006,1,0,0.00285334,0.0716434,0.404941,0.298493,1,0,,0,0,0,0,0,0,0,0,103808,104555,0,232,0
1.93698e+006,1,0,0.00199734,0.0577142,0.370219,0.304284,1,0,,0,0,0,0,0,0,0,0,103808,104555,0,232,0
1.93708e+006,1,0,0.00139814,0.046451,0.337842,0.277619,1,0,,0,0,0,0,0,0,0,0,103808,104555,0,232,0
1.93718e+006,1,0,0.000978697,0.0373565,0.307793,0.293832,1,0,,0,0,0,0,0,0,0,0,103808,104555,0,232,0
1.93728e+006,1,0,0.000685088,0.0300222,0.280016,0.297656,1,0,,0,0,0,0,0,0,0,0,103808,104555,0,232,0
1.93738e+006,1,0,0.000479561,0.0241137,0.254426,0.290407,1,0,,0,0,0,0,0,0,0,0,103808,104555,0,232,0
1.93748e+006,1,0,0.000335693,0.0193581,0.230919,0.286931,1,0,,0,0,0,0,0,0,0,0,103808,104555,0,232,0
1.93758e+006,1,0,0.000234985,0.0155335,0.209381,0.283956,1,0,,0,0,0,0,0,0,0,0,103808,104555,0,232,0
1.93768e+006,1,0,0.00016449,0.0124597,0.189688,0.289643,1,0,,0,0,0,0,0,0,0,0,103808,104555,0,232,0
1.93778e+006,1,0,0.000115143,0.00999077,0.171719,0.293292,1,0,,0,0,0,0,0,0,0,0,103808,104555,0,232,0
1.93788e+006,1,0,8.05999e-005,0.00800874,0.155348,0.306479,1,0,,0,0,0,0,0,0,0,0,103808,104555,0,232,0
1.93798e+006,1,0,5.64199e-005,0.00641827,0.140455,0.296816,1,0,,0,0,0,0,0,0,0,0,103808,104555,0,232,0
1.93808e+006,1,0,3.94939e-005,0.00514252,0.126924,0.300753,1,0,,0,0,0,0,0,0,0,0,103808,104555,0,232,0
1.93818e+006,1,0,2.76458e-005,0.00411954,0.114643,0.311273,1,0,,0,0,0,0,0,0,0,0,103808,104555,0,232,0
1.93828e+006,1,0,1.9352e-005,0.0032995,0.103509,0.311536,1,0,,0,0,0,0,0,0,0,0,103808,104555,0,232,0
1.93838e+006,1,0,1.35464e-005,0.00264231,0.0934221,0.314211,1,0,,0,0,0,0,0,0,0,0,103808,104555,0,232,0
1.93848e+006,1,0,9.48249e-006,0.00211575,0.0842915,0.34301,1,0,,0,0,0,0,0,0,0,0,103808,104555,0,232,0
1.93858e+006,1,0,6.63774e-006,0.00169393,0.0760317,0.328324,1,0,,0,0,0,0,0,0,0,0,103808,104555,0,232,0
1.93868e+006,1,0,4.64642e-006,0.00135607,0.0685641,0.323175,1,0,,0,0,0,0,0,0,0,0,103808,104555,0,232,0
1.93878e+006,1,16,4.8,0.961086,0.157816,0.272758,1,0,,0,0,0,0,0,0,0,0,103808,104555,0,232,0
1.93888e+006,1,0,3.36,1.44087,0.286122,0.283819,1,0,,0,0,0,0,0,0,0,0,103808,104555,0,232,0
1.93898e+006,1,0,2.352,1.6231,0.419819,0.317943,1,0,,0,0,0,0,0,0,0,0,103808,104555,0,232,0
1.93908e+006,1,0,1.6464,1.62776,0.540613,0.289855,1,0,,0,0,0,0,0,0,0,0,103808,104555,0,232,0
1.93918e+006,1,0,1.15248,1.5327,0.639822,0.295057,1,0,,0,0,0,0,0,0,0,0,103808,104555,0,232,0
1.93928e+006,1,0,0.806737,1.38751,0.71459,0.28767,1,0,,0,0,0,0,0,0,0,0,103808,104555,0,232,0
1.93938e+006,1,0,0.564716,1.22295,0.765426,0.315696,1,0,,0,0,0,0,0,0,0,0,103808,104555,0,232,0
1.93948e+006,1,0,0.395301,1.05742,0.794626,0.325008,1,0,,0,0,0,0,0,0,0,0,103808,104555,0,232,0
1.93958e+006,1,0,0.276711,0.901278,0.805291,0.316422,1,0,,0,0,0,0,0,0,0,0,103808,104555,0,232,0
1.93968e+006,1,0,0.193697,0.759762,0.800738,0.292373,1,0,,0,0,0,0,0,0,0,0,103808,104555,0,232,0
1.93978e+006,1,0,0.135588,0.634927,0.784157,0.31456,1,0,,0,0,0,0,0,0,0,0,103808,104555,0,232,0
1.93988e+006,1,0,0.0949117,0.526924,0.758434,0.270321,1,0,,0,0,0,0,0,0,0,0,103808,104555,0,232,0
1.93998e+006,1,0,0.0664382,0.434827,0.726073,0.343854,1,0,,0,0,0,0,0,0,0,0,103808,104555,0,232,0
1.94008e+006,1,0,0.0465067,0.357163,0.689182,0.331954,1,0,,0,0,0,0,0,0,0,0,103808,104555,0,232,0
1.94018e+006,1,0,0.0325547,0.292241,0.649488,0.313392,1,0,,0,0,0,0,0,0,0,0,103808,104555,0,232,0
1.94028e+006,1,0,0.0227883,0.238351,0.608374,0.296792,1,0,,0,0,0,0,0,0,0,0,103808,104555,0,232,0
1.94038e+006,1,0,0.0159518,0.193871,0.566924,0.289217,1,0,,0,0,0,0,0,0,0,0,103808,104555,0,232,0
1.94048e+006,1,0,0.0111663,0.15733,0.525964,0.296892,1,0,,0,0,0,0,0,0,0,0,103808,104555,0,232,0
1.94058e+006,1,0,0.00781639,0.127427,0.486111,0.296969,1,0,,0,0,0,0,0,0,0,0,103808,104555,0,232,0
1.94068e+006,1,0,0.00547147,0.103036,0.447803,0.29007,1,0,,0,0,0,0,0,0,0,0,103808,104555,0,232,0
1.94078e+006,1,0,0.00383003,0.0831949,0.411342,0.29552,1,0,,0,0,0,0,0,0,0,0,103808,104555,0,232,0
1.94088e+006,1,0,0.00268102,0.0670921,0.376917,0.317332,1,0,,0,0,0,0,0,0,0,0,103808,104555,0,232,0
1.94098e+006,1,0,0.00187671,0.0540491,0.344631,0.358845,1,0,,0,0,0,0,0,0,0,0,103808,104555,0,232,0
1.94108e+006,1,0,0.0013137,0.043502,0.314518,0.282893,1,0,,0,0,0,0,0,0,0,0,103808,104555,0,232,0
1.94118e+006,1,0,0.00091959,0.0349855,0.286564,0.309017,1,0,,0,0,0,0,0,0,0,0,103808,104555,0,232,0
1.94128e+006,1,0,0.000643713,0.0281172,0.26072,0.294629,1,0,,0,0,0,0,0,0,0,0,103808,104555,0,232,0
1.94138e+006,1,0,0.000450599,0.0225838,0.236906,0.293916,1,0,,0,0,0,0,0,0,0,0,103808,104555,0,232,0
1.94148e+006,1,0,0.000315419,0.0181302,0.215029,0.332515,1,0,,0,0,0,0,0,0,0,0,103808,104555,0,232,0
1.94158e+006,1,0,0.000220794,0.0145483,0.194981,0.323414,1,0,,0,0,0,0,0,0,0,0,103808,104555,0,232,0
1.94168e+006,1,0,0.000154556,0.0116695,0.176649,0.311802,1,0,,0,0,0,0,0,0,0,0,103808,104555,0,232,0
1.94178e+006,1,0,0.000108189,0.00935727,0.15992,0.327378,1,0,,0,0,0,0,0,0,0,0,103808,104555,0,232,0
1.94188e+006,1,0,7.57322e-005,0.00750096,0.144678,0.304627,1,0,,0,0,0,0,0,0,0,0,103808,104555,0,232,0
1.94198e+006,1,0,5.30125e-005,0.00601137,0.130812,0.320127,1,0,,0,0,0,0,0,0,0,0,103808,104555,0,232,0
1.94208e+006,1,0,3.71088e-005,0.00481652,0.118212,0.292239,1,0,,0,0,0,0,0,0,0,0,103808,104555,0,232,0
1.94218e+006,1,0,2.59761e-005,0.00385841,0.106777,0.32945,1,0,,0,0,0,0,0,0,0,0,103808,104555,0,232,0
1.94228e+006,1,0,1.81833e-005,0.00309037,0.0964081,0.278075,1,0,,0,0,0,0,0,0,0,0,103808,104555,0,232,0
1.94238e+006,1,0,1.27283e-005,0.00247484,0.0870147,0.298399,1,0,,0,0,0,0,0,0,0,0,103808,104555,0,232,0
1.94248e+006,1,0,8.90982e-006,0.00198165,0.0785114,0.279911,1,0,,0,0,0,0,0,0,0,0,103808,104555,0,232,0
1.94258e+006,1,0,6.23687e-006,0.00158657,0.0708189,0.288773,1,0,,0,0,0,0,0,0,0,0,103808,104555,0,232,0
1.94268e+006,1,17,5.1,1.02127,0.165864,0.31399,1,0,,0,0,0,0,0,0,0,0,103808,104555,0,232,0
1.94278e+006,1,0,3.57,1.53102,0.302379,0.293314,1,0,,0,0,0,0,0,0,0,0,103808,104555,0,232,0
1.94288e+006,1,0,2.499,1.72461,0.444603,0.296076,1,0,,0,0,0,0,0,0,0,0,103808,104555,0,232,0
1.94298e+006,1,0,1.7493,1.72955,0.573098,0.326739,1,0,,0,0,0,0,0,0,0,0,103808,104555,0,232,0
1.94308e+006,1,0,1.22451,1.62854,0.678642,0.279914,1,0,,0,0,0,0,0,0,0,0,103808,104555,0,232,0
1.94318e+006,1,0,0.857158,1.47427,0.758205,0.264026,1,0,,0,0,0,0,0,0,0,0,103808,104555,0,232,0
1.94328e+006,1,0,0.60001,1.29942,0.812326,0.293964,1,0,,0,0,0,0,0,0,0,0,103808,104555,0,232,0
1.94338e+006,1,0,0.420007,1.12353,0.843446,0.28469,1,0,,0,0,0,0,0,0,0,0,103808,104555,0,232,0
1.94348e+006,1,0,0.294005,0.957628,0.854864,0.297927,1,0,,0,0,0,0,0,0,0,0,103808,104555,0,232,0
1.94358e+006,1,0,0.205804,0.807263,0.850104,0.269846,1,0,,0,0,0,0,0,0,0,0,103808,104555,0,232,0
1.94368e+006,1,0,0.144062,0.674623,0.832556,0.296647,1,0,,0,0,0,0,0,0,0,0,103808,104555,0,232,0
1.94378e+006,1,0,0.100844,0.559867,0.805287,0.288809,1,0,,0,0,0,0,0,0,0,0,103808,104555,0,232,0
1.94388e+006,1,0,0.0705906,0.462012,0.77096,0.300797,1,0,,0,0,0,0,0,0,0,0,103808,104555,0,232,0
1.94398e+006,1,0,0.0494134,0.379492,0.731813,0.30502,1,0,,0,0,0,0,0,0,0,0,103808,104555,0,232,0
1.94408e+006,1,0,0.0345894,0.310512,0.689683,0.309471,1,0,,0,0,0,0,0,0,0,0,103808,104555,0,232,0
1.94418e+006,1,0,0.0242126,0.253252,0.64604,0.301949,1,0,,0,0,0,0,0,0,0,0,103808,104555,0,232,0
1.94428e+006,1,0,0.0169488,0.205991,0.602035,0.2913,1,0,,0,0,0,0,0,0,0,0,103808,104555,0,232,0
1.94438e+006,1,0,0.0118642,0.167166,0.558548,0.32155,1,0,,0,0,0,0,0,0,0,0,103808,104555,0,232,0
1.94448e+006,1,0,0.00830491,0.135394,0.516232,0.311888,1,0,,0,0,0,0,0,0,0,0,103808,104555,0,232,0
1.94458e+006,1,0,0.00581344,0.109478,0.475557,0.302551,1,0,,0,0,0,0,0,0,0,0,103808,104555,0,232,0
1.94468e+006,1,0,0.00406941,0.0883959,0.436841,0.320964,1,0,,0,0,0,0,0,0,0,0,103808,104555,0,232,0
1.94478e+006,1,0,0.00284858,0.0712865,0.400285,0.289617,1,0,,0,0,0,0,0,0,0,0,103808,104555,0,232,0
1.94488e+006,1,0,0.00199401,0.057428,0.366,0.304668,1,0,,0,0,0,0,0,0,0,0,103808,104555,0,232,0
1.94498e+006,1,0,0.00139581,0.0462216,0.334022,0.295744,1,0,,0,0,0,0,0,0,0,0,103808,104555,0,232,0
1.94508e+006,1,0,0.000977065,0.0371727,0.304337,0.316907,1,0,,0,0,0,0,0,0,0,0,103808,104555,0,232,0
1.94518e+006,1,0,0.000683945,0.0298749,0.276891,0.300607,1,0,,0,0,0,0,0,0,0,0,103808,104555,0,232,0
1.94528e+006,1,0,0.000478762,0.0239957,0.251601,0.305266,1,0,,0,0,0,0,0,0,0,0,103808,104555,0,232,0
1.94538e+006,1,0,0.000335133,0.0192636,0.228367,0.318148,1,0,,0,0,0,0,0,0,0,0,103808,104555,0,232,0
1.94548e+006,1,0,0.000234593,0.0154578,0.207076,0.276375,1,0,,0,0,0,0,0,0,0,0,103808,104555,0,232,0
1.94558e+006,1,0,0.000164215,0.0123991,0.187609,0.293774,1,0,,0,0,0,0,0,0,0,0,103808,104555,0,232,0
1.94568e+006,1,0,0.000114951,0.00994224,0.169842,0.286012,1,0,,0,0,0,0,0,0,0,0,103808,104555,0,232,0
1.94578e+006,1,0,8.04655e-005,0.00796989,0.153655,0.311935,1,0,,0,0,0,0,0,0,0,0,103808,104555,0,232,0
1.94588e+006,1,0,5.63258e-005,0.00638718,0.138928,0.296297,1,0,,0,0,0,0,0,0,0,0,103808,104555,0,232,0
1.94598e+006,1,0,3.94281e-005,0.00511763,0.125547,0.311589,1,0,,0,0,0,0,0,0,0,0,103808,104555,0,232,0
1.94608e+006,1,0,2.75997e-005,0.00409962,0.113402,0.307188,1,0,,0,0,0,0,0,0,0,0,103808,104555,0,232,0
1.94618e+006,1,0,1.93198e-005,0.00328356,0.10239,0.292038,1,0,,0,0,0,0,0,0,0,0,103808,104555,0,232,0
1.94628e+006,1,0,1.35238e-005,0.00262955,0.0924143,0.286912,1,0,,0,0,0,0,0,0,0,0,103808,104555,0,232,0
1.94638e+006,1,0,9.46668e-006,0.00210554,0.0833834,0.297885,1,0,,0,0,0,0,0,0,0,0,103808,104555,0,232,0
1.94648e+006,1,0,6.62668e-006,0.00168575,0.0752137,0.305898,1,0,,0,0,0,0,0,0,0,0,103808,104555,0,232,0
1.94658e+006,1,0,4.63867e-006,0.00134953,0.0678273,0.288685,1,0,,0,0,0,0,0,0,0,0,103808,104555,0,232,0
1.94668e+006,1,17,5.1,1.02108,0.163153,0.290883,1,0,,0,0,0,0,0,0,0,0,103808,104555,0,232,0
1.94678e+006,1,0,3.57,1.53086,0.299924,0.288708,1,0,,0,0,0,0,0,0,0,0,103808,104555,0,232,0
1.94688e+006,1,0,2.499,1.72449,0.442381,0.302109,1,0,,0,0,0,0,0,0,0,0,103808,104555,0,232,0
1.94698e+006,1,0,1.7493,1.72945,0.571088,0.292237,1,0,,0,0,0,0,0,0,0,0,103808,104555,0,232,0
1.94708e+006,1,0,1.22451,1.62847,0.676826,0.295999,1,0,,0,0,0,0,0,0,0,0,103808,104555,0,232,0
1.94718e+006,1,0,0.857158,1.4742,0.756564,0.286543,1,0,,0,0,0,0,0,0,0,0,103808,104555,0,232,0
1.94728e+006,1,0,0.60001,1.29937,0.810844,0.29003,1,0,,0,0,0,0,0,0,0,0,103808,104555,0,232,0
1.94738e+006,1,0,0.420007,1.12349,0.842109,0.316129,1,0,,0,0,0,0,0,0,0,0,103808,104555,0,232,0
1.94748e+006,1,0,0.294005,0.957596,0.853657,0.287618,1,0,,0,0,0,0,0,0,0,0,103808,104555,0,232,0
1.94758e+006,1,0,0.205804,0.807237,0.849015,0.291929,1,0,,0,0,0,0,0,0,0,0,103808,104555,0,232,0
1.94768e+006,1,0,0.144062,0.674602,0.831574,0.28638,1,0,,0,0,0,0,0,0,0,0,103808,104555,0,232,0
1.94778e+006,1,0,0.100844,0.559851,0.804402,0.305207,1,0,,0,0,0,0,0,0,0,0,103808,104555,0,232,0
1.94788e+006,1,0,0.0705906,0.461999,0.770161,0.321808,1,0,,0,0,0,0,0,0,0,0,103808,104555,0,232,0
1.94798e+006,1,0,0.0494134,0.379482,0.731093,0.284571,1,0,,0,0,0,0,0,0,0,0,103808,104555,0,232,0
1.94808e+006,1,0,0.0345894,0.310503,0.689034,0.293721,1,0,,0,0,0,0,0,0,0,0,103808,104555,0,232,0
1.94818e+006,1,0,0.0242126,0.253245,0.645455,0.312469,1,0,,0,0,0,0,0,0,0,0,103808,104555,0,232,0
1.94828e+006,1,0,0.0169488,0.205986,0.601508,0.332806,1,0,,0,0,0,0,0,0,0,0,103808,104555,0,232,0
1.94838e+006,1,0,0.0118642,0.167161,0.558074,0.286968,1,0,,0,0,0,0,0,0,0,0,103808,104555,0,232,0
1.94848e+006,1,0,0.00830491,0.13539,0.515805,0.335042,1,0,,0,0,0,0,0,0,0,0,103808,104555,0,232,0
1.94858e+006,1,0,0.00581344,0.109475,0.475172,0.295143,1,0,,0,0,0,0,0,0,0,0,103808,104555,0,232,0
1.94868e+006,1,0,0.00406941,0.0883937,0.436494,0.298169,1,0,,0,0,0,0,0,0,0,0,103808,104555,0,232,0
1.94878e+006,1,0,0.00284858,0.0712847,0.399973,0.288707,1,0,,0,0,0,0,0,0,0,0,103808,104555,0,232,0
1.94888e+006,1,0,0.00199401,0.0574266,0.365719,0.303782,1,0,,0,0,0,0,0,0,0,0,103808,104555,0,232,0
1.94898e+006,1,0,0.00139581,0.0462204,0.333769,0.321845,1,0,,0,0,0,0,0,0,0,0,103808,104555,0,232,0
1.94908e+006,1,0,0.000977065,0.0371718,0.304109,0.292997,1,0,,0,0,0,0,0,0,0,0,103808,104555,0,232,0
1.94918e+006,1,0,0.000683945,0.0298742,0.276686,0.288099,1,0,,0,0,0,0,0,0,0,0,103808,104555,0,232,0
1.94928e+006,1,0,0.000478762,0.0239951,0.251417,0.276387,1,0,,0,0,0,0,0,0,0,0,103808,104555,0,232,0
1.94938e+006,1,0,0.000335133,0.0192631,0.228201,0.296374,1,0,,0,0,0,0,0,0,0,0,103808,104555,0,232,0
1.94948e+006,1,0,0.000234593,0.0154574,0.206927,0.293586,1,0,,0,0,0,0,0,0,0,0,103808,104555,0,232,0
1.94958e+006,1,0,0.000164215,0.0123988,0.187474,0.321101,1,0,,0,0,0,0,0,0,0,0,103808,104555,0,232,0
1.94968e+006,1,0,0.000114951,0.00994201,0.169721,0.282275,1,0,,0,0,0,0,0,0,0,0,103808,104555,0,232,0
1.94978e+006,1,0,8.04655e-005,0.0079697,0.153546,0.323388,1,0,,0,0,0,0,0,0,0,0,103808,104555,0,232,0
1.94988e+006,1,0,5.63258e-005,0.00638702,0.13883,0.287038,1,0,,0,0,0,0,0,0,0,0,103808,104555,0,232,0
1.94998e+006,1,0,3.94281e-005,0.00511751,0.125459,0.2668,1,0,,0,0,0,0,0,0,0,0,103808,104555,0,232,0
1.95008e+006,1,0,2.75997e-005,0.00409952,0.113323,0.279426,1,0,,0,0,0,0,0,0,0,0,103808,104555,0,232,0
1.95018e+006,1,0,1.93198e-005,0.00328348,0.102319,0.324137,1,0,,0,0,0,0,0,0,0,0,103808,104555,0,232,0
1.95028e+006,1,0,1.35238e-005,0.00262949,0.0923499,0.32105,1,0,,0,0,0,0,0,0,0,0,103808,104555,0,232,0
1.95038e+006,1,0,9.46668e-006,0.00210549,0.0833254,0.338162,1,0,,0,0,0,0,0,0,0,0,103808,104555,0,232,0
1.95048e+006,1,0,6.62668e-006,0.00168571,0.0751614,0.286263,1,0,,0,0,0,0,0,0,0,0,103808,104555,0,232,0
1.95058e+006,1,0,4.63867e-006,0.0013495,0.0677803,0.294688,1,0,,0,0,0,0,0,0,0,0,103808,104555,0,232,0
1.95068e+006,1,16,4.8,0.96108,0.15711,0.304352,1,0,,0,0,0,0,0,0,0,0,103808,104555,0,232,0
1.95078e+006,1,0,3.36,1.44086,0.285486,0.348697,1,0,,0,0,0,0,0,0,0,0,103808,104555,0,232,0
1.95088e+006,1,0,2.352,1.62309,0.419246,0.282673,1,0,,0,0,0,0,0,0,0,0,103808,104555,0,232,0
1.95098e+006,1,0,1.6464,1.62775,0.540097,0.313248,1,0,,0,0,0,0,0,0,0,0,103808,104555,0,232,0
1.95108e+006,1,0,1.15248,1.5327,0.639357,0.308084,1,0,,0,0,0,0,0,0,0,0,103808,104555,0,232,0
1.95118e+006,1,0,0.806737,1.38751,0.714172,0.310198,1,0,,0,0,0,0,0,0,0,0,103808,104555,0,232,0
1.95128e+006,1,0,0.564716,1.22295,0.76505,0.276497,1,0,,0,0,0,0,0,0,0,0,103808,104555,0,232,0
1.95138e+006,1,0,0.395301,1.05742,0.794287,0.290608,1,0,,0,0,0,0,0,0,0,0,103808,104555,0,232,0
1.95148e+006,1,0,0.276711,0.901277,0.804986,0.304808,1,0,,0,0,0,0,0,0,0,0,103808,104555,0,232,0
1.95158e+006,1,0,0.193697,0.759761,0.800463,0.285367,1,0,,0,0,0,0,0,0,0,0,103808,104555,0,232,0
1.95168e+006,1,0,0.135588,0.634927,0.78391,0.305979,1,0,,0,0,0,0,0,0,0,0,103808,104555,0,232,0
1.95178e+006,1,0,0.0949117,0.526924,0.758211,0.295492,1,0,,0,0,0,0,0,0,0,0,103808,104555,0,232,0
1.95188e+006,1,0,0.0664382,0.434827,0.725873,0.26844,1,0,,0,0,0,0,0,0,0,0,103808,104555,0,232,0
1.95198e+006,1,0,0.0465067,0.357163,0.689002,0.300864,1,0,,0,0,0,0,0,0,0,0,103808,104555,0,232,0
1.95208e+006,1,0,0.0325547,0.292241,0.649326,0.299466,1,0,,0,0,0,0,0,0,0,0,103808,104555,0,232,0
1.95218e+006,1,0,0.0227883,0.238351,0.608228,0.271078,1,0,,0,0,0,0,0,0,0,0,103808,104555,0,232,0
1.95228e+006,1,0,0.0159518,0.193871,0.566792,0.279342,1,0,,0,0,0,0,0,0,0,0,103808,104555,0,232,0
1.95238e+006,1,0,0.0111663,0.15733,0.525846,0.288041,1,0,,0,0,0,0,0,0,0,0,103808,104555,0,232,0
1.95248e+006,1,0,0.00781639,0.127427,0.486004,0.301325,1,0,,0,0,0,0,0,0,0,0,103808,104555,0,232,0
1.95258e+006,1,0,0.00547147,0.103036,0.447707,0.284178,1,0,,0,0,0,0,0,0,0,0,103808,104555,0,232,0
1.95268e+006,1,0,0.00383003,0.0831949,0.411256,0.298541,1,0,,0,0,0,0,0,0,0,0,103808,104555,0,232,0
1.95278e+006,1,0,0.00268102,0.0670921,0.37684,0.286216,1,0,,0,0,0,0,0,0,0,0,103808,104555,0,232,0
1.95288e+006,1,0,0.00187671,0.054049,0.344561,0.307342,1,0,,0,0,0,0,0,0,0,0,103808,104555,0,232,0
1.95298e+006,1,0,0.0013137,0.043502,0.314455,0.292255,1,0,,0,0,0,0,0,0,0,0,103808,104555,0,232,0
1.95308e+006,1,0,0.00091959,0.0349855,0.286508,0.293455,1,0,,0,0,0,0,0,0,0,0,103808,104555,0,232,0
1.95318e+006,1,0,0.000643713,0.0281171,0.260669,0.289371,1,0,,0,0,0,0,0,0,0,0,103808,104555,0,232,0
1.95328e+006,1,0,0.000450599,0.0225838,0.23686,0.322409,1,0,,0,0,0,0,0,0,0,0,103808,104555,0,232,0
1.95338e+006,1,0,0.000315419,0.0181301,0.214987,0.323982,1,0,,0,0,0,0,0,0,0,0,103808,104555,0,232,0
1.95348e+006,1,0,0.000220794,0.0145483,0.194943,0.291306,1,0,,0,0,0,0,0,0,0,0,103808,104555,0,232,0
1.95358e+006,1,0,0.000154556,0.0116695,0.176616,0.30187,1,0,,0,0,0,0,0,0,0,0,103808,104555,0,232,0
1.95368e+006,1,0,0.000108189,0.00935726,0.15989,0.292445,1,0,,0,0,0,0,0,0,0,0,103808,104555,0,232,0
1.95378e+006,1,0,7.57322e-005,0.00750096,0.144651,0.313783,1,0,,0,0,0,0,0,0,0,0,103808,104555,0,232,0
1.95388e+006,1,0,5.30125e-005,0.00601137,0.130787,0.312132,1,0,,0,0,0,0,0,0,0,0,103808,104555,0,232,0
1.95398e+006,1,0,3.71088e-005,0.00481652,0.11819,0.31937,1,0,,0,0,0,0,0,0,0,0,103808,104555,0,232,0
1.95408e+006,1,0,2.59761e-005,0.00385841,0.106757,0.345068,1,0,,0,0,0,0,0,0,0,0,103808,104555,0,232,0
1.95418e+006,1,0,1.81833e-005,0.00309036,0.0963903,0.285706,1,0,,0,0,0,0,0,0,0,0,103808,104555,0,232,0
1.95428e+006,1,0,1.27283e-005,0.00247484,0.0869987,0.290481,1,0,,0,0,0,0,0,0,0,0,103808,104555,0,232,0
1.95438e+006,1,0,8.90982e-006,0.00198165,0.078497,0.319918,1,0,,0,0,0,0,0,0,0,0,103808,104555,0,232,0
1.95448e+006,1,0,6.23687e-006,0.00158657,0.070806,0.307519,1,0,,0,0,0,0,0,0,0,0,103808,104555,0,232,0
1.95458e+006,1,17,5.1,1.02127,0.165852,0.327566,1,0,,0,0,0,0,0,0,0,0,103808,104555,0,232,0
1.95468e+006,1,0,3.57,1.53102,0.302369,0.288767,1,0,,0,0,0,0,0,0,0,0,103808,104555,0,232,0
1.95478e+006,1,0,2.499,1.72461,0.444593,0.287279,1,0,,0,0,0,0,0,0,0,0,103808,104555,0,232,0
1.95488e+006,1,0,1.7493,1.72955,0.573089,0.299441,1,0,,0,0,0,0,0,0,0,0,103808,104555,0,232,0
1.95498e+006,1,0,1.22451,1.62854,0.678635,0.294107,1,0,,0,0,0,0,0,0,0,0,103808,104555,0,232,0
1.95508e+006,1,0,0.857158,1.47427,0.758198,0.307981,1,0,,0,0,0,0,0,0,0,0,103808,104555,0,232,0
1.95518e+006,1,0,0.60001,1.29942,0.812319,0.339005,1,0,,0,0,0,0,0,0,0,0,103808,104555,0,232,0
1.95528e+006,1,0,0.420007,1.12353,0.843441,0.271867,1,0,,0,0,0,0,0,0,0,0,103808,104555,0,232,0
1.95538e+006,1,0,0.294005,0.957628,0.854859,0.321868,1,0,,0,0,0,0,0,0,0,0,103808,104555,0,232,0
1.95548e+006,1,0,0.205804,0.807263,0.8501,0.284081,1,0,,0,0,0,0,0,0,0,0,103808,104555,0,232,0
1.95558e+006,1,0,0.144062,0.674623,0.832552,0.32158,1,0,,0,0,0,0,0,0,0,0,103808,104555,0,232,0
1.95568e+006,1,0,0.100844,0.559867,0.805284,0.31338,1,0,,0,0,0,0,0,0,0,0,103808,104555,0,232,0
1.95578e+006,1,0,0.0705906,0.462012,0.770956,0.316893,1,0,,0,0,0,0,0,0,0,0,103808,104555,0,232,0
1.95588e+006,1,0,0.0494134,0.379492,0.73181,0.30978,1,0,,0,0,0,0,0,0,0,0,103808,104555,0,232,0
1.95598e+006,1,0,0.0345894,0.310512,0.68968,0.299294,1,0,,0,0,0,0,0,0,0,0,103808,104555,0,232,0
1.95608e+006,1,0,0.0242126,0.253252,0.646037,0.339244,1,0,,0,0,0,0,0,0,0,0,103808,104555,0,232,0
1.95618e+006,1,0,0.0169488,0.205991,0.602033,0.321014,1,0,,0,0,0,0,0,0,0,0,103808,104555,0,232,0
1.95628e+006,1,0,0.0118642,0.167166,0.558546,0.280637,1,0,,0,0,0,0,0,0,0,0,103808,104555,0,232,0
1.95638e+006,1,0,0.00830491,0.135394,0.516231,0.273599,1,0,,0,0,0,0,0,0,0,0,103808,104555,0,232,0
1.95648e+006,1,0,0.00581344,0.109478,0.475555,0.324275,1,0,,0,0,0,0,0,0,0,0,103808,104555,0,232,0
1.95658e+006,1,0,0.00406941,0.0883959,0.436839,0.282637,1,0,,0,0,0,0,0,0,0,0,103808,104555,0,232,0
1.95668e+006,1,0,0.00284858,0.0712865,0.400284,0.312773,1,0,,0,0,0,0,0,0,0,0,103808,104555,0,232,0
1.95678e+006,1,0,0.00199401,0.057428,0.365999,0.292201,1,0,,0,0,0,0,0,0,0,0,103808,104555,0,232,0
1.95688e+006,1,0,0.00139581,0.0462216,0.334021,0.301676,1,0,,0,0,0,0,0,0,0,0,103808,104555,0,232,0
1.95698e+006,1,0,0.000977065,0.0371727,0.304336,0.288862,1,0,,0,0,0,0,0,0,0,0,103808,104555,0,232,0
1.95708e+006,1,0,0.000683945,0.0298749,0.27689,0.3029,1,0,,0,0,0,0,0,0,0,0,103808,104555,0,232,0
1.95718e+006,1,0,0.000478762,0.0239957,0.251601,0.293086,1,0,,0,0,0,0,0,0,0,0,103808,104555,0,232,0
1.95728e+006,1,0,0.000335133,0.0192636,0.228367,0.317488,1,0,,0,0,0,0,0,0,0,0,103808,104555,0,232,0
1.95738e+006,1,0,0.000234593,0.0154578,0.207076,0.301949,1,0,,0,0,0,0,0,0,0,0,103808,104555,0,232,0
1.95748e+006,1,0,0.000164215,0.0123991,0.187608,0.334011,1,0,,0,0,0,0,0,0,0,0,103808,104555,0,232,0
1.95758e+006,1,0,0.000114951,0.00994224,0.169842,0.335947,1,0,,0,0,0,0,0,0,0,0,103808,104555,0,232,0
1.95768e+006,1,0,8.04655e-005,0.00796989,0.153654,0.321547,1,0,,0,0,0,0,0,0,0,0,103808,104555,0,232,0
1.95778e+006,1,0,5.63258e-005,0.00638718,0.138928,0.290096,1,0,,0,0,0,0,0,0,0,0,103808,104555,0,232,0
1.95788e+006,1,0,3.94281e-005,0.00511763,0.125547,0.297808,1,0,,0,0,0,0,0,0,0,0,103808,104555,0,232,0
1.95798e+006,1,0,2.75997e-005,0.00409962,0.113402,0.283068,1,0,,0,0,0,0,0,0,0,0,103808,104555,0,232,0
1.95808e+006,1,0,1.93198e-005,0.00328356,0.10239,0.327844,1,0,,0,0,0,0,0,0,0,0,103808,104555,0,232,0
1.95818e+006,1,0,1.35238e-005,0.00262955,0.0924141,0.329405,1,0,,0,0,0,0,0,0,0,0,103808,104555,0,232,0
1.95828e+006,1,0,9.46668e-006,0.00210554,0.0833832,0.287531,1,0,,0,0,0,0,0,0,0,0,103808,104555,0,232,0
1.95838e+006,1,0,6.62668e-006,0.00168575,0.0752135,0.284919,1,0,,0,0,0,0,0,0,0,0,103808,104555,0,232,0
1.95848e+006,1,0,4.63867e-006,0.00134953,0.0678271,0.295357,1,0,,0,0,0,0,0,0,0,0,103808,104555,0,232,0
1.95858e+006,1,16,4.8,0.96108,0.157152,0.312007,1,0,,0,0,0,0,0,0,0,0,103808,104555,0,232,0
1.95868e+006,1,0,3.36,1.44086,0.285524,0.288119,1,0,,0,0,0,0,0,0,0,0,103808,104555,0,232,0
1.95878e+006,1,0,2.352,1.62309,0.41928,0.304783,1,0,,0,0,0,0,0,0,0,0,103808,104555,0,232,0
1.95888e+006,1,0,1.6464,1.62775,0.540128,0.332532,1,0,,0,0,0,0,0,0,0,0,103808,104555,0,232,0
1.95898e+006,1,0,1.15248,1.5327,0.639385,0.309657,1,0,,0,0,0,0,0,0,0,0,103808,104555,0,232,0
1.95908e+006,1,0,0.806737,1.38751,0.714197,0.29867,1,0,,0,0,0,0,0,0,0,0,103808,104555,0,232,0
1.95918e+006,1,0,0.564716,1.22295,0.765072,0.31372,1,0,,0,0,0,0,0,0,0,0,103808,104555,0,232,0
1.95928e+006,1,0,0.395301,1.05742,0.794307,0.336943,1,0,,0,0,0,0,0,0,0,0,103808,104555,0,232,0
1.95938e+006,1,0,0.276711,0.901277,0.805004,0.303893,1,0,,0,0,0,0,0,0,0,0,103808,104555,0,232,0
1.95948e+006,1,0,0.193697,0.759761,0.80048,0.287605,1,0,,0,0,0,0,0,0,0,0,103808,104555,0,232,0
1.95958e+006,1,0,0.135588,0.634927,0.783924,0.332842,1,0,,0,0,0,0,0,0,0,0,103808,104555,0,232,0
1.95968e+006,1,0,0.0949117,0.526924,0.758224,0.28333,1,0,,0,0,0,0,0,0,0,0,103808,104555,0,232,0
1.95978e+006,1,0,0.0664382,0.434827,0.725884,0.286019,1,0,,0,0,0,0,0,0,0,0,103808,104555,0,232,0
1.95988e+006,1,0,0.0465067,0.357163,0.689012,0.301694,1,0,,0,0,0,0,0,0,0,0,103808,104555,0,232,0
1.95998e+006,1,0,0.0325547,0.292241,0.649335,0.309745,1,0,,0,0,0,0,0,0,0,0,103808,104555,0,232,0
1.96008e+006,1,0,0.0227883,0.238351,0.608237,0.28942,1,0,,0,0,0,0,0,0,0,0,103808,104555,0,232,0
1.96018e+006,1,0,0.0159518,0.193871,0.5668,0.294673,1,0,,0,0,0,0,0,0,0,0,103808,104555,0,232,0
1.96028e+006,1,0,0.0111663,0.15733,0.525853,0.304623,1,0,,0,0,0,0,0,0,0,0,103808,104555,0,232,0
1.96038e+006,1,0,0.00781639,0.127427,0.48601,0.277601,1,0,,0,0,0,0,0,0,0,0,103808,104555,0,232,0
1.96048e+006,1,0,0.00547147,0.103036,0.447713,0.317751,1,0,,0,0,0,0,0,0,0,0,103808,104555,0,232,0
1.96058e+006,1,0,0.00383003,0.0831949,0.411261,0.328113,1,0,,0,0,0,0,0,0,0,0,103808,104555,0,232,0
1.96068e+006,1,0,0.00268102,0.0670921,0.376844,0.277265,1,0,,0,0,0,0,0,0,0,0,103808,104555,0,232,0
1.96078e+006,1,0,0.00187671,0.054049,0.344565,0.326113,1,0,,0,0,0,0,0,0,0,0,103808,104555,0,232,0
1.96088e+006,1,0,0.0013137,0.043502,0.314458,0.2972,1,0,,0,0,0,0,0,0,0,0,103808,104555,0,232,0
1.96098e+006,1,0,0.00091959,0.0349855,0.286511,0.293439,1,0,,0,0,0,0,0,0,0,0,103808,104555,0,232,0
1.96108e+006,1,0,0.000643713,0.0281171,0.260672,0.276525,1,0,,0,0,0,0,0,0,0,0,103808,104555,0,232,0
1.96118e+006,1,0,0.000450599,0.0225838,0.236863,0.319937,1,0,,0,0,0,0,0,0,0,0,103808,104555,0,232,0
1.96128e+006,1,0,0.000315419,0.0181301,0.21499,0.299712,1,0,,0,0,0,0,0,0,0,0,103808,104555,0,232,0
1.96138e+006,1,0,0.000220794,0.0145483,0.194945,0.283449,1,0,,0,0,0,0,0,0,0,0,103808,104555,0,232,0
1.96148e+006,1,0,0.000154556,0.0116695,0.176618,0.28946,1,0,,0,0,0,0,0,0,0,0,103808,104555,0,232,0
1.96158e+006,1,0,0.000108189,0.00935726,0.159892,0.306899,1,0,,0,0,0,0,0,0,0,0,103808,104555,0,232,0
1.96168e+006,1,0,7.57322e-005,0.00750096,0.144653,0.324275,1,0,,0,0,0,0,0,0,0,0,103808,104555,0,232,0
1.96178e+006,1,0,5.30125e-005,0.00601137,0.130789,0.300236,1,0,,0,0,0,0,0,0,0,0,103808,104555,0,232,0
1.96188e+006,1,0,3.71088e-005,0.00481652,0.118191,0.312673,1,0,,0,0,0,0,0,0,0,0,103808,104555,0,232,0
1.96198e+006,1,0,2.59761e-005,0.00385841,0.106758,0.304274,1,0,,0,0,0,0,0,0,0,0,103808,104555,0,232,0
1.96208e+006,1,0,1.81833e-005,0.00309036,0.0963913,0.303138,1,0,,0,0,0,0,0,0,0,0,103808,104555,0,232,0
1.96218e+006,1,0,1.27283e-005,0.00247484,0.0869997,0.309163,1,0,,0,0,0,0,0,0,0,0,103808,104555,0,232,0
1.96228e+006,1,0,8.90982e-006,0.00198165,0.0784979,0.3413,1,0,,0,0,0,0,0,0,0,0,103808,104555,0,232,0
1.96238e+006,1,0,6.23687e-006,0.00158657,0.0708067,0.297686,1,0,,0,0,0,0,0,0,0,0,103808,104555,0,232,0
1.96248e+006,1,18,5.4,1.08127,0.171853,0.283295,1,0,,0,0,0,0,0,0,0,0,103808,104555,0,232,0
1.96258e+006,1,0,3.78,1.62102,0.316769,0.281462,1,0,,0,0,0,0,0,0,0,0,103808,104555,0,232,0
1.96268e+006,1,0,2.646,1.82601,0.467694,0.309014,1,0,,0,0,0,0,0,0,0,0,103808,104555,0,232,0
1.96278e+006,1,0,1.8522,1.83125,0.60405,0.279076,1,0,,0,0,0,0,0,0,0,0,103808,104555,0,232,0
1.96288e+006,1,0,1.29654,1.72431,0.716076,0.293487,1,0,,0,0,0,0,0,0,0,0,103808,104555,0,232,0
1.96298e+006,1,0,0.907579,1.56096,0.800564,0.284148,1,0,,0,0,0,0,0,0,0,0,103808,104555,0,232,0
1.96308e+006,1,0,0.635305,1.37583,0.858091,0.319835,1,0,,0,0,0,0,0,0,0,0,103808,104555,0,232,0
1.96318e+006,1,0,0.444714,1.18961,0.891243,0.321849,1,0,,0,0,0,0,0,0,0,0,103808,104555,0,232,0
1.96328e+006,1,0,0.311299,1.01395,0.903513,0.297089,1,0,,0,0,0,0,0,0,0,0,103808,104555,0,232,0
1.96338e+006,1,0,0.21791,0.854739,0.898636,0.34547,1,0,,0,0,0,0,0,0,0,0,103808,104555,0,232,0
1.96348e+006,1,0,0.152537,0.714299,0.880202,0.308105,1,0,,0,0,0,0,0,0,0,0,103808,104555,0,232,0
1.96358e+006,1,0,0.106776,0.592794,0.851461,0.306618,1,0,,0,0,0,0,0,0,0,0,103808,104555,0,232,0
1.96368e+006,1,0,0.074743,0.489184,0.815233,0.293356,1,0,,0,0,0,0,0,0,0,0,103808,104555,0,232,0
1.96378e+006,1,0,0.0523201,0.401811,0.773891,0.278482,1,0,,0,0,0,0,0,0,0,0,103808,104555,0,232,0
1.96388e+006,1,0,0.0366241,0.328774,0.729379,0.316558,1,0,,0,0,0,0,0,0,0,0,103808,104555,0,232,0
1.96398e+006,1,0,0.0256368,0.268146,0.683256,0.346474,1,0,,0,0,0,0,0,0,0,0,103808,104555,0,232,0
1.96408e+006,1,0,0.0179458,0.218106,0.636741,0.328162,1,0,,0,0,0,0,0,0,0,0,103808,104555,0,232,0
1.96418e+006,1,0,0.0125621,0.176997,0.590767,0.339549,1,0,,0,0,0,0,0,0,0,0,103808,104555,0,232,0
1.96428e+006,1,0,0.00879344,0.143357,0.546026,0.31146,1,0,,0,0,0,0,0,0,0,0,103808,104555,0,232,0
1.96438e+006,1,0,0.00615541,0.115916,0.503015,0.302598,1,0,,0,0,0,0,0,0,0,0,103808,104555,0,232,0
1.96448e+006,1,0,0.00430878,0.0935949,0.462073,0.282524,1,0,,0,0,0,0,0,0,0,0,103808,104555,0,232,0
1.96458e+006,1,0,0.00301615,0.0754791,0.423413,0.300763,1,0,,0,0,0,0,0,0,0,0,103808,104555,0,232,0
1.96468e+006,1,0,0.0021113,0.0608056,0.387152,0.296076,1,0,,0,0,0,0,0,0,0,0,103808,104555,0,232,0
1.96478e+006,1,0,0.00147791,0.04894,0.353331,0.321712,1,0,,0,0,0,0,0,0,0,0,103808,104555,0,232,0
1.96488e+006,1,0,0.00103454,0.0393589,0.321934,0.31346,1,0,,0,0,0,0,0,0,0,0,103808,104555,0,232,0
1.96498e+006,1,0,0.000724177,0.031632,0.292904,0.3444,1,0,,0,0,0,0,0,0,0,0,103808,104555,0,232,0
1.96508e+006,1,0,0.000506924,0.025407,0.266154,0.3019,1,0,,0,0,0,0,0,0,0,0,103808,104555,0,232,0
1.96518e+006,1,0,0.000354847,0.0203965,0.241578,0.321492,1,0,,0,0,0,0,0,0,0,0,103808,104555,0,232,0
1.96528e+006,1,0,0.000248393,0.0163669,0.219057,0.314852,1,0,,0,0,0,0,0,0,0,0,103808,104555,0,232,0
1.96538e+006,1,0,0.000173875,0.0131283,0.198464,0.294566,1,0,,0,0,0,0,0,0,0,0,103808,104555,0,232,0
1.96548e+006,1,0,0.000121712,0.010527,0.179671,0.306319,1,0,,0,0,0,0,0,0,0,0,103808,104555,0,232,0
1.96558e+006,1,0,8.51987e-005,0.00843863,0.162547,0.303793,1,0,,0,0,0,0,0,0,0,0,103808,104555,0,232,0
1.96568e+006,1,0,5.96391e-005,0.00676283,0.146969,0.303006,1,0,,0,0,0,0,0,0,0,0,103808,104555,0,232,0
1.96578e+006,1,0,4.17474e-005,0.00541862,0.132814,0.287261,1,0,,0,0,0,0,0,0,0,0,103808,104555,0,232,0
1.96588e+006,1,0,2.92232e-005,0.00434074,0.119967,0.304035,1,0,,0,0,0,0,0,0,0,0,103808,104555,0,232,0
1.96598e+006,1,0,2.04562e-005,0.00347668,0.108318,0.306523,1,0,,0,0,0,0,0,0,0,0,103808,104555,0,232,0
1.96608e+006,1,0,1.43194e-005,0.00278421,0.0977643,0.306897,1,0,,0,0,0,0,0,0,0,0,103808,104555,0,232,0
1.96618e+006,1,0,1.00235e-005,0.00222937,0.0882108,0.313459,1,0,,0,0,0,0,0,0,0,0,103808,104555,0,232,0
1.96628e+006,1,0,7.01648e-006,0.0017849,0.0795682,0.294971,1,0,,0,0,0,0,0,0,0,0,103808,104555,0,232,0
1.96638e+006,1,0,4.91154e-006,0.0014289,0.0717542,0.284884,1,0,,0,0,0,0,0,0,0,0,103808,104555,0,232,0
1.96648e+006,1,17,5.1,1.02114,0.166693,0.304997,1,0,,0,0,0,0,0,0,0,0,103808,104555,0,232,0
1.96658e+006,1,0,3.57,1.53092,0.303115,0.314858,1,0,,0,0,0,0,0,0,0,0,103808,104555,0,232,0
1.96668e+006,1,0,2.499,1.72453,0.445257,0.330047,1,0,,0,0,0,0,0,0,0,0,103808,104555,0,232,0
1.96678e+006,1,0,1.7493,1.72949,0.57368,0.29306,1,0,,0,0,0,0,0,0,0,0,103808,104555,0,232,0
1.96688e+006,1,0,1.22451,1.62849,0.679161,0.304934,1,0,,0,0,0,0,0,0,0,0,103808,104555,0,232,0
1.96698e+006,1,0,0.857158,1.47422,0.758668,0.306847,1,0,,0,0,0,0,0,0,0,0,103808,104555,0,232,0
1.96708e+006,1,0,0.60001,1.29938,0.812739,0.308496,1,0,,0,0,0,0,0,0,0,0,103808,104555,0,232,0
1.96718e+006,1,0,0.420007,1.12351,0.843816,0.298921,1,0,,0,0,0,0,0,0,0,0,103808,104555,0,232,0
1.96728e+006,1,0,0.294005,0.957607,0.855195,0.284646,1,0,,0,0,0,0,0,0,0,0,103808,104555,0,232,0
1.96738e+006,1,0,0.205804,0.807246,0.8504,0.283635,1,0,,0,0,0,0,0,0,0,0,103808,104555,0,232,0
1.96748e+006,1,0,0.144062,0.674609,0.832821,0.317061,1,0,,0,0,0,0,0,0,0,0,103808,104555,0,232,0
1.96758e+006,1,0,0.100844,0.559856,0.805524,0.330957,1,0,,0,0,0,0,0,0,0,0,103808,104555,0,232,0
1.96768e+006,1,0,0.0705906,0.462003,0.771172,0.30717,1,0,,0,0,0,0,0,0,0,0,103808,104555,0,232,0
1.96778e+006,1,0,0.0494134,0.379485,0.732003,0.302307,1,0,,0,0,0,0,0,0,0,0,103808,104555,0,232,0
1.96788e+006,1,0,0.0345894,0.310506,0.689854,0.319158,1,0,,0,0,0,0,0,0,0,0,103808,104555,0,232,0
1.96798e+006,1,0,0.0242126,0.253247,0.646193,0.359719,1,0,,0,0,0,0,0,0,0,0,103808,104555,0,232,0
1.96808e+006,1,0,0.0169488,0.205988,0.602172,0.285107,1,0,,0,0,0,0,0,0,0,0,103808,104555,0,232,0
1.96818e+006,1,0,0.0118642,0.167163,0.558672,0.299368,1,0,,0,0,0,0,0,0,0,0,103808,104555,0,232,0
1.96828e+006,1,0,0.00830491,0.135391,0.516343,0.300253,1,0,,0,0,0,0,0,0,0,0,103808,104555,0,232,0
1.96838e+006,1,0,0.00581344,0.109476,0.475657,0.284529,1,0,,0,0,0,0,0,0,0,0,103808,104555,0,232,0
1.96848e+006,1,0,0.00406941,0.0883945,0.43693,0.310316,1,0,,0,0,0,0,0,0,0,0,103808,104555,0,232,0
1.96858e+006,1,0,0.00284858,0.0712853,0.400366,0.283855,1,0,,0,0,0,0,0,0,0,0,103808,104555,0,232,0
1.96868e+006,1,0,0.00199401,0.057427,0.366072,0.32123,1,0,,0,0,0,0,0,0,0,0,103808,104555,0,232,0
1.96878e+006,1,0,0.00139581,0.0462208,0.334087,0.285478,1,0,,0,0,0,0,0,0,0,0,103808,104555,0,232,0
1.96888e+006,1,0,0.000977065,0.0371721,0.304395,0.292404,1,0,,0,0,0,0,0,0,0,0,103808,104555,0,232,0
1.96898e+006,1,0,0.000683945,0.0298744,0.276943,0.334254,1,0,,0,0,0,0,0,0,0,0,103808,104555,0,232,0
1.96908e+006,1,0,0.000478762,0.0239953,0.251648,0.31004,1,0,,0,0,0,0,0,0,0,0,103808,104555,0,232,0
1.96918e+006,1,0,0.000335133,0.0192633,0.22841,0.335703,1,0,,0,0,0,0,0,0,0,0,103808,104555,0,232,0
1.96928e+006,1,0,0.000234593,0.0154575,0.207115,0.318365,1,0,,0,0,0,0,0,0,0,0,103808,104555,0,232,0
1.96938e+006,1,0,0.000164215,0.0123989,0.187643,0.338621,1,0,,0,0,0,0,0,0,0,0,103808,104555,0,232,0
1.96948e+006,1,0,0.000114951,0.00994209,0.169873,0.295094,1,0,,0,0,0,0,0,0,0,0,103808,104555,0,232,0
1.96958e+006,1,0,8.04655e-005,0.00796976,0.153683,0.295232,1,0,,0,0,0,0,0,0,0,0,103808,104555,0,232,0
1.96968e+006,1,0,5.63258e-005,0.00638707,0.138953,0.304346,1,0,,0,0,0,0,0,0,0,0,103808,104555,0,232,0
1.96978e+006,1,0,3.94281e-005,0.00511755,0.12557,0.296422,1,0,,0,0,0,0,0,0,0,0,103808,104555,0,232,0
1.96988e+006,1,0,2.75997e-005,0.00409956,0.113423,0.304021,1,0,,0,0,0,0,0,0,0,0,103808,104555,0,232,0
1.96998e+006,1,0,1.93198e-005,0.00328351,0.102409,0.299347,1,0,,0,0,0,0,0,0,0,0,103808,104555,0,232,0
1.97008e+006,1,0,1.35238e-005,0.00262951,0.0924307,0.280398,1,0,,0,0,0,0,0,0,0,0,103808,104555,0,232,0
1.97018e+006,1,0,9.46668e-006,0.0021055,0.0833982,0.298633,1,0,,0,0,0,0,0,0,0,0,103808,104555,0,232,0
1.97028e+006,1,0,6.62668e-006,0.00168573,0.0752269,0.299598,1,0,,0,0,0,0,0,0,0,0,103808,104555,0,232,0
1.97038e+006,1,0,4.63867e-006,0.00134951,0.0678392,0.346499,1,0,,0,0,0,0,0,0,0,0,103808,104555,0,232,0
1.97048e+006,1,17,5.1,1.02108,0.163163,0.309321,1,0,,0,0,0,0,0,0,0,0,103808,104555,0,232,0
1.97058e+006,1,0,3.57,1.53086,0.299933,0.328334,1,0,,0,0,0,0,0,0,0,0,103808,104555,0,232,0
1.97068e+006,1,1,2.799,1.78449,0.448389,0.307258,1,0,,0,0,0,0,0,0,0,0,103808,104555,0,232,0
1.97078e+006,1,0,1.9593,1.81945,0.585496,0.297547,1,0,,0,0,0,0,0,0,0,0,103808,104555,0,232,0
1.97088e+006,1,0,1.37151,1.72987,0.699933,0.287335,1,0,,0,0,0,0,0,0,0,0,103808,104555,0,232,0
1.97098e+006,1,0,0.960057,1.5759,0.78753,0.285435,1,0,,0,0,0,0,0,0,0,0,103808,104555,0,232,0
1.97108e+006,1,0,0.67204,1.39513,0.84829,0.31251,1,0,,0,0,0,0,0,0,0,0,103808,104555,0,232,0
1.97118e+006,1,1,0.770428,1.27019,0.89048,0.304868,1,0,,0,0,0,0,0,0,0,0,103808,104555,0,232,0
1.97128e+006,1,0,0.5393,1.12401,0.913833,0.277755,1,0,,0,0,0,0,0,0,0,0,103808,104555,0,232,0
1.97138e+006,1,0,0.37751,0.974712,0.919921,0.279227,1,0,,0,0,0,0,0,0,0,0,103808,104555,0,232,0
1.97148e+006,1,0,0.264257,0.832621,0.911191,0.283001,1,0,,0,0,0,0,0,0,0,0,103808,104555,0,232,0
1.97158e+006,1,0,0.18498,0.703093,0.890381,0.340939,1,0,,0,0,0,0,0,0,0,0,103808,104555,0,232,0
1.97168e+006,1,0,0.129486,0.588371,0.86018,0.281477,1,0,,0,0,0,0,0,0,0,0,103808,104555,0,232,0
1.97178e+006,1,0,0.0906401,0.488825,0.823045,0.300202,1,0,,0,0,0,0,0,0,0,0,103808,104555,0,232,0
1.97188e+006,1,0,0.0634481,0.40375,0.781115,0.2821,1,0,,0,0,0,0,0,0,0,0,103808,104555,0,232,0
1.97198e+006,1,0,0.0444136,0.331883,0.736192,0.298251,1,0,,0,0,0,0,0,0,0,0,103808,104555,0,232,0
1.97208e+006,1,0,0.0310896,0.271724,0.689745,0.293513,1,0,,0,0,0,0,0,0,0,0,103808,104555,0,232,0
1.97218e+006,1,0,0.0217627,0.221732,0.642944,0.318224,1,0,,0,0,0,0,0,0,0,0,103808,104555,0,232,0
1.97228e+006,1,0,0.0152339,0.180432,0.596693,0.293462,1,0,,0,0,0,0,0,0,0,0,103808,104555,0,232,0
1.97238e+006,1,0,0.0106637,0.146478,0.551671,0.306401,1,0,,0,0,0,0,0,0,0,0,103808,104555,0,232,0
1.97248e+006,1,0,0.0074646,0.118676,0.508372,0.28275,1,0,,0,0,0,0,0,0,0,0,103808,104555,0,232,0
1.97258e+006,1,0,0.00522522,0.0959856,0.467133,0.298237,1,0,,0,0,0,0,0,0,0,0,103808,104555,0,232,0
1.97268e+006,1,0,0.00365765,0.07752,0.428172,0.317588,1,0,,0,0,0,0,0,0,0,0,103808,104555,0,232,0
1.97278e+006,1,0,0.00256036,0.0625281,0.391607,0.282664,1,0,,0,0,0,0,0,0,0,0,103808,104555,0,232,0
1.97288e+006,1,0,0.00179225,0.0503809,0.357485,0.304626,1,0,,0,0,0,0,0,0,0,0,103808,104555,0,232,0
1.97298e+006,1,1,0.301255,0.100556,0.331792,0.288127,1,0,,0,0,0,0,0,0,0,0,103808,104555,0,232,0
1.97308e+006,1,0,0.210878,0.12262,0.310875,0.308803,1,0,,0,0,0,0,0,0,0,0,103808,104555,0,232,0
1.97318e+006,1,0,0.147615,0.127619,0.292549,0.28909,1,0,,0,0,0,0,0,0,0,0,103808,104555,0,232,0
1.97328e+006,1,0,0.10333,0.122761,0.27557,0.281877,1,0,,0,0,0,0,0,0,0,0,103808,104555,0,232,0
1.97338e+006,1,0,0.0723312,0.112675,0.259281,0.312327,1,0,,0,0,0,0,0,0,0,0,103808,104555,0,232,0
1.97348e+006,1,0,0.0506319,0.100267,0.243379,0.274001,1,0,,0,0,0,0,0,0,0,0,103808,104555,0,232,0
1.97358e+006,1,0,0.0354423,0.0873018,0.227772,0.285375,1,0,,0,0,0,0,0,0,0,0,103808,104555,0,232,0
1.97368e+006,1,0,0.0248096,0.0748033,0.212475,0.291852,1,0,,0,0,0,0,0,0,0,0,103808,104555,0,232,0
1.97378e+006,1,0,0.0173667,0.063316,0.197559,0.329664,1,0,,0,0,0,0,0,0,0,0,103808,104555,0,232,0
1.97388e+006,1,0,0.0121567,0.0530841,0.183111,0.273965,1,0,,0,0,0,0,0,0,0,0,103808,104555,0,232,0
1.97398e+006,1,0,0.0085097,0.0441693,0.169217,0.313715,1,0,,0,0,0,0,0,0,0,0,103808,104555,0,232,0
1.97408e+006,1,0,0.00595679,0.0365268,0.155948,0.314978,1,0,,0,0,0,0,0,0,0,0,103808,104555,0,232,0
1.97418e+006,1,1,0.30417,0.0900554,0.149359,0.299957,1,0,,0,0,0,0,0,0,0,0,103808,104555,0,232,0
1.97428e+006,1,0,0.212919,0.114628,0.145886,0.298006,1,0,,0,0,0,0,0,0,0,0,103808,104555,0,232,0
1.97438e+006,1,16,4.94904,1.08151,0.239448,0.300415,1,0,,0,0,0,0,0,0,0,0,103808,104555,0,232,0
1.97448e+006,1,0,3.46433,1.55807,0.371311,0.284418,1,0,,0,0,0,0,0,0,0,0,103808,104555,0,232,0
1.97458e+006,1,0,2.42503,1.73147,0.507326,0.30683,1,0,,0,0,0,0,0,0,0,0,103808,104555,0,232,0
1.97468e+006,1,0,1.69752,1.72468,0.629062,0.28583,1,0,,0,0,0,0,0,0,0,0,103808,104555,0,232,0
1.97478e+006,1,0,1.18827,1.61739,0.727895,0.310749,1,0,,0,0,0,0,0,0,0,0,103808,104555,0,232,0
1.97488e+006,1,0,0.831786,1.46027,0.801133,0.317136,1,0,,0,0,0,0,0,0,0,0,103808,104555,0,232,0
1.97498e+006,1,0,0.58225,1.28467,0.849486,0.299822,1,0,,0,0,0,0,0,0,0,0,103808,104555,0,232,0
1.97508e+006,1,0,0.407575,1.10925,0.875463,0.294283,1,0,,0,0,0,0,0,0,0,0,103808,104555,0,232,0
1.97518e+006,1,0,0.285302,0.94446,0.882362,0.331496,1,0,,0,0,0,0,0,0,0,0,103808,104555,0,232,0
1.97528e+006,1,0,0.199712,0.795511,0.873677,0.30016,1,0,,0,0,0,0,0,0,0,0,103808,104555,0,232,0
1.97538e+006,1,0,0.139798,0.664368,0.852746,0.300286,1,0,,0,0,0,0,0,0,0,0,103808,104555,0,232,0
1.97548e+006,1,0,0.0978587,0.551066,0.822578,0.277762,1,0,,0,0,0,0,0,0,0,0,103808,104555,0,232,0
1.97558e+006,1,0,0.0685011,0.454553,0.785776,0.287649,1,0,,0,0,0,0,0,0,0,0,103808,104555,0,232,0
1.97568e+006,1,0,0.0479508,0.373233,0.744521,0.275724,1,0,,0,0,0,0,0,0,0,0,103808,104555,0,232,0
1.97578e+006,1,0,0.0335655,0.305299,0.700599,0.273887,1,0,,0,0,0,0,0,0,0,0,103808,104555,0,232,0
1.97588e+006,1,0,0.0234959,0.248939,0.655433,0.319074,1,0,,0,0,0,0,0,0,0,0,103808,104555,0,232,0
1.97598e+006,1,0,0.0164471,0.20244,0.610134,0.297339,1,0,,0,0,0,0,0,0,0,0,103808,104555,0,232,0
1.97608e+006,1,0,0.011513,0.164255,0.565546,0.311838,1,0,,0,0,0,0,0,0,0,0,103808,104555,0,232,0
1.97618e+006,1,0,0.00805909,0.133016,0.522293,0.310337,1,0,,0,0,0,0,0,0,0,0,103808,104555,0,232,0
1.97628e+006,1,0,0.00564136,0.107541,0.480818,0.278826,1,0,,0,0,0,0,0,0,0,0,103808,104555,0,232,0
1.97638e+006,1,0,0.00394895,0.0868225,0.441418,0.311915,1,0,,0,0,0,0,0,0,0,0,103808,104555,0,232,0
1.97648e+006,1,0,0.00276427,0.0700108,0.404277,0.322378,1,0,,0,0,0,0,0,0,0,0,103808,104555,0,232,0
1.97658e+006,1,0,0.00193499,0.0563957,0.369489,0.30065,1,0,,0,0,0,0,0,0,0,0,103808,104555,0,232,0
1.97668e+006,1,0,0.00135449,0.0453874,0.337079,0.319437,1,0,,0,0,0,0,0,0,0,0,103808,104555,0,232,0
1.97678e+006,1,0,0.000948143,0.0364996,0.307021,0.295474,1,0,,0,0,0,0,0,0,0,0,103808,104555,0,232,0
1.97688e+006,1,0,0.0006637,0.0293324,0.279252,0.270798,1,0,,0,0,0,0,0,0,0,0,103808,104555,0,232,0
1.97698e+006,1,0,0.00046459,0.0235588,0.253683,0.318722,1,0,,0,0,0,0,0,0,0,0,103808,104555,0,232,0
1.97708e+006,1,0,0.000325213,0.0189121,0.230206,0.343211,1,0,,0,0,0,0,0,0,0,0,103808,104555,0,232,0
1.97718e+006,1,0,0.000227649,0.0151752,0.208703,0.28261,1,0,,0,0,0,0,0,0,0,0,103808,104555,0,232,0
1.97728e+006,1,0,0.000159354,0.012172,0.18905,0.289519,1,0,,0,0,0,0,0,0,0,0,103808,104555,0,232,0
1.97738e+006,1,0,0.000111548,0.00975995,0.171121,0.332669,1,0,,0,0,0,0,0,0,0,0,103808,104555,0,232,0
1.97748e+006,1,0,7.80837e-005,0.00782357,0.154791,0.286732,1,0,,0,0,0,0,0,0,0,0,103808,104555,0,232,0
1.97758e+006,1,0,5.46586e-005,0.00626979,0.139939,0.302683,1,0,,0,0,0,0,0,0,0,0,103808,104555,0,232,0
1.97768e+006,1,0,3.8261e-005,0.00502349,0.126447,0.302096,1,0,,0,0,0,0,0,0,0,0,103808,104555,0,232,0
1.97778e+006,1,0,2.67827e-005,0.00402414,0.114205,0.28633,1,0,,0,0,0,0,0,0,0,0,103808,104555,0,232,0
1.97788e+006,1,0,1.87479e-005,0.00322307,0.103107,0.322868,1,0,,0,0,0,0,0,0,0,0,103808,104555,0,232,0
1.97798e+006,1,0,1.31235e-005,0.00258108,0.0930542,0.313544,1,0,,0,0,0,0,0,0,0,0,103808,104555,0,232,0
1.97808e+006,1,0,9.18646e-006,0.0020667,0.0839554,0.358593,1,0,,0,0,0,0,0,0,0,0,103808,104555,0,232,0
1.97818e+006,1,0,6.43053e-006,0.00165465,0.0757253,0.293755,1,0,,0,0,0,0,0,0,0,0,103808,104555,0,232,0
1.97828e+006,1,0,4.50137e-006,0.00132462,0.0682853,0.291906,1,0,,0,0,0,0,0,0,0,0,103808,104555,0,232,0
1.97838e+006,1,18,5.4,1.08106,0.169563,0.394897,1,0,,0,0,0,0,0,0,0,0,103808,104555,0,232,0
1.97848e+006,1,0,3.78,1.62085,0.314691,0.316009,1,0,,0,0,0,0,0,0,0,0,103808,104555,0,232,0
1.97858e+006,1,0,2.646,1.82588,0.46581,0.281372,1,0,,0,0,0,0,0,0,0,0,103808,104555,0,232,0
1.97868e+006,1,0,1.8522,1.83114,0.602344,0.302347,1,0,,0,0,0,0,0,0,0,0,103808,104555,0,232,0
1.97878e+006,1,0,1.29654,1.72422,0.714532,0.302722,1,0,,0,0,0,0,0,0,0,0,103808,104555,0,232,0
1.97888e+006,1,0,0.907579,1.56089,0.799168,0.282847,1,0,,0,0,0,0,0,0,0,0,103808,104555,0,232,0
1.97898e+006,1,0,0.635305,1.37578,0.856829,0.303047,1,0,,0,0,0,0,0,0,0,0,103808,104555,0,232,0
1.97908e+006,1,0,0.444713,1.18956,0.890102,0.291057,1,0,,0,0,0,0,0,0,0,0,103808,104555,0,232,0
1.97918e+006,1,0,0.311299,1.01391,0.902483,0.295919,1,0,,0,0,0,0,0,0,0,0,103808,104555,0,232,0
1.97928e+006,1,0,0.21791,0.854711,0.897706,0.304732,1,0,,0,0,0,0,0,0,0,0,103808,104555,0,232,0
1.97938e+006,1,0,0.152537,0.714276,0.879363,0.280608,1,0,,0,0,0,0,0,0,0,0,103808,104555,0,232,0
1.97948e+006,1,0,0.106776,0.592776,0.850704,0.287883,1,0,,0,0,0,0,0,0,0,0,103808,104555,0,232,0
1.97958e+006,1,0,0.074743,0.489169,0.814551,0.301665,1,0,,0,0,0,0,0,0,0,0,103808,104555,0,232,0
1.97968e+006,1,0,0.0523201,0.401799,0.773275,0.308915,1,0,,0,0,0,0,0,0,0,0,103808,104555,0,232,0
1.97978e+006,1,0,0.0366241,0.328764,0.728824,0.308228,1,0,,0,0,0,0,0,0,0,0,103808,104555,0,232,0
1.97988e+006,1,0,0.0256368,0.268139,0.682756,0.287514,1,0,,0,0,0,0,0,0,0,0,103808,104555,0,232,0
1.97998e+006,1,0,0.0179458,0.2181,0.63629,0.322,1,0,,0,0,0,0,0,0,0,0,103808,104555,0,232,0
1.98008e+006,1,0,0.0125621,0.176993,0.59036,0.310676,1,0,,0,0,0,0,0,0,0,0,103808,104555,0,232,0
1.98018e+006,1,0,0.00879344,0.143353,0.54566,0.303525,1,0,,0,0,0,0,0,0,0,0,103808,104555,0,232,0
1.98028e+006,1,0,0.00615541,0.115913,0.502685,0.301626,1,0,,0,0,0,0,0,0,0,0,103808,104555,0,232,0
1.98038e+006,1,0,0.00430878,0.0935924,0.461776,0.287426,1,0,,0,0,0,0,0,0,0,0,103808,104555,0,232,0
1.98048e+006,1,0,0.00301615,0.0754772,0.423146,0.296625,1,0,,0,0,0,0,0,0,0,0,103808,104555,0,232,0
1.98058e+006,1,0,0.0021113,0.060804,0.386912,0.287723,1,0,,0,0,0,0,0,0,0,0,103808,104555,0,232,0
1.98068e+006,1,0,0.00147791,0.0489388,0.353114,0.318923,1,0,,0,0,0,0,0,0,0,0,103808,104555,0,232,0
1.98078e+006,1,0,0.00103454,0.0393579,0.321739,0.347112,1,0,,0,0,0,0,0,0,0,0,103808,104555,0,232,0
1.98088e+006,1,0,0.000724177,0.0316312,0.292728,0.284825,1,0,,0,0,0,0,0,0,0,0,103808,104555,0,232,0
1.98098e+006,1,0,0.000506924,0.0254063,0.265996,0.281137,1,0,,0,0,0,0,0,0,0,0,103808,104555,0,232,0
1.98108e+006,1,0,0.000354847,0.020396,0.241436,0.304724,1,0,,0,0,0,0,0,0,0,0,103808,104555,0,232,0
1.98118e+006,1,0,0.000248393,0.0163665,0.218929,0.320649,1,0,,0,0,0,0,0,0,0,0,103808,104555,0,232,0
1.98128e+006,1,0,0.000173875,0.013128,0.198349,0.310923,1,0,,0,0,0,0,0,0,0,0,103808,104555,0,232,0
1.98138e+006,1,0,0.000121712,0.0105267,0.179567,0.298018,1,0,,0,0,0,0,0,0,0,0,103808,104555,0,232,0
1.98148e+006,1,0,8.51987e-005,0.00843842,0.162454,0.290529,1,0,,0,0,0,0,0,0,0,0,103808,104555,0,232,0
1.98158e+006,1,0,5.96391e-005,0.00676266,0.146885,0.27958,1,0,,0,0,0,0,0,0,0,0,103808,104555,0,232,0
1.98168e+006,1,0,4.17474e-005,0.00541848,0.132738,0.306006,1,0,,0,0,0,0,0,0,0,0,103808,104555,0,232,0
1.98178e+006,1,0,2.92232e-005,0.00434063,0.119898,0.314319,1,0,,0,0,0,0,0,0,0,0,103808,104555,0,232,0
1.98188e+006,1,0,2.04562e-005,0.00347659,0.108256,0.311558,1,0,,0,0,0,0,0,0,0,0,103808,104555,0,232,0
1.98198e+006,1,0,1.43194e-005,0.00278414,0.0977089,0.300617,1,0,,0,0,0,0,0,0,0,0,103808,104555,0,232,0
1.98208e+006,1,0,1.00235e-005,0.00222932,0.0881609,0.290604,1,0,,0,0,0,0,0,0,0,0,103808,104555,0,232,0
1.98218e+006,1,0,7.01648e-006,0.00178486,0.0795233,0.342618,1,0,,0,0,0,0,0,0,0,0,103808,104555,0,232,0
1.98228e+006,1,0,4.91154e-006,0.00142887,0.0717139,0.299918,1,0,,0,0,0,0,0,0,0,0,103808,104555,0,232,0
1.98238e+006,1,17,5.1,1.02114,0.166657,0.31013,1,0,,0,0,0,0,0,0,0,0,103808,104555,0,232,0
1.98248e+006,1,0,3.57,1.53092,0.303083,0.293327,1,0,,0,0,0,0,0,0,0,0,103808,104555,0,232,0
1.98258e+006,1,0,2.499,1.72453,0.445228,0.301702,1,0,,0,0,0,0,0,0,0,0,103808,104555,0,232,0
1.98268e+006,1,0,1.7493,1.72949,0.573654,0.316228,1,0,,0,0,0,0,0,0,0,0,103808,104555,0,232,0
1.98278e+006,1,0,1.22451,1.62849,0.679137,0.312253,1,0,,0,0,0,0,0,0,0,0,103808,104555,0,232,0
1.98288e+006,1,0,0.857158,1.47422,0.758646,0.307677,1,0,,0,0,0,0,0,0,0,0,103808,104555,0,232,0
1.98298e+006,1,0,0.60001,1.29938,0.81272,0.296752,1,0,,0,0,0,0,0,0,0,0,103808,104555,0,232,0
1.98308e+006,1,0,0.420007,1.12351,0.843798,0.288651,1,0,,0,0,0,0,0,0,0,0,103808,104555,0,232,0
1.98318e+006,1,0,0.294005,0.957607,0.855179,0.287427,1,0,,0,0,0,0,0,0,0,0,103808,104555,0,232,0
1.98328e+006,1,0,0.205804,0.807246,0.850386,0.295865,1,0,,0,0,0,0,0,0,0,0,103808,104555,0,232,0
1.98338e+006,1,0,0.144062,0.674609,0.832808,0.154464,1,0,,0,0,0,0,0,0,0,0,103808,104555,0,232,0
1.98348e+006,1,0,0.100844,0.559856,0.805513,0.312779,1,0,,0,0,0,0,0,0,0,0,103808,104555,0,232,0
1.98358e+006,1,0,0.0705906,0.462003,0.771162,0.318354,1,0,,0,0,0,0,0,0,0,0,103808,104555,0,232,0
1.98368e+006,1,0,0.0494134,0.379485,0.731994,0.317129,1,0,,0,0,0,0,0,0,0,0,103808,104555,0,232,0
1.98378e+006,1,0,0.0345894,0.310506,0.689845,0.332119,1,0,,0,0,0,0,0,0,0,0,103808,104555,0,232,0
1.98388e+006,1,0,0.0242126,0.253247,0.646186,0.319969,1,0,,0,0,0,0,0,0,0,0,103808,104555,0,232,0
1.98398e+006,1,0,0.0169488,0.205988,0.602166,0.316243,1,0,,0,0,0,0,0,0,0,0,103808,104555,0,232,0
1.98408e+006,1,0,0.0118642,0.167163,0.558665,0.287695,1,0,,0,0,0,0,0,0,0,0,103808,104555,0,232,0
1.98418e+006,1,0,0.00830491,0.135391,0.516338,0.297256,1,0,,0,0,0,0,0,0,0,0,103808,104555,0,232,0
1.98428e+006,1,0,0.00581344,0.109476,0.475652,0.287395,1,0,,0,0,0,0,0,0,0,0,103808,104555,0,232,0
1.98438e+006,1,0,0.00406941,0.0883945,0.436926,0.291319,1,0,,0,0,0,0,0,0,0,0,103808,104555,0,232,0
1.98448e+006,1,0,0.00284858,0.0712853,0.400362,0.28157,1,0,,0,0,0,0,0,0,0,0,103808,104555,0,232,0
1.98458e+006,1,0,0.00199401,0.057427,0.366069,0.316344,1,0,,0,0,0,0,0,0,0,0,103808,104555,0,232,0
1.98468e+006,1,0,0.00139581,0.0462208,0.334084,0.28862,1,0,,0,0,0,0,0,0,0,0,103808,104555,0,232,0
1.98478e+006,1,0,0.000977065,0.0371721,0.304393,0.31852,1,0,,0,0,0,0,0,0,0,0,103808,104555,0,232,0
1.98488e+006,1,0,0.000683945,0.0298744,0.276941,0.295209,1,0,,0,0,0,0,0,0,0,0,103808,104555,0,232,0
1.98498e+006,1,0,0.000478762,0.0239953,0.251646,0.296185,1,0,,0,0,0,0,0,0,0,0,103808,104555,0,232,0
1.98508e+006,1,0,0.000335133,0.0192633,0.228408,0.303472,1,0,,0,0,0,0,0,0,0,0,103808,104555,0,232,0
1.98518e+006,1,0,0.000234593,0.0154575,0.207113,0.286373,1,0,,0,0,0,0,0,0,0,0,103808,104555,0,232,0
1.98528e+006,1,0,0.000164215,0.0123989,0.187641,0.273136,1,0,,0,0,0,0,0,0,0,0,103808,104555,0,232,0
1.98538e+006,1,0,0.000114951,0.00994209,0.169872,0.308699,1,0,,0,0,0,0,0,0,0,0,103808,104555,0,232,0
1.98548e+006,1,0,8.04655e-005,0.00796976,0.153681,0.318026,1,0,,0,0,0,0,0,0,0,0,103808,104555,0,232,0
1.98558e+006,1,0,5.63258e-005,0.00638707,0.138952,0.31335,1,0,,0,0,0,0,0,0,0,0,103808,104555,0,232,0
1.98568e+006,1,0,3.94281e-005,0.00511755,0.125568,0.291237,1,0,,0,0,0,0,0,0,0,0,103808,104555,0,232,0
1.98578e+006,1,0,2.75997e-005,0.00409956,0.113422,0.326913,1,0,,0,0,0,0,0,0,0,0,103808,104555,0,232,0
1.98588e+006,1,0,1.93198e-005,0.00328351,0.102408,0.3075,1,0,,0,0,0,0,0,0,0,0,103808,104555,0,232,0
1.98598e+006,1,0,1.35238e-005,0.00262951,0.0924299,0.29641,1,0,,0,0,0,0,0,0,0,0,103808,104555,0,232,0
1.98608e+006,1,0,9.46668e-006,0.0021055,0.0833975,0.329772,1,0,,0,0,0,0,0,0,0,0,103808,104555,0,232,0
1.98618e+006,1,0,6.62668e-006,0.00168573,0.0752263,0.305087,1,0,,0,0,0,0,0,0,0,0,103808,104555,0,232,0
1.98628e+006,1,17,5.10001,1.02135,0.169839,0.296371,1,0,,0,0,0,0,0,0,0,0,103808,104555,0,232,0
1.98638e+006,1,0,3.57,1.53108,0.305963,0.259684,1,0,,0,0,0,0,0,0,0,0,103808,104555,0,232,0
1.98648e+006,1,0,2.499,1.72466,0.447833,0.275183,1,0,,0,0,0,0,0,0,0,0,103808,104555,0,232,0
1.98658e+006,1,0,1.7493,1.72959,0.576009,0.295296,1,0,,0,0,0,0,0,0,0,0,103808,104555,0,232,0
1.98668e+006,1,0,1.22451,1.62858,0.681266,0.299946,1,0,,0,0,0,0,0,0,0,0,103808,104555,0,232,0
1.98678e+006,1,0,0.857158,1.47429,0.760568,0.316209,1,0,,0,0,0,0,0,0,0,0,103808,104555,0,232,0
1.98688e+006,1,0,0.60001,1.29944,0.814455,0.300897,1,0,,0,0,0,0,0,0,0,0,103808,104555,0,232,0
1.98698e+006,1,0,0.420007,1.12355,0.845365,0.307084,1,0,,0,0,0,0,0,0,0,0,103808,104555,0,232,0
1.98708e+006,1,0,0.294005,0.957641,0.856592,0.28531,1,0,,0,0,0,0,0,0,0,0,103808,104555,0,232,0
1.98718e+006,1,0,0.205804,0.807274,0.85166,0.278447,1,0,,0,0,0,0,0,0,0,0,103808,104555,0,232,0
1.98728e+006,1,0,0.144063,0.674631,0.833957,0.286874,1,0,,0,0,0,0,0,0,0,0,103808,104555,0,232,0
1.98738e+006,1,0,0.100844,0.559874,0.806549,0.281443,1,0,,0,0,0,0,0,0,0,0,103808,104555,0,232,0
1.98748e+006,1,0,0.0705906,0.462017,0.772096,0.311893,1,0,,0,0,0,0,0,0,0,0,103808,104555,0,232,0
1.98758e+006,1,0,0.0494134,0.379497,0.732836,0.304407,1,0,,0,0,0,0,0,0,0,0,103808,104555,0,232,0
1.98768e+006,1,0,0.0345894,0.310515,0.690604,0.300355,1,0,,0,0,0,0,0,0,0,0,103808,104555,0,232,0
1.98778e+006,1,0,0.0242126,0.253255,0.646869,0.310693,1,0,,0,0,0,0,0,0,0,0,103808,104555,0,232,0
1.98788e+006,1,0,0.0169488,0.205993,0.602781,0.306753,1,0,,0,0,0,0,0,0,0,0,103808,104555,0,232,0
1.98798e+006,1,0,0.0118642,0.167168,0.55922,0.289615,1,0,,0,0,0,0,0,0,0,0,103808,104555,0,232,0
1.98808e+006,1,0,0.00830492,0.135395,0.516837,0.309503,1,0,,0,0,0,0,0,0,0,0,103808,104555,0,232,0
1.98818e+006,1,0,0.00581344,0.109479,0.476102,0.295092,1,0,,0,0,0,0,0,0,0,0,103808,104555,0,232,0
1.98828e+006,1,0,0.00406941,0.0883969,0.437331,0.297955,1,0,,0,0,0,0,0,0,0,0,103808,104555,0,232,0
1.98838e+006,1,0,0.00284859,0.0712872,0.400727,0.322805,1,0,,0,0,0,0,0,0,0,0,103808,104555,0,232,0
1.98848e+006,1,0,0.00199401,0.0574286,0.366397,0.276716,1,0,,0,0,0,0,0,0,0,0,103808,104555,0,232,0
1.98858e+006,1,0,0.00139581,0.046222,0.334379,0.302228,1,0,,0,0,0,0,0,0,0,0,103808,104555,0,232,0
1.98868e+006,1,0,0.000977065,0.037173,0.304659,0.282928,1,0,,0,0,0,0,0,0,0,0,103808,104555,0,232,0
1.98878e+006,1,0,0.000683945,0.0298752,0.27718,0.31199,1,0,,0,0,0,0,0,0,0,0,103808,104555,0,232,0
1.98888e+006,1,0,0.000478762,0.0239959,0.251862,0.297929,1,0,,0,0,0,0,0,0,0,0,103808,104555,0,232,0
1.98898e+006,1,0,0.000335133,0.0192638,0.228602,0.294366,1,0,,0,0,0,0,0,0,0,0,103808,104555,0,232,0
1.98908e+006,1,0,0.000234593,0.0154579,0.207288,0.296627,1,0,,0,0,0,0,0,0,0,0,103808,104555,0,232,0
1.98918e+006,1,0,0.000164215,0.0123992,0.187799,0.302532,1,0,,0,0,0,0,0,0,0,0,103808,104555,0,232,0
1.98928e+006,1,0,0.000114951,0.00994234,0.170013,0.28631,1,0,,0,0,0,0,0,0,0,0,103808,104555,0,232,0
1.98938e+006,1,0,8.04655e-005,0.00796997,0.153809,0.296525,1,0,,0,0,0,0,0,0,0,0,103808,104555,0,232,0
1.98948e+006,1,0,5.63258e-005,0.00638724,0.139067,0.273862,1,0,,0,0,0,0,0,0,0,0,103808,104555,0,232,0
1.98958e+006,1,0,3.94281e-005,0.00511768,0.125672,0.289263,1,0,,0,0,0,0,0,0,0,0,103808,104555,0,232,0
1.98968e+006,1,0,2.75997e-005,0.00409966,0.113515,0.277798,1,0,,0,0,0,0,0,0,0,0,103808,104555,0,232,0
1.98978e+006,1,0,1.93198e-005,0.00328359,0.102491,0.285423,1,0,,0,0,0,0,0,0,0,0,103808,104555,0,232,0
1.98988e+006,1,0,1.35238e-005,0.00262958,0.0925053,0.326261,1,0,,0,0,0,0,0,0,0,0,103808,104555,0,232,0
1.98998e+006,1,0,9.46668e-006,0.00210556,0.0834653,0.334549,1,0,,0,0,0,0,0,0,0,0,103808,104555,0,232,0
1.99008e+006,1,0,6.62668e-006,0.00168577,0.0752874,0.300324,1,0,,0,0,0,0,0,0,0,0,103808,104555,0,232,0
1.99018e+006,1,0,4.63867e-006,0.00134954,0.0678936,0.317025,1,0,,0,0,0,0,0,0,0,0,103808,104555,0,232,0
1.99028e+006,1,18,5.4,1.08108,0.169212,0.324045,1,0,,0,0,0,0,0,0,0,0,103808,104555,0,232,0
1.99038e+006,1,0,3.78,1.62086,0.314378,0.29471,1,0,,0,0,0,0,0,0,0,0,103808,104555,0,232,0
1.99048e+006,1,0,2.646,1.82589,0.465529,0.305049,1,0,,0,0,0,0,0,0,0,0,103808,104555,0,232,0
1.99058e+006,1,0,1.8522,1.83115,0.602091,0.301173,1,0,,0,0,0,0,0,0,0,0,103808,104555,0,232,0
1.99068e+006,1,0,1.29654,1.72423,0.714306,0.309661,1,0,,0,0,0,0,0,0,0,0,103808,104555,0,232,0
1.99078e+006,1,0,0.907579,1.5609,0.798965,0.342073,1,0,,0,0,0,0,0,0,0,0,103808,104555,0,232,0
1.99088e+006,1,0,0.635305,1.37578,0.856647,0.309937,1,0,,0,0,0,0,0,0,0,0,103808,104555,0,232,0
1.99098e+006,1,0,0.444713,1.18957,0.889939,0.305764,1,0,,0,0,0,0,0,0,0,0,103808,104555,0,232,0
1.99108e+006,1,0,0.311299,1.01391,0.902336,0.306177,1,0,,0,0,0,0,0,0,0,0,103808,104555,0,232,0
1.99118e+006,1,0,0.21791,0.854713,0.897574,0.288503,1,0,,0,0,0,0,0,0,0,0,103808,104555,0,232,0
1.99128e+006,1,0,0.152537,0.714278,0.879244,0.298965,1,0,,0,0,0,0,0,0,0,0,103808,104555,0,232,0
1.99138e+006,1,0,0.106776,0.592778,0.850598,0.289089,1,0,,0,0,0,0,0,0,0,0,103808,104555,0,232,0
1.99148e+006,1,0,0.074743,0.489171,0.814455,0.290275,1,0,,0,0,0,0,0,0,0,0,103808,104555,0,232,0
1.99158e+006,1,0,0.0523201,0.401801,0.77319,0.301,1,0,,0,0,0,0,0,0,0,0,103808,104555,0,232,0
1.99168e+006,1,0,0.0366241,0.328765,0.728747,0.294688,1,0,,0,0,0,0,0,0,0,0,103808,104555,0,232,0
1.99178e+006,1,0,0.0256368,0.26814,0.682686,0.327975,1,0,,0,0,0,0,0,0,0,0,103808,104555,0,232,0
1.99188e+006,1,0,0.0179458,0.218101,0.636228,0.301663,1,0,,0,0,0,0,0,0,0,0,103808,104555,0,232,0
1.99198e+006,1,0,0.0125621,0.176993,0.590304,0.355691,1,0,,0,0,0,0,0,0,0,0,103808,104555,0,232,0
1.99208e+006,1,0,0.00879344,0.143353,0.545609,0.299502,1,0,,0,0,0,0,0,0,0,0,103808,104555,0,232,0
1.99218e+006,1,0,0.00615541,0.115914,0.50264,0.30847,1,0,,0,0,0,0,0,0,0,0,103808,104555,0,232,0
1.99228e+006,1,0,0.00430878,0.0935926,0.461735,0.292246,1,0,,0,0,0,0,0,0,0,0,103808,104555,0,232,0
1.99238e+006,1,0,0.00301615,0.0754773,0.423109,0.307747,1,0,,0,0,0,0,0,0,0,0,103808,104555,0,232,0
1.99248e+006,1,0,0.0021113,0.0608041,0.386879,0.30696,1,0,,0,0,0,0,0,0,0,0,103808,104555,0,232,0
1.99258e+006,1,0,0.00147791,0.0489389,0.353085,0.318983,1,0,,0,0,0,0,0,0,0,0,103808,104555,0,232,0
1.99268e+006,1,0,0.00103454,0.039358,0.321712,0.298783,1,0,,0,0,0,0,0,0,0,0,103808,104555,0,232,0
1.99278e+006,1,0,0.000724177,0.0316313,0.292704,0.283027,1,0,,0,0,0,0,0,0,0,0,103808,104555,0,232,0
1.99288e+006,1,0,0.000506924,0.0254064,0.265974,0.311201,1,0,,0,0,0,0,0,0,0,0,103808,104555,0,232,0
1.99298e+006,1,0,0.000354847,0.0203961,0.241416,0.276039,1,0,,0,0,0,0,0,0,0,0,103808,104555,0,232,0
1.99308e+006,1,0,0.000248393,0.0163665,0.218911,0.347626,1,0,,0,0,0,0,0,0,0,0,103808,104555,0,232,0
1.99318e+006,1,0,0.000173875,0.013128,0.198333,0.275576,1,0,,0,0,0,0,0,0,0,0,103808,104555,0,232,0
1.99328e+006,1,0,0.000121712,0.0105268,0.179552,0.294963,1,0,,0,0,0,0,0,0,0,0,103808,104555,0,232,0
1.99338e+006,1,0,8.51987e-005,0.00843844,0.162441,0.299176,1,0,,0,0,0,0,0,0,0,0,103808,104555,0,232,0
1.99348e+006,1,0,5.96391e-005,0.00676268,0.146873,0.316476,1,0,,0,0,0,0,0,0,0,0,103808,104555,0,232,0
1.99358e+006,1,0,4.17474e-005,0.00541849,0.132728,0.274476,1,0,,0,0,0,0,0,0,0,0,103808,104555,0,232,0
1.99368e+006,1,0,2.92232e-005,0.00434064,0.119889,0.309677,1,0,,0,0,0,0,0,0,0,0,103808,104555,0,232,0
1.99378e+006,1,0,2.04562e-005,0.0034766,0.108248,0.302751,1,0,,0,0,0,0,0,0,0,0,103808,104555,0,232,0
1.99388e+006,1,0,1.43194e-005,0.00278415,0.0977014,0.352262,1,0,,0,0,0,0,0,0,0,0,103808,104555,0,232,0
1.99398e+006,1,0,1.00235e-005,0.00222932,0.0881542,0.333033,1,0,,0,0,0,0,0,0,0,0,103808,104555,0,232,0
1.99408e+006,1,0,7.01648e-006,0.00178486,0.0795172,0.30752,1,0,,0,0,0,0,0,0,0,0,103808,104555,0,232,0
1.99418e+006,1,0,4.91154e-006,0.00142887,0.0717084,0.312608,1,0,,0,0,0,0,0,0,0,0,103808,104555,0,232,0
1.99428e+006,1,17,5.1,1.02114,0.166652,0.322383,1,0,,0,0,0,0,0,0,0,0,103808,104555,0,232,0
1.99438e+006,1,0,3.57,1.53092,0.303078,0.323573,1,0,,0,0,0,0,0,0,0,0,103808,104555,0,232,0
1.99448e+006,1,0,2.499,1.72453,0.445224,0.285859,1,0,,0,0,0,0,0,0,0,0,103808,104555,0,232,0
1.99458e+006,1,0,1.7493,1.72949,0.57365,0.335394,1,0,,0,0,0,0,0,0,0,0,103808,104555,0,232,0
1.99468e+006,1,0,1.22451,1.62849,0.679134,0.324406,1,0,,0,0,0,0,0,0,0,0,103808,104555,0,232,0
1.99478e+006,1,0,0.857158,1.47422,0.758643,0.319341,1,0,,0,0,0,0,0,0,0,0,103808,104555,0,232,0
1.99488e+006,1,0,0.60001,1.29938,0.812717,0.293407,1,0,,0,0,0,0,0,0,0,0,103808,104555,0,232,0
1.99498e+006,1,0,0.420007,1.12351,0.843796,0.296619,1,0,,0,0,0,0,0,0,0,0,103808,104555,0,232,0
1.99508e+006,1,0,0.294005,0.957607,0.855177,0.310979,1,0,,0,0,0,0,0,0,0,0,103808,104555,0,232,0
1.99518e+006,1,0,0.205804,0.807246,0.850384,0.321129,1,0,,0,0,0,0,0,0,0,0,103808,104555,0,232,0
1.99528e+006,1,0,0.144062,0.674609,0.832806,0.319866,1,0,,0,0,0,0,0,0,0,0,103808,104555,0,232,0
1.99538e+006,1,0,0.100844,0.559856,0.805511,0.300216,1,0,,0,0,0,0,0,0,0,0,103808,104555,0,232,0
1.99548e+006,1,0,0.0705906,0.462003,0.771161,0.292416,1,0,,0,0,0,0,0,0,0,0,103808,104555,0,232,0
1.99558e+006,1,0,0.0494134,0.379485,0.731993,0.279266,1,0,,0,0,0,0,0,0,0,0,103808,104555,0,232,0
1.99568e+006,1,0,0.0345894,0.310506,0.689844,0.29588,1,0,,0,0,0,0,0,0,0,0,103808,104555,0,232,0
1.99578e+006,1,0,0.0242126,0.253247,0.646185,0.35943,1,0,,0,0,0,0,0,0,0,0,103808,104555,0,232,0
1.99588e+006,1,0,0.0169488,0.205988,0.602165,0.335268,1,0,,0,0,0,0,0,0,0,0,103808,104555,0,232,0
1.99598e+006,1,0,0.0118642,0.167163,0.558665,0.323628,1,0,,0,0,0,0,0,0,0,0,103808,104555,0,232,0
1.99608e+006,1,0,0.00830491,0.135391,0.516337,0.288365,1,0,,0,0,0,0,0,0,0,0,103808,104555,0,232,0
1.99618e+006,1,0,0.00581344,0.109476,0.475651,0.297503,1,0,,0,0,0,0,0,0,0,0,103808,104555,0,232,0
1.99628e+006,1,0,0.00406941,0.0883945,0.436925,0.295091,1,0,,0,0,0,0,0,0,0,0,103808,104555,0,232,0
1.99638e+006,1,0,0.00284858,0.0712853,0.400361,0.283257,1,0,,0,0,0,0,0,0,0,0,103808,104555,0,232,0
1.99648e+006,1,0,0.00199401,0.057427,0.366068,0.312469,1,0,,0,0,0,0,0,0,0,0,103808,104555,0,232,0
1.99658e+006,1,0,0.00139581,0.0462208,0.334083,0.297217,1,0,,0,0,0,0,0,0,0,0,103808,104555,0,232,0
1.99668e+006,1,0,0.000977065,0.0371721,0.304392,0.311081,1,0,,0,0,0,0,0,0,0,0,103808,104555,0,232,0
1.99678e+006,1,0,0.000683945,0.0298744,0.27694,0.308845,1,0,,0,0,0,0,0,0,0,0,103808,104555,0,232,0
1.99688e+006,1,0,0.000478762,0.0239953,0.251646,0.286619,1,0,,0,0,0,0,0,0,0,0,103808,104555,0,232,0
1.99698e+006,1,0,0.000335133,0.0192633,0.228408,0.300169,1,0,,0,0,0,0,0,0,0,0,103808,104555,0,232,0
1.99708e+006,1,0,0.000234593,0.0154575,0.207113,0.304432,1,0,,0,0,0,0,0,0,0,0,103808,104555,0,232,0
1.99718e+006,1,0,0.000164215,0.0123989,0.187641,0.315707,1,0,,0,0,0,0,0,0,0,0,103808,104555,0,232,0
1.99728e+006,1,0,0.000114951,0.00994209,0.169871,0.285945,1,0,,0,0,0,0,0,0,0,0,103808,104555,0,232,0
1.99738e+006,1,0,8.04655e-005,0.00796976,0.153681,0.314885,1,0,,0,0,0,0,0,0,0,0,103808,104555,0,232,0
1.99748e+006,1,0,5.63258e-005,0.00638707,0.138952,0.326036,1,0,,0,0,0,0,0,0,0,0,103808,104555,0,232,0
1.99758e+006,1,0,3.94281e-005,0.00511755,0.125568,0.292138,1,0,,0,0,0,0,0,0,0,0,103808,104555,0,232,0
1.99768e+006,1,0,2.75997e-005,0.00409956,0.113421,0.307565,1,0,,0,0,0,0,0,0,0,0,103808,104555,0,232,0
1.99778e+006,1,0,1.93198e-005,0.00328351,0.102408,0.326691,1,0,,0,0,0,0,0,0,0,0,103808,104555,0,232,0
1.99788e+006,1,0,1.35238e-005,0.00262951,0.0924298,0.317965,1,0,,0,0,0,0,0,0,0,0,103808,104555,0,232,0
1.99798e+006,1,0,9.46668e-006,0.0021055,0.0833974,0.294752,1,0,,0,0,0,0,0,0,0,0,103808,104555,0,232,0
1.99808e+006,1,0,6.62668e-006,0.00168573,0.0752262,0.31094,1,0,,0,0,0,0,0,0,0,0,103808,104555,0,232,0
1.99818e+006,1,18,5.4,1.08135,0.175839,0.296086,1,0,,0,0,0,0,0,0,0,0,103808,104555,0,232,0
1.99828e+006,1,0,3.78,1.62108,0.320363,0.295,1,0,,0,0,0,0,0,0,0,0,103808,104555,0,232,0
1.99838e+006,1,0,2.646,1.82606,0.470933,0.300463,1,0,,0,0,0,0,0,0,0,0,103808,104555,0,232,0
1.99848e+006,1,0,1.8522,1.83129,0.606969,0.290627,1,0,,0,0,0,0,0,0,0,0,103808,104555,0,232,0
1.99858e+006,1,0,1.29654,1.72434,0.718706,0.286752,1,0,,0,0,0,0,0,0,0,0,103808,104555,0,232,0
1.99868e+006,1,0,0.907579,1.56099,0.802935,0.28939,1,0,,0,0,0,0,0,0,0,0,103808,104555,0,232,0
1.99878e+006,1,0,0.635305,1.37585,0.860226,0.283052,1,0,,0,0,0,0,0,0,0,0,103808,104555,0,232,0
1.99888e+006,1,0,0.444714,1.18962,0.893166,0.312164,1,0,,0,0,0,0,0,0,0,0,103808,104555,0,232,0
1.99898e+006,1,0,0.3113,1.01396,0.905245,0.322377,1,0,,0,0,0,0,0,0,0,0,103808,104555,0,232,0
1.99908e+006,1,0,0.21791,0.85475,0.900196,0.297901,1,0,,0,0,0,0,0,0,0,0,103808,104555,0,232,0
1.99918e+006,1,0,0.152537,0.714307,0.881607,0.331349,1,0,,0,0,0,0,0,0,0,0,103808,104555,0,232,0
1.99928e+006,1,0,0.106776,0.592801,0.852726,0.288212,1,0,,0,0,0,0,0,0,0,0,103808,104555,0,232,0
1.99938e+006,1,0,0.074743,0.489189,0.816373,0.303623,1,0,,0,0,0,0,0,0,0,0,103808,104555,0,232,0
1.99948e+006,1,0,0.0523201,0.401815,0.774917,0.282348,1,0,,0,0,0,0,0,0,0,0,103808,104555,0,232,0
1.99958e+006,1,0,0.0366241,0.328777,0.730303,0.286798,1,0,,0,0,0,0,0,0,0,0,103808,104555,0,232,0
1.99968e+006,1,0,0.0256368,0.268149,0.684088,0.283875,1,0,,0,0,0,0,0,0,0,0,103808,104555,0,232,0
1.99978e+006,1,0,0.0179458,0.218108,0.63749,0.329974,1,0,,0,0,0,0,0,0,0,0,103808,104555,0,232,0
1.99988e+006,1,0,0.0125621,0.176999,0.591441,0.273176,1,0,,0,0,0,0,0,0,0,0,103808,104555,0,232,0
1.99998e+006,1,0,0.00879344,0.143358,0.546632,0.290538,1,0,,0,0,0,0,0,0,0,0,103808,104555,0,232,0
2.00008e+006,1,0,0.00615541,0.115918,0.503561,0.271775,1,0,,0,0,0,0,0,0,0,0,103808,104555,0,232,0
2.00018e+006,1,0,0.00430878,0.0935958,0.462564,0.290612,1,0,,0,0,0,0,0,0,0,0,103808,104555,0,232,0
2.00028e+006,1,0,0.00301615,0.0754798,0.423856,0.317036,1,0,,0,0,0,0,0,0,0,0,103808,104555,0,232,0
2.00038e+006,1,0,0.0021113,0.0608061,0.387551,0.303661,1,0,,0,0,0,0,0,0,0,0,103808,104555,0,232,0
2.00048e+006,1,0,0.00147791,0.0489405,0.35369,0.29461,1,0,,0,0,0,0,0,0,0,0,103808,104555,0,232,0
2.00058e+006,1,0,0.00103454,0.0393593,0.322257,0.298138,1,0,,0,0,0,0,0,0,0,0,103808,104555,0,232,0
2.00068e+006,1,0,0.000724177,0.0316323,0.293194,0.32461,1,0,,0,0,0,0,0,0,0,0,103808,104555,0,232,0
2.00078e+006,1,0,0.000506924,0.0254072,0.266416,0.310722,1,0,,0,0,0,0,0,0,0,0,103808,104555,0,232,0
2.00088e+006,1,0,0.000354847,0.0203967,0.241814,0.307386,1,0,,0,0,0,0,0,0,0,0,103808,104555,0,232,0
2.00098e+006,1,0,0.000248393,0.0163671,0.219269,0.28266,1,0,,0,0,0,0,0,0,0,0,103808,104555,0,232,0
2.00108e+006,1,0,0.000173875,0.0131284,0.198655,0.303196,1,0,,0,0,0,0,0,0,0,0,103808,104555,0,232,0
2.00118e+006,1,0,0.000121712,0.0105271,0.179842,0.317246,1,0,,0,0,0,0,0,0,0,0,103808,104555,0,232,0
2.00128e+006,1,0,8.51987e-005,0.00843871,0.162702,0.318684,1,0,,0,0,0,0,0,0,0,0,103808,104555,0,232,0
2.00138e+006,1,0,5.96391e-005,0.00676289,0.147108,0.281597,1,0,,0,0,0,0,0,0,0,0,103808,104555,0,232,0
2.00148e+006,1,0,4.17474e-005,0.00541867,0.132939,0.281248,1,0,,0,0,0,0,0,0,0,0,103808,104555,0,232,0
2.00158e+006,1,0,2.92232e-005,0.00434078,0.120079,0.309134,1,0,,0,0,0,0,0,0,0,0,103808,104555,0,232,0
2.00168e+006,1,0,2.04562e-005,0.00347671,0.108419,0.306035,1,0,,0,0,0,0,0,0,0,0,103808,104555,0,232,0
2.00178e+006,1,0,1.43194e-005,0.00278423,0.0978554,0.280288,1,0,,0,0,0,0,0,0,0,0,103808,104555,0,232,0
2.00188e+006,1,0,1.00235e-005,0.00222939,0.0882928,0.291962,1,0,,0,0,0,0,0,0,0,0,103808,104555,0,232,0
2.00198e+006,1,0,7.01648e-006,0.00178492,0.079642,0.286186,1,0,,0,0,0,0,0,0,0,0,103808,104555,0,232,0
2.00208e+006,1,0,4.91154e-006,0.00142892,0.0718207,0.27965,1,0,,0,0,0,0,0,0,0,0,103808,104555,0,232,0
2.00218e+006,1,17,5.1,1.02114,0.166753,0.290114,1,0,,0,0,0,0,0,0,0,0,103808,104555,0,232,0
2.00228e+006,1,0,3.57,1.53092,0.303169,0.306078,1,0,,0,0,0,0,0,0,0,0,103808,104555,0,232,0
2.00238e+006,1,0,2.499,1.72453,0.445306,0.310526,1,0,,0,0,0,0,0,0,0,0,103808,104555,0,232,0
2.00248e+006,1,0,1.7493,1.72949,0.573724,0.280315,1,0,,0,0,0,0,0,0,0,0,103808,104555,0,232,0
2.00258e+006,1,0,1.22451,1.62849,0.679201,0.30129,1,0,,0,0,0,0,0,0,0,0,103808,104555,0,232,0
2.00268e+006,1,0,0.857158,1.47422,0.758703,0.30779,1,0,,0,0,0,0,0,0,0,0,103808,104555,0,232,0
2.00278e+006,1,0,0.60001,1.29938,0.812771,0.281364,1,0,,0,0,0,0,0,0,0,0,103808,104555,0,232,0
2.00288e+006,1,0,0.420007,1.12351,0.843844,0.327239,1,0,,0,0,0,0,0,0,0,0,103808,104555,0,232,0
2.00298e+006,1,0,0.294005,0.957607,0.855221,0.292366,1,0,,0,0,0,0,0,0,0,0,103808,104555,0,232,0
2.00308e+006,1,0,0.205804,0.807246,0.850423,0.32219,1,0,,0,0,0,0,0,0,0,0,103808,104555,0,232,0
2.00318e+006,1,0,0.144062,0.674609,0.832842,0.300677,1,0,,0,0,0,0,0,0,0,0,103808,104555,0,232,0
2.00328e+006,1,0,0.100844,0.559856,0.805543,0.299653,1,0,,0,0,0,0,0,0,0,0,103808,104555,0,232,0
2.00338e+006,1,0,0.0705906,0.462003,0.771189,0.274129,1,0,,0,0,0,0,0,0,0,0,103808,104555,0,232,0
2.00348e+006,1,0,0.0494134,0.379485,0.732019,0.298104,1,0,,0,0,0,0,0,0,0,0,103808,104555,0,232,0
2.00358e+006,1,0,0.0345894,0.310506,0.689867,0.304676,1,0,,0,0,0,0,0,0,0,0,103808,104555,0,232,0
2.00368e+006,1,0,0.0242126,0.253247,0.646205,0.309852,1,0,,0,0,0,0,0,0,0,0,103808,104555,0,232,0
2.00378e+006,1,0,0.0169488,0.205988,0.602184,0.29434,1,0,,0,0,0,0,0,0,0,0,103808,104555,0,232,0
2.00388e+006,1,0,0.0118642,0.167163,0.558681,0.298441,1,0,,0,0,0,0,0,0,0,0,103808,104555,0,232,0
2.00398e+006,1,0,0.00830491,0.135391,0.516352,0.291204,1,0,,0,0,0,0,0,0,0,0,103808,104555,0,232,0
2.00408e+006,1,0,0.00581344,0.109476,0.475665,0.320778,1,0,,0,0,0,0,0,0,0,0,103808,104555,0,232,0
2.00418e+006,1,0,0.00406941,0.0883945,0.436938,0.295526,1,0,,0,0,0,0,0,0,0,0,103808,104555,0,232,0
2.00428e+006,1,0,0.00284858,0.0712853,0.400372,0.31795,1,0,,0,0,0,0,0,0,0,0,103808,104555,0,232,0
2.00438e+006,1,0,0.00199401,0.057427,0.366078,0.351937,1,0,,0,0,0,0,0,0,0,0,103808,104555,0,232,0
2.00448e+006,1,0,0.00139581,0.0462208,0.334092,0.298261,1,0,,0,0,0,0,0,0,0,0,103808,104555,0,232,0
2.00458e+006,1,0,0.000977065,0.0371721,0.3044,0.286862,1,0,,0,0,0,0,0,0,0,0,103808,104555,0,232,0
2.00468e+006,1,0,0.000683945,0.0298744,0.276948,0.297124,1,0,,0,0,0,0,0,0,0,0,103808,104555,0,232,0
2.00478e+006,1,0,0.000478762,0.0239953,0.251652,0.324702,1,0,,0,0,0,0,0,0,0,0,103808,104555,0,232,0
2.00488e+006,1,0,0.000335133,0.0192633,0.228413,0.305691,1,0,,0,0,0,0,0,0,0,0,103808,104555,0,232,0
2.00498e+006,1,0,0.000234593,0.0154575,0.207118,0.314391,1,0,,0,0,0,0,0,0,0,0,103808,104555,0,232,0
2.00508e+006,1,0,0.000164215,0.0123989,0.187646,0.310688,1,0,,0,0,0,0,0,0,0,0,103808,104555,0,232,0
2.00518e+006,1,0,0.000114951,0.00994209,0.169876,0.288164,1,0,,0,0,0,0,0,0,0,0,103808,104555,0,232,0
2.00528e+006,1,0,8.04655e-005,0.00796976,0.153685,0.303838,1,0,,0,0,0,0,0,0,0,0,103808,104555,0,232,0
2.00538e+006,1,0,5.63258e-005,0.00638707,0.138955,0.305642,1,0,,0,0,0,0,0,0,0,0,103808,104555,0,232,0
2.00548e+006,1,0,3.94281e-005,0.00511755,0.125571,0.291443,1,0,,0,0,0,0,0,0,0,0,103808,104555,0,232,0
2.00558e+006,1,0,2.75997e-005,0.00409956,0.113424,0.319769,1,0,,0,0,0,0,0,0,0,0,103808,104555,0,232,0
2.00568e+006,1,0,1.93198e-005,0.00328351,0.10241,0.285756,1,0,,0,0,0,0,0,0,0,0,103808,104555,0,232,0
2.00578e+006,1,0,1.35238e-005,0.00262951,0.0924321,0.287982,1,0,,0,0,0,0,0,0,0,0,103808,104555,0,232,0
2.00588e+006,1,0,9.46668e-006,0.0021055,0.0833994,0.28407,1,0,,0,0,0,0,0,0,0,0,103808,104555,0,232,0
2.00598e+006,1,0,6.62668e-006,0.00168573,0.075228,0.297159,1,0,,0,0,0,0,0,0,0,0,103808,104555,0,232,0
2.00608e+006,1,0,4.63867e-006,0.00134951,0.0678402,0.326272,1,0,,0,0,0,0,0,0,0,0,103808,104555,0,232,0
2.00618e+006,1,18,5.4,1.08108,0.169164,0.269832,1,0,,0,0,0,0,0,0,0,0,103808,104555,0,232,0
2.00628e+006,1,0,3.78,1.62086,0.314334,0.317456,1,0,,0,0,0,0,0,0,0,0,103808,104555,0,232,0
2.00638e+006,1,0,2.646,1.82589,0.46549,0.300995,1,0,,0,0,0,0,0,0,0,0,103808,104555,0,232,0
2.00648e+006,1,0,1.8522,1.83115,0.602056,0.349305,1,0,,0,0,0,0,0,0,0,0,103808,104555,0,232,0
2.00658e+006,1,0,1.29654,1.72423,0.714274,0.316346,1,0,,0,0,0,0,0,0,0,0,103808,104555,0,232,0
2.00668e+006,1,0,0.907579,1.5609,0.798937,0.316871,1,0,,0,0,0,0,0,0,0,0,103808,104555,0,232,0
2.00678e+006,1,0,0.635305,1.37578,0.856621,0.281047,1,0,,0,0,0,0,0,0,0,0,103808,104555,0,232,0
2.00688e+006,1,0,0.444713,1.18957,0.889916,0.281549,1,0,,0,0,0,0,0,0,0,0,103808,104555,0,232,0
2.00698e+006,1,0,0.311299,1.01391,0.902316,0.284499,1,0,,0,0,0,0,0,0,0,0,103808,104555,0,232,0
2.00708e+006,1,0,0.21791,0.854713,0.897555,0.28555,1,0,,0,0,0,0,0,0,0,0,103808,104555,0,232,0
2.00718e+006,1,0,0.152537,0.714278,0.879228,0.307136,1,0,,0,0,0,0,0,0,0,0,103808,104555,0,232,0
2.00728e+006,1,0,0.106776,0.592778,0.850583,0.29275,1,0,,0,0,0,0,0,0,0,0,103808,104555,0,232,0
2.00738e+006,1,0,0.074743,0.489171,0.814441,0.282353,1,0,,0,0,0,0,0,0,0,0,103808,104555,0,232,0
2.00748e+006,1,0,0.0523201,0.401801,0.773177,0.320279,1,0,,0,0,0,0,0,0,0,0,103808,104555,0,232,0
2.00758e+006,1,0,0.0366241,0.328765,0.728736,0.294239,1,0,,0,0,0,0,0,0,0,0,103808,104555,0,232,0
2.00768e+006,1,0,0.0256368,0.26814,0.682676,0.279064,1,0,,0,0,0,0,0,0,0,0,103808,104555,0,232,0
2.00778e+006,1,0,0.0179458,0.218101,0.636219,0.295588,1,0,,0,0,0,0,0,0,0,0,103808,104555,0,232,0
2.00788e+006,1,0,0.0125621,0.176993,0.590296,0.328526,1,0,,0,0,0,0,0,0,0,0,103808,104555,0,232,0
2.00798e+006,1,0,0.00879344,0.143353,0.545602,0.321939,1,0,,0,0,0,0,0,0,0,0,103808,104555,0,232,0
2.00808e+006,1,0,0.00615541,0.115914,0.502633,0.32194,1,0,,0,0,0,0,0,0,0,0,103808,104555,0,232,0
2.00818e+006,1,0,0.00430878,0.0935926,0.461729,0.314853,1,0,,0,0,0,0,0,0,0,0,103808,104555,0,232,0
2.00828e+006,1,0,0.00301615,0.0754773,0.423104,0.302816,1,0,,0,0,0,0,0,0,0,0,103808,104555,0,232,0
2.00838e+006,1,0,0.0021113,0.0608041,0.386874,0.302794,1,0,,0,0,0,0,0,0,0,0,103808,104555,0,232,0
2.00848e+006,1,0,0.00147791,0.0489389,0.35308,0.303656,1,0,,0,0,0,0,0,0,0,0,103808,104555,0,232,0
2.00858e+006,1,0,0.00103454,0.039358,0.321708,0.287256,1,0,,0,0,0,0,0,0,0,0,103808,104555,0,232,0
2.00868e+006,1,0,0.000724177,0.0316313,0.2927,0.31603,1,0,,0,0,0,0,0,0,0,0,103808,104555,0,232,0
2.00878e+006,1,0,0.000506924,0.0254064,0.265971,0.332443,1,0,,0,0,0,0,0,0,0,0,103808,104555,0,232,0
2.00888e+006,1,0,0.000354847,0.0203961,0.241414,0.271818,1,0,,0,0,0,0,0,0,0,0,103808,104555,0,232,0
2.00898e+006,1,0,0.000248393,0.0163665,0.218909,0.308981,1,0,,0,0,0,0,0,0,0,0,103808,104555,0,232,0
2.00908e+006,1,0,0.000173875,0.013128,0.198331,0.300843,1,0,,0,0,0,0,0,0,0,0,103808,104555,0,232,0
2.00918e+006,1,0,0.000121712,0.0105268,0.17955,0.356629,1,0,,0,0,0,0,0,0,0,0,103808,104555,0,232,0
2.00928e+006,1,0,8.51987e-005,0.00843844,0.162439,0.298089,1,0,,0,0,0,0,0,0,0,0,103808,104555,0,232,0
2.00938e+006,1,0,5.96391e-005,0.00676268,0.146872,0.308351,1,0,,0,0,0,0,0,0,0,0,103808,104555,0,232,0
2.00948e+006,1,0,4.17474e-005,0.00541849,0.132726,0.313814,1,0,,0,0,0,0,0,0,0,0,103808,104555,0,232,0
2.00958e+006,1,0,2.92232e-005,0.00434064,0.119888,0.299477,1,0,,0,0,0,0,0,0,0,0,103808,104555,0,232,0
2.00968e+006,1,0,2.04562e-005,0.0034766,0.108247,0.299928,1,0,,0,0,0,0,0,0,0,0,103808,104555,0,232,0
2.00978e+006,1,0,1.43194e-005,0.00278415,0.0977003,0.301325,1,0,,0,0,0,0,0,0,0,0,103808,104555,0,232,0
2.00988e+006,1,0,1.00235e-005,0.00222932,0.0881532,0.297313,1,0,,0,0,0,0,0,0,0,0,103808,104555,0,232,0
2.00998e+006,1,0,7.01648e-006,0.00178486,0.0795164,0.294464,1,0,,0,0,0,0,0,0,0,0,103808,104555,0,232,0
2.01008e+006,1,17,5.10001,1.02143,0.173708,0.297424,1,0,,0,0,0,0,0,0,0,0,103808,104555,0,232,0
2.01018e+006,1,0,3.57,1.53114,0.309451,0.321933,1,0,,0,0,0,0,0,0,0,0,103808,104555,0,232,0
2.01028e+006,1,0,2.499,1.72472,0.450978,0.296206,1,0,,0,0,0,0,0,0,0,0,103808,104555,0,232,0
2.01038e+006,1,0,1.7493,1.72963,0.578843,0.308956,1,0,,0,0,0,0,0,0,0,0,103808,104555,0,232,0
2.01048e+006,1,0,1.22451,1.62861,0.68382,0.31432,1,0,,0,0,0,0,0,0,0,0,103808,104555,0,232,0
2.01058e+006,1,0,0.857158,1.47432,0.76287,0.29477,1,0,,0,0,0,0,0,0,0,0,103808,104555,0,232,0
2.01068e+006,1,0,0.60001,1.29946,0.816528,0.325995,1,0,,0,0,0,0,0,0,0,0,103808,104555,0,232,0
2.01078e+006,1,0,0.420007,1.12357,0.847232,0.301355,1,0,,0,0,0,0,0,0,0,0,103808,104555,0,232,0
2.01088e+006,1,0,0.294005,0.957654,0.858274,0.298603,1,0,,0,0,0,0,0,0,0,0,103808,104555,0,232,0
2.01098e+006,1,0,0.205804,0.807284,0.853175,0.297641,1,0,,0,0,0,0,0,0,0,0,103808,104555,0,232,0
2.01108e+006,1,0,0.144063,0.67464,0.835322,0.284304,1,0,,0,0,0,0,0,0,0,0,103808,104555,0,232,0
2.01118e+006,1,0,0.100844,0.559881,0.807778,0.308155,1,0,,0,0,0,0,0,0,0,0,103808,104555,0,232,0
2.01128e+006,1,0,0.0705906,0.462023,0.773202,0.324042,1,0,,0,0,0,0,0,0,0,0,103808,104555,0,232,0
2.01138e+006,1,0,0.0494134,0.379501,0.733832,0.335566,1,0,,0,0,0,0,0,0,0,0,103808,104555,0,232,0
2.01148e+006,1,0,0.0345894,0.310519,0.691501,0.298127,1,0,,0,0,0,0,0,0,0,0,103808,104555,0,232,0
2.01158e+006,1,0,0.0242126,0.253257,0.647676,0.309402,1,0,,0,0,0,0,0,0,0,0,103808,104555,0,232,0
2.01168e+006,1,0,0.0169488,0.205996,0.603508,0.323336,1,0,,0,0,0,0,0,0,0,0,103808,104555,0,232,0
2.01178e+006,1,0,0.0118642,0.167169,0.559874,0.295261,1,0,,0,0,0,0,0,0,0,0,103808,104555,0,232,0
2.01188e+006,1,1,0.308305,0.195396,0.523427,0.358299,1,0,,0,0,0,0,0,0,0,0,103808,104555,0,232,0
2.01198e+006,1,0,0.215813,0.19948,0.491032,0.332236,1,0,,0,0,0,0,0,0,0,0,103808,104555,0,232,0
2.01208e+006,1,0,0.151069,0.189798,0.460908,0.297249,1,0,,0,0,0,0,0,0,0,0,103808,104555,0,232,0
2.01218e+006,1,0,0.105749,0.172988,0.432116,0.28206,1,0,,0,0,0,0,0,0,0,0,103808,104555,0,232,0
2.01228e+006,1,0,0.074024,0.153195,0.404224,0.307661,1,0,,0,0,0,0,0,0,0,0,103808,104555,0,232,0
2.01238e+006,1,0,0.0518168,0.13292,0.377094,0.310635,1,0,,0,0,0,0,0,0,0,0,103808,104555,0,232,0
2.01248e+006,1,0,0.0362718,0.11359,0.350743,0.313546,1,0,,0,0,0,0,0,0,0,0,103808,104555,0,232,0
2.01258e+006,1,0,0.0253902,0.09595,0.325264,0.296744,1,0,,0,0,0,0,0,0,0,0,103808,104555,0,232,0
2.01268e+006,1,0,0.0177732,0.0803147,0.300769,0.309744,1,0,,0,0,0,0,0,0,0,0,103808,104555,0,232,0
2.01278e+006,1,0,0.0124412,0.06674,0.277366,0.293682,1,0,,0,0,0,0,0,0,0,0,103808,104555,0,232,0
2.01288e+006,1,0,0.00870885,0.0551337,0.255143,0.300322,1,0,,0,0,0,0,0,0,0,0,103808,104555,0,232,0
2.01298e+006,1,0,0.0060962,0.0453262,0.234161,0.316595,1,0,,0,0,0,0,0,0,0,0,103808,104555,0,232,0
2.01308e+006,1,0,0.00426734,0.0371145,0.214457,0.295071,1,0,,0,0,0,0,0,0,0,0,103808,104555,0,232,0
2.01318e+006,1,0,0.00298714,0.030289,0.19604,0.281519,1,0,,0,0,0,0,0,0,0,0,103808,104555,0,232,0
2.01328e+006,1,0,0.00209099,0.0246494,0.178901,0.315921,1,0,,0,0,0,0,0,0,0,0,103808,104555,0,232,0
2.01338e+006,1,0,0.0014637,0.0200123,0.163012,0.349396,1,0,,0,0,0,0,0,0,0,0,103808,104555,0,232,0
2.01348e+006,1,0,0.00102459,0.0162147,0.148332,0.323182,1,0,,0,0,0,0,0,0,0,0,103808,104555,0,232,0
2.01358e+006,1,0,0.000717211,0.0131152,0.13481,0.316281,1,0,,0,0,0,0,0,0,0,0,103808,104555,0,232,0
2.01368e+006,1,0,0.000502048,0.0105926,0.122389,0.309057,1,0,,0,0,0,0,0,0,0,0,103808,104555,0,232,0
2.01378e+006,1,0,0.000351434,0.00854435,0.111004,0.315968,1,0,,0,0,0,0,0,0,0,0,103808,104555,0,232,0
2.01388e+006,1,0,0.000246003,0.00688468,0.100592,0.32188,1,0,,0,0,0,0,0,0,0,0,103808,104555,0,232,0
2.01398e+006,1,0,0.000172202,0.00554219,0.0910873,0.304631,1,0,,0,0,0,0,0,0,0,0,103808,104555,0,232,0
2.01408e+006,1,18,5.40012,1.08446,0.190424,0.287966,1,0,,0,0,0,0,0,0,0,0,103808,104555,0,232,0
2.01418e+006,1,0,3.78008,1.62358,0.33374,0.300352,1,0,,0,0,0,0,0,0,0,0,103808,104555,0,232,0
2.01428e+006,1,0,2.64606,1.82808,0.483174,0.296692,1,0,,0,0,0,0,0,0,0,0,103808,104555,0,232,0
2.01438e+006,1,0,1.85224,1.83291,0.618148,0.329066,1,0,,0,0,0,0,0,0,0,0,103808,104555,0,232,0
2.01448e+006,1,0,1.29657,1.72564,0.728897,0.289968,1,0,,0,0,0,0,0,0,0,0,103808,104555,0,232,0
2.01458e+006,1,0,0.907598,1.56203,0.812211,0.304118,1,0,,0,0,0,0,0,0,0,0,103808,104555,0,232,0
2.01468e+006,1,0,0.635319,1.37669,0.868659,0.305792,1,0,,0,0,0,0,0,0,0,0,103808,104555,0,232,0
2.01478e+006,1,0,0.444723,1.1903,0.900823,0.283992,1,0,,0,0,0,0,0,0,0,0,103808,104555,0,232,0
2.01488e+006,1,0,0.311306,1.0145,0.91219,0.285417,1,0,,0,0,0,0,0,0,0,0,103808,104555,0,232,0
2.01498e+006,1,0,0.217914,0.855182,0.906489,0.281506,1,0,,0,0,0,0,0,0,0,0,103808,104555,0,232,0
2.01508e+006,1,0,0.15254,0.714654,0.887306,0.320131,1,0,,0,0,0,0,0,0,0,0,103808,104555,0,232,0
2.01518e+006,1,0,0.106778,0.593079,0.857883,0.283019,1,0,,0,0,0,0,0,0,0,0,103808,104555,0,232,0
2.01528e+006,1,0,0.0747446,0.489412,0.821036,0.308006,1,0,,0,0,0,0,0,0,0,0,103808,104555,0,232,0
2.01538e+006,1,0,0.0523212,0.401994,0.779132,0.289443,1,0,,0,0,0,0,0,0,0,0,103808,104555,0,232,0
2.01548e+006,1,0,0.0366249,0.32892,0.734111,0.291953,1,0,,0,0,0,0,0,0,0,0,103808,104555,0,232,0
2.01558e+006,1,0,0.0256374,0.268263,0.687526,0.298782,1,0,,0,0,0,0,0,0,0,0,103808,104555,0,232,0
2.01568e+006,1,0,0.0179462,0.2182,0.640593,0.304007,1,0,,0,0,0,0,0,0,0,0,103808,104555,0,232,0
2.01578e+006,1,0,0.0125623,0.177072,0.594241,0.295681,1,0,,0,0,0,0,0,0,0,0,103808,104555,0,232,0
2.01588e+006,1,0,0.00879363,0.143417,0.549159,0.282469,1,0,,0,0,0,0,0,0,0,0,103808,104555,0,232,0
2.01598e+006,1,0,0.00615554,0.115964,0.505839,0.286631,1,0,,0,0,0,0,0,0,0,0,103808,104555,0,232,0
2.01608e+006,1,0,0.00430888,0.0936333,0.464619,0.299218,1,0,,0,0,0,0,0,0,0,0,103808,104555,0,232,0
2.01618e+006,1,0,0.00301621,0.0755099,0.425708,0.299691,1,0,,0,0,0,0,0,0,0,0,103808,104555,0,232,0
2.01628e+006,1,0,0.00211135,0.0608302,0.38922,0.291077,1,0,,0,0,0,0,0,0,0,0,103808,104555,0,232,0
2.01638e+006,1,0,0.00147794,0.0489598,0.355194,0.293851,1,0,,0,0,0,0,0,0,0,0,103808,104555,0,232,0
2.01648e+006,1,0,0.00103456,0.0393747,0.323612,0.326204,1,0,,0,0,0,0,0,0,0,0,103808,104555,0,232,0
2.01658e+006,1,0,0.000724193,0.0316446,0.294415,0.298266,1,0,,0,0,0,0,0,0,0,0,103808,104555,0,232,0
2.01668e+006,1,0,0.000506935,0.0254171,0.267516,0.327616,1,0,,0,0,0,0,0,0,0,0,103808,104555,0,232,0
2.01678e+006,1,0,0.000354855,0.0204046,0.242804,0.297154,1,0,,0,0,0,0,0,0,0,0,103808,104555,0,232,0
2.01688e+006,1,0,0.000248398,0.0163734,0.220161,0.27919,1,0,,0,0,0,0,0,0,0,0,103808,104555,0,232,0
2.01698e+006,1,0,0.000173879,0.0131335,0.199459,0.311154,1,0,,0,0,0,0,0,0,0,0,103808,104555,0,232,0
2.01708e+006,1,0,0.000121715,0.0105311,0.180566,0.363042,1,0,,0,0,0,0,0,0,0,0,103808,104555,0,232,0
2.01718e+006,1,0,8.52006e-005,0.00844195,0.163353,0.315203,1,0,,0,0,0,0,0,0,0,0,103808,104555,0,232,0
2.01728e+006,1,0,5.96404e-005,0.00676548,0.147695,0.323852,1,0,,0,0,0,0,0,0,0,0,103808,104555,0,232,0
2.01738e+006,1,0,4.17483e-005,0.00542074,0.133467,0.330914,1,0,,0,0,0,0,0,0,0,0,103808,104555,0,232,0
2.01748e+006,1,0,2.92238e-005,0.00434243,0.120555,0.312162,1,0,,0,0,0,0,0,0,0,0,103808,104555,0,232,0
2.01758e+006,1,0,2.04567e-005,0.00347804,0.108847,0.308825,1,0,,0,0,0,0,0,0,0,0,103808,104555,0,232,0
2.01768e+006,1,0,1.43197e-005,0.0027853,0.0982409,0.300836,1,0,,0,0,0,0,0,0,0,0,103808,104555,0,232,0
2.01778e+006,1,0,1.00238e-005,0.00223024,0.0886398,0.300748,1,0,,0,0,0,0,0,0,0,0,103808,104555,0,232,0
2.01788e+006,1,0,7.01663e-006,0.0017856,0.0799544,0.334998,1,0,,0,0,0,0,0,0,0,0,103808,104555,0,232,0
2.01798e+006,1,0,4.91164e-006,0.00142946,0.0721019,0.282663,1,0,,0,0,0,0,0,0,0,0,103808,104555,0,232,0
2.01808e+006,1,18,5.4,1.08114,0.173006,0.319075,1,0,,0,0,0,0,0,0,0,0,103808,104555,0,232,0
2.01818e+006,1,0,3.78,1.62092,0.317797,0.331302,1,0,,0,0,0,0,0,0,0,0,103808,104555,0,232,0
2.01828e+006,1,0,2.646,1.82593,0.468611,0.324393,1,0,,0,0,0,0,0,0,0,0,103808,104555,0,232,0
2.01838e+006,1,0,1.8522,1.83119,0.604868,0.321406,1,0,,0,0,0,0,0,0,0,0,103808,104555,0,232,0
2.01848e+006,1,0,1.29654,1.72426,0.716807,0.302357,1,0,,0,0,0,0,0,0,0,0,103808,104555,0,232,0
2.01858e+006,1,0,0.907579,1.56092,0.801219,0.308982,1,0,,0,0,0,0,0,0,0,0,103808,104555,0,232,0
2.01868e+006,1,0,0.635305,1.3758,0.858677,0.321032,1,0,,0,0,0,0,0,0,0,0,103808,104555,0,232,0
2.01878e+006,1,0,0.444713,1.18958,0.891767,0.291657,1,0,,0,0,0,0,0,0,0,0,103808,104555,0,232,0
2.01888e+006,1,0,0.311299,1.01393,0.903983,0.356894,1,0,,0,0,0,0,0,0,0,0,103808,104555,0,232,0
2.01898e+006,1,0,0.21791,0.854722,0.899057,0.314157,1,0,,0,0,0,0,0,0,0,0,103808,104555,0,232,0
2.01908e+006,1,0,0.152537,0.714285,0.88058,0.339994,1,0,,0,0,0,0,0,0,0,0,103808,104555,0,232,0
2.01918e+006,1,0,0.106776,0.592783,0.8518,0.292319,1,0,,0,0,0,0,0,0,0,0,103808,104555,0,232,0
2.01928e+006,1,0,0.074743,0.489175,0.815537,0.361994,1,0,,0,0,0,0,0,0,0,0,103808,104555,0,232,0
2.01938e+006,1,0,0.0523201,0.401804,0.774164,0.310156,1,0,,0,0,0,0,0,0,0,0,103808,104555,0,232,0
2.01948e+006,1,0,0.0366241,0.328768,0.729624,0.294031,1,0,,0,0,0,0,0,0,0,0,103808,104555,0,232,0
2.01958e+006,1,0,0.0256368,0.268142,0.683476,0.309118,1,0,,0,0,0,0,0,0,0,0,103808,104555,0,232,0
2.01968e+006,1,0,0.0179458,0.218103,0.636939,0.354667,1,0,,0,0,0,0,0,0,0,0,103808,104555,0,232,0
2.01978e+006,1,0,0.0125621,0.176995,0.590944,0.320626,1,0,,0,0,0,0,0,0,0,0,103808,104555,0,232,0
2.01988e+006,1,0,0.00879344,0.143354,0.546185,0.321288,1,0,,0,0,0,0,0,0,0,0,103808,104555,0,232,0
2.01998e+006,1,0,0.00615541,0.115915,0.503158,0.300152,1,0,,0,0,0,0,0,0,0,0,103808,104555,0,232,0
2.02008e+006,1,0,0.00430878,0.0935934,0.462202,0.349901,1,0,,0,0,0,0,0,0,0,0,103808,104555,0,232,0
2.02018e+006,1,0,0.00301615,0.075478,0.423529,0.320312,1,0,,0,0,0,0,0,0,0,0,103808,104555,0,232,0
2.02028e+006,1,0,0.0021113,0.0608046,0.387257,0.302349,1,0,,0,0,0,0,0,0,0,0,103808,104555,0,232,0
2.02038e+006,1,0,0.00147791,0.0489393,0.353425,0.318026,1,0,,0,0,0,0,0,0,0,0,103808,104555,0,232,0
2.02048e+006,1,0,0.00103454,0.0393583,0.322018,0.277564,1,0,,0,0,0,0,0,0,0,0,103808,104555,0,232,0
2.02058e+006,1,0,0.000724177,0.0316315,0.29298,0.322789,1,0,,0,0,0,0,0,0,0,0,103808,104555,0,232,0
2.02068e+006,1,0,0.000506924,0.0254066,0.266222,0.368402,1,0,,0,0,0,0,0,0,0,0,103808,104555,0,232,0
2.02078e+006,1,0,0.000354847,0.0203962,0.24164,0.322652,1,0,,0,0,0,0,0,0,0,0,103808,104555,0,232,0
2.02088e+006,1,0,0.000248393,0.0163667,0.219113,0.299303,1,0,,0,0,0,0,0,0,0,0,103808,104555,0,232,0
2.02098e+006,1,0,0.000173875,0.0131281,0.198514,0.288107,1,0,,0,0,0,0,0,0,0,0,103808,104555,0,232,0
2.02108e+006,1,0,0.000121712,0.0105268,0.179715,0.28742,1,0,,0,0,0,0,0,0,0,0,103808,104555,0,232,0
2.02118e+006,1,0,8.51987e-005,0.00843851,0.162588,0.318047,1,0,,0,0,0,0,0,0,0,0,103808,104555,0,232,0
2.02128e+006,1,0,5.96391e-005,0.00676273,0.147005,0.300672,1,0,,0,0,0,0,0,0,0,0,103808,104555,0,232,0
2.02138e+006,1,0,4.17474e-005,0.00541854,0.132846,0.346272,1,0,,0,0,0,0,0,0,0,0,103808,104555,0,232,0
2.02148e+006,1,0,2.92232e-005,0.00434067,0.119996,0.293299,1,0,,0,0,0,0,0,0,0,0,103808,104555,0,232,0
2.02158e+006,1,0,2.04562e-005,0.00347663,0.108344,0.311544,1,0,,0,0,0,0,0,0,0,0,103808,104555,0,232,0
2.02168e+006,1,0,1.43194e-005,0.00278417,0.097788,0.326894,1,0,,0,0,0,0,0,0,0,0,103808,104555,0,232,0
2.02178e+006,1,0,1.00235e-005,0.00222934,0.0882321,0.338318,1,0,,0,0,0,0,0,0,0,0,103808,104555,0,232,0
2.02188e+006,1,0,7.01648e-006,0.00178487,0.0795874,0.283244,1,0,,0,0,0,0,0,0,0,0,103808,104555,0,232,0
2.02198e+006,1,17,5.10001,1.02143,0.173772,0.277771,1,0,,0,0,0,0,0,0,0,0,103808,104555,0,232,0
2.02208e+006,1,0,3.57,1.53114,0.309509,0.30466,1,0,,0,0,0,0,0,0,0,0,103808,104555,0,232,0
2.02218e+006,1,0,2.499,1.72472,0.451029,0.30266,1,0,,0,0,0,0,0,0,0,0,103808,104555,0,232,0
2.02228e+006,1,0,1.7493,1.72963,0.57889,0.29091,1,0,,0,0,0,0,0,0,0,0,103808,104555,0,232,0
2.02238e+006,1,0,1.22451,1.62861,0.683862,0.294971,1,0,,0,0,0,0,0,0,0,0,103808,104555,0,232,0
2.02248e+006,1,0,0.857158,1.47432,0.762907,0.278447,1,0,,0,0,0,0,0,0,0,0,103808,104555,0,232,0
2.02258e+006,1,0,0.60001,1.29946,0.816562,0.301898,1,0,,0,0,0,0,0,0,0,0,103808,104555,0,232,0
2.02268e+006,1,0,0.420007,1.12357,0.847263,0.312321,1,0,,0,0,0,0,0,0,0,0,103808,104555,0,232,0
2.02278e+006,1,0,0.294005,0.957654,0.858302,0.338465,1,0,,0,0,0,0,0,0,0,0,103808,104555,0,232,0
2.02288e+006,1,0,0.205804,0.807284,0.8532,0.301702,1,0,,0,0,0,0,0,0,0,0,103808,104555,0,232,0
2.02298e+006,1,0,0.144063,0.67464,0.835344,0.309215,1,0,,0,0,0,0,0,0,0,0,103808,104555,0,232,0
2.02308e+006,1,0,0.100844,0.559881,0.807798,0.333703,1,0,,0,0,0,0,0,0,0,0,103808,104555,0,232,0
2.02318e+006,1,0,0.0705906,0.462023,0.77322,0.306628,1,0,,0,0,0,0,0,0,0,0,103808,104555,0,232,0
2.02328e+006,1,0,0.0494134,0.379501,0.733848,0.329853,1,0,,0,0,0,0,0,0,0,0,103808,104555,0,232,0
2.02338e+006,1,1,0.334589,0.370519,0.697515,0.32265,1,0,,0,0,0,0,0,0,0,0,103808,104555,0,232,0
2.02348e+006,1,0,0.234213,0.343257,0.662089,0.303061,1,0,,0,0,0,0,0,0,0,0,103808,104555,0,232,0
2.02358e+006,1,0,0.163949,0.307396,0.62662,0.322034,1,0,,0,0,0,0,0,0,0,0,103808,104555,0,232,0
2.02368e+006,1,0,0.114764,0.268869,0.590845,0.309621,1,0,,0,0,0,0,0,0,0,0,103808,104555,0,232,0
2.02378e+006,1,0,0.0803349,0.231163,0.554877,0.316946,1,0,,0,0,0,0,0,0,0,0,103808,104555,0,232,0
2.02388e+006,1,0,0.0562344,0.196177,0.519007,0.341819,1,0,,0,0,0,0,0,0,0,0,103808,104555,0,232,0
2.02398e+006,1,0,0.0393641,0.164814,0.483587,0.30717,1,0,,0,0,0,0,0,0,0,0,103808,104555,0,232,0
2.02408e+006,1,0,0.0275549,0.137362,0.448965,0.326494,1,0,,0,0,0,0,0,0,0,0,103808,104555,0,232,0
2.02418e+006,1,0,0.0192884,0.113748,0.415443,0.294195,1,0,,0,0,0,0,0,0,0,0,103808,104555,0,232,0
2.02428e+006,1,0,0.0135019,0.0936985,0.383269,0.311534,1,0,,0,0,0,0,0,0,0,0,103808,104555,0,232,0
2.02438e+006,1,0,0.00945132,0.0768491,0.352627,0.282321,1,0,,0,0,0,0,0,0,0,0,103808,104555,0,232,0
2.02448e+006,1,0,0.00661593,0.0628024,0.323644,0.303611,1,0,,0,0,0,0,0,0,0,0,103808,104555,0,232,0
2.02458e+006,1,0,0.00463115,0.0511682,0.296397,0.340611,1,0,,0,0,0,0,0,0,0,0,103808,104555,0,232,0
2.02468e+006,1,0,0.0032418,0.0415829,0.270915,0.294612,1,0,,0,0,0,0,0,0,0,0,103808,104555,0,232,0
2.02478e+006,1,0,0.00226926,0.0337202,0.247196,0.303338,1,0,,0,0,0,0,0,0,0,0,103808,104555,0,232,0
2.02488e+006,1,0,0.00158848,0.0272938,0.225206,0.315299,1,0,,0,0,0,0,0,0,0,0,103808,104555,0,232,0
2.02498e+006,1,0,0.00111194,0.0220575,0.204891,0.329726,1,0,,0,0,0,0,0,0,0,0,103808,104555,0,232,0
2.02508e+006,1,0,0.000778357,0.0178016,0.186182,0.357529,1,0,,0,0,0,0,0,0,0,0,103808,104555,0,232,0
2.02518e+006,1,0,0.00054485,0.0143503,0.168999,0.313624,1,0,,0,0,0,0,0,0,0,0,103808,104555,0,232,0
2.02528e+006,1,0,0.000381395,0.0115565,0.153254,0.298024,1,0,,0,0,0,0,0,0,0,0,103808,104555,0,232,0
2.02538e+006,1,0,0.000266976,0.0092986,0.138859,0.308411,1,0,,0,0,0,0,0,0,0,0,103808,104555,0,232,0
2.02548e+006,1,0,0.000186883,0.00747626,0.125721,0.293647,1,0,,0,0,0,0,0,0,0,0,103808,104555,0,232,0
2.02558e+006,1,0,0.000130818,0.00600717,0.113749,0.306099,1,0,,0,0,0,0,0,0,0,0,103808,104555,0,232,0
2.02568e+006,1,0,9.15729e-005,0.00482405,0.102857,0.315224,1,0,,0,0,0,0,0,0,0,0,103808,104555,0,232,0
2.02578e+006,1,0,6.4101e-005,0.00387206,0.0929583,0.3307,1,0,,0,0,0,0,0,0,0,0,103808,104555,0,232,0
2.02588e+006,1,0,4.48707e-005,0.00310662,0.0839731,0.315725,1,0,,0,0,0,0,0,0,0,0,103808,104555,0,232,0
2.02598e+006,1,17,5.10003,1.02249,0.177825,0.278524,1,0,,0,0,0,0,0,0,0,0,103808,104555,0,232,0
2.02608e+006,1,0,3.57002,1.532,0.313242,0.298588,1,0,,0,0,0,0,0,0,0,0,103808,104555,0,232,0
2.02618e+006,1,0,2.49902,1.7254,0.454458,0.333838,1,0,,0,0,0,0,0,0,0,0,103808,104555,0,232,0
2.02628e+006,1,0,1.74931,1.73018,0.582031,0.314024,1,0,,0,0,0,0,0,0,0,0,103808,104555,0,232,0
2.02638e+006,1,0,1.22452,1.62905,0.686733,0.314907,1,0,,0,0,0,0,0,0,0,0,103808,104555,0,232,0
2.02648e+006,1,0,0.857162,1.47467,0.765527,0.313643,1,0,,0,0,0,0,0,0,0,0,103808,104555,0,232,0
2.02658e+006,1,0,0.600014,1.29974,0.818948,0.285167,1,0,,0,0,0,0,0,0,0,0,103808,104555,0,232,0
2.02668e+006,1,0,0.42001,1.12379,0.849433,0.28803,1,0,,0,0,0,0,0,0,0,0,103808,104555,0,232,0
2.02678e+006,1,0,0.294007,0.957837,0.860273,0.301779,1,0,,0,0,0,0,0,0,0,0,103808,104555,0,232,0
2.02688e+006,1,0,0.205805,0.807431,0.854989,0.312704,1,0,,0,0,0,0,0,0,0,0,103808,104555,0,232,0
2.02698e+006,1,0,0.144063,0.674757,0.836966,0.296551,1,0,,0,0,0,0,0,0,0,0,103808,104555,0,232,0
2.02708e+006,1,0,0.100844,0.559975,0.809267,0.304827,1,0,,0,0,0,0,0,0,0,0,103808,104555,0,232,0
2.02718e+006,1,0,0.070591,0.462098,0.77455,0.296041,1,0,,0,0,0,0,0,0,0,0,103808,104555,0,232,0
2.02728e+006,1,0,0.0494137,0.379561,0.735051,0.280291,1,0,,0,0,0,0,0,0,0,0,103808,104555,0,232,0
2.02738e+006,1,0,0.0345896,0.310567,0.692602,0.337803,1,0,,0,0,0,0,0,0,0,0,103808,104555,0,232,0
2.02748e+006,1,0,0.0242127,0.253296,0.648672,0.300802,1,0,,0,0,0,0,0,0,0,0,103808,104555,0,232,0
2.02758e+006,1,0,0.0169489,0.206027,0.604407,0.36029,1,0,,0,0,0,0,0,0,0,0,103808,104555,0,232,0
2.02768e+006,1,0,0.0118642,0.167194,0.560686,0.311064,1,0,,0,0,0,0,0,0,0,0,103808,104555,0,232,0
2.02778e+006,1,0,0.00830496,0.135416,0.518159,0.299227,1,0,,0,0,0,0,0,0,0,0,103808,104555,0,232,0
2.02788e+006,1,0,0.00581347,0.109496,0.477293,0.273864,1,0,,0,0,0,0,0,0,0,0,103808,104555,0,232,0
2.02798e+006,1,0,0.00406943,0.0884104,0.438404,0.286613,1,0,,0,0,0,0,0,0,0,0,103808,104555,0,232,0
2.02808e+006,1,0,0.0028486,0.0712981,0.401694,0.285939,1,0,,0,0,0,0,0,0,0,0,103808,104555,0,232,0
2.02818e+006,1,0,0.00199402,0.0574373,0.367268,0.313165,1,0,,0,0,0,0,0,0,0,0,103808,104555,0,232,0
2.02828e+006,1,0,0.00139581,0.046229,0.335164,0.277267,1,0,,0,0,0,0,0,0,0,0,103808,104555,0,232,0
2.02838e+006,1,0,0.00097707,0.0371786,0.305366,0.302153,1,0,,0,0,0,0,0,0,0,0,103808,104555,0,232,0
2.02848e+006,1,0,0.000683949,0.0298797,0.277817,0.302653,1,0,,0,0,0,0,0,0,0,0,103808,104555,0,232,0
2.02858e+006,1,0,0.000478764,0.0239995,0.252435,0.327904,1,0,,0,0,0,0,0,0,0,0,103808,104555,0,232,0
2.02868e+006,1,0,0.000335135,0.0192666,0.229118,0.303641,1,0,,0,0,0,0,0,0,0,0,103808,104555,0,232,0
2.02878e+006,1,0,0.000234595,0.0154602,0.207753,0.314139,1,0,,0,0,0,0,0,0,0,0,103808,104555,0,232,0
2.02888e+006,1,0,0.000164216,0.012401,0.188217,0.34785,1,0,,0,0,0,0,0,0,0,0,103808,104555,0,232,0
2.02898e+006,1,0,0.000114951,0.0099438,0.17039,0.297925,1,0,,0,0,0,0,0,0,0,0,103808,104555,0,232,0
2.02908e+006,1,0,8.04659e-005,0.00797113,0.154148,0.279438,1,0,,0,0,0,0,0,0,0,0,103808,104555,0,232,0
2.02918e+006,1,0,5.63261e-005,0.00638817,0.139372,0.309949,1,0,,0,0,0,0,0,0,0,0,103808,104555,0,232,0
2.02928e+006,1,0,3.94283e-005,0.00511842,0.125947,0.294274,1,0,,0,0,0,0,0,0,0,0,103808,104555,0,232,0
2.02938e+006,1,0,2.75998e-005,0.00410026,0.113762,0.307411,1,0,,0,0,0,0,0,0,0,0,103808,104555,0,232,0
2.02948e+006,1,0,1.93199e-005,0.00328407,0.102714,0.308861,1,0,,0,0,0,0,0,0,0,0,103808,104555,0,232,0
2.02958e+006,1,0,1.35239e-005,0.00262996,0.0927059,0.303187,1,0,,0,0,0,0,0,0,0,0,103808,104555,0,232,0
2.02968e+006,1,0,9.46673e-006,0.00210586,0.0836459,0.292924,1,0,,0,0,0,0,0,0,0,0,103808,104555,0,232,0
2.02978e+006,1,0,6.62671e-006,0.00168602,0.0754499,0.296551,1,0,,0,0,0,0,0,0,0,0,103808,104555,0,232,0
2.02988e+006,1,0,4.6387e-006,0.00134974,0.0680399,0.331064,1,0,,0,0,0,0,0,0,0,0,103808,104555,0,232,0
2.02998e+006,1,18,5.4,1.08108,0.169344,0.301194,1,0,,0,0,0,0,0,0,0,0,103808,104555,0,232,0
2.03008e+006,1,0,3.78,1.62086,0.314496,0.334944,1,0,,0,0,0,0,0,0,0,0,103808,104555,0,232,0
2.03018e+006,1,0,2.646,1.82589,0.465636,0.283358,1,0,,0,0,0,0,0,0,0,0,103808,104555,0,232,0
2.03028e+006,1,0,1.8522,1.83115,0.602188,0.297921,1,0,,0,0,0,0,0,0,0,0,103808,104555,0,232,0
2.03038e+006,1,0,1.29654,1.72423,0.714392,0.310271,1,0,,0,0,0,0,0,0,0,0,103808,104555,0,232,0
2.03048e+006,1,0,0.907579,1.5609,0.799043,0.292183,1,0,,0,0,0,0,0,0,0,0,103808,104555,0,232,0
2.03058e+006,1,0,0.635305,1.37578,0.856717,0.29806,1,0,,0,0,0,0,0,0,0,0,103808,104555,0,232,0
2.03068e+006,1,0,0.444713,1.18957,0.890002,0.288673,1,0,,0,0,0,0,0,0,0,0,103808,104555,0,232,0
2.03078e+006,1,0,0.311299,1.01391,0.902393,0.300585,1,0,,0,0,0,0,0,0,0,0,103808,104555,0,232,0
2.03088e+006,1,0,0.21791,0.854713,0.897625,0.29177,1,0,,0,0,0,0,0,0,0,0,103808,104555,0,232,0
2.03098e+006,1,0,0.152537,0.714278,0.87929,0.321809,1,0,,0,0,0,0,0,0,0,0,103808,104555,0,232,0
2.03108e+006,1,0,0.106776,0.592778,0.850639,0.313573,1,0,,0,0,0,0,0,0,0,0,103808,104555,0,232,0
2.03118e+006,1,0,0.074743,0.489171,0.814492,0.316433,1,0,,0,0,0,0,0,0,0,0,103808,104555,0,232,0
2.03128e+006,1,0,0.0523201,0.401801,0.773223,0.29792,1,0,,0,0,0,0,0,0,0,0,103808,104555,0,232,0
2.03138e+006,1,0,0.0366241,0.328765,0.728777,0.321819,1,0,,0,0,0,0,0,0,0,0,103808,104555,0,232,0
2.03148e+006,1,0,0.0256368,0.26814,0.682714,0.319433,1,0,,0,0,0,0,0,0,0,0,103808,104555,0,232,0
2.03158e+006,1,0,0.0179458,0.218101,0.636252,0.273894,1,0,,0,0,0,0,0,0,0,0,103808,104555,0,232,0
2.03168e+006,1,0,0.0125621,0.176993,0.590326,0.291219,1,0,,0,0,0,0,0,0,0,0,103808,104555,0,232,0
2.03178e+006,1,0,0.00879344,0.143353,0.545629,0.267792,1,0,,0,0,0,0,0,0,0,0,103808,104555,0,232,0
2.03188e+006,1,0,0.00615541,0.115914,0.502657,0.289942,1,0,,0,0,0,0,0,0,0,0,103808,104555,0,232,0
2.03198e+006,1,0,0.00430878,0.0935926,0.461751,0.310605,1,0,,0,0,0,0,0,0,0,0,103808,104555,0,232,0
2.03208e+006,1,0,0.00301615,0.0754773,0.423124,0.280292,1,0,,0,0,0,0,0,0,0,0,103808,104555,0,232,0
2.03218e+006,1,0,0.0021113,0.0608041,0.386892,0.314405,1,0,,0,0,0,0,0,0,0,0,103808,104555,0,232,0
2.03228e+006,1,0,0.00147791,0.0489389,0.353096,0.307366,1,0,,0,0,0,0,0,0,0,0,103808,104555,0,232,0
2.03238e+006,1,0,0.00103454,0.039358,0.321723,0.291552,1,0,,0,0,0,0,0,0,0,0,103808,104555,0,232,0
2.03248e+006,1,0,0.000724177,0.0316313,0.292713,0.30934,1,0,,0,0,0,0,0,0,0,0,103808,104555,0,232,0
2.03258e+006,1,0,0.000506924,0.0254064,0.265983,0.268077,1,0,,0,0,0,0,0,0,0,0,103808,104555,0,232,0
2.03268e+006,1,0,0.000354847,0.0203961,0.241424,0.317229,1,0,,0,0,0,0,0,0,0,0,103808,104555,0,232,0
2.03278e+006,1,0,0.000248393,0.0163665,0.218918,0.319028,1,0,,0,0,0,0,0,0,0,0,103808,104555,0,232,0
2.03288e+006,1,0,0.000173875,0.013128,0.198339,0.271816,1,0,,0,0,0,0,0,0,0,0,103808,104555,0,232,0
2.03298e+006,1,0,0.000121712,0.0105268,0.179558,0.350502,1,0,,0,0,0,0,0,0,0,0,103808,104555,0,232,0
2.03308e+006,1,0,8.51987e-005,0.00843844,0.162446,0.28339,1,0,,0,0,0,0,0,0,0,0,103808,104555,0,232,0
2.03318e+006,1,0,5.96391e-005,0.00676268,0.146878,0.297604,1,0,,0,0,0,0,0,0,0,0,103808,104555,0,232,0
2.03328e+006,1,0,4.17474e-005,0.00541849,0.132732,0.293918,1,0,,0,0,0,0,0,0,0,0,103808,104555,0,232,0
2.03338e+006,1,0,2.92232e-005,0.00434064,0.119893,0.284167,1,0,,0,0,0,0,0,0,0,0,103808,104555,0,232,0
2.03348e+006,1,0,2.04562e-005,0.0034766,0.108251,0.292556,1,0,,0,0,0,0,0,0,0,0,103808,104555,0,232,0
2.03358e+006,1,0,1.43194e-005,0.00278415,0.0977044,0.281668,1,0,,0,0,0,0,0,0,0,0,103808,104555,0,232,0
2.03368e+006,1,0,1.00235e-005,0.00222932,0.0881569,0.291419,1,0,,0,0,0,0,0,0,0,0,103808,104555,0,232,0
2.03378e+006,1,0,7.01648e-006,0.00178486,0.0795197,0.277682,1,0,,0,0,0,0,0,0,0,0,103808,104555,0,232,0
2.03388e+006,1,17,5.10001,1.02143,0.173711,0.292175,1,0,,0,0,0,0,0,0,0,0,103808,104555,0,232,0
2.03398e+006,1,0,3.57,1.53114,0.309454,0.270309,1,0,,0,0,0,0,0,0,0,0,103808,104555,0,232,0
2.03408e+006,1,0,2.499,1.72472,0.45098,0.335934,1,0,,0,0,0,0,0,0,0,0,103808,104555,0,232,0
2.03418e+006,1,0,1.7493,1.72963,0.578845,0.290768,1,0,,0,0,0,0,0,0,0,0,103808,104555,0,232,0
2.03428e+006,1,0,1.22451,1.62861,0.683822,0.297644,1,0,,0,0,0,0,0,0,0,0,103808,104555,0,232,0
2.03438e+006,1,0,0.857158,1.47432,0.762871,0.297668,1,0,,0,0,0,0,0,0,0,0,103808,104555,0,232,0
2.03448e+006,1,0,0.60001,1.29946,0.81653,0.300466,1,0,,0,0,0,0,0,0,0,0,103808,104555,0,232,0
2.03458e+006,1,0,0.420007,1.12357,0.847234,0.306254,1,0,,0,0,0,0,0,0,0,0,103808,104555,0,232,0
2.03468e+006,1,1,0.594005,1.01765,0.864276,0.278478,1,0,,0,0,0,0,0,0,0,0,103808,104555,0,232,0
2.03478e+006,1,0,0.415804,0.897284,0.867576,0.287779,1,0,,0,0,0,0,0,0,0,0,103808,104555,0,232,0
2.03488e+006,1,0,0.291063,0.77604,0.858423,0.281841,1,0,,0,0,0,0,0,0,0,0,103808,104555,0,232,0
2.03498e+006,1,0,0.203744,0.661581,0.838739,0.288006,1,0,,0,0,0,0,0,0,0,0,103808,104555,0,232,0
2.03508e+006,1,0,0.142621,0.557789,0.810644,0.30327,1,0,,0,0,0,0,0,0,0,0,103808,104555,0,232,0
2.03518e+006,1,0,0.0998344,0.466198,0.776199,0.299469,1,0,,0,0,0,0,0,0,0,0,103808,104555,0,232,0
2.03528e+006,1,0,0.0698841,0.386935,0.737273,0.296783,1,0,,0,0,0,0,0,0,0,0,103808,104555,0,232,0
2.03538e+006,1,0,0.0489189,0.319332,0.695478,0.289324,1,0,,0,0,0,0,0,0,0,0,103808,104555,0,232,0
2.03548e+006,1,0,0.0342432,0.262314,0.652162,0.294285,1,0,,0,0,0,0,0,0,0,0,103808,104555,0,232,0
2.03558e+006,1,0,0.0239702,0.214645,0.60841,0.318024,1,0,,0,0,0,0,0,0,0,0,103808,104555,0,232,0
2.03568e+006,1,0,0.0167792,0.175072,0.565076,0.279888,1,0,,0,0,0,0,0,0,0,0,103808,104555,0,232,0
2.03578e+006,1,0,0.0117454,0.142407,0.52281,0.301912,1,0,,0,0,0,0,0,0,0,0,103808,104555,0,232,0
2.03588e+006,1,0,0.00822179,0.11557,0.482086,0.275374,1,0,,0,0,0,0,0,0,0,0,103808,104555,0,232,0
2.03598e+006,1,0,0.00575526,0.0936069,0.443238,0.288409,1,0,,0,0,0,0,0,0,0,0,103808,104555,0,232,0
2.03608e+006,1,0,0.00402868,0.0756912,0.406483,0.302845,1,0,,0,0,0,0,0,0,0,0,103808,104555,0,232,0
2.03618e+006,1,0,0.00282008,0.061117,0.371946,0.297306,1,0,,0,0,0,0,0,0,0,0,103808,104555,0,232,0
2.03628e+006,1,0,0.00197405,0.0492884,0.339681,0.307844,1,0,,0,0,0,0,0,0,0,0,103808,104555,0,232,0
2.03638e+006,1,0,0.00138184,0.0397071,0.309683,0.300669,1,0,,0,0,0,0,0,0,0,0,103808,104555,0,232,0
2.03648e+006,1,0,0.000967286,0.0319591,0.281911,0.297919,1,0,,0,0,0,0,0,0,0,0,103808,104555,0,232,0
2.03658e+006,1,0,0.0006771,0.0257027,0.25629,0.279716,1,0,,0,0,0,0,0,0,0,0,103808,104555,0,232,0
2.03668e+006,1,0,0.00047397,0.020657,0.232727,0.327603,1,0,,0,0,0,0,0,0,0,0,103808,104555,0,232,0
2.03678e+006,1,0,0.000331779,0.0165919,0.211113,0.329853,1,0,,0,0,0,0,0,0,0,0,103808,104555,0,232,0
2.03688e+006,1,0,0.000232245,0.01332,0.191334,0.310716,1,0,,0,0,0,0,0,0,0,0,103808,104555,0,232,0
2.03698e+006,1,0,0.000162572,0.0106885,0.173269,0.281729,1,0,,0,0,0,0,0,0,0,0,103808,104555,0,232,0
2.03708e+006,1,0,0.0001138,0.00857357,0.1568,0.294329,1,0,,0,0,0,0,0,0,0,0,103808,104555,0,232,0
2.03718e+006,1,0,7.96601e-005,0.00687479,0.141807,0.268789,1,0,,0,0,0,0,0,0,0,0,103808,104555,0,232,0
2.03728e+006,1,0,5.57621e-005,0.00551098,0.128178,0.304127,1,0,,0,0,0,0,0,0,0,0,103808,104555,0,232,0
2.03738e+006,1,0,3.90335e-005,0.00441659,0.115802,0.280838,1,0,,0,0,0,0,0,0,0,0,103808,104555,0,232,0
2.03748e+006,1,0,2.73234e-005,0.00353874,0.104575,0.285677,1,0,,0,0,0,0,0,0,0,0,103808,104555,0,232,0
2.03758e+006,1,0,1.91264e-005,0.00283482,0.0944012,0.284139,1,0,,0,0,0,0,0,0,0,0,103808,104555,0,232,0
2.03768e+006,1,0,1.33885e-005,0.00227053,0.0851881,0.28554,1,0,,0,0,0,0,0,0,0,0,103808,104555,0,232,0
2.03778e+006,1,0,9.37194e-006,0.0018183,0.0768512,0.302713,1,0,,0,0,0,0,0,0,0,0,103808,104555,0,232,0
2.03788e+006,1,18,5.40001,1.08146,0.177312,0.304097,1,0,,0,0,0,0,0,0,0,0,103808,104555,0,232,0
2.03798e+006,1,0,3.78,1.62117,0.321697,0.294434,1,0,,0,0,0,0,0,0,0,0,103808,104555,0,232,0
2.03808e+006,1,0,2.646,1.82613,0.472141,0.290271,1,0,,0,0,0,0,0,0,0,0,103808,104555,0,232,0
2.03818e+006,1,0,1.8522,1.83135,0.608061,0.316908,1,0,,0,0,0,0,0,0,0,0,103808,104555,0,232,0
2.03828e+006,1,0,1.29654,1.72439,0.719694,0.308559,1,0,,0,0,0,0,0,0,0,0,103808,104555,0,232,0
2.03838e+006,1,0,0.907579,1.56102,0.803827,0.302173,1,0,,0,0,0,0,0,0,0,0,103808,104555,0,232,0
2.03848e+006,1,0,0.635305,1.37588,0.861032,0.296323,1,0,,0,0,0,0,0,0,0,0,103808,104555,0,232,0
2.03858e+006,1,0,0.444714,1.18965,0.893894,0.28286,1,0,,0,0,0,0,0,0,0,0,103808,104555,0,232,0
2.03868e+006,1,0,0.3113,1.01398,0.905902,0.297921,1,0,,0,0,0,0,0,0,0,0,103808,104555,0,232,0
2.03878e+006,1,0,0.21791,0.854764,0.900788,0.308097,1,0,,0,0,0,0,0,0,0,0,103808,104555,0,232,0
2.03888e+006,1,0,0.152537,0.714319,0.882141,0.305972,1,0,,0,0,0,0,0,0,0,0,103808,104555,0,232,0
2.03898e+006,1,0,0.106776,0.59281,0.853208,0.283037,1,0,,0,0,0,0,0,0,0,0,103808,104555,0,232,0
2.03908e+006,1,0,0.074743,0.489197,0.816807,0.309075,1,0,,0,0,0,0,0,0,0,0,103808,104555,0,232,0
2.03918e+006,1,0,0.0523201,0.401821,0.775308,0.316651,1,0,,0,0,0,0,0,0,0,0,103808,104555,0,232,0
2.03928e+006,1,0,0.0366241,0.328782,0.730656,0.312276,1,0,,0,0,0,0,0,0,0,0,103808,104555,0,232,0
2.03938e+006,1,0,0.0256369,0.268153,0.684405,0.326227,1,0,,0,0,0,0,0,0,0,0,103808,104555,0,232,0
2.03948e+006,1,0,0.0179458,0.218112,0.637776,0.306491,1,0,,0,0,0,0,0,0,0,0,103808,104555,0,232,0
2.03958e+006,1,0,0.0125621,0.177002,0.591699,0.294952,1,0,,0,0,0,0,0,0,0,0,103808,104555,0,232,0
2.03968e+006,1,0,0.00879344,0.14336,0.546865,0.330002,1,0,,0,0,0,0,0,0,0,0,103808,104555,0,232,0
2.03978e+006,1,0,0.00615541,0.115919,0.50377,0.291402,1,0,,0,0,0,0,0,0,0,0,103808,104555,0,232,0
2.03988e+006,1,0,0.00430879,0.093597,0.462753,0.288963,1,0,,0,0,0,0,0,0,0,0,103808,104555,0,232,0
2.03998e+006,1,0,0.00301615,0.0754808,0.424026,0.296976,1,0,,0,0,0,0,0,0,0,0,103808,104555,0,232,0
2.04008e+006,1,0,0.00211131,0.0608069,0.387704,0.333726,1,0,,0,0,0,0,0,0,0,0,103808,104555,0,232,0
2.04018e+006,1,0,0.00147791,0.0489411,0.353827,0.269189,1,0,,0,0,0,0,0,0,0,0,103808,104555,0,232,0
2.04028e+006,1,0,0.00103454,0.0393598,0.322381,0.277025,1,0,,0,0,0,0,0,0,0,0,103808,104555,0,232,0
2.04038e+006,1,0,0.000724178,0.0316327,0.293306,0.287239,1,0,,0,0,0,0,0,0,0,0,103808,104555,0,232,0
2.04048e+006,1,0,0.000506924,0.0254075,0.266516,0.26854,1,0,,0,0,0,0,0,0,0,0,103808,104555,0,232,0
2.04058e+006,1,0,0.000354847,0.020397,0.241904,0.297914,1,0,,0,0,0,0,0,0,0,0,103808,104555,0,232,0
2.04068e+006,1,0,0.000248393,0.0163673,0.21935,0.276137,1,0,,0,0,0,0,0,0,0,0,103808,104555,0,232,0
2.04078e+006,1,0,0.000173875,0.0131286,0.198728,0.277103,1,0,,0,0,0,0,0,0,0,0,103808,104555,0,232,0
2.04088e+006,1,0,0.000121713,0.0105272,0.179908,0.312878,1,0,,0,0,0,0,0,0,0,0,103808,104555,0,232,0
2.04098e+006,1,0,8.51988e-005,0.00843882,0.162761,0.309727,1,0,,0,0,0,0,0,0,0,0,103808,104555,0,232,0
2.04108e+006,1,0,5.96391e-005,0.00676298,0.147161,0.30939,1,0,,0,0,0,0,0,0,0,0,103808,104555,0,232,0
2.04118e+006,1,0,4.17474e-005,0.00541873,0.132987,0.278603,1,0,,0,0,0,0,0,0,0,0,103808,104555,0,232,0
2.04128e+006,1,0,2.92232e-005,0.00434083,0.120123,0.291005,1,0,,0,0,0,0,0,0,0,0,103808,104555,0,232,0
2.04138e+006,1,0,2.04562e-005,0.00347676,0.108458,0.277884,1,0,,0,0,0,0,0,0,0,0,103808,104555,0,232,0
2.04148e+006,1,0,1.43194e-005,0.00278427,0.0978906,0.296421,1,0,,0,0,0,0,0,0,0,0,103808,104555,0,232,0
2.04158e+006,1,0,1.00235e-005,0.00222942,0.0883244,0.303581,1,0,,0,0,0,0,0,0,0,0,103808,104555,0,232,0
2.04168e+006,1,0,7.01648e-006,0.00178494,0.0796705,0.305618,1,0,,0,0,0,0,0,0,0,0,103808,104555,0,232,0
2.04178e+006,1,0,4.91154e-006,0.00142893,0.0718463,0.29293,1,0,,0,0,0,0,0,0,0,0,103808,104555,0,232,0
2.04188e+006,1,17,5.1,1.02114,0.166776,0.316779,1,0,,0,0,0,0,0,0,0,0,103808,104555,0,232,0
2.04198e+006,1,0,3.57,1.53092,0.30319,0.307044,1,0,,0,0,0,0,0,0,0,0,103808,104555,0,232,0
2.04208e+006,1,0,2.499,1.72453,0.445324,0.311706,1,0,,0,0,0,0,0,0,0,0,103808,104555,0,232,0
2.04218e+006,1,0,1.7493,1.72949,0.573741,0.286269,1,0,,0,0,0,0,0,0,0,0,103808,104555,0,232,0
2.04228e+006,1,0,1.22451,1.62849,0.679216,0.29407,1,0,,0,0,0,0,0,0,0,0,103808,104555,0,232,0
2.04238e+006,1,0,0.857158,1.47422,0.758717,0.31797,1,0,,0,0,0,0,0,0,0,0,103808,104555,0,232,0
2.04248e+006,1,0,0.60001,1.29938,0.812783,0.320495,1,0,,0,0,0,0,0,0,0,0,103808,104555,0,232,0
2.04258e+006,1,0,0.420007,1.12351,0.843855,0.308463,1,0,,0,0,0,0,0,0,0,0,103808,104555,0,232,0
2.04268e+006,1,0,0.294005,0.957607,0.855231,0.294363,1,0,,0,0,0,0,0,0,0,0,103808,104555,0,232,0
2.04278e+006,1,0,0.205804,0.807246,0.850432,0.292976,1,0,,0,0,0,0,0,0,0,0,103808,104555,0,232,0
2.04288e+006,1,0,0.144062,0.674609,0.83285,0.282839,1,0,,0,0,0,0,0,0,0,0,103808,104555,0,232,0
2.04298e+006,1,0,0.100844,0.559856,0.80555,0.33129,1,0,,0,0,0,0,0,0,0,0,103808,104555,0,232,0
2.04308e+006,1,0,0.0705906,0.462003,0.771196,0.277341,1,0,,0,0,0,0,0,0,0,0,103808,104555,0,232,0
2.04318e+006,1,0,0.0494134,0.379485,0.732024,0.282402,1,0,,0,0,0,0,0,0,0,0,103808,104555,0,232,0
2.04328e+006,1,0,0.0345894,0.310506,0.689873,0.323815,1,0,,0,0,0,0,0,0,0,0,103808,104555,0,232,0
2.04338e+006,1,0,0.0242126,0.253247,0.64621,0.324415,1,0,,0,0,0,0,0,0,0,0,103808,104555,0,232,0
2.04348e+006,1,0,0.0169488,0.205988,0.602188,0.328566,1,0,,0,0,0,0,0,0,0,0,103808,104555,0,232,0
2.04358e+006,1,0,0.0118642,0.167163,0.558685,0.286927,1,0,,0,0,0,0,0,0,0,0,103808,104555,0,232,0
2.04368e+006,1,0,0.00830491,0.135391,0.516356,0.376515,1,0,,0,0,0,0,0,0,0,0,103808,104555,0,232,0
2.04378e+006,1,0,0.00581344,0.109476,0.475668,0.314864,1,0,,0,0,0,0,0,0,0,0,103808,104555,0,232,0
2.04388e+006,1,0,0.00406941,0.0883945,0.436941,0.32835,1,0,,0,0,0,0,0,0,0,0,103808,104555,0,232,0
2.04398e+006,1,0,0.00284858,0.0712853,0.400375,0.30741,1,0,,0,0,0,0,0,0,0,0,103808,104555,0,232,0
2.04408e+006,1,0,0.00199401,0.057427,0.36608,0.278873,1,0,,0,0,0,0,0,0,0,0,103808,104555,0,232,0
2.04418e+006,1,0,0.00139581,0.0462208,0.334094,0.32681,1,0,,0,0,0,0,0,0,0,0,103808,104555,0,232,0
2.04428e+006,1,0,0.000977065,0.0371721,0.304402,0.297672,1,0,,0,0,0,0,0,0,0,0,103808,104555,0,232,0
2.04438e+006,1,0,0.000683945,0.0298744,0.276949,0.346522,1,0,,0,0,0,0,0,0,0,0,103808,104555,0,232,0
2.04448e+006,1,0,0.000478762,0.0239953,0.251654,0.300333,1,0,,0,0,0,0,0,0,0,0,103808,104555,0,232,0
2.04458e+006,1,0,0.000335133,0.0192633,0.228415,0.321122,1,0,,0,0,0,0,0,0,0,0,103808,104555,0,232,0
2.04468e+006,1,0,0.000234593,0.0154575,0.207119,0.302699,1,0,,0,0,0,0,0,0,0,0,103808,104555,0,232,0
2.04478e+006,1,0,0.000164215,0.0123989,0.187647,0.278585,1,0,,0,0,0,0,0,0,0,0,103808,104555,0,232,0
2.04488e+006,1,0,0.000114951,0.00994209,0.169877,0.31751,1,0,,0,0,0,0,0,0,0,0,103808,104555,0,232,0
2.04498e+006,1,0,8.04655e-005,0.00796976,0.153686,0.325883,1,0,,0,0,0,0,0,0,0,0,103808,104555,0,232,0
2.04508e+006,1,0,5.63258e-005,0.00638707,0.138956,0.304272,1,0,,0,0,0,0,0,0,0,0,103808,104555,0,232,0
2.04518e+006,1,0,3.94281e-005,0.00511755,0.125572,0.301509,1,0,,0,0,0,0,0,0,0,0,103808,104555,0,232,0
2.04528e+006,1,0,2.75997e-005,0.00409956,0.113425,0.297811,1,0,,0,0,0,0,0,0,0,0,103808,104555,0,232,0
2.04538e+006,1,0,1.93198e-005,0.00328351,0.102411,0.294687,1,0,,0,0,0,0,0,0,0,0,103808,104555,0,232,0
2.04548e+006,1,0,1.35238e-005,0.00262951,0.0924326,0.329775,1,0,,0,0,0,0,0,0,0,0,103808,104555,0,232,0
2.04558e+006,1,0,9.46668e-006,0.0021055,0.0833999,0.313388,1,0,,0,0,0,0,0,0,0,0,103808,104555,0,232,0
2.04568e+006,1,0,6.62668e-006,0.00168573,0.0752285,0.284714,1,0,,0,0,0,0,0,0,0,0,103808,104555,0,232,0
2.04578e+006,1,17,5.10001,1.02135,0.169841,0.329041,1,0,,0,0,0,0,0,0,0,0,103808,104555,0,232,0
2.04588e+006,1,0,3.57,1.53108,0.305965,0.302202,1,0,,0,0,0,0,0,0,0,0,103808,104555,0,232,0
2.04598e+006,1,0,2.499,1.72466,0.447835,0.296002,1,0,,0,0,0,0,0,0,0,0,103808,104555,0,232,0
2.04608e+006,1,0,1.7493,1.72959,0.57601,0.295241,1,0,,0,0,0,0,0,0,0,0,103808,104555,0,232,0
2.04618e+006,1,0,1.22451,1.62858,0.681267,0.278832,1,0,,0,0,0,0,0,0,0,0,103808,104555,0,232,0
2.04628e+006,1,0,0.857158,1.47429,0.760569,0.317206,1,0,,0,0,0,0,0,0,0,0,103808,104555,0,232,0
2.04638e+006,1,1,0.90001,1.35944,0.820456,0.330156,1,0,,0,0,0,0,0,0,0,0,103808,104555,0,232,0
2.04648e+006,1,0,0.630007,1.21355,0.859766,0.338231,1,0,,0,0,0,0,0,0,0,0,103808,104555,0,232,0
2.04658e+006,1,0,0.441005,1.05904,0.879693,0.291643,1,0,,0,0,0,0,0,0,0,0,103808,104555,0,232,0
2.04668e+006,1,0,0.308704,0.908974,0.882621,0.289555,1,0,,0,0,0,0,0,0,0,0,103808,104555,0,232,0
2.04678e+006,1,0,0.216092,0.770398,0.871399,0.272425,1,0,,0,0,0,0,0,0,0,0,103808,104555,0,232,0
2.04688e+006,1,0,0.151265,0.646571,0.848916,0.296624,1,0,,0,0,0,0,0,0,0,0,103808,104555,0,232,0
2.04698e+006,1,0,0.105885,0.538434,0.817868,0.306298,1,0,,0,0,0,0,0,0,0,0,103808,104555,0,232,0
2.04708e+006,1,0,0.0741197,0.445571,0.780638,0.318347,1,0,,0,0,0,0,0,0,0,0,103808,104555,0,232,0
2.04718e+006,1,0,0.0518838,0.366834,0.739258,0.307611,1,0,,0,0,0,0,0,0,0,0,103808,104555,0,232,0
2.04728e+006,1,0,0.0363187,0.300731,0.695405,0.299399,1,0,,0,0,0,0,0,0,0,0,103808,104555,0,232,0
2.04738e+006,1,0,0.0254231,0.245669,0.650431,0.303588,1,0,,0,0,0,0,0,0,0,0,103808,104555,0,232,0
2.04748e+006,1,0,0.0177961,0.200095,0.605398,0.324563,1,0,,0,0,0,0,0,0,0,0,103808,104555,0,232,0
2.04758e+006,1,0,0.0124573,0.162567,0.561114,0.304814,1,0,,0,0,0,0,0,0,0,0,103808,104555,0,232,0
2.04768e+006,1,0,0.00872011,0.131798,0.518183,0.300514,1,0,,0,0,0,0,0,0,0,0,103808,104555,0,232,0
2.04778e+006,1,0,0.00610408,0.106659,0.47703,0.277537,1,0,,0,0,0,0,0,0,0,0,103808,104555,0,232,0
2.04788e+006,1,0,0.00427285,0.0861817,0.437945,0.280448,1,0,,0,0,0,0,0,0,0,0,103808,104555,0,232,0
2.04798e+006,1,0,0.002991,0.0695436,0.401105,0.298296,1,0,,0,0,0,0,0,0,0,0,103808,104555,0,232,0
2.04808e+006,1,0,0.0020937,0.0560536,0.3666,0.295947,1,0,,0,0,0,0,0,0,0,0,103808,104555,0,232,0
2.04818e+006,1,0,0.00146559,0.045136,0.334454,0.291835,1,0,,0,0,0,0,0,0,0,0,103808,104555,0,232,0
2.04828e+006,1,0,0.00102591,0.036314,0.30464,0.317572,1,0,,0,0,0,0,0,0,0,0,103808,104555,0,232,0
2.04838e+006,1,0,0.000718139,0.0291948,0.277095,0.310497,1,0,,0,0,0,0,0,0,0,0,103808,104555,0,232,0
2.04848e+006,1,0,0.000502697,0.0234564,0.251731,0.294648,1,0,,0,0,0,0,0,0,0,0,103808,104555,0,232,0
2.04858e+006,1,0,0.000351888,0.0188355,0.228442,0.300396,1,0,,0,0,0,0,0,0,0,0,103808,104555,0,232,0
2.04868e+006,1,0,0.000246322,0.0151177,0.207109,0.30137,1,0,,0,0,0,0,0,0,0,0,103808,104555,0,232,0
2.04878e+006,1,0,0.000172425,0.0121286,0.187611,0.339307,1,0,,0,0,0,0,0,0,0,0,103808,104555,0,232,0
2.04888e+006,1,0,0.000120698,0.00972703,0.169823,0.368043,1,0,,0,0,0,0,0,0,0,0,103808,104555,0,232,0
2.04898e+006,1,1,0.300085,0.0677985,0.15962,0.298391,1,0,,0,0,0,0,0,0,0,0,103808,104555,0,232,0
2.04908e+006,1,0,0.210059,0.0962507,0.153283,0.275841,1,0,,0,0,0,0,0,0,0,0,103808,104555,0,232,0
2.04918e+006,1,1,0.447041,0.166409,0.154596,0.30769,1,0,,0,0,0,0,0,0,0,0,103808,104555,0,232,0
2.04928e+006,1,0,0.312929,0.195713,0.158708,0.293343,1,0,,0,0,0,0,0,0,0,0,103808,104555,0,232,0
2.04938e+006,1,1,0.51905,0.26038,0.168875,0.334181,1,0,,0,0,0,0,0,0,0,0,103808,104555,0,232,0
2.04948e+006,1,0,0.363335,0.280971,0.180085,0.318656,1,0,,0,0,0,0,0,0,0,0,103808,104555,0,232,0
2.04958e+006,1,0,0.254335,0.275644,0.18964,0.307254,1,0,,0,0,0,0,0,0,0,0,103808,104555,0,232,0
2.04968e+006,1,0,0.178034,0.256122,0.196289,0.309078,1,0,,0,0,0,0,0,0,0,0,103808,104555,0,232,0
2.04978e+006,1,18,5.52462,1.30982,0.307642,0.32376,1,0,,0,0,0,0,0,0,0,0,103808,104555,0,232,0
2.04988e+006,1,0,3.86724,1.82131,0.459008,0.300071,1,0,,0,0,0,0,0,0,0,0,103808,104555,0,232,0
2.04998e+006,1,0,2.70707,1.99846,0.612953,0.295695,1,0,,0,0,0,0,0,0,0,0,103808,104555,0,232,0
2.05008e+006,1,0,1.89495,1.97776,0.749433,0.297945,1,0,,0,0,0,0,0,0,0,0,103808,104555,0,232,0
2.05018e+006,1,0,1.32646,1.8475,0.85924,0.304606,1,0,,0,0,0,0,0,0,0,0,103808,104555,0,232,0
2.05028e+006,1,0,0.928523,1.6637,0.939686,0.271281,1,0,,0,0,0,0,0,0,0,0,103808,104555,0,232,0
2.05038e+006,1,0,0.649966,1.46095,0.991813,0.285695,1,0,,0,0,0,0,0,0,0,0,103808,104555,0,232,0
2.05048e+006,1,0,0.454976,1.25976,1.01861,0.300608,1,0,,0,0,0,0,0,0,0,0,103808,104555,0,232,0
2.05058e+006,1,0,0.318484,1.0715,1.0239,0.322645,1,0,,0,0,0,0,0,0,0,0,103808,104555,0,232,0
2.05068e+006,1,0,0.222938,0.901791,1.01169,0.297494,1,0,,0,0,0,0,0,0,0,0,103808,104555,0,232,0
2.05078e+006,1,0,0.156057,0.752644,0.985782,0.329443,1,0,,0,0,0,0,0,0,0,0,103808,104555,0,232,0
2.05088e+006,1,0,0.10924,0.623963,0.9496,0.310206,1,0,,0,0,0,0,0,0,0,0,103808,104555,0,232,0
2.05098e+006,1,0,0.0764679,0.514464,0.906087,0.288393,1,0,,0,0,0,0,0,0,0,0,103808,104555,0,232,0
2.05108e+006,1,0,0.0535275,0.422277,0.857706,0.30237,1,0,,0,0,0,0,0,0,0,0,103808,104555,0,232,0
2.05118e+006,1,0,0.0374693,0.345315,0.806467,0.298956,1,0,,0,0,0,0,0,0,0,0,103808,104555,0,232,0
2.05128e+006,1,0,0.0262285,0.281498,0.75397,0.30863,1,0,,0,0,0,0,0,0,0,0,103808,104555,0,232,0
2.05138e+006,1,0,0.0183599,0.22887,0.70146,0.33953,1,0,,0,0,0,0,0,0,0,0,103808,104555,0,232,0
2.05148e+006,1,0,0.012852,0.185667,0.64988,0.307528,1,0,,0,0,0,0,0,0,0,0,103808,104555,0,232,0
2.05158e+006,1,0,0.00899637,0.150333,0.599926,0.315416,1,0,,0,0,0,0,0,0,0,0,103808,104555,0,232,0
2.05168e+006,1,0,0.00629746,0.121526,0.552086,0.320968,1,0,,0,0,0,0,0,0,0,0,103808,104555,0,232,0
2.05178e+006,1,0,0.00440822,0.0981021,0.506687,0.294403,1,0,,0,0,0,0,0,0,0,0,103808,104555,0,232,0
2.05188e+006,1,0,0.00308575,0.0790989,0.463928,0.29863,1,0,,0,0,0,0,0,0,0,0,103808,104555,0,232,0
2.05198e+006,1,0,0.00216003,0.0637111,0.423907,0.285904,1,0,,0,0,0,0,0,0,0,0,103808,104555,0,232,0
2.05208e+006,1,0,0.00151202,0.0512713,0.386643,0.302728,1,0,,0,0,0,0,0,0,0,0,103808,104555,0,232,0
2.05218e+006,1,0,0.00105841,0.0412287,0.352102,0.324404,1,0,,0,0,0,0,0,0,0,0,103808,104555,0,232,0
2.05228e+006,1,0,0.00074089,0.0331311,0.320205,0.297815,1,0,,0,0,0,0,0,0,0,0,103808,104555,0,232,0
2.05238e+006,1,0,0.000518623,0.0266086,0.290845,0.302226,1,0,,0,0,0,0,0,0,0,0,103808,104555,0,232,0
2.05248e+006,1,0,0.000363036,0.0213595,0.263896,0.328702,1,0,,0,0,0,0,0,0,0,0,103808,104555,0,232,0
2.05258e+006,1,0,0.000254125,0.0171384,0.239221,0.286715,1,0,,0,0,0,0,0,0,0,0,103808,104555,0,232,0
2.05268e+006,1,0,0.000177888,0.0137463,0.216673,0.295378,1,0,,0,0,0,0,0,0,0,0,103808,104555,0,232,0
2.05278e+006,1,0,0.000124521,0.011022,0.196108,0.334592,1,0,,0,0,0,0,0,0,0,0,103808,104555,0,232,0
2.05288e+006,1,0,8.71649e-005,0.00883501,0.177381,0.299717,1,0,,0,0,0,0,0,0,0,0,103808,104555,0,232,0
2.05298e+006,1,0,6.10154e-005,0.00708021,0.160351,0.30043,1,0,,0,0,0,0,0,0,0,0,103808,104555,0,232,0
2.05308e+006,1,0,4.27108e-005,0.00567271,0.144883,0.31173,1,0,,0,0,0,0,0,0,0,0,103808,104555,0,232,0
2.05318e+006,1,0,2.98976e-005,0.00454415,0.130849,0.314916,1,0,,0,0,0,0,0,0,0,0,103808,104555,0,232,0
2.05328e+006,1,0,2.09283e-005,0.0036395,0.118128,0.307718,1,0,,0,0,0,0,0,0,0,0,103808,104555,0,232,0
2.05338e+006,1,0,1.46498e-005,0.00291453,0.106607,0.319373,1,0,,0,0,0,0,0,0,0,0,103808,104555,0,232,0
2.05348e+006,1,0,1.02549e-005,0.00233368,0.0961794,0.31006,1,0,,0,0,0,0,0,0,0,0,103808,104555,0,232,0
2.05358e+006,1,0,7.1784e-006,0.00186838,0.0867483,0.305274,1,0,,0,0,0,0,0,0,0,0,103808,104555,0,232,0
2.05368e+006,1,0,5.02488e-006,0.00149571,0.078223,0.323575,1,0,,0,0,0,0,0,0,0,0,103808,104555,0,232,0
2.05378e+006,1,19,5.7,1.1412,0.18452,0.296616,1,0,,0,0,0,0,0,0,0,0,103808,104555,0,232,0
2.05388e+006,1,0,3.99,1.71096,0.337164,0.28654,1,0,,0,0,0,0,0,0,0,0,103808,104555,0,232,0
2.05398e+006,1,0,2.793,1.92737,0.496185,0.299219,1,0,,0,0,0,0,0,0,0,0,103808,104555,0,232,0
2.05408e+006,1,0,1.9551,1.93291,0.639857,0.302143,1,0,,0,0,0,0,0,0,0,0,103808,104555,0,232,0
2.05418e+006,1,0,1.36857,1.82005,0.757876,0.284895,1,0,,0,0,0,0,0,0,0,0,103808,104555,0,232,0
2.05428e+006,1,0,0.958,1.64764,0.846852,0.290119,1,0,,0,0,0,0,0,0,0,0,103808,104555,0,232,0
2.05438e+006,1,0,0.6706,1.45223,0.90739,0.304356,1,0,,0,0,0,0,0,0,0,0,103808,104555,0,232,0
2.05448e+006,1,0,0.46942,1.25567,0.942218,0.307518,1,0,,0,0,0,0,0,0,0,0,103808,104555,0,232,0
2.05458e+006,1,0,0.328594,1.07025,0.955021,0.277679,1,0,,0,0,0,0,0,0,0,0,103808,104555,0,232,0
2.05468e+006,1,0,0.230016,0.902205,0.949739,0.276894,1,0,,0,0,0,0,0,0,0,0,103808,104555,0,232,0
2.05478e+006,1,0,0.161011,0.753966,0.930162,0.294369,1,0,,0,0,0,0,0,0,0,0,103808,104555,0,232,0
2.05488e+006,1,0,0.112708,0.625715,0.899717,0.293218,1,0,,0,0,0,0,0,0,0,0,103808,104555,0,232,0
2.05498e+006,1,0,0.0788954,0.516351,0.861381,0.322243,1,0,,0,0,0,0,0,0,0,0,103808,104555,0,232,0
2.05508e+006,1,0,0.0552268,0.424126,0.817655,0.329781,1,0,,0,0,0,0,0,0,0,0,103808,104555,0,232,0
2.05518e+006,1,0,0.0386587,0.347033,0.770593,0.315747,1,0,,0,0,0,0,0,0,0,0,103808,104555,0,232,0
2.05528e+006,1,0,0.0270611,0.283038,0.721837,0.309546,1,0,,0,0,0,0,0,0,0,0,103808,104555,0,232,0
2.05538e+006,1,0,0.0189428,0.230219,0.672676,0.288571,1,0,,0,0,0,0,0,0,0,0,103808,104555,0,232,0
2.05548e+006,1,0,0.0132599,0.186827,0.624091,0.310421,1,0,,0,0,0,0,0,0,0,0,103808,104555,0,232,0
2.05558e+006,1,0,0.00928196,0.151318,0.576813,0.295084,1,0,,0,0,0,0,0,0,0,0,103808,104555,0,232,0
2.05568e+006,1,0,0.00649737,0.122354,0.531367,0.309982,1,0,,0,0,0,0,0,0,0,0,103808,104555,0,232,0
2.05578e+006,1,0,0.00454816,0.0987929,0.48811,0.306529,1,0,,0,0,0,0,0,0,0,0,103808,104555,0,232,0
2.05588e+006,1,0,0.00318371,0.079671,0.447266,0.299753,1,0,,0,0,0,0,0,0,0,0,103808,104555,0,232,0
2.05598e+006,1,0,0.0022286,0.0641826,0.408958,0.281766,1,0,,0,0,0,0,0,0,0,0,103808,104555,0,232,0
2.05608e+006,1,0,0.00156002,0.051658,0.373228,0.279805,1,0,,0,0,0,0,0,0,0,0,103808,104555,0,232,0
2.05618e+006,1,0,0.00109201,0.0415448,0.340059,0.314529,1,0,,0,0,0,0,0,0,0,0,103808,104555,0,232,0
2.05628e+006,1,0,0.000764409,0.0333888,0.309392,0.295892,1,0,,0,0,0,0,0,0,0,0,103808,104555,0,232,0
2.05638e+006,1,0,0.000535086,0.026818,0.281135,0.292229,1,0,,0,0,0,0,0,0,0,0,103808,104555,0,232,0
2.05648e+006,1,0,0.000374561,0.0215293,0.255174,0.267467,1,0,,0,0,0,0,0,0,0,0,103808,104555,0,232,0
2.05658e+006,1,0,0.000262192,0.0172759,0.231384,0.286729,1,0,,0,0,0,0,0,0,0,0,103808,104555,0,232,0
2.05668e+006,1,0,0.000183535,0.0138574,0.209632,0.310065,1,0,,0,0,0,0,0,0,0,0,103808,104555,0,232,0
2.05678e+006,1,0,0.000128474,0.0111116,0.18978,0.331326,1,0,,0,0,0,0,0,0,0,0,103808,104555,0,232,0
2.05688e+006,1,0,8.9932e-005,0.0089073,0.171693,0.313838,1,0,,0,0,0,0,0,0,0,0,103808,104555,0,232,0
2.05698e+006,1,0,6.29524e-005,0.00713843,0.155237,0.292153,1,0,,0,0,0,0,0,0,0,0,103808,104555,0,232,0
2.05708e+006,1,0,4.40667e-005,0.00571956,0.140285,0.344452,1,0,,0,0,0,0,0,0,0,0,103808,104555,0,232,0
2.05718e+006,1,0,3.08467e-005,0.00458182,0.126715,0.29149,1,0,,0,0,0,0,0,0,0,0,103808,104555,0,232,0
2.05728e+006,1,0,2.15927e-005,0.00366977,0.11441,0.288752,1,0,,0,0,0,0,0,0,0,0,103808,104555,0,232,0
2.05738e+006,1,0,1.51149e-005,0.00293884,0.103263,0.290702,1,0,,0,0,0,0,0,0,0,0,103808,104555,0,232,0
2.05748e+006,1,0,1.05804e-005,0.00235319,0.0931723,0.306001,1,0,,0,0,0,0,0,0,0,0,103808,104555,0,232,0
2.05758e+006,1,0,7.40628e-006,0.00188403,0.0840435,0.302492,1,0,,0,0,0,0,0,0,0,0,103808,104555,0,232,0
2.05768e+006,1,17,5.10001,1.02151,0.17779,0.305008,1,0,,0,0,0,0,0,0,0,0,103808,104555,0,232,0
2.05778e+006,1,0,3.57,1.53121,0.313132,0.314445,1,0,,0,0,0,0,0,0,0,0,103808,104555,0,232,0
2.05788e+006,1,0,2.499,1.72477,0.454295,0.319934,1,0,,0,0,0,0,0,0,0,0,103808,104555,0,232,0
2.05798e+006,1,0,1.7493,1.72967,0.581833,0.338147,1,0,,0,0,0,0,0,0,0,0,103808,104555,0,232,0
2.05808e+006,1,0,1.22451,1.62864,0.686514,0.306386,1,0,,0,0,0,0,0,0,0,0,103808,104555,0,232,0
2.05818e+006,1,0,0.857158,1.47434,0.765297,0.298649,1,0,,0,0,0,0,0,0,0,0,103808,104555,0,232,0
2.05828e+006,1,0,0.600011,1.29948,0.818715,0.285513,1,0,,0,0,0,0,0,0,0,0,103808,104555,0,232,0
2.05838e+006,1,0,0.420007,1.12358,0.849202,0.284162,1,0,,0,0,0,0,0,0,0,0,103808,104555,0,232,0
2.05848e+006,1,0,0.294005,0.957668,0.860048,0.291787,1,0,,0,0,0,0,0,0,0,0,103808,104555,0,232,0
2.05858e+006,1,0,0.205804,0.807295,0.854773,0.286024,1,0,,0,0,0,0,0,0,0,0,103808,104555,0,232,0
2.05868e+006,1,0,0.144063,0.674649,0.836761,0.323785,1,0,,0,0,0,0,0,0,0,0,103808,104555,0,232,0
2.05878e+006,1,0,0.100844,0.559888,0.809073,0.301525,1,0,,0,0,0,0,0,0,0,0,103808,104555,0,232,0
2.05888e+006,1,0,0.0705906,0.462028,0.774369,0.286174,1,0,,0,0,0,0,0,0,0,0,103808,104555,0,232,0
2.05898e+006,1,0,0.0494134,0.379505,0.734882,0.286549,1,0,,0,0,0,0,0,0,0,0,103808,104555,0,232,0
2.05908e+006,1,0,0.0345894,0.310522,0.692446,0.295251,1,0,,0,0,0,0,0,0,0,0,103808,104555,0,232,0
2.05918e+006,1,0,0.0242126,0.25326,0.648528,0.283803,1,0,,0,0,0,0,0,0,0,0,103808,104555,0,232,0
2.05928e+006,1,0,0.0169488,0.205998,0.604275,0.321203,1,0,,0,0,0,0,0,0,0,0,103808,104555,0,232,0
2.05938e+006,1,0,0.0118642,0.167171,0.560564,0.280968,1,0,,0,0,0,0,0,0,0,0,103808,104555,0,232,0
2.05948e+006,1,0,0.00830492,0.135398,0.518048,0.283805,1,0,,0,0,0,0,0,0,0,0,103808,104555,0,232,0
2.05958e+006,1,0,0.00581344,0.109481,0.477191,0.321005,1,0,,0,0,0,0,0,0,0,0,103808,104555,0,232,0
2.05968e+006,1,0,0.00406941,0.0883987,0.438312,0.315817,1,0,,0,0,0,0,0,0,0,0,103808,104555,0,232,0
2.05978e+006,1,0,0.00284859,0.0712887,0.401609,0.28564,1,0,,0,0,0,0,0,0,0,0,103808,104555,0,232,0
2.05988e+006,1,0,0.00199401,0.0574297,0.367191,0.302153,1,0,,0,0,0,0,0,0,0,0,103808,104555,0,232,0
2.05998e+006,1,0,0.00139581,0.046223,0.335095,0.310529,1,0,,0,0,0,0,0,0,0,0,103808,104555,0,232,0
2.06008e+006,1,0,0.000977065,0.0371738,0.305303,0.304891,1,0,,0,0,0,0,0,0,0,0,103808,104555,0,232,0
2.06018e+006,1,0,0.000683945,0.0298758,0.27776,0.301605,1,0,,0,0,0,0,0,0,0,0,103808,104555,0,232,0
2.06028e+006,1,0,0.000478762,0.0239964,0.252384,0.321231,1,0,,0,0,0,0,0,0,0,0,103808,104555,0,232,0
2.06038e+006,1,0,0.000335133,0.0192642,0.229072,0.30273,1,0,,0,0,0,0,0,0,0,0,103808,104555,0,232,0
2.06048e+006,1,0,0.000234593,0.0154582,0.20771,0.303592,1,0,,0,0,0,0,0,0,0,0,103808,104555,0,232,0
2.06058e+006,1,0,0.000164215,0.0123994,0.188179,0.281308,1,0,,0,0,0,0,0,0,0,0,103808,104555,0,232,0
2.06068e+006,1,0,0.000114951,0.00994254,0.170356,0.308047,1,0,,0,0,0,0,0,0,0,0,103808,104555,0,232,0
2.06078e+006,1,0,8.04655e-005,0.00797013,0.154117,0.319033,1,0,,0,0,0,0,0,0,0,0,103808,104555,0,232,0
2.06088e+006,1,0,5.63258e-005,0.00638737,0.139344,0.313809,1,0,,0,0,0,0,0,0,0,0,103808,104555,0,232,0
2.06098e+006,1,0,3.94281e-005,0.00511778,0.125921,0.314346,1,0,,0,0,0,0,0,0,0,0,103808,104555,0,232,0
2.06108e+006,1,0,2.75997e-005,0.00409974,0.113739,0.293911,1,0,,0,0,0,0,0,0,0,0,103808,104555,0,232,0
2.06118e+006,1,0,1.93198e-005,0.00328366,0.102694,0.32849,1,0,,0,0,0,0,0,0,0,0,103808,104555,0,232,0
2.06128e+006,1,0,1.35238e-005,0.00262963,0.0926873,0.303828,1,0,,0,0,0,0,0,0,0,0,103808,104555,0,232,0
2.06138e+006,1,0,9.46668e-006,0.0021056,0.0836291,0.335841,1,0,,0,0,0,0,0,0,0,0,103808,104555,0,232,0
2.06148e+006,1,0,6.62668e-006,0.0016858,0.0754348,0.314042,1,0,,0,0,0,0,0,0,0,0,103808,104555,0,232,0
2.06158e+006,1,0,4.63867e-006,0.00134957,0.0680262,0.305241,1,0,,0,0,0,0,0,0,0,0,103808,104555,0,232,0
2.06168e+006,1,18,5.4,1.08108,0.169332,0.293556,1,0,,0,0,0,0,0,0,0,0,103808,104555,0,232,0
2.06178e+006,1,0,3.78,1.62086,0.314485,0.310981,1,0,,0,0,0,0,0,0,0,0,103808,104555,0,232,0
2.06188e+006,1,0,2.646,1.82589,0.465626,0.325731,1,0,,0,0,0,0,0,0,0,0,103808,104555,0,232,0
2.06198e+006,1,0,1.8522,1.83115,0.602178,0.310544,1,0,,0,0,0,0,0,0,0,0,103808,104555,0,232,0
2.06208e+006,1,0,1.29654,1.72423,0.714384,0.297209,1,0,,0,0,0,0,0,0,0,0,103808,104555,0,232,0
2.06218e+006,1,0,0.907579,1.5609,0.799035,0.333709,1,0,,0,0,0,0,0,0,0,0,103808,104555,0,232,0
2.06228e+006,1,0,0.635305,1.37578,0.85671,0.298235,1,0,,0,0,0,0,0,0,0,0,103808,104555,0,232,0
2.06238e+006,1,0,0.444713,1.18957,0.889996,0.29406,1,0,,0,0,0,0,0,0,0,0,103808,104555,0,232,0
2.06248e+006,1,0,0.311299,1.01391,0.902388,0.281733,1,0,,0,0,0,0,0,0,0,0,103808,104555,0,232,0
2.06258e+006,1,0,0.21791,0.854713,0.89762,0.312771,1,0,,0,0,0,0,0,0,0,0,103808,104555,0,232,0
2.06268e+006,1,0,0.152537,0.714278,0.879286,0.313494,1,0,,0,0,0,0,0,0,0,0,103808,104555,0,232,0
2.06278e+006,1,0,0.106776,0.592778,0.850635,0.324917,1,0,,0,0,0,0,0,0,0,0,103808,104555,0,232,0
2.06288e+006,1,0,0.074743,0.489171,0.814489,0.296915,1,0,,0,0,0,0,0,0,0,0,103808,104555,0,232,0
2.06298e+006,1,0,0.0523201,0.401801,0.77322,0.364493,1,0,,0,0,0,0,0,0,0,0,103808,104555,0,232,0
2.06308e+006,1,0,0.0366241,0.328765,0.728774,0.293818,1,0,,0,0,0,0,0,0,0,0,103808,104555,0,232,0
2.06318e+006,1,0,0.0256368,0.26814,0.682711,0.302844,1,0,,0,0,0,0,0,0,0,0,103808,104555,0,232,0
2.06328e+006,1,0,0.0179458,0.218101,0.63625,0.304019,1,0,,0,0,0,0,0,0,0,0,103808,104555,0,232,0
2.06338e+006,1,0,0.0125621,0.176993,0.590324,0.320482,1,0,,0,0,0,0,0,0,0,0,103808,104555,0,232,0
2.06348e+006,1,0,0.00879344,0.143353,0.545627,0.298419,1,0,,0,0,0,0,0,0,0,0,103808,104555,0,232,0
2.06358e+006,1,0,0.00615541,0.115914,0.502656,0.284717,1,0,,0,0,0,0,0,0,0,0,103808,104555,0,232,0
2.06368e+006,1,0,0.00430878,0.0935926,0.461749,0.27913,1,0,,0,0,0,0,0,0,0,0,103808,104555,0,232,0
2.06378e+006,1,0,0.00301615,0.0754773,0.423122,0.333868,1,0,,0,0,0,0,0,0,0,0,103808,104555,0,232,0
2.06388e+006,1,0,0.0021113,0.0608041,0.38689,0.297905,1,0,,0,0,0,0,0,0,0,0,103808,104555,0,232,0
2.06398e+006,1,0,0.00147791,0.0489389,0.353095,0.316507,1,0,,0,0,0,0,0,0,0,0,103808,104555,0,232,0
2.06408e+006,1,0,0.00103454,0.039358,0.321721,0.301707,1,0,,0,0,0,0,0,0,0,0,103808,104555,0,232,0
2.06418e+006,1,0,0.000724177,0.0316313,0.292712,0.321859,1,0,,0,0,0,0,0,0,0,0,103808,104555,0,232,0
2.06428e+006,1,0,0.000506924,0.0254064,0.265982,0.307734,1,0,,0,0,0,0,0,0,0,0,103808,104555,0,232,0
2.06438e+006,1,0,0.000354847,0.0203961,0.241423,0.328947,1,0,,0,0,0,0,0,0,0,0,103808,104555,0,232,0
2.06448e+006,1,0,0.000248393,0.0163665,0.218918,0.313248,1,0,,0,0,0,0,0,0,0,0,103808,104555,0,232,0
2.06458e+006,1,0,0.000173875,0.013128,0.198339,0.270698,1,0,,0,0,0,0,0,0,0,0,103808,104555,0,232,0
2.06468e+006,1,0,0.000121712,0.0105268,0.179557,0.335273,1,0,,0,0,0,0,0,0,0,0,103808,104555,0,232,0
2.06478e+006,1,0,8.51987e-005,0.00843844,0.162446,0.294513,1,0,,0,0,0,0,0,0,0,0,103808,104555,0,232,0
2.06488e+006,1,0,5.96391e-005,0.00676268,0.146877,0.318,1,0,,0,0,0,0,0,0,0,0,103808,104555,0,232,0
2.06498e+006,1,0,4.17474e-005,0.00541849,0.132731,0.332575,1,0,,0,0,0,0,0,0,0,0,103808,104555,0,232,0
2.06508e+006,1,0,2.92232e-005,0.00434064,0.119892,0.3066,1,0,,0,0,0,0,0,0,0,0,103808,104555,0,232,0
2.06518e+006,1,0,2.04562e-005,0.0034766,0.108251,0.303462,1,0,,0,0,0,0,0,0,0,0,103808,104555,0,232,0
2.06528e+006,1,0,1.43194e-005,0.00278415,0.0977041,0.305499,1,0,,0,0,0,0,0,0,0,0,103808,104555,0,232,0
2.06538e+006,1,0,1.00235e-005,0.00222932,0.0881566,0.330022,1,0,,0,0,0,0,0,0,0,0,103808,104555,0,232,0
2.06548e+006,1,0,7.01648e-006,0.00178486,0.0795194,0.290435,1,0,,0,0,0,0,0,0,0,0,103808,104555,0,232,0
2.06558e+006,1,0,4.91154e-006,0.00142887,0.0717103,0.277096,1,0,,0,0,0,0,0,0,0,0,103808,104555,0,232,0
2.06568e+006,1,18,5.4,1.08114,0.172654,0.291529,1,0,,0,0,0,0,0,0,0,0,103808,104555,0,232,0
2.06578e+006,1,0,3.78,1.62092,0.31748,0.285914,1,0,,0,0,0,0,0,0,0,0,103808,104555,0,232,0
2.06588e+006,1,0,2.646,1.82593,0.468325,0.297952,1,0,,0,0,0,0,0,0,0,0,103808,104555,0,232,0
2.06598e+006,1,0,1.8522,1.83119,0.604611,0.291501,1,0,,0,0,0,0,0,0,0,0,103808,104555,0,232,0
2.06608e+006,1,0,1.29654,1.72426,0.716576,0.29405,1,0,,0,0,0,0,0,0,0,0,103808,104555,0,232,0
2.06618e+006,1,0,0.907579,1.56092,0.80101,0.272737,1,0,,0,0,0,0,0,0,0,0,103808,104555,0,232,0
2.06628e+006,1,0,0.635305,1.3758,0.858489,0.296551,1,0,,0,0,0,0,0,0,0,0,103808,104555,0,232,0
2.06638e+006,1,0,0.444713,1.18958,0.891598,0.332951,1,0,,0,0,0,0,0,0,0,0,103808,104555,0,232,0
2.06648e+006,1,0,0.311299,1.01392,0.903831,0.285314,1,0,,0,0,0,0,0,0,0,0,103808,104555,0,232,0
2.06658e+006,1,0,0.21791,0.854722,0.89892,0.290283,1,0,,0,0,0,0,0,0,0,0,103808,104555,0,232,0
2.06668e+006,1,0,0.152537,0.714285,0.880457,0.320058,1,0,,0,0,0,0,0,0,0,0,103808,104555,0,232,0
2.06678e+006,1,0,0.106776,0.592783,0.851689,0.279033,1,0,,0,0,0,0,0,0,0,0,103808,104555,0,232,0
2.06688e+006,1,0,0.074743,0.489175,0.815438,0.304057,1,0,,0,0,0,0,0,0,0,0,103808,104555,0,232,0
2.06698e+006,1,0,0.0523201,0.401804,0.774074,0.288195,1,0,,0,0,0,0,0,0,0,0,103808,104555,0,232,0
2.06708e+006,1,0,0.0366241,0.328768,0.729544,0.284894,1,0,,0,0,0,0,0,0,0,0,103808,104555,0,232,0
2.06718e+006,1,0,0.0256368,0.268142,0.683403,0.298932,1,0,,0,0,0,0,0,0,0,0,103808,104555,0,232,0
2.06728e+006,1,0,0.0179458,0.218103,0.636873,0.296856,1,0,,0,0,0,0,0,0,0,0,103808,104555,0,232,0
2.06738e+006,1,0,0.0125621,0.176995,0.590885,0.312208,1,0,,0,0,0,0,0,0,0,0,103808,104555,0,232,0
2.06748e+006,1,0,0.00879344,0.143354,0.546132,0.309083,1,0,,0,0,0,0,0,0,0,0,103808,104555,0,232,0
2.06758e+006,1,0,0.00615541,0.115915,0.503111,0.29237,1,0,,0,0,0,0,0,0,0,0,103808,104555,0,232,0
2.06768e+006,1,0,0.00430878,0.0935934,0.462159,0.289282,1,0,,0,0,0,0,0,0,0,0,103808,104555,0,232,0
2.06778e+006,1,0,0.00301615,0.0754779,0.423491,0.329257,1,0,,0,0,0,0,0,0,0,0,103808,104555,0,232,0
2.06788e+006,1,0,0.0021113,0.0608046,0.387222,0.318671,1,0,,0,0,0,0,0,0,0,0,103808,104555,0,232,0
2.06798e+006,1,0,0.00147791,0.0489393,0.353394,0.291186,1,0,,0,0,0,0,0,0,0,0,103808,104555,0,232,0
2.06808e+006,1,0,0.00103454,0.0393583,0.32199,0.300211,1,0,,0,0,0,0,0,0,0,0,103808,104555,0,232,0
2.06818e+006,1,0,0.000724177,0.0316315,0.292954,0.297199,1,0,,0,0,0,0,0,0,0,0,103808,104555,0,232,0
2.06828e+006,1,0,0.000506924,0.0254066,0.2662,0.325786,1,0,,0,0,0,0,0,0,0,0,103808,104555,0,232,0
2.06838e+006,1,0,0.000354847,0.0203962,0.241619,0.293253,1,0,,0,0,0,0,0,0,0,0,103808,104555,0,232,0
2.06848e+006,1,0,0.000248393,0.0163667,0.219094,0.302352,1,0,,0,0,0,0,0,0,0,0,103808,104555,0,232,0
2.06858e+006,1,0,0.000173875,0.0131281,0.198497,0.287827,1,0,,0,0,0,0,0,0,0,0,103808,104555,0,232,0
2.06868e+006,1,0,0.000121712,0.0105268,0.1797,0.301854,1,0,,0,0,0,0,0,0,0,0,103808,104555,0,232,0
2.06878e+006,1,0,8.51987e-005,0.0084385,0.162574,0.300406,1,0,,0,0,0,0,0,0,0,0,103808,104555,0,232,0
2.06888e+006,1,0,5.96391e-005,0.00676273,0.146993,0.292531,1,0,,0,0,0,0,0,0,0,0,103808,104555,0,232,0
2.06898e+006,1,0,4.17474e-005,0.00541853,0.132836,0.298493,1,0,,0,0,0,0,0,0,0,0,103808,104555,0,232,0
2.06908e+006,1,0,2.92232e-005,0.00434067,0.119986,0.30438,1,0,,0,0,0,0,0,0,0,0,103808,104555,0,232,0
2.06918e+006,1,0,2.04562e-005,0.00347663,0.108335,0.299019,1,0,,0,0,0,0,0,0,0,0,103808,104555,0,232,0
2.06928e+006,1,0,1.43194e-005,0.00278417,0.09778,0.327007,1,0,,0,0,0,0,0,0,0,0,103808,104555,0,232,0
2.06938e+006,1,0,1.00235e-005,0.00222934,0.0882249,0.31207,1,0,,0,0,0,0,0,0,0,0,103808,104555,0,232,0
2.06948e+006,1,0,7.01648e-006,0.00178487,0.0795809,0.282408,1,0,,0,0,0,0,0,0,0,0,103808,104555,0,232,0
2.06958e+006,1,18,5.4,1.08143,0.179766,0.296402,1,0,,0,0,0,0,0,0,0,0,103808,104555,0,232,0
2.06968e+006,1,0,3.78,1.62114,0.323904,0.291287,1,0,,0,0,0,0,0,0,0,0,103808,104555,0,232,0
2.06978e+006,1,0,2.646,1.82612,0.474125,0.32155,1,0,,0,0,0,0,0,0,0,0,103808,104555,0,232,0
2.06988e+006,1,0,1.8522,1.83133,0.609846,0.312325,1,0,,0,0,0,0,0,0,0,0,103808,104555,0,232,0
2.06998e+006,1,0,1.29654,1.72437,0.721298,0.2862,1,0,,0,0,0,0,0,0,0,0,103808,104555,0,232,0
2.07008e+006,1,0,0.907579,1.56102,0.80527,0.289289,1,0,,0,0,0,0,0,0,0,0,103808,104555,0,232,0
2.07018e+006,1,0,0.635305,1.37587,0.86233,0.279184,1,0,,0,0,0,0,0,0,0,0,103808,104555,0,232,0
2.07028e+006,1,0,0.444714,1.18964,0.895061,0.292684,1,0,,0,0,0,0,0,0,0,0,103808,104555,0,232,0
2.07038e+006,1,0,0.3113,1.01397,0.906953,0.335345,1,0,,0,0,0,0,0,0,0,0,103808,104555,0,232,0
2.07048e+006,1,0,0.21791,0.85476,0.901733,0.279047,1,0,,0,0,0,0,0,0,0,0,103808,104555,0,232,0
2.07058e+006,1,0,0.152537,0.714316,0.882992,0.309022,1,0,,0,0,0,0,0,0,0,0,103808,104555,0,232,0
2.07068e+006,1,0,0.106776,0.592808,0.853973,0.296633,1,0,,0,0,0,0,0,0,0,0,103808,104555,0,232,0
2.07078e+006,1,0,0.074743,0.489195,0.817495,0.312734,1,0,,0,0,0,0,0,0,0,0,103808,104555,0,232,0
2.07088e+006,1,0,0.0523201,0.40182,0.775928,0.28146,1,0,,0,0,0,0,0,0,0,0,103808,104555,0,232,0
2.07098e+006,1,0,0.0366241,0.328781,0.731213,0.291372,1,0,,0,0,0,0,0,0,0,0,103808,104555,0,232,0
2.07108e+006,1,0,0.0256368,0.268152,0.684907,0.310659,1,0,,0,0,0,0,0,0,0,0,103808,104555,0,232,0
2.07118e+006,1,0,0.0179458,0.218111,0.638227,0.309672,1,0,,0,0,0,0,0,0,0,0,103808,104555,0,232,0
2.07128e+006,1,0,0.0125621,0.177001,0.592105,0.28266,1,0,,0,0,0,0,0,0,0,0,103808,104555,0,232,0
2.07138e+006,1,0,0.00879344,0.143359,0.54723,0.308942,1,0,,0,0,0,0,0,0,0,0,103808,104555,0,232,0
2.07148e+006,1,0,0.00615541,0.115919,0.504099,0.292204,1,0,,0,0,0,0,0,0,0,0,103808,104555,0,232,0
2.07158e+006,1,0,0.00430878,0.0935967,0.463049,0.333678,1,0,,0,0,0,0,0,0,0,0,103808,104555,0,232,0
2.07168e+006,1,0,0.00301615,0.0754806,0.424292,0.306603,1,0,,0,0,0,0,0,0,0,0,103808,104555,0,232,0
2.07178e+006,1,0,0.0021113,0.0608067,0.387943,0.31764,1,0,,0,0,0,0,0,0,0,0,103808,104555,0,232,0
2.07188e+006,1,0,0.00147791,0.048941,0.354043,0.292001,1,0,,0,0,0,0,0,0,0,0,103808,104555,0,232,0
2.07198e+006,1,0,0.00103454,0.0393597,0.322575,0.288023,1,0,,0,0,0,0,0,0,0,0,103808,104555,0,232,0
2.07208e+006,1,0,0.000724177,0.0316326,0.293481,0.318923,1,0,,0,0,0,0,0,0,0,0,103808,104555,0,232,0
2.07218e+006,1,0,0.000506924,0.0254075,0.266673,0.334424,1,0,,0,0,0,0,0,0,0,0,103808,104555,0,232,0
2.07228e+006,1,0,0.000354847,0.0203969,0.242046,0.300362,1,0,,0,0,0,0,0,0,0,0,103808,104555,0,232,0
2.07238e+006,1,0,0.000248393,0.0163672,0.219478,0.300449,1,0,,0,0,0,0,0,0,0,0,103808,104555,0,232,0
2.07248e+006,1,0,0.000173875,0.0131286,0.198843,0.316762,1,0,,0,0,0,0,0,0,0,0,103808,104555,0,232,0
2.07258e+006,1,0,0.000121712,0.0105272,0.180011,0.307714,1,0,,0,0,0,0,0,0,0,0,103808,104555,0,232,0
2.07268e+006,1,0,8.51987e-005,0.00843879,0.162854,0.311927,1,0,,0,0,0,0,0,0,0,0,103808,104555,0,232,0
2.07278e+006,1,0,5.96391e-005,0.00676296,0.147245,0.313988,1,0,,0,0,0,0,0,0,0,0,103808,104555,0,232,0
2.07288e+006,1,0,4.17474e-005,0.00541872,0.133062,0.273591,1,0,,0,0,0,0,0,0,0,0,103808,104555,0,232,0
2.07298e+006,1,0,2.92232e-005,0.00434082,0.12019,0.295879,1,0,,0,0,0,0,0,0,0,0,103808,104555,0,232,0
2.07308e+006,1,0,2.04562e-005,0.00347675,0.108519,0.294304,1,0,,0,0,0,0,0,0,0,0,103808,104555,0,232,0
2.07318e+006,1,0,1.43194e-005,0.00278426,0.0979453,0.323183,1,0,,0,0,0,0,0,0,0,0,103808,104555,0,232,0
2.07328e+006,1,0,1.00235e-005,0.00222941,0.0883737,0.294496,1,0,,0,0,0,0,0,0,0,0,103808,104555,0,232,0
2.07338e+006,1,0,7.01648e-006,0.00178493,0.0797148,0.290844,1,0,,0,0,0,0,0,0,0,0,103808,104555,0,232,0
2.07348e+006,1,0,4.91154e-006,0.00142893,0.0718862,0.287431,1,0,,0,0,0,0,0,0,0,0,103808,104555,0,232,0
2.07358e+006,1,17,5.1,1.02114,0.166812,0.305098,1,0,,0,0,0,0,0,0,0,0,103808,104555,0,232,0
2.07368e+006,1,0,3.57,1.53092,0.303222,0.346073,1,0,,0,0,0,0,0,0,0,0,103808,104555,0,232,0
2.07378e+006,1,0,2.499,1.72453,0.445353,0.289045,1,0,,0,0,0,0,0,0,0,0,103808,104555,0,232,0
2.07388e+006,1,0,1.7493,1.72949,0.573767,0.284983,1,0,,0,0,0,0,0,0,0,0,103808,104555,0,232,0
2.07398e+006,1,0,1.22451,1.62849,0.679239,0.305446,1,0,,0,0,0,0,0,0,0,0,103808,104555,0,232,0
2.07408e+006,1,0,0.857158,1.47422,0.758738,0.32158,1,0,,0,0,0,0,0,0,0,0,103808,104555,0,232,0
2.07418e+006,1,0,0.60001,1.29938,0.812802,0.316355,1,0,,0,0,0,0,0,0,0,0,103808,104555,0,232,0
2.07428e+006,1,0,0.420007,1.12351,0.843873,0.325606,1,0,,0,0,0,0,0,0,0,0,103808,104555,0,232,0
2.07438e+006,1,0,0.294005,0.957607,0.855246,0.339483,1,0,,0,0,0,0,0,0,0,0,103808,104555,0,232,0
2.07448e+006,1,0,0.205804,0.807246,0.850446,0.281434,1,0,,0,0,0,0,0,0,0,0,103808,104555,0,232,0
2.07458e+006,1,0,0.144062,0.674609,0.832862,0.270445,1,0,,0,0,0,0,0,0,0,0,103808,104555,0,232,0
2.07468e+006,1,0,0.100844,0.559856,0.805562,0.299645,1,0,,0,0,0,0,0,0,0,0,103808,104555,0,232,0
2.07478e+006,1,0,0.0705906,0.462003,0.771206,0.310446,1,0,,0,0,0,0,0,0,0,0,103808,104555,0,232,0
2.07488e+006,1,0,0.0494134,0.379485,0.732034,0.318072,1,0,,0,0,0,0,0,0,0,0,103808,104555,0,232,0
2.07498e+006,1,0,0.0345894,0.310506,0.689881,0.291553,1,0,,0,0,0,0,0,0,0,0,103808,104555,0,232,0
2.07508e+006,1,0,0.0242126,0.253247,0.646217,0.321188,1,0,,0,0,0,0,0,0,0,0,103808,104555,0,232,0
2.07518e+006,1,0,0.0169488,0.205988,0.602194,0.282449,1,0,,0,0,0,0,0,0,0,0,103808,104555,0,232,0
2.07528e+006,1,0,0.0118642,0.167163,0.558691,0.285112,1,0,,0,0,0,0,0,0,0,0,103808,104555,0,232,0
2.07538e+006,1,0,0.00830491,0.135391,0.516361,0.303939,1,0,,0,0,0,0,0,0,0,0,103808,104555,0,232,0
2.07548e+006,1,0,0.00581344,0.109476,0.475673,0.301562,1,0,,0,0,0,0,0,0,0,0,103808,104555,0,232,0
2.07558e+006,1,0,0.00406941,0.0883945,0.436945,0.285868,1,0,,0,0,0,0,0,0,0,0,103808,104555,0,232,0
2.07568e+006,1,0,0.00284858,0.0712853,0.400379,0.298219,1,0,,0,0,0,0,0,0,0,0,103808,104555,0,232,0
2.07578e+006,1,0,0.00199401,0.057427,0.366084,0.319332,1,0,,0,0,0,0,0,0,0,0,103808,104555,0,232,0
2.07588e+006,1,0,0.00139581,0.0462208,0.334097,0.313857,1,0,,0,0,0,0,0,0,0,0,103808,104555,0,232,0
2.07598e+006,1,0,0.000977065,0.0371721,0.304405,0.276633,1,0,,0,0,0,0,0,0,0,0,103808,104555,0,232,0
2.07608e+006,1,0,0.000683945,0.0298744,0.276952,0.304072,1,0,,0,0,0,0,0,0,0,0,103808,104555,0,232,0
2.07618e+006,1,0,0.000478762,0.0239953,0.251656,0.308434,1,0,,0,0,0,0,0,0,0,0,103808,104555,0,232,0
2.07628e+006,1,0,0.000335133,0.0192633,0.228417,0.307433,1,0,,0,0,0,0,0,0,0,0,103808,104555,0,232,0
2.07638e+006,1,0,0.000234593,0.0154575,0.207121,0.320233,1,0,,0,0,0,0,0,0,0,0,103808,104555,0,232,0
2.07648e+006,1,0,0.000164215,0.0123989,0.187649,0.305209,1,0,,0,0,0,0,0,0,0,0,103808,104555,0,232,0
2.07658e+006,1,0,0.000114951,0.00994209,0.169878,0.307785,1,0,,0,0,0,0,0,0,0,0,103808,104555,0,232,0
2.07668e+006,1,0,8.04655e-005,0.00796976,0.153687,0.304311,1,0,,0,0,0,0,0,0,0,0,103808,104555,0,232,0
2.07678e+006,1,0,5.63258e-005,0.00638707,0.138957,0.33361,1,0,,0,0,0,0,0,0,0,0,103808,104555,0,232,0
2.07688e+006,1,0,3.94281e-005,0.00511755,0.125573,0.290898,1,0,,0,0,0,0,0,0,0,0,103808,104555,0,232,0
2.07698e+006,1,0,2.75997e-005,0.00409956,0.113426,0.293122,1,0,,0,0,0,0,0,0,0,0,103808,104555,0,232,0
2.07708e+006,1,0,1.93198e-005,0.00328351,0.102412,0.305672,1,0,,0,0,0,0,0,0,0,0,103808,104555,0,232,0
2.07718e+006,1,0,1.35238e-005,0.00262951,0.0924334,0.326047,1,0,,0,0,0,0,0,0,0,0,103808,104555,0,232,0
2.07728e+006,1,0,9.46668e-006,0.0021055,0.0834006,0.310846,1,0,,0,0,0,0,0,0,0,0,103808,104555,0,232,0
2.07738e+006,1,0,6.62668e-006,0.00168573,0.0752291,0.297782,1,0,,0,0,0,0,0,0,0,0,103808,104555,0,232,0
2.07748e+006,1,0,4.63867e-006,0.00134951,0.0678412,0.298431,1,0,,0,0,0,0,0,0,0,0,103808,104555,0,232,0
2.07758e+006,1,18,5.4,1.08108,0.169165,0.294296,1,0,,0,0,0,0,0,0,0,0,103808,104555,0,232,0
2.07768e+006,1,0,3.78,1.62086,0.314335,0.311695,1,0,,0,0,0,0,0,0,0,0,103808,104555,0,232,0
2.07778e+006,1,0,2.646,1.82589,0.465491,0.303484,1,0,,0,0,0,0,0,0,0,0,103808,104555,0,232,0
2.07788e+006,1,0,1.8522,1.83115,0.602057,0.301434,1,0,,0,0,0,0,0,0,0,0,103808,104555,0,232,0
2.07798e+006,1,0,1.29654,1.72423,0.714275,0.286911,1,0,,0,0,0,0,0,0,0,0,103808,104555,0,232,0
2.07808e+006,1,0,0.907579,1.5609,0.798937,0.325023,1,0,,0,0,0,0,0,0,0,0,103808,104555,0,232,0
2.07818e+006,1,0,0.635305,1.37578,0.856622,0.309325,1,0,,0,0,0,0,0,0,0,0,103808,104555,0,232,0
2.07828e+006,1,0,0.444713,1.18957,0.889916,0.336239,1,0,,0,0,0,0,0,0,0,0,103808,104555,0,232,0
2.07838e+006,1,0,0.311299,1.01391,0.902316,0.336499,1,0,,0,0,0,0,0,0,0,0,103808,104555,0,232,0
2.07848e+006,1,0,0.21791,0.854713,0.897556,0.292613,1,0,,0,0,0,0,0,0,0,0,103808,104555,0,232,0
2.07858e+006,1,0,0.152537,0.714278,0.879228,0.292249,1,0,,0,0,0,0,0,0,0,0,103808,104555,0,232,0
2.07868e+006,1,0,0.106776,0.592778,0.850583,0.29775,1,0,,0,0,0,0,0,0,0,0,103808,104555,0,232,0
2.07878e+006,1,0,0.074743,0.489171,0.814442,0.275951,1,0,,0,0,0,0,0,0,0,0,103808,104555,0,232,0
2.07888e+006,1,0,0.0523201,0.401801,0.773178,0.306325,1,0,,0,0,0,0,0,0,0,0,103808,104555,0,232,0
2.07898e+006,1,0,0.0366241,0.328765,0.728736,0.301225,1,0,,0,0,0,0,0,0,0,0,103808,104555,0,232,0
2.07908e+006,1,0,0.0256368,0.26814,0.682677,0.292623,1,0,,0,0,0,0,0,0,0,0,103808,104555,0,232,0
2.07918e+006,1,0,0.0179458,0.218101,0.636219,0.319913,1,0,,0,0,0,0,0,0,0,0,103808,104555,0,232,0
2.07928e+006,1,0,0.0125621,0.176993,0.590296,0.284187,1,0,,0,0,0,0,0,0,0,0,103808,104555,0,232,0
2.07938e+006,1,0,0.00879344,0.143353,0.545602,0.297725,1,0,,0,0,0,0,0,0,0,0,103808,104555,0,232,0
2.07948e+006,1,0,0.00615541,0.115914,0.502633,0.31045,1,0,,0,0,0,0,0,0,0,0,103808,104555,0,232,0
2.07958e+006,1,0,0.00430878,0.0935926,0.461729,0.313187,1,0,,0,0,0,0,0,0,0,0,103808,104555,0,232,0
2.07968e+006,1,0,0.00301615,0.0754773,0.423104,0.305398,1,0,,0,0,0,0,0,0,0,0,103808,104555,0,232,0
2.07978e+006,1,0,0.0021113,0.0608041,0.386874,0.299657,1,0,,0,0,0,0,0,0,0,0,103808,104555,0,232,0
2.07988e+006,1,0,0.00147791,0.0489389,0.35308,0.279522,1,0,,0,0,0,0,0,0,0,0,103808,104555,0,232,0
2.07998e+006,1,0,0.00103454,0.039358,0.321708,0.292696,1,0,,0,0,0,0,0,0,0,0,103808,104555,0,232,0
2.08008e+006,1,0,0.000724177,0.0316313,0.2927,0.309996,1,0,,0,0,0,0,0,0,0,0,103808,104555,0,232,0
2.08019e+006,1,0.970874,0.291769,0.0836588,0.271796,0.34467,1,0,,0,0,0,0,0,0,0,0,103808,104555,0,232,0
2.08029e+006,1,0,0.204238,0.107775,0.255394,0.33556,1,0,,0,0,0,0,0,0,0,0,103808,104555,0,232,0
2.08039e+006,1,0,0.142967,0.114813,0.241336,0.298093,1,0,,0,0,0,0,0,0,0,0,103808,104555,0,232,0
2.08049e+006,1,0,0.100077,0.111866,0.228389,0.294544,1,0,,0,0,0,0,0,0,0,0,103808,104555,0,232,0
2.08059e+006,1,0,0.0700538,0.103503,0.2159,0.298195,1,0,,0,0,0,0,0,0,0,0,103808,104555,0,232,0
2.08069e+006,1,0,0.0490376,0.0926103,0.203571,0.302081,1,0,,0,0,0,0,0,0,0,0,103808,104555,0,232,0
2.08079e+006,1,0,0.0343263,0.0809535,0.19131,0.29802,1,0,,0,0,0,0,0,0,0,0,103808,104555,0,232,0
2.08089e+006,1,0,0.0240284,0.0695685,0.179136,0.317706,1,0,,0,0,0,0,0,0,0,0,103808,104555,0,232,0
2.08099e+006,1,0,0.0168199,0.0590188,0.167124,0.314708,1,0,,0,0,0,0,0,0,0,0,103808,104555,0,232,0
2.08109e+006,1,0,0.0117739,0.0495698,0.155368,0.307156,1,0,,0,0,0,0,0,0,0,0,103808,104555,0,232,0
2.08119e+006,1,0,0.00824175,0.0413042,0.143962,0.315307,1,0,,0,0,0,0,0,0,0,0,103808,104555,0,232,0
2.08129e+006,1,0,0.00576923,0.0341972,0.132986,0.291582,1,0,,0,0,0,0,0,0,0,0,103808,104555,0,232,0
2.08139e+006,1,0,0.00403846,0.0281655,0.122504,0.334645,1,0,,0,0,0,0,0,0,0,0,103808,104555,0,232,0
2.08149e+006,1,0,0.00282692,0.0230977,0.112563,0.286347,1,0,,0,0,0,0,0,0,0,0,103808,104555,0,232,0
2.08159e+006,1,18,5.40198,1.09887,0.211194,0.334392,1,0,,0,0,0,0,0,0,0,0,103808,104555,0,232,0
2.08169e+006,1,0,3.78139,1.63538,0.353612,0.290592,1,0,,0,0,0,0,0,0,0,0,103808,104555,0,232,0
2.08179e+006,1,0,2.64697,1.83769,0.50202,0.295881,1,0,,0,0,0,0,0,0,0,0,103808,104555,0,232,0
2.08189e+006,1,0,1.85288,1.84073,0.635892,0.304667,1,0,,0,0,0,0,0,0,0,0,103808,104555,0,232,0
2.08199e+006,1,0,1.29702,1.73199,0.745501,0.301078,1,0,,0,0,0,0,0,0,0,0,103808,104555,0,232,0
2.08209e+006,1,0,0.907911,1.56717,0.827668,0.283278,1,0,,0,0,0,0,0,0,0,0,103808,104555,0,232,0
2.08219e+006,1,0,0.635537,1.38085,0.882986,0.292594,1,0,,0,0,0,0,0,0,0,0,103808,104555,0,232,0
2.08229e+006,1,0,0.444876,1.19365,0.914053,0.32002,1,0,,0,0,0,0,0,0,0,0,103808,104555,0,232,0
2.08239e+006,1,0,0.311413,1.0172,0.924368,0.306281,1,0,,0,0,0,0,0,0,0,0,103808,104555,0,232,0
2.08249e+006,1,0,0.217989,0.857361,0.917667,0.298819,1,0,,0,0,0,0,0,0,0,0,103808,104555,0,232,0
2.08259e+006,1,0,0.152593,0.716407,0.897541,0.340503,1,0,,0,0,0,0,0,0,0,0,103808,104555,0,232,0
2.08269e+006,1,0,0.106815,0.594489,0.867236,0.293067,1,0,,0,0,0,0,0,0,0,0,103808,104555,0,232,0
2.08279e+006,1,1,0.37477,0.550545,0.835567,0.287619,1,0,,0,0,0,0,0,0,0,0,103808,104555,0,232,0
2.08289e+006,1,0,0.262339,0.492904,0.801301,0.294257,1,0,,0,0,0,0,0,0,0,0,103808,104555,0,232,0
2.08299e+006,1,0,0.183637,0.431051,0.764275,0.300532,1,0,,0,0,0,0,0,0,0,0,103808,104555,0,232,0
2.08309e+006,1,0,0.128546,0.37055,0.724903,0.28837,1,0,,0,0,0,0,0,0,0,0,103808,104555,0,232,0
2.08319e+006,1,0,0.0899824,0.314436,0.683856,0.283333,1,0,,0,0,0,0,0,0,0,0,103808,104555,0,232,0
2.08329e+006,1,0,0.0629876,0.264147,0.641885,0.281533,1,0,,0,0,0,0,0,0,0,0,103808,104555,0,232,0
2.08339e+006,1,0,0.0440914,0.220136,0.59971,0.275682,1,0,,0,0,0,0,0,0,0,0,103808,104555,0,232,0
2.08349e+006,1,0,0.0308639,0.182281,0.557967,0.301319,1,0,,0,0,0,0,0,0,0,0,103808,104555,0,232,0
2.08359e+006,1,0,0.0216048,0.150146,0.517185,0.313429,1,0,,0,0,0,0,0,0,0,0,103808,104555,0,232,0
2.08369e+006,1,0,0.0151233,0.123141,0.477781,0.280115,1,0,,0,0,0,0,0,0,0,0,103808,104555,0,232,0
2.08379e+006,1,0,0.0105863,0.10063,0.440066,0.295979,1,0,,0,0,0,0,0,0,0,0,103808,104555,0,232,0
2.08389e+006,1,0,0.00741043,0.0819864,0.404258,0.289403,1,0,,0,0,0,0,0,0,0,0,103808,104555,0,232,0
2.08399e+006,1,0,0.0051873,0.0666266,0.370495,0.289031,1,0,,0,0,0,0,0,0,0,0,103808,104555,0,232,0
2.08409e+006,1,0,0.00363111,0.0540275,0.338848,0.290843,1,0,,0,0,0,0,0,0,0,0,103808,104555,0,232,0
2.08419e+006,1,0,0.00254178,0.0437304,0.309336,0.296155,1,0,,0,0,0,0,0,0,0,0,103808,104555,0,232,0
2.08429e+006,1,0,0.00177924,0.0353401,0.281937,0.290604,1,0,,0,0,0,0,0,0,0,0,103808,104555,0,232,0
2.08439e+006,1,0,0.00124547,0.0285212,0.256595,0.297392,1,0,,0,0,0,0,0,0,0,0,103808,104555,0,232,0
2.08449e+006,1,0,0.00087183,0.0229913,0.233235,0.276428,1,0,,0,0,0,0,0,0,0,0,103808,104555,0,232,0
2.08459e+006,1,0,0.000610281,0.0185151,0.211763,0.336545,1,0,,0,0,0,0,0,0,0,0,103808,104555,0,232,0
2.08469e+006,1,0,0.000427197,0.0148975,0.192076,0.283506,1,0,,0,0,0,0,0,0,0,0,103808,104555,0,232,0
2.08479e+006,1,0,0.000299038,0.0119778,0.174066,0.30327,1,0,,0,0,0,0,0,0,0,0,103808,104555,0,232,0
2.08489e+006,1,0,0.000209326,0.00962413,0.157622,0.306758,1,0,,0,0,0,0,0,0,0,0,103808,104555,0,232,0
2.08499e+006,1,0,0.000146528,0.00772861,0.142633,0.31377,1,0,,0,0,0,0,0,0,0,0,103808,104555,0,232,0
2.08509e+006,1,0,0.00010257,0.0062034,0.12899,0.315832,1,0,,0,0,0,0,0,0,0,0,103808,104555,0,232,0
2.08519e+006,1,0,7.17989e-005,0.00497708,0.116589,0.285206,1,0,,0,0,0,0,0,0,0,0,103808,104555,0,232,0
2.08529e+006,1,0,5.02593e-005,0.00399172,0.105329,0.298357,1,0,,0,0,0,0,0,0,0,0,103808,104555,0,232,0
2.08539e+006,1,0,3.51815e-005,0.00320041,0.095116,0.284632,1,0,,0,0,0,0,0,0,0,0,103808,104555,0,232,0
2.08549e+006,1,18,5.40002,1.08257,0.193861,0.2865,1,0,,0,0,0,0,0,0,0,0,103808,104555,0,232,0
2.08559e+006,1,0,3.78002,1.62206,0.33668,0.302573,1,0,,0,0,0,0,0,0,0,0,103808,104555,0,232,0
2.08569e+006,1,0,2.64601,1.82685,0.485697,0.295098,1,0,,0,0,0,0,0,0,0,0,103808,104555,0,232,0
2.08579e+006,1,0,1.85221,1.83192,0.620319,0.304869,1,0,,0,0,0,0,0,0,0,0,103808,104555,0,232,0
2.08589e+006,1,0,1.29655,1.72484,0.730772,0.294819,1,0,,0,0,0,0,0,0,0,0,103808,104555,0,232,0
2.08599e+006,1,0,0.907582,1.56139,0.813834,0.280543,1,0,,0,0,0,0,0,0,0,0,103808,104555,0,232,0
2.08609e+006,1,0,0.635307,1.37618,0.870068,0.303719,1,0,,0,0,0,0,0,0,0,0,103808,104555,0,232,0
2.08619e+006,1,0,0.444715,1.18988,0.902049,0.32458,1,0,,0,0,0,0,0,0,0,0,103808,104555,0,232,0
2.08629e+006,1,0,0.311301,1.01417,0.913261,0.295041,1,0,,0,0,0,0,0,0,0,0,103808,104555,0,232,0
2.08639e+006,1,0,0.21791,0.854915,0.907427,0.282547,1,0,,0,0,0,0,0,0,0,0,103808,104555,0,232,0
2.08649e+006,1,0,0.152537,0.71444,0.888128,0.301649,1,0,,0,0,0,0,0,0,0,0,103808,104555,0,232,0
2.08659e+006,1,0,0.106776,0.592907,0.858606,0.294663,1,0,,0,0,0,0,0,0,0,0,103808,104555,0,232,0
2.08669e+006,1,0,0.0747433,0.489274,0.821673,0.301711,1,0,,0,0,0,0,0,0,0,0,103808,104555,0,232,0
2.08679e+006,1,0,0.0523203,0.401884,0.779694,0.295285,1,0,,0,0,0,0,0,0,0,0,103808,104555,0,232,0
2.08689e+006,1,0,0.0366242,0.328832,0.734607,0.31866,1,0,,0,0,0,0,0,0,0,0,103808,104555,0,232,0
2.08699e+006,1,0,0.0256369,0.268193,0.687966,0.295445,1,0,,0,0,0,0,0,0,0,0,103808,104555,0,232,0
2.08709e+006,1,0,0.0179459,0.218143,0.640984,0.300108,1,0,,0,0,0,0,0,0,0,0,103808,104555,0,232,0
2.08719e+006,1,0,0.0125621,0.177027,0.594588,0.361897,1,0,,0,0,0,0,0,0,0,0,103808,104555,0,232,0
2.08729e+006,1,0,0.00879347,0.14338,0.549467,0.323873,1,0,,0,0,0,0,0,0,0,0,103808,104555,0,232,0
2.08739e+006,1,0,0.00615543,0.115935,0.506114,0.327947,1,0,,0,0,0,0,0,0,0,0,103808,104555,0,232,0
2.08749e+006,1,0,0.0043088,0.0936101,0.464864,0.295246,1,0,,0,0,0,0,0,0,0,0,103808,104555,0,232,0
2.08759e+006,1,0,0.00301616,0.0754913,0.425926,0.278371,1,0,,0,0,0,0,0,0,0,0,103808,104555,0,232,0
2.08769e+006,1,0,0.00211131,0.0608153,0.389415,0.309693,1,0,,0,0,0,0,0,0,0,0,103808,104555,0,232,0
2.08779e+006,1,0,0.00147792,0.0489478,0.355369,0.342769,1,0,,0,0,0,0,0,0,0,0,103808,104555,0,232,0
2.08789e+006,1,0,0.00103454,0.0393652,0.323768,0.285506,1,0,,0,0,0,0,0,0,0,0,103808,104555,0,232,0
2.08799e+006,1,0,0.00072418,0.031637,0.294555,0.314129,1,0,,0,0,0,0,0,0,0,0,103808,104555,0,232,0
2.08809e+006,1,0,0.000506926,0.025411,0.267641,0.27903,1,0,,0,0,0,0,0,0,0,0,103808,104555,0,232,0
2.08819e+006,1,0,0.000354848,0.0203997,0.242917,0.301713,1,0,,0,0,0,0,0,0,0,0,103808,104555,0,232,0
2.08829e+006,1,0,0.000248394,0.0163695,0.220262,0.310787,1,0,,0,0,0,0,0,0,0,0,103808,104555,0,232,0
2.08839e+006,1,0,0.000173876,0.0131304,0.199549,0.315237,1,0,,0,0,0,0,0,0,0,0,103808,104555,0,232,0
2.08849e+006,1,0,0.000121713,0.0105286,0.180647,0.31695,1,0,,0,0,0,0,0,0,0,0,103808,104555,0,232,0
2.08859e+006,1,0,8.51991e-005,0.00843994,0.163426,0.278848,1,0,,0,0,0,0,0,0,0,0,103808,104555,0,232,0
2.08869e+006,1,0,5.96393e-005,0.00676388,0.14776,0.283462,1,0,,0,0,0,0,0,0,0,0,103808,104555,0,232,0
2.08879e+006,1,0,4.17475e-005,0.00541945,0.133526,0.309023,1,0,,0,0,0,0,0,0,0,0,103808,104555,0,232,0
2.08889e+006,1,0,2.92233e-005,0.00434141,0.120607,0.301973,1,0,,0,0,0,0,0,0,0,0,103808,104555,0,232,0
2.08899e+006,1,0,2.04563e-005,0.00347722,0.108894,0.317497,1,0,,0,0,0,0,0,0,0,0,103808,104555,0,232,0
2.08909e+006,1,0,1.43194e-005,0.00278464,0.0982833,0.310135,1,0,,0,0,0,0,0,0,0,0,103808,104555,0,232,0
2.08919e+006,1,0,1.00236e-005,0.00222971,0.088678,0.282196,1,0,,0,0,0,0,0,0,0,0,103808,104555,0,232,0
2.08929e+006,1,0,7.01651e-006,0.00178518,0.0799887,0.319018,1,0,,0,0,0,0,0,0,0,0,103808,104555,0,232,0
2.08939e+006,1,0,4.91156e-006,0.00142912,0.0721327,0.337999,1,0,,0,0,0,0,0,0,0,0,103808,104555,0,232,0
2.08949e+006,1,18,5.4,1.08114,0.173034,0.291943,1,0,,0,0,0,0,0,0,0,0,103808,104555,0,232,0
2.08959e+006,1,0,3.78,1.62092,0.317822,0.307342,1,0,,0,0,0,0,0,0,0,0,103808,104555,0,232,0
2.08969e+006,1,0,2.646,1.82593,0.468633,0.284342,1,0,,0,0,0,0,0,0,0,0,103808,104555,0,232,0
2.08979e+006,1,0,1.8522,1.83119,0.604888,0.286029,1,0,,0,0,0,0,0,0,0,0,103808,104555,0,232,0
2.08989e+006,1,0,1.29654,1.72426,0.716825,0.295032,1,0,,0,0,0,0,0,0,0,0,103808,104555,0,232,0
2.08999e+006,1,0,0.907579,1.56092,0.801235,0.291979,1,0,,0,0,0,0,0,0,0,0,103808,104555,0,232,0
2.09009e+006,1,0,0.635305,1.3758,0.858691,0.32923,1,0,,0,0,0,0,0,0,0,0,103808,104555,0,232,0
2.09019e+006,1,0,0.444713,1.18958,0.89178,0.312266,1,0,,0,0,0,0,0,0,0,0,103808,104555,0,232,0
2.09029e+006,1,0,0.311299,1.01392,0.903995,0.304703,1,0,,0,0,0,0,0,0,0,0,103808,104555,0,232,0
2.09039e+006,1,0,0.21791,0.854722,0.899067,0.299091,1,0,,0,0,0,0,0,0,0,0,103808,104555,0,232,0
2.09049e+006,1,0,0.152537,0.714285,0.880589,0.290653,1,0,,0,0,0,0,0,0,0,0,103808,104555,0,232,0
2.09059e+006,1,0,0.106776,0.592783,0.851808,0.31074,1,0,,0,0,0,0,0,0,0,0,103808,104555,0,232,0
2.09069e+006,1,0,0.074743,0.489175,0.815545,0.303654,1,0,,0,0,0,0,0,0,0,0,103808,104555,0,232,0
2.09079e+006,1,0,0.0523201,0.401804,0.774171,0.31233,1,0,,0,0,0,0,0,0,0,0,103808,104555,0,232,0
2.09089e+006,1,0,0.0366241,0.328768,0.729631,0.285356,1,0,,0,0,0,0,0,0,0,0,103808,104555,0,232,0
2.09099e+006,1,0,0.0256368,0.268142,0.683482,0.286445,1,0,,0,0,0,0,0,0,0,0,103808,104555,0,232,0
2.09109e+006,1,0,0.0179458,0.218103,0.636944,0.317007,1,0,,0,0,0,0,0,0,0,0,103808,104555,0,232,0
2.09119e+006,1,0,0.0125621,0.176995,0.590949,0.307082,1,0,,0,0,0,0,0,0,0,0,103808,104555,0,232,0
2.09129e+006,1,0,0.00879344,0.143354,0.546189,0.322945,1,0,,0,0,0,0,0,0,0,0,103808,104555,0,232,0
2.09139e+006,1,0,0.00615541,0.115915,0.503162,0.306621,1,0,,0,0,0,0,0,0,0,0,103808,104555,0,232,0
2.09149e+006,1,0,0.00430878,0.0935934,0.462205,0.279745,1,0,,0,0,0,0,0,0,0,0,103808,104555,0,232,0
2.09159e+006,1,0,0.00301615,0.0754779,0.423532,0.288906,1,0,,0,0,0,0,0,0,0,0,103808,104555,0,232,0
2.09169e+006,1,0,0.0021113,0.0608046,0.387259,0.289006,1,0,,0,0,0,0,0,0,0,0,103808,104555,0,232,0
2.09179e+006,1,0,0.00147791,0.0489393,0.353427,0.288774,1,0,,0,0,0,0,0,0,0,0,103808,104555,0,232,0
2.09189e+006,1,0,0.00103454,0.0393583,0.322021,0.2889,1,0,,0,0,0,0,0,0,0,0,103808,104555,0,232,0
2.09199e+006,1,0,0.000724177,0.0316315,0.292982,0.311788,1,0,,0,0,0,0,0,0,0,0,103808,104555,0,232,0
2.09209e+006,1,0,0.000506924,0.0254066,0.266224,0.304074,1,0,,0,0,0,0,0,0,0,0,103808,104555,0,232,0
2.09219e+006,1,0,0.000354847,0.0203962,0.241641,0.326674,1,0,,0,0,0,0,0,0,0,0,103808,104555,0,232,0
2.09229e+006,1,0,0.000248393,0.0163667,0.219114,0.286424,1,0,,0,0,0,0,0,0,0,0,103808,104555,0,232,0
2.09239e+006,1,0,0.000173875,0.0131281,0.198515,0.290723,1,0,,0,0,0,0,0,0,0,0,103808,104555,0,232,0
2.09249e+006,1,0,0.000121712,0.0105268,0.179716,0.322535,1,0,,0,0,0,0,0,0,0,0,103808,104555,0,232,0
2.09259e+006,1,0,8.51987e-005,0.0084385,0.162589,0.314235,1,0,,0,0,0,0,0,0,0,0,103808,104555,0,232,0
2.09269e+006,1,0,5.96391e-005,0.00676273,0.147006,0.295786,1,0,,0,0,0,0,0,0,0,0,103808,104555,0,232,0
2.09279e+006,1,0,4.17474e-005,0.00541853,0.132847,0.292147,1,0,,0,0,0,0,0,0,0,0,103808,104555,0,232,0
2.09289e+006,1,0,2.92232e-005,0.00434067,0.119997,0.301598,1,0,,0,0,0,0,0,0,0,0,103808,104555,0,232,0
2.09299e+006,1,0,2.04562e-005,0.00347663,0.108345,0.291746,1,0,,0,0,0,0,0,0,0,0,103808,104555,0,232,0
2.09309e+006,1,0,1.43194e-005,0.00278417,0.0977886,0.325071,1,0,,0,0,0,0,0,0,0,0,103808,104555,0,232,0
2.09319e+006,1,0,1.00235e-005,0.00222934,0.0882326,0.301159,1,0,,0,0,0,0,0,0,0,0,103808,104555,0,232,0
2.09329e+006,1,0,7.01648e-006,0.00178487,0.0795879,0.278783,1,0,,0,0,0,0,0,0,0,0,103808,104555,0,232,0
2.09339e+006,1,0,4.91154e-006,0.00142888,0.071772,0.296859,1,0,,0,0,0,0,0,0,0,0,103808,104555,0,232,0
2.09349e+006,1,18,5.4,1.08114,0.172709,0.281711,1,0,,0,0,0,0,0,0,0,0,103808,104555,0,232,0
2.09359e+006,1,0,3.78,1.62092,0.31753,0.297373,1,0,,0,0,0,0,0,0,0,0,103808,104555,0,232,0
2.09369e+006,1,0,2.646,1.82593,0.46837,0.298386,1,0,,0,0,0,0,0,0,0,0,103808,104555,0,232,0
2.09379e+006,1,0,1.8522,1.83119,0.604652,0.292347,1,0,,0,0,0,0,0,0,0,0,103808,104555,0,232,0
2.09389e+006,1,0,1.29654,1.72426,0.716612,0.303323,1,0,,0,0,0,0,0,0,0,0,103808,104555,0,232,0
2.09399e+006,1,0,0.907579,1.56092,0.801043,0.280973,1,0,,0,0,0,0,0,0,0,0,103808,104555,0,232,0
2.09409e+006,1,0,0.635305,1.3758,0.858519,0.29291,1,0,,0,0,0,0,0,0,0,0,103808,104555,0,232,0
2.09419e+006,1,0,0.444713,1.18958,0.891625,0.295035,1,0,,0,0,0,0,0,0,0,0,103808,104555,0,232,0
2.09429e+006,1,0,0.311299,1.01392,0.903855,0.284822,1,0,,0,0,0,0,0,0,0,0,103808,104555,0,232,0
2.09439e+006,1,0,0.21791,0.854722,0.898942,0.298871,1,0,,0,0,0,0,0,0,0,0,103808,104555,0,232,0
2.09449e+006,1,0,0.152537,0.714285,0.880476,0.320784,1,0,,0,0,0,0,0,0,0,0,103808,104555,0,232,0
2.09459e+006,1,0,0.106776,0.592783,0.851707,0.27201,1,0,,0,0,0,0,0,0,0,0,103808,104555,0,232,0
2.09469e+006,1,0,0.074743,0.489175,0.815453,0.302121,1,0,,0,0,0,0,0,0,0,0,103808,104555,0,232,0
2.09479e+006,1,0,0.0523201,0.401804,0.774088,0.327761,1,0,,0,0,0,0,0,0,0,0,103808,104555,0,232,0
2.09489e+006,1,0,0.0366241,0.328768,0.729556,0.289546,1,0,,0,0,0,0,0,0,0,0,103808,104555,0,232,0
2.09499e+006,1,0,0.0256368,0.268142,0.683415,0.264945,1,0,,0,0,0,0,0,0,0,0,103808,104555,0,232,0
2.09509e+006,1,0,0.0179458,0.218103,0.636884,0.308285,1,0,,0,0,0,0,0,0,0,0,103808,104555,0,232,0
2.09519e+006,1,0,0.0125621,0.176995,0.590895,0.297547,1,0,,0,0,0,0,0,0,0,0,103808,104555,0,232,0
2.09529e+006,1,0,0.00879344,0.143354,0.546141,0.302986,1,0,,0,0,0,0,0,0,0,0,103808,104555,0,232,0
2.09539e+006,1,0,0.00615541,0.115915,0.503118,0.300224,1,0,,0,0,0,0,0,0,0,0,103808,104555,0,232,0
2.09549e+006,1,0,0.00430878,0.0935934,0.462166,0.294425,1,0,,0,0,0,0,0,0,0,0,103808,104555,0,232,0
2.09559e+006,1,0,0.00301615,0.0754779,0.423497,0.289839,1,0,,0,0,0,0,0,0,0,0,103808,104555,0,232,0
2.09569e+006,1,0,0.0021113,0.0608046,0.387228,0.277026,1,0,,0,0,0,0,0,0,0,0,103808,104555,0,232,0
2.09579e+006,1,0,0.00147791,0.0489393,0.353399,0.306488,1,0,,0,0,0,0,0,0,0,0,103808,104555,0,232,0
2.09589e+006,1,0,0.00103454,0.0393583,0.321995,0.277901,1,0,,0,0,0,0,0,0,0,0,103808,104555,0,232,0
2.09599e+006,1,0,0.000724177,0.0316315,0.292958,0.312138,1,0,,0,0,0,0,0,0,0,0,103808,104555,0,232,0
2.09609e+006,1,0,0.000506924,0.0254066,0.266203,0.283802,1,0,,0,0,0,0,0,0,0,0,103808,104555,0,232,0
2.09619e+006,1,0,0.000354847,0.0203962,0.241622,0.313603,1,0,,0,0,0,0,0,0,0,0,103808,104555,0,232,0
2.09629e+006,1,0,0.000248393,0.0163667,0.219097,0.290779,1,0,,0,0,0,0,0,0,0,0,103808,104555,0,232,0
2.09639e+006,1,0,0.000173875,0.0131281,0.1985,0.325003,1,0,,0,0,0,0,0,0,0,0,103808,104555,0,232,0
2.09649e+006,1,0,0.000121712,0.0105268,0.179703,0.317603,1,0,,0,0,0,0,0,0,0,0,103808,104555,0,232,0
2.09659e+006,1,0,8.51987e-005,0.0084385,0.162576,0.302675,1,0,,0,0,0,0,0,0,0,0,103808,104555,0,232,0
2.09669e+006,1,0,5.96391e-005,0.00676273,0.146995,0.311087,1,0,,0,0,0,0,0,0,0,0,103808,104555,0,232,0
2.09679e+006,1,0,4.17474e-005,0.00541853,0.132837,0.291749,1,0,,0,0,0,0,0,0,0,0,103808,104555,0,232,0
2.09689e+006,1,0,2.92232e-005,0.00434067,0.119988,0.282074,1,0,,0,0,0,0,0,0,0,0,103808,104555,0,232,0
2.09699e+006,1,0,2.04562e-005,0.00347663,0.108337,0.302549,1,0,,0,0,0,0,0,0,0,0,103808,104555,0,232,0
2.09709e+006,1,0,1.43194e-005,0.00278417,0.0977813,0.2955,1,0,,0,0,0,0,0,0,0,0,103808,104555,0,232,0
2.09719e+006,1,0,1.00235e-005,0.00222934,0.0882261,0.291824,1,0,,0,0,0,0,0,0,0,0,103808,104555,0,232,0
2.09729e+006,1,0,7.01648e-006,0.00178487,0.079582,0.287838,1,0,,0,0,0,0,0,0,0,0,103808,104555,0,232,0
2.09739e+006,1,19,5.70001,1.14143,0.185767,0.292806,1,0,,0,0,0,0,0,0,0,0,103808,104555,0,232,0
2.09749e+006,1,0,3.99,1.71114,0.338304,0.328532,1,0,,0,0,0,0,0,0,0,0,103808,104555,0,232,0
2.09759e+006,1,0,2.793,1.92752,0.497226,0.260494,1,0,,0,0,0,0,0,0,0,0,103808,104555,0,232,0
2.09769e+006,1,0,1.9551,1.93303,0.640806,0.327368,1,0,,0,0,0,0,0,0,0,0,103808,104555,0,232,0
2.09779e+006,1,0,1.36857,1.82014,0.75874,0.284418,1,0,,0,0,0,0,0,0,0,0,103808,104555,0,232,0
2.09789e+006,1,0,0.958,1.64771,0.847637,0.280382,1,0,,0,0,0,0,0,0,0,0,103808,104555,0,232,0
2.09799e+006,1,0,0.6706,1.45229,0.908102,0.309256,1,0,,0,0,0,0,0,0,0,0,103808,104555,0,232,0
2.09809e+006,1,0,0.46942,1.25572,0.942864,0.320455,1,0,,0,0,0,0,0,0,0,0,103808,104555,0,232,0
2.09819e+006,1,0,0.328594,1.07029,0.955606,0.286205,1,0,,0,0,0,0,0,0,0,0,103808,104555,0,232,0
2.09829e+006,1,0,0.230016,0.902236,0.950269,0.294841,1,0,,0,0,0,0,0,0,0,0,103808,104555,0,232,0
2.09839e+006,1,0,0.161011,0.753991,0.930642,0.290891,1,0,,0,0,0,0,0,0,0,0,103808,104555,0,232,0
2.09849e+006,1,0,0.112708,0.625735,0.900151,0.315652,1,0,,0,0,0,0,0,0,0,0,103808,104555,0,232,0
2.09859e+006,1,0,0.0788954,0.516367,0.861772,0.288365,1,0,,0,0,0,0,0,0,0,0,103808,104555,0,232,0
2.09869e+006,1,0,0.0552268,0.424139,0.818009,0.289053,1,0,,0,0,0,0,0,0,0,0,103808,104555,0,232,0
2.09879e+006,1,0,0.0386587,0.347043,0.770912,0.284378,1,0,,0,0,0,0,0,0,0,0,103808,104555,0,232,0
2.09889e+006,1,0,0.0270611,0.283046,0.722126,0.283641,1,0,,0,0,0,0,0,0,0,0,103808,104555,0,232,0
2.09899e+006,1,0,0.0189428,0.230226,0.672936,0.307765,1,0,,0,0,0,0,0,0,0,0,103808,104555,0,232,0
2.09909e+006,1,0,0.0132599,0.186833,0.624325,0.273901,1,0,,0,0,0,0,0,0,0,0,103808,104555,0,232,0
2.09919e+006,1,0,0.00928196,0.151322,0.577025,0.307901,1,0,,0,0,0,0,0,0,0,0,103808,104555,0,232,0
2.09929e+006,1,0,0.00649737,0.122357,0.531558,0.293838,1,0,,0,0,0,0,0,0,0,0,103808,104555,0,232,0
2.09939e+006,1,0,0.00454816,0.0987956,0.488282,0.286325,1,0,,0,0,0,0,0,0,0,0,103808,104555,0,232,0
2.09949e+006,1,0,0.00318371,0.0796732,0.447421,0.285687,1,0,,0,0,0,0,0,0,0,0,103808,104555,0,232,0
2.09959e+006,1,0,0.0022286,0.0641843,0.409097,0.296723,1,0,,0,0,0,0,0,0,0,0,103808,104555,0,232,0
2.09969e+006,1,0,0.00156002,0.0516594,0.373354,0.286185,1,0,,0,0,0,0,0,0,0,0,103808,104555,0,232,0
2.09979e+006,1,0,0.00109201,0.0415459,0.340173,0.29221,1,0,,0,0,0,0,0,0,0,0,103808,104555,0,232,0
2.09989e+006,1,0,0.000764409,0.0333896,0.309495,0.282048,1,0,,0,0,0,0,0,0,0,0,103808,104555,0,232,0
2.09999e+006,1,0,0.000535087,0.0268187,0.281227,0.30741,1,0,,0,0,0,0,0,0,0,0,103808,104555,0,232,0
2.10009e+006,1,0,0.000374561,0.0215299,0.255257,0.28456,1,0,,0,0,0,0,0,0,0,0,103808,104555,0,232,0
2.10019e+006,1,0,0.000262192,0.0172764,0.231459,0.3003,1,0,,0,0,0,0,0,0,0,0,103808,104555,0,232,0
2.10029e+006,1,0,0.000183535,0.0138578,0.209699,0.307087,1,0,,0,0,0,0,0,0,0,0,103808,104555,0,232,0
2.10039e+006,1,0,0.000128474,0.0111119,0.18984,0.282249,1,0,,0,0,0,0,0,0,0,0,103808,104555,0,232,0
2.10049e+006,1,0,8.9932e-005,0.00890753,0.171747,0.281874,1,0,,0,0,0,0,0,0,0,0,103808,104555,0,232,0
2.10059e+006,1,0,6.29524e-005,0.00713862,0.155286,0.331813,1,0,,0,0,0,0,0,0,0,0,103808,104555,0,232,0
2.10069e+006,1,0,4.40667e-005,0.00571971,0.140329,0.322875,1,0,,0,0,0,0,0,0,0,0,103808,104555,0,232,0
2.10079e+006,1,0,3.08467e-005,0.00458193,0.126755,0.323977,1,0,,0,0,0,0,0,0,0,0,103808,104555,0,232,0
2.10089e+006,1,0,2.15927e-005,0.00366987,0.114446,0.259064,1,0,,0,0,0,0,0,0,0,0,103808,104555,0,232,0
2.10099e+006,1,0,1.51149e-005,0.00293892,0.103295,0.34215,1,0,,0,0,0,0,0,0,0,0,103808,104555,0,232,0
2.10109e+006,1,0,1.05804e-005,0.00235325,0.0932013,0.311399,1,0,,0,0,0,0,0,0,0,0,103808,104555,0,232,0
2.10119e+006,1,0,7.40629e-006,0.00188408,0.0840696,0.304963,1,0,,0,0,0,0,0,0,0,0,103808,104555,0,232,0
2.10129e+006,1,0,5.1844e-006,0.0015083,0.0758134,0.313889,1,0,,0,0,0,0,0,0,0,0,103808,104555,0,232,0
2.10139e+006,1,18,5.4,1.08121,0.176353,0.279734,1,0,,0,0,0,0,0,0,0,0,103808,104555,0,232,0
2.10149e+006,1,0,3.78,1.62097,0.320814,0.29736,1,0,,0,0,0,0,0,0,0,0,103808,104555,0,232,0
2.10159e+006,1,0,2.646,1.82597,0.47133,0.315485,1,0,,0,0,0,0,0,0,0,0,103808,104555,0,232,0
2.10169e+006,1,0,1.8522,1.83122,0.607319,0.31236,1,0,,0,0,0,0,0,0,0,0,103808,104555,0,232,0
2.10179e+006,1,0,1.29654,1.72428,0.719015,0.287046,1,0,,0,0,0,0,0,0,0,0,103808,104555,0,232,0
2.10189e+006,1,0,0.907579,1.56094,0.803208,0.323345,1,0,,0,0,0,0,0,0,0,0,103808,104555,0,232,0
2.10199e+006,1,0,0.635305,1.37582,0.860469,0.316614,1,0,,0,0,0,0,0,0,0,0,103808,104555,0,232,0
2.10209e+006,1,0,0.444713,1.18959,0.893381,0.299978,1,0,,0,0,0,0,0,0,0,0,103808,104555,0,232,0
2.10219e+006,1,0,0.311299,1.01394,0.905437,0.290765,1,0,,0,0,0,0,0,0,0,0,103808,104555,0,232,0
2.10229e+006,1,0,0.21791,0.85473,0.900366,0.310064,1,0,,0,0,0,0,0,0,0,0,103808,104555,0,232,0
2.10239e+006,1,0,0.152537,0.714292,0.881759,0.325551,1,0,,0,0,0,0,0,0,0,0,103808,104555,0,232,0
2.10249e+006,1,0,0.106776,0.592789,0.852862,0.345299,1,0,,0,0,0,0,0,0,0,0,103808,104555,0,232,0
2.10259e+006,1,0,0.074743,0.489179,0.816493,0.313565,1,0,,0,0,0,0,0,0,0,0,103808,104555,0,232,0
2.10269e+006,1,0,0.0523201,0.401808,0.775025,0.290002,1,0,,0,0,0,0,0,0,0,0,103808,104555,0,232,0
2.10279e+006,1,0,0.0366241,0.328771,0.730399,0.311553,1,0,,0,0,0,0,0,0,0,0,103808,104555,0,232,0
2.10289e+006,1,0,0.0256368,0.268144,0.684174,0.2937,1,0,,0,0,0,0,0,0,0,0,103808,104555,0,232,0
2.10299e+006,1,0,0.0179458,0.218104,0.637567,0.285801,1,0,,0,0,0,0,0,0,0,0,103808,104555,0,232,0
2.10309e+006,1,0,0.0125621,0.176996,0.59151,0.307738,1,0,,0,0,0,0,0,0,0,0,103808,104555,0,232,0
2.10319e+006,1,0,0.00879344,0.143355,0.546694,0.310426,1,0,,0,0,0,0,0,0,0,0,103808,104555,0,232,0
2.10329e+006,1,0,0.00615541,0.115915,0.503616,0.345401,1,0,,0,0,0,0,0,0,0,0,103808,104555,0,232,0
2.10339e+006,1,0,0.00430878,0.0935941,0.462614,0.289899,1,0,,0,0,0,0,0,0,0,0,103808,104555,0,232,0
2.10349e+006,1,0,0.00301615,0.0754785,0.423901,0.282413,1,0,,0,0,0,0,0,0,0,0,103808,104555,0,232,0
2.10359e+006,1,0,0.0021113,0.0608051,0.387591,0.3031,1,0,,0,0,0,0,0,0,0,0,103808,104555,0,232,0
2.10369e+006,1,0,0.00147791,0.0489396,0.353726,0.308063,1,0,,0,0,0,0,0,0,0,0,103808,104555,0,232,0
2.10379e+006,1,0,0.00103454,0.0393586,0.322289,0.359202,1,0,,0,0,0,0,0,0,0,0,103808,104555,0,232,0
2.10389e+006,1,0,0.000724177,0.0316317,0.293223,0.305612,1,0,,0,0,0,0,0,0,0,0,103808,104555,0,232,0
2.10399e+006,1,0,0.000506924,0.0254068,0.266442,0.372687,1,0,,0,0,0,0,0,0,0,0,103808,104555,0,232,0
2.10409e+006,1,0,0.000354847,0.0203964,0.241837,0.318713,1,0,,0,0,0,0,0,0,0,0,103808,104555,0,232,0
2.10419e+006,1,0,0.000248393,0.0163668,0.21929,0.331301,1,0,,0,0,0,0,0,0,0,0,103808,104555,0,232,0
2.10429e+006,1,0,0.000173875,0.0131282,0.198674,0.313325,1,0,,0,0,0,0,0,0,0,0,103808,104555,0,232,0
2.10439e+006,1,0,0.000121712,0.0105269,0.179859,0.296507,1,0,,0,0,0,0,0,0,0,0,103808,104555,0,232,0
2.10449e+006,1,0,8.51987e-005,0.00843857,0.162717,0.313532,1,0,,0,0,0,0,0,0,0,0,103808,104555,0,232,0
2.10459e+006,1,0,5.96391e-005,0.00676278,0.147122,0.301782,1,0,,0,0,0,0,0,0,0,0,103808,104555,0,232,0
2.10469e+006,1,0,4.17474e-005,0.00541857,0.132951,0.326269,1,0,,0,0,0,0,0,0,0,0,103808,104555,0,232,0
2.10479e+006,1,0,2.92232e-005,0.0043407,0.12009,0.28652,1,0,,0,0,0,0,0,0,0,0,103808,104555,0,232,0
2.10489e+006,1,0,2.04562e-005,0.00347665,0.108429,0.287533,1,0,,0,0,0,0,0,0,0,0,103808,104555,0,232,0
2.10499e+006,1,0,1.43194e-005,0.00278419,0.0978645,0.290481,1,0,,0,0,0,0,0,0,0,0,103808,104555,0,232,0
2.10509e+006,1,0,1.00235e-005,0.00222935,0.088301,0.331232,1,0,,0,0,0,0,0,0,0,0,103808,104555,0,232,0
2.10519e+006,1,0,7.01648e-006,0.00178489,0.0796494,0.292757,1,0,,0,0,0,0,0,0,0,0,103808,104555,0,232,0
2.10529e+006,1,0,4.91154e-006,0.00142889,0.0718273,0.31708,1,0,,0,0,0,0,0,0,0,0,103808,104555,0,232,0
2.10539e+006,1,19,5.7,1.14114,0.178759,0.280715,1,0,,0,0,0,0,0,0,0,0,103808,104555,0,232,0
2.10549e+006,1,0,3.99,1.71092,0.331975,0.295541,1,0,,0,0,0,0,0,0,0,0,103808,104555,0,232,0
2.10559e+006,1,0,2.793,1.92733,0.49151,0.307155,1,0,,0,0,0,0,0,0,0,0,103808,104555,0,232,0
2.10569e+006,1,0,1.9551,1.93289,0.635648,0.319183,1,0,,0,0,0,0,0,0,0,0,103808,104555,0,232,0
2.10579e+006,1,0,1.36857,1.82002,0.754086,0.302519,1,0,,0,0,0,0,0,0,0,0,103808,104555,0,232,0
2.10589e+006,1,0,0.958,1.64762,0.843439,0.301531,1,0,,0,0,0,0,0,0,0,0,103808,104555,0,232,0
2.10599e+006,1,0,0.6706,1.45221,0.904317,0.31433,1,0,,0,0,0,0,0,0,0,0,103808,104555,0,232,0
2.10609e+006,1,0,0.46942,1.25566,0.93945,0.283929,1,0,,0,0,0,0,0,0,0,0,103808,104555,0,232,0
2.10619e+006,1,0,0.328594,1.07024,0.95253,0.298335,1,0,,0,0,0,0,0,0,0,0,103808,104555,0,232,0
2.10629e+006,1,0,0.230016,0.902198,0.947497,0.33136,1,0,,0,0,0,0,0,0,0,0,103808,104555,0,232,0
2.10639e+006,1,0,0.161011,0.753961,0.928143,0.298961,1,0,,0,0,0,0,0,0,0,0,103808,104555,0,232,0
2.10649e+006,1,0,0.112708,0.62571,0.8979,0.327985,1,0,,0,0,0,0,0,0,0,0,103808,104555,0,232,0
2.10659e+006,1,0,0.0788954,0.516347,0.859744,0.294885,1,0,,0,0,0,0,0,0,0,0,103808,104555,0,232,0
2.10669e+006,1,0,0.0552268,0.424123,0.816182,0.309086,1,0,,0,0,0,0,0,0,0,0,103808,104555,0,232,0
2.10679e+006,1,0,0.0386587,0.34703,0.769267,0.293398,1,0,,0,0,0,0,0,0,0,0,103808,104555,0,232,0
2.10689e+006,1,0,0.0270611,0.283036,0.720644,0.299238,1,0,,0,0,0,0,0,0,0,0,103808,104555,0,232,0
2.10699e+006,1,0,0.0189428,0.230218,0.671601,0.325863,1,0,,0,0,0,0,0,0,0,0,103808,104555,0,232,0
2.10709e+006,1,0,0.0132599,0.186826,0.623124,0.299939,1,0,,0,0,0,0,0,0,0,0,103808,104555,0,232,0
2.10719e+006,1,0,0.00928196,0.151317,0.575943,0.275901,1,0,,0,0,0,0,0,0,0,0,103808,104555,0,232,0
2.10729e+006,1,0,0.00649737,0.122353,0.530584,0.315236,1,0,,0,0,0,0,0,0,0,0,103808,104555,0,232,0
2.10739e+006,1,0,0.00454816,0.0987923,0.487405,0.305668,1,0,,0,0,0,0,0,0,0,0,103808,104555,0,232,0
2.10749e+006,1,0,0.00318371,0.0796706,0.446631,0.291681,1,0,,0,0,0,0,0,0,0,0,103808,104555,0,232,0
2.10759e+006,1,0,0.0022286,0.0641822,0.408386,0.289206,1,0,,0,0,0,0,0,0,0,0,103808,104555,0,232,0
2.10769e+006,1,0,0.00156002,0.0516578,0.372714,0.287957,1,0,,0,0,0,0,0,0,0,0,103808,104555,0,232,0
2.10779e+006,1,0,0.00109201,0.0415446,0.339597,0.306643,1,0,,0,0,0,0,0,0,0,0,103808,104555,0,232,0
2.10789e+006,1,0,0.000764409,0.0333886,0.308976,0.307268,1,0,,0,0,0,0,0,0,0,0,103808,104555,0,232,0
2.10799e+006,1,0,0.000535086,0.0268179,0.28076,0.280942,1,0,,0,0,0,0,0,0,0,0,103808,104555,0,232,0
2.10809e+006,1,0,0.000374561,0.0215292,0.254837,0.281043,1,0,,0,0,0,0,0,0,0,0,103808,104555,0,232,0
2.10819e+006,1,0,0.000262192,0.0172758,0.231081,0.327704,1,0,,0,0,0,0,0,0,0,0,103808,104555,0,232,0
2.10829e+006,1,0,0.000183535,0.0138574,0.209358,0.284927,1,0,,0,0,0,0,0,0,0,0,103808,104555,0,232,0
2.10839e+006,1,0,0.000128474,0.0111116,0.189534,0.316664,1,0,,0,0,0,0,0,0,0,0,103808,104555,0,232,0
2.10849e+006,1,0,8.9932e-005,0.00890725,0.171471,0.294601,1,0,,0,0,0,0,0,0,0,0,103808,104555,0,232,0
2.10859e+006,1,0,6.29524e-005,0.00713839,0.155038,0.312949,1,0,,0,0,0,0,0,0,0,0,103808,104555,0,232,0
2.10869e+006,1,0,4.40667e-005,0.00571952,0.140106,0.281686,1,0,,0,0,0,0,0,0,0,0,103808,104555,0,232,0
2.10879e+006,1,0,3.08467e-005,0.00458179,0.126554,0.311574,1,0,,0,0,0,0,0,0,0,0,103808,104555,0,232,0
2.10889e+006,1,0,2.15927e-005,0.00366975,0.114265,0.292185,1,0,,0,0,0,0,0,0,0,0,103808,104555,0,232,0
2.10899e+006,1,0,1.51149e-005,0.00293882,0.103133,0.283898,1,0,,0,0,0,0,0,0,0,0,103808,104555,0,232,0
2.10909e+006,1,0,1.05804e-005,0.00235317,0.0930546,0.307399,1,0,,0,0,0,0,0,0,0,0,103808,104555,0,232,0
2.10919e+006,1,0,7.40628e-006,0.00188402,0.0839376,0.342313,1,0,,0,0,0,0,0,0,0,0,103808,104555,0,232,0
2.10929e+006,1,18,5.40001,1.08151,0.183695,0.285606,1,0,,0,0,0,0,0,0,0,0,103808,104555,0,232,0
2.10939e+006,1,0,3.78,1.62121,0.327446,0.29483,1,0,,0,0,0,0,0,0,0,0,103808,104555,0,232,0
2.10949e+006,1,0,2.646,1.82617,0.477318,0.297878,1,0,,0,0,0,0,0,0,0,0,103808,104555,0,232,0
2.10959e+006,1,0,1.8522,1.83137,0.612724,0.302314,1,0,,0,0,0,0,0,0,0,0,103808,104555,0,232,0
2.10969e+006,1,0,1.29654,1.72441,0.723892,0.289865,1,0,,0,0,0,0,0,0,0,0,103808,104555,0,232,0
2.10979e+006,1,0,0.907579,1.56104,0.807607,0.346141,1,0,,0,0,0,0,0,0,0,0,103808,104555,0,232,0
2.10989e+006,1,0,0.635305,1.37589,0.864435,0.321802,1,0,,0,0,0,0,0,0,0,0,103808,104555,0,232,0
2.10999e+006,1,0,0.444714,1.18966,0.896958,0.287589,1,0,,0,0,0,0,0,0,0,0,103808,104555,0,232,0
2.11009e+006,1,0,0.3113,1.01399,0.908661,0.276874,1,0,,0,0,0,0,0,0,0,0,103808,104555,0,232,0
2.11019e+006,1,0,0.21791,0.854771,0.903272,0.291786,1,0,,0,0,0,0,0,0,0,0,103808,104555,0,232,0
2.11029e+006,1,0,0.152537,0.714324,0.884377,0.290585,1,0,,0,0,0,0,0,0,0,0,103808,104555,0,232,0
2.11039e+006,1,0,0.106776,0.592815,0.855221,0.300412,1,0,,0,0,0,0,0,0,0,0,103808,104555,0,232,0
2.11049e+006,1,0,0.074743,0.4892,0.818619,0.331587,1,0,,0,0,0,0,0,0,0,0,103808,104555,0,232,0
2.11059e+006,1,0,0.0523201,0.401824,0.776939,0.313076,1,0,,0,0,0,0,0,0,0,0,103808,104555,0,232,0
2.11069e+006,1,0,0.0366241,0.328784,0.732124,0.281051,1,0,,0,0,0,0,0,0,0,0,103808,104555,0,232,0
2.11079e+006,1,0,0.0256369,0.268155,0.685727,0.311239,1,0,,0,0,0,0,0,0,0,0,103808,104555,0,232,0
2.11089e+006,1,0,0.0179458,0.218113,0.638965,0.303202,1,0,,0,0,0,0,0,0,0,0,103808,104555,0,232,0
2.11099e+006,1,0,0.0125621,0.177003,0.592769,0.290412,1,0,,0,0,0,0,0,0,0,0,103808,104555,0,232,0
2.11109e+006,1,0,0.00879344,0.143361,0.547828,0.286849,1,0,,0,0,0,0,0,0,0,0,103808,104555,0,232,0
2.11119e+006,1,0,0.00615541,0.11592,0.504637,0.310334,1,0,,0,0,0,0,0,0,0,0,103808,104555,0,232,0
2.11129e+006,1,0,0.00430879,0.0935976,0.463533,0.294097,1,0,,0,0,0,0,0,0,0,0,103808,104555,0,232,0
2.11139e+006,1,0,0.00301615,0.0754813,0.424728,0.29491,1,0,,0,0,0,0,0,0,0,0,103808,104555,0,232,0
2.11149e+006,1,0,0.0021113,0.0608073,0.388336,0.29181,1,0,,0,0,0,0,0,0,0,0,103808,104555,0,232,0
2.11159e+006,1,0,0.00147791,0.0489414,0.354397,0.307696,1,0,,0,0,0,0,0,0,0,0,103808,104555,0,232,0
2.11169e+006,1,0,0.00103454,0.0393601,0.322893,0.298983,1,0,,0,0,0,0,0,0,0,0,103808,104555,0,232,0
2.11179e+006,1,0,0.000724178,0.0316329,0.293767,0.29412,1,0,,0,0,0,0,0,0,0,0,103808,104555,0,232,0
2.11189e+006,1,0,0.000506924,0.0254077,0.266931,0.303982,1,0,,0,0,0,0,0,0,0,0,103808,104555,0,232,0
2.11199e+006,1,0,0.000354847,0.0203971,0.242278,0.30162,1,0,,0,0,0,0,0,0,0,0,103808,104555,0,232,0
2.11209e+006,1,0,0.000248393,0.0163674,0.219687,0.317335,1,0,,0,0,0,0,0,0,0,0,103808,104555,0,232,0
2.11219e+006,1,0,0.000173875,0.0131287,0.199031,0.312085,1,0,,0,0,0,0,0,0,0,0,103808,104555,0,232,0
2.11229e+006,1,0,0.000121712,0.0105273,0.18018,0.298496,1,0,,0,0,0,0,0,0,0,0,103808,104555,0,232,0
2.11239e+006,1,0,8.51987e-005,0.00843887,0.163006,0.326008,1,0,,0,0,0,0,0,0,0,0,103808,104555,0,232,0
2.11249e+006,1,0,5.96391e-005,0.00676302,0.147382,0.275621,1,0,,0,0,0,0,0,0,0,0,103808,104555,0,232,0
2.11259e+006,1,0,4.17474e-005,0.00541877,0.133186,0.318845,1,0,,0,0,0,0,0,0,0,0,103808,104555,0,232,0
2.11269e+006,1,0,2.92232e-005,0.00434086,0.120301,0.278208,1,0,,0,0,0,0,0,0,0,0,103808,104555,0,232,0
2.11279e+006,1,0,2.04562e-005,0.00347678,0.108619,0.31167,1,0,,0,0,0,0,0,0,0,0,103808,104555,0,232,0
2.11289e+006,1,0,1.43194e-005,0.00278429,0.0980352,0.294957,1,0,,0,0,0,0,0,0,0,0,103808,104555,0,232,0
2.11299e+006,1,0,1.00235e-005,0.00222943,0.0884547,0.293558,1,0,,0,0,0,0,0,0,0,0,103808,104555,0,232,0
2.11309e+006,1,0,7.01648e-006,0.00178495,0.0797877,0.295271,1,0,,0,0,0,0,0,0,0,0,103808,104555,0,232,0
2.11319e+006,1,0,4.91154e-006,0.00142894,0.0719518,0.308634,1,0,,0,0,0,0,0,0,0,0,103808,104555,0,232,0
2.11329e+006,1,18,5.4,1.08114,0.172871,0.297784,1,0,,0,0,0,0,0,0,0,0,103808,104555,0,232,0
2.11339e+006,1,0,3.78,1.62092,0.317675,0.286618,1,0,,0,0,0,0,0,0,0,0,103808,104555,0,232,0
2.11349e+006,1,0,2.646,1.82593,0.468501,0.281566,1,0,,0,0,0,0,0,0,0,0,103808,104555,0,232,0
2.11359e+006,1,0,1.8522,1.83119,0.60477,0.302715,1,0,,0,0,0,0,0,0,0,0,103808,104555,0,232,0
2.11369e+006,1,0,1.29654,1.72426,0.716718,0.328292,1,0,,0,0,0,0,0,0,0,0,103808,104555,0,232,0
2.11379e+006,1,0,0.907579,1.56092,0.801139,0.306831,1,0,,0,0,0,0,0,0,0,0,103808,104555,0,232,0
2.11389e+006,1,0,0.635305,1.3758,0.858605,0.302895,1,0,,0,0,0,0,0,0,0,0,103808,104555,0,232,0
2.11399e+006,1,0,0.444713,1.18958,0.891702,0.286555,1,0,,0,0,0,0,0,0,0,0,103808,104555,0,232,0
2.11409e+006,1,0,0.311299,1.01392,0.903925,0.293518,1,0,,0,0,0,0,0,0,0,0,103808,104555,0,232,0
2.11419e+006,1,0,0.21791,0.854722,0.899004,0.330895,1,0,,0,0,0,0,0,0,0,0,103808,104555,0,232,0
2.11429e+006,1,0,0.152537,0.714285,0.880532,0.285908,1,0,,0,0,0,0,0,0,0,0,103808,104555,0,232,0
2.11439e+006,1,0,0.106776,0.592783,0.851757,0.279846,1,0,,0,0,0,0,0,0,0,0,103808,104555,0,232,0
2.11449e+006,1,0,0.074743,0.489175,0.815499,0.291572,1,0,,0,0,0,0,0,0,0,0,103808,104555,0,232,0
2.11459e+006,1,0,0.0523201,0.401804,0.77413,0.292139,1,0,,0,0,0,0,0,0,0,0,103808,104555,0,232,0
2.11469e+006,1,0,0.0366241,0.328768,0.729593,0.323463,1,0,,0,0,0,0,0,0,0,0,103808,104555,0,232,0
2.11479e+006,1,0,0.0256368,0.268142,0.683448,0.277424,1,0,,0,0,0,0,0,0,0,0,103808,104555,0,232,0
2.11489e+006,1,0,0.0179458,0.218103,0.636914,0.284174,1,0,,0,0,0,0,0,0,0,0,103808,104555,0,232,0
2.11499e+006,1,0,0.0125621,0.176995,0.590922,0.288337,1,0,,0,0,0,0,0,0,0,0,103808,104555,0,232,0
2.11509e+006,1,0,0.00879344,0.143354,0.546165,0.3049,1,0,,0,0,0,0,0,0,0,0,103808,104555,0,232,0
2.11519e+006,1,0,0.00615541,0.115915,0.50314,0.311215,1,0,,0,0,0,0,0,0,0,0,103808,104555,0,232,0
2.11529e+006,1,0,0.00430878,0.0935934,0.462185,0.300477,1,0,,0,0,0,0,0,0,0,0,103808,104555,0,232,0
2.11539e+006,1,0,0.00301615,0.0754779,0.423515,0.280038,1,0,,0,0,0,0,0,0,0,0,103808,104555,0,232,0
2.11549e+006,1,0,0.0021113,0.0608046,0.387244,0.309751,1,0,,0,0,0,0,0,0,0,0,103808,104555,0,232,0
2.11559e+006,1,0,0.00147791,0.0489393,0.353413,0.293039,1,0,,0,0,0,0,0,0,0,0,103808,104555,0,232,0
2.11569e+006,1,0,0.00103454,0.0393583,0.322008,0.28704,1,0,,0,0,0,0,0,0,0,0,103808,104555,0,232,0
2.11579e+006,1,0,0.000724177,0.0316315,0.29297,0.286255,1,0,,0,0,0,0,0,0,0,0,103808,104555,0,232,0
2.11589e+006,1,0,0.000506924,0.0254066,0.266214,0.299168,1,0,,0,0,0,0,0,0,0,0,103808,104555,0,232,0
2.11599e+006,1,0,0.000354847,0.0203962,0.241632,0.292043,1,0,,0,0,0,0,0,0,0,0,103808,104555,0,232,0
2.11609e+006,1,0,0.000248393,0.0163667,0.219105,0.280155,1,0,,0,0,0,0,0,0,0,0,103808,104555,0,232,0
2.11619e+006,1,0,0.000173875,0.0131281,0.198508,0.30768,1,0,,0,0,0,0,0,0,0,0,103808,104555,0,232,0
2.11629e+006,1,0,0.000121712,0.0105268,0.17971,0.315955,1,0,,0,0,0,0,0,0,0,0,103808,104555,0,232,0
2.11639e+006,1,0,8.51987e-005,0.0084385,0.162582,0.290408,1,0,,0,0,0,0,0,0,0,0,103808,104555,0,232,0
2.11649e+006,1,0,5.96391e-005,0.00676273,0.147,0.291722,1,0,,0,0,0,0,0,0,0,0,103808,104555,0,232,0
2.11659e+006,1,0,4.17474e-005,0.00541853,0.132842,0.32852,1,0,,0,0,0,0,0,0,0,0,103808,104555,0,232,0
2.11669e+006,1,0,2.92232e-005,0.00434067,0.119992,0.295233,1,0,,0,0,0,0,0,0,0,0,103808,104555,0,232,0
2.11679e+006,1,0,2.04562e-005,0.00347663,0.108341,0.278645,1,0,,0,0,0,0,0,0,0,0,103808,104555,0,232,0
2.11689e+006,1,0,1.43194e-005,0.00278417,0.0977849,0.291657,1,0,,0,0,0,0,0,0,0,0,103808,104555,0,232,0
2.11699e+006,1,0,1.00235e-005,0.00222934,0.0882294,0.298292,1,0,,0,0,0,0,0,0,0,0,103808,104555,0,232,0
2.11709e+006,1,0,7.01648e-006,0.00178487,0.0795849,0.27469,1,0,,0,0,0,0,0,0,0,0,103808,104555,0,232,0
2.11719e+006,1,0,4.91154e-006,0.00142888,0.0717693,0.27839,1,0,,0,0,0,0,0,0,0,0,103808,104555,0,232,0
2.11729e+006,1,18,5.4,1.08114,0.172707,0.287419,1,0,,0,0,0,0,0,0,0,0,103808,104555,0,232,0
2.11739e+006,1,0,3.78,1.62092,0.317528,0.303255,1,0,,0,0,0,0,0,0,0,0,103808,104555,0,232,0
2.11749e+006,1,0,2.646,1.82593,0.468368,0.304716,1,0,,0,0,0,0,0,0,0,0,103808,104555,0,232,0
2.11759e+006,1,0,1.8522,1.83119,0.60465,0.291729,1,0,,0,0,0,0,0,0,0,0,103808,104555,0,232,0
2.11769e+006,1,0,1.29654,1.72426,0.716611,0.311956,1,0,,0,0,0,0,0,0,0,0,103808,104555,0,232,0
2.11779e+006,1,0,0.907579,1.56092,0.801042,0.305781,1,0,,0,0,0,0,0,0,0,0,103808,104555,0,232,0
2.11789e+006,1,0,0.635305,1.3758,0.858517,0.27498,1,0,,0,0,0,0,0,0,0,0,103808,104555,0,232,0
2.11799e+006,1,0,0.444713,1.18958,0.891624,0.307196,1,0,,0,0,0,0,0,0,0,0,103808,104555,0,232,0
2.11809e+006,1,0,0.311299,1.01392,0.903854,0.299919,1,0,,0,0,0,0,0,0,0,0,103808,104555,0,232,0
2.11819e+006,1,0,0.21791,0.854722,0.898941,0.288025,1,0,,0,0,0,0,0,0,0,0,103808,104555,0,232,0
2.11829e+006,1,0,0.152537,0.714285,0.880475,0.321712,1,0,,0,0,0,0,0,0,0,0,103808,104555,0,232,0
2.11839e+006,1,0,0.106776,0.592783,0.851706,0.280162,1,0,,0,0,0,0,0,0,0,0,103808,104555,0,232,0
2.11849e+006,1,0,0.074743,0.489175,0.815453,0.282212,1,0,,0,0,0,0,0,0,0,0,103808,104555,0,232,0
2.11859e+006,1,0,0.0523201,0.401804,0.774088,0.352012,1,0,,0,0,0,0,0,0,0,0,103808,104555,0,232,0
2.11869e+006,1,0,0.0366241,0.328768,0.729556,0.293701,1,0,,0,0,0,0,0,0,0,0,103808,104555,0,232,0
2.11879e+006,1,0,0.0256368,0.268142,0.683414,0.320342,1,0,,0,0,0,0,0,0,0,0,103808,104555,0,232,0
2.11889e+006,1,0,0.0179458,0.218103,0.636883,0.304841,1,0,,0,0,0,0,0,0,0,0,103808,104555,0,232,0
2.11899e+006,1,0,0.0125621,0.176995,0.590894,0.273192,1,0,,0,0,0,0,0,0,0,0,103808,104555,0,232,0
2.11909e+006,1,0,0.00879344,0.143354,0.54614,0.291654,1,0,,0,0,0,0,0,0,0,0,103808,104555,0,232,0
2.11919e+006,1,0,0.00615541,0.115915,0.503118,0.305967,1,0,,0,0,0,0,0,0,0,0,103808,104555,0,232,0
2.11929e+006,1,0,0.00430878,0.0935934,0.462165,0.332192,1,0,,0,0,0,0,0,0,0,0,103808,104555,0,232,0
2.11939e+006,1,0,0.00301615,0.0754779,0.423497,0.295905,1,0,,0,0,0,0,0,0,0,0,103808,104555,0,232,0
2.11949e+006,1,0,0.0021113,0.0608046,0.387227,0.313756,1,0,,0,0,0,0,0,0,0,0,103808,104555,0,232,0
2.11959e+006,1,0,0.00147791,0.0489393,0.353399,0.28353,1,0,,0,0,0,0,0,0,0,0,103808,104555,0,232,0
2.11969e+006,1,0,0.00103454,0.0393583,0.321995,0.320742,1,0,,0,0,0,0,0,0,0,0,103808,104555,0,232,0
2.11979e+006,1,0,0.000724177,0.0316315,0.292958,0.297766,1,0,,0,0,0,0,0,0,0,0,103808,104555,0,232,0
2.11989e+006,1,0,0.000506924,0.0254066,0.266203,0.287142,1,0,,0,0,0,0,0,0,0,0,103808,104555,0,232,0
2.11999e+006,1,0,0.000354847,0.0203962,0.241622,0.274306,1,0,,0,0,0,0,0,0,0,0,103808,104555,0,232,0
2.12009e+006,1,0,0.000248393,0.0163667,0.219097,0.324417,1,0,,0,0,0,0,0,0,0,0,103808,104555,0,232,0
2.12019e+006,1,0,0.000173875,0.0131281,0.1985,0.273054,1,0,,0,0,0,0,0,0,0,0,103808,104555,0,232,0
2.12029e+006,1,0,0.000121712,0.0105268,0.179703,0.289554,1,0,,0,0,0,0,0,0,0,0,103808,104555,0,232,0
2.12039e+006,1,0,8.51987e-005,0.0084385,0.162576,0.292142,1,0,,0,0,0,0,0,0,0,0,103808,104555,0,232,0
2.12049e+006,1,0,5.96391e-005,0.00676273,0.146995,0.29803,1,0,,0,0,0,0,0,0,0,0,103808,104555,0,232,0
2.12059e+006,1,0,4.17474e-005,0.00541853,0.132837,0.315009,1,0,,0,0,0,0,0,0,0,0,103808,104555,0,232,0
2.12069e+006,1,0,2.92232e-005,0.00434067,0.119988,0.283298,1,0,,0,0,0,0,0,0,0,0,103808,104555,0,232,0
2.12079e+006,1,0,2.04562e-005,0.00347663,0.108336,0.339962,1,0,,0,0,0,0,0,0,0,0,103808,104555,0,232,0
2.12089e+006,1,0,1.43194e-005,0.00278417,0.0977812,0.294901,1,0,,0,0,0,0,0,0,0,0,103808,104555,0,232,0
2.12099e+006,1,0,1.00235e-005,0.00222934,0.088226,0.332326,1,0,,0,0,0,0,0,0,0,0,103808,104555,0,232,0
2.12109e+006,1,0,7.01648e-006,0.00178487,0.0795819,0.300889,1,0,,0,0,0,0,0,0,0,0,103808,104555,0,232,0
2.12119e+006,1,19,5.70001,1.14143,0.185767,0.314033,1,0,,0,0,0,0,0,0,0,0,103808,104555,0,232,0
2.12129e+006,1,0,3.99,1.71114,0.338304,0.324596,1,0,,0,0,0,0,0,0,0,0,103808,104555,0,232,0
2.12139e+006,1,0,2.793,1.92752,0.497225,0.317086,1,0,,0,0,0,0,0,0,0,0,103808,104555,0,232,0
2.12149e+006,1,0,1.9551,1.93303,0.640806,0.285122,1,0,,0,0,0,0,0,0,0,0,103808,104555,0,232,0
2.12159e+006,1,0,1.36857,1.82014,0.75874,0.329448,1,0,,0,0,0,0,0,0,0,0,103808,104555,0,232,0
2.12169e+006,1,0,0.958,1.64771,0.847637,0.355698,1,0,,0,0,0,0,0,0,0,0,103808,104555,0,232,0
2.12179e+006,1,0,0.6706,1.45229,0.908102,0.299376,1,0,,0,0,0,0,0,0,0,0,103808,104555,0,232,0
2.12189e+006,1,0,0.46942,1.25572,0.942864,0.292839,1,0,,0,0,0,0,0,0,0,0,103808,104555,0,232,0
2.12199e+006,1,0,0.328594,1.07029,0.955606,0.317603,1,0,,0,0,0,0,0,0,0,0,103808,104555,0,232,0
2.12209e+006,1,0,0.230016,0.902236,0.950269,0.361105,1,0,,0,0,0,0,0,0,0,0,103808,104555,0,232,0
2.12219e+006,1,0,0.161011,0.753991,0.930641,0.279843,1,0,,0,0,0,0,0,0,0,0,103808,104555,0,232,0
2.12229e+006,1,0,0.112708,0.625735,0.900151,0.317044,1,0,,0,0,0,0,0,0,0,0,103808,104555,0,232,0
2.12239e+006,1,0,0.0788954,0.516367,0.861772,0.288722,1,0,,0,0,0,0,0,0,0,0,103808,104555,0,232,0
2.12249e+006,1,0,0.0552268,0.424139,0.818009,0.342846,1,0,,0,0,0,0,0,0,0,0,103808,104555,0,232,0
2.12259e+006,1,0,0.0386587,0.347043,0.770912,0.319797,1,0,,0,0,0,0,0,0,0,0,103808,104555,0,232,0
2.12269e+006,1,0,0.0270611,0.283046,0.722126,0.277348,1,0,,0,0,0,0,0,0,0,0,103808,104555,0,232,0
2.12279e+006,1,0,0.0189428,0.230226,0.672936,0.295312,1,0,,0,0,0,0,0,0,0,0,103808,104555,0,232,0
2.12289e+006,1,0,0.0132599,0.186833,0.624325,0.308536,1,0,,0,0,0,0,0,0,0,0,103808,104555,0,232,0
2.12299e+006,1,0,0.00928196,0.151322,0.577025,0.349484,1,0,,0,0,0,0,0,0,0,0,103808,104555,0,232,0
2.12309e+006,1,0,0.00649737,0.122357,0.531558,0.315547,1,0,,0,0,0,0,0,0,0,0,103808,104555,0,232,0
2.12319e+006,1,0,0.00454816,0.0987956,0.488282,0.294346,1,0,,0,0,0,0,0,0,0,0,103808,104555,0,232,0
2.12329e+006,1,0,0.00318371,0.0796732,0.447421,0.298807,1,0,,0,0,0,0,0,0,0,0,103808,104555,0,232,0
2.12339e+006,1,0,0.0022286,0.0641843,0.409097,0.298232,1,0,,0,0,0,0,0,0,0,0,103808,104555,0,232,0
2.12349e+006,1,0,0.00156002,0.0516594,0.373354,0.302321,1,0,,0,0,0,0,0,0,0,0,103808,104555,0,232,0
2.12359e+006,1,0,0.00109201,0.0415459,0.340173,0.324845,1,0,,0,0,0,0,0,0,0,0,103808,104555,0,232,0
2.12369e+006,1,0,0.000764409,0.0333896,0.309494,0.301907,1,0,,0,0,0,0,0,0,0,0,103808,104555,0,232,0
2.12379e+006,1,0,0.000535087,0.0268187,0.281227,0.308318,1,0,,0,0,0,0,0,0,0,0,103808,104555,0,232,0
2.12389e+006,1,0,0.000374561,0.0215299,0.255257,0.33692,1,0,,0,0,0,0,0,0,0,0,103808,104555,0,232,0
2.12399e+006,1,0,0.000262192,0.0172764,0.231459,0.299983,1,0,,0,0,0,0,0,0,0,0,103808,104555,0,232,0
2.12409e+006,1,0,0.000183535,0.0138578,0.209699,0.286671,1,0,,0,0,0,0,0,0,0,0,103808,104555,0,232,0
2.12419e+006,1,0,0.000128474,0.0111119,0.18984,0.315071,1,0,,0,0,0,0,0,0,0,0,103808,104555,0,232,0
2.12429e+006,1,0,8.9932e-005,0.00890753,0.171747,0.308136,1,0,,0,0,0,0,0,0,0,0,103808,104555,0,232,0
2.12439e+006,1,0,6.29524e-005,0.00713862,0.155286,0.325435,1,0,,0,0,0,0,0,0,0,0,103808,104555,0,232,0
2.12449e+006,1,0,4.40667e-005,0.00571971,0.140329,0.3132,1,0,,0,0,0,0,0,0,0,0,103808,104555,0,232,0
2.12459e+006,1,0,3.08467e-005,0.00458193,0.126755,0.303199,1,0,,0,0,0,0,0,0,0,0,103808,104555,0,232,0
2.12469e+006,1,0,2.15927e-005,0.00366987,0.114446,0.284298,1,0,,0,0,0,0,0,0,0,0,103808,104555,0,232,0
2.12479e+006,1,0,1.51149e-005,0.00293892,0.103295,0.290198,1,0,,0,0,0,0,0,0,0,0,103808,104555,0,232,0
2.12489e+006,1,0,1.05804e-005,0.00235325,0.0932013,0.298385,1,0,,0,0,0,0,0,0,0,0,103808,104555,0,232,0
2.12499e+006,1,0,7.40629e-006,0.00188408,0.0840696,0.33706,1,0,,0,0,0,0,0,0,0,0,103808,104555,0,232,0
2.12509e+006,1,0,5.1844e-006,0.0015083,0.0758134,0.288473,1,0,,0,0,0,0,0,0,0,0,103808,104555,0,232,0
2.12519e+006,1,19,5.7,1.14121,0.182353,0.291015,1,0,,0,0,0,0,0,0,0,0,103808,104555,0,232,0
2.12529e+006,1,0,3.99,1.71097,0.335214,0.295415,1,0,,0,0,0,0,0,0,0,0,103808,104555,0,232,0
2.12539e+006,1,0,2.793,1.92737,0.49443,0.326798,1,0,,0,0,0,0,0,0,0,0,103808,104555,0,232,0
2.12549e+006,1,0,1.9551,1.93292,0.638279,0.316571,1,0,,0,0,0,0,0,0,0,0,103808,104555,0,232,0
2.12559e+006,1,0,1.36857,1.82005,0.756456,0.292097,1,0,,0,0,0,0,0,0,0,0,103808,104555,0,232,0
2.12569e+006,1,0,0.958,1.64764,0.845574,0.301132,1,0,,0,0,0,0,0,0,0,0,103808,104555,0,232,0
2.12579e+006,1,0,0.6706,1.45223,0.90624,0.316331,1,0,,0,0,0,0,0,0,0,0,103808,104555,0,232,0
2.12589e+006,1,0,0.46942,1.25567,0.941183,0.290843,1,0,,0,0,0,0,0,0,0,0,103808,104555,0,232,0
2.12599e+006,1,0,0.328594,1.07025,0.95409,0.294417,1,0,,0,0,0,0,0,0,0,0,103808,104555,0,232,0
2.12609e+006,1,0,0.230016,0.902207,0.948902,0.311543,1,0,,0,0,0,0,0,0,0,0,103808,104555,0,232,0
2.12619e+006,1,0,0.161011,0.753968,0.929408,0.333816,1,0,,0,0,0,0,0,0,0,0,103808,104555,0,232,0
2.12629e+006,1,0,0.112708,0.625716,0.899039,0.296441,1,0,,0,0,0,0,0,0,0,0,103808,104555,0,232,0
2.12639e+006,1,0,0.0788954,0.516352,0.86077,0.281965,1,0,,0,0,0,0,0,0,0,0,103808,104555,0,232,0
2.12649e+006,1,0,0.0552268,0.424127,0.817106,0.287204,1,0,,0,0,0,0,0,0,0,0,103808,104555,0,232,0
2.12659e+006,1,0,0.0386587,0.347033,0.770099,0.291766,1,0,,0,0,0,0,0,0,0,0,103808,104555,0,232,0
2.12669e+006,1,0,0.0270611,0.283039,0.721393,0.299941,1,0,,0,0,0,0,0,0,0,0,103808,104555,0,232,0
2.12679e+006,1,0,0.0189428,0.230219,0.672275,0.314404,1,0,,0,0,0,0,0,0,0,0,103808,104555,0,232,0
2.12689e+006,1,0,0.0132599,0.186828,0.623731,0.279715,1,0,,0,0,0,0,0,0,0,0,103808,104555,0,232,0
2.12699e+006,1,0,0.00928196,0.151318,0.576489,0.283766,1,0,,0,0,0,0,0,0,0,0,103808,104555,0,232,0
2.12709e+006,1,0,0.00649737,0.122354,0.531076,0.296628,1,0,,0,0,0,0,0,0,0,0,103808,104555,0,232,0
2.12719e+006,1,0,0.00454816,0.098793,0.487847,0.302989,1,0,,0,0,0,0,0,0,0,0,103808,104555,0,232,0
2.12729e+006,1,0,0.00318371,0.0796712,0.44703,0.317852,1,0,,0,0,0,0,0,0,0,0,103808,104555,0,232,0
2.12739e+006,1,0,0.0022286,0.0641826,0.408745,0.272626,1,0,,0,0,0,0,0,0,0,0,103808,104555,0,232,0
2.12749e+006,1,0,0.00156002,0.0516581,0.373036,0.32695,1,0,,0,0,0,0,0,0,0,0,103808,104555,0,232,0
2.12759e+006,1,0,0.00109201,0.0415449,0.339887,0.280051,1,0,,0,0,0,0,0,0,0,0,103808,104555,0,232,0
2.12769e+006,1,0,0.000764409,0.0333888,0.309237,0.293001,1,0,,0,0,0,0,0,0,0,0,103808,104555,0,232,0
2.12779e+006,1,0,0.000535086,0.0268181,0.280995,0.304266,1,0,,0,0,0,0,0,0,0,0,103808,104555,0,232,0
2.12789e+006,1,0,0.000374561,0.0215294,0.255049,0.298305,1,0,,0,0,0,0,0,0,0,0,103808,104555,0,232,0
2.12799e+006,1,0,0.000262192,0.0172759,0.231272,0.338818,1,0,,0,0,0,0,0,0,0,0,103808,104555,0,232,0
2.12809e+006,1,0,0.000183535,0.0138574,0.20953,0.311018,1,0,,0,0,0,0,0,0,0,0,103808,104555,0,232,0
2.12819e+006,1,0,0.000128474,0.0111117,0.189688,0.317457,1,0,,0,0,0,0,0,0,0,0,103808,104555,0,232,0
2.12829e+006,1,0,8.9932e-005,0.00890731,0.17161,0.316694,1,0,,0,0,0,0,0,0,0,0,103808,104555,0,232,0
2.12839e+006,1,0,6.29524e-005,0.00713844,0.155163,0.306357,1,0,,0,0,0,0,0,0,0,0,103808,104555,0,232,0
2.12849e+006,1,0,4.40667e-005,0.00571956,0.140219,0.310131,1,0,,0,0,0,0,0,0,0,0,103808,104555,0,232,0
2.12859e+006,1,0,3.08467e-005,0.00458182,0.126655,0.311632,1,0,,0,0,0,0,0,0,0,0,103808,104555,0,232,0
2.12869e+006,1,0,2.15927e-005,0.00366978,0.114356,0.300482,1,0,,0,0,0,0,0,0,0,0,103808,104555,0,232,0
2.12879e+006,1,0,1.51149e-005,0.00293884,0.103215,0.330755,1,0,,0,0,0,0,0,0,0,0,103808,104555,0,232,0
2.12889e+006,1,0,1.05804e-005,0.00235319,0.0931285,0.326005,1,0,,0,0,0,0,0,0,0,0,103808,104555,0,232,0
2.12899e+006,1,0,7.40628e-006,0.00188403,0.0840041,0.318951,1,0,,0,0,0,0,0,0,0,0,103808,104555,0,232,0
2.12909e+006,1,0,5.1844e-006,0.00150826,0.0757545,0.309277,1,0,,0,0,0,0,0,0,0,0,103808,104555,0,232,0
2.12919e+006,1,19,5.7,1.14121,0.1823,0.309608,1,0,,0,0,0,0,0,0,0,0,103808,104555,0,232,0
2.12929e+006,1,0,3.99,1.71097,0.335166,0.279532,1,0,,0,0,0,0,0,0,0,0,103808,104555,0,232,0
2.12939e+006,1,0,2.793,1.92737,0.494387,0.265807,1,0,,0,0,0,0,0,0,0,0,103808,104555,0,232,0
2.12949e+006,1,0,1.9551,1.93292,0.63824,0.268132,1,0,,0,0,0,0,0,0,0,0,103808,104555,0,232,0
2.12959e+006,1,0,1.36857,1.82005,0.756421,0.310581,1,0,,0,0,0,0,0,0,0,0,103808,104555,0,232,0
2.12969e+006,1,0,0.958,1.64764,0.845543,0.338819,1,0,,0,0,0,0,0,0,0,0,103808,104555,0,232,0
2.12979e+006,1,0,0.6706,1.45223,0.906212,0.274631,1,0,,0,0,0,0,0,0,0,0,103808,104555,0,232,0
2.12989e+006,1,0,0.46942,1.25567,0.941158,0.298241,1,0,,0,0,0,0,0,0,0,0,103808,104555,0,232,0
2.12999e+006,1,0,0.328594,1.07025,0.954067,0.30519,1,0,,0,0,0,0,0,0,0,0,103808,104555,0,232,0
2.13009e+006,1,0,0.230016,0.902207,0.948881,0.319777,1,0,,0,0,0,0,0,0,0,0,103808,104555,0,232,0
2.13019e+006,1,0,0.161011,0.753968,0.92939,0.329363,1,0,,0,0,0,0,0,0,0,0,103808,104555,0,232,0
2.13029e+006,1,0,0.112708,0.625716,0.899022,0.296226,1,0,,0,0,0,0,0,0,0,0,103808,104555,0,232,0
2.13039e+006,1,0,0.0788954,0.516352,0.860755,0.335451,1,0,,0,0,0,0,0,0,0,0,103808,104555,0,232,0
2.13049e+006,1,0,0.0552268,0.424127,0.817092,0.311888,1,0,,0,0,0,0,0,0,0,0,103808,104555,0,232,0
2.13059e+006,1,0,0.0386587,0.347033,0.770086,0.267275,1,0,,0,0,0,0,0,0,0,0,103808,104555,0,232,0
2.13069e+006,1,0,0.0270611,0.283039,0.721382,0.315162,1,0,,0,0,0,0,0,0,0,0,103808,104555,0,232,0
2.13079e+006,1,0,0.0189428,0.230219,0.672265,0.296374,1,0,,0,0,0,0,0,0,0,0,103808,104555,0,232,0
2.13089e+006,1,0,0.0132599,0.186828,0.623722,0.2896,1,0,,0,0,0,0,0,0,0,0,103808,104555,0,232,0
2.13099e+006,1,0,0.00928196,0.151318,0.576481,0.337287,1,0,,0,0,0,0,0,0,0,0,103808,104555,0,232,0
2.13109e+006,1,0,0.00649737,0.122354,0.531069,0.264476,1,0,,0,0,0,0,0,0,0,0,103808,104555,0,232,0
2.13119e+006,1,0,0.00454816,0.098793,0.487841,0.325488,1,0,,0,0,0,0,0,0,0,0,103808,104555,0,232,0
2.13129e+006,1,0,0.00318371,0.0796712,0.447024,0.288,1,0,,0,0,0,0,0,0,0,0,103808,104555,0,232,0
2.13139e+006,1,0,0.0022286,0.0641826,0.40874,0.298604,1,0,,0,0,0,0,0,0,0,0,103808,104555,0,232,0
2.13149e+006,1,0,0.00156002,0.0516581,0.373032,0.316416,1,0,,0,0,0,0,0,0,0,0,103808,104555,0,232,0
2.13159e+006,1,0,0.00109201,0.0415449,0.339883,0.293277,1,0,,0,0,0,0,0,0,0,0,103808,104555,0,232,0
2.13169e+006,1,0,0.000764409,0.0333888,0.309234,0.296152,1,0,,0,0,0,0,0,0,0,0,103808,104555,0,232,0
2.13179e+006,1,0,0.000535086,0.0268181,0.280992,0.28979,1,0,,0,0,0,0,0,0,0,0,103808,104555,0,232,0
2.13189e+006,1,0,0.000374561,0.0215294,0.255046,0.308902,1,0,,0,0,0,0,0,0,0,0,103808,104555,0,232,0
2.13199e+006,1,0,0.000262192,0.0172759,0.231269,0.295091,1,0,,0,0,0,0,0,0,0,0,103808,104555,0,232,0
2.13209e+006,1,0,0.000183535,0.0138574,0.209528,0.303392,1,0,,0,0,0,0,0,0,0,0,103808,104555,0,232,0
2.13219e+006,1,0,0.000128474,0.0111117,0.189686,0.31793,1,0,,0,0,0,0,0,0,0,0,103808,104555,0,232,0
2.13229e+006,1,0,8.9932e-005,0.00890731,0.171608,0.350116,1,0,,0,0,0,0,0,0,0,0,103808,104555,0,232,0
2.13239e+006,1,0,6.29524e-005,0.00713844,0.155161,0.290544,1,0,,0,0,0,0,0,0,0,0,103808,104555,0,232,0
2.13249e+006,1,0,4.40667e-005,0.00571956,0.140217,0.294243,1,0,,0,0,0,0,0,0,0,0,103808,104555,0,232,0
2.13259e+006,1,0,3.08467e-005,0.00458182,0.126653,0.28748,1,0,,0,0,0,0,0,0,0,0,103808,104555,0,232,0
2.13269e+006,1,0,2.15927e-005,0.00366978,0.114355,0.284618,1,0,,0,0,0,0,0,0,0,0,103808,104555,0,232,0
2.13279e+006,1,0,1.51149e-005,0.00293884,0.103213,0.297068,1,0,,0,0,0,0,0,0,0,0,103808,104555,0,232,0
2.13289e+006,1,0,1.05804e-005,0.00235319,0.0931274,0.290432,1,0,,0,0,0,0,0,0,0,0,103808,104555,0,232,0
2.13299e+006,1,0,7.40628e-006,0.00188403,0.0840031,0.297268,1,0,,0,0,0,0,0,0,0,0,103808,104555,0,232,0
2.13309e+006,1,18,5.40001,1.08151,0.183754,0.293273,1,0,,0,0,0,0,0,0,0,0,103808,104555,0,232,0
2.13319e+006,1,0,3.78,1.62121,0.327499,0.325726,1,0,,0,0,0,0,0,0,0,0,103808,104555,0,232,0
2.13329e+006,1,0,2.646,1.82617,0.477366,0.30915,1,0,,0,0,0,0,0,0,0,0,103808,104555,0,232,0
2.13339e+006,1,0,1.8522,1.83137,0.612767,0.320038,1,0,,0,0,0,0,0,0,0,0,103808,104555,0,232,0
2.13349e+006,1,0,1.29654,1.72441,0.723931,0.298739,1,0,,0,0,0,0,0,0,0,0,103808,104555,0,232,0
2.13359e+006,1,0,0.907579,1.56104,0.807642,0.321975,1,0,,0,0,0,0,0,0,0,0,103808,104555,0,232,0
2.13369e+006,1,0,0.635305,1.37589,0.864467,0.294275,1,0,,0,0,0,0,0,0,0,0,103808,104555,0,232,0
2.13379e+006,1,0,0.444714,1.18966,0.896986,0.292388,1,0,,0,0,0,0,0,0,0,0,103808,104555,0,232,0
2.13389e+006,1,0,0.3113,1.01399,0.908686,0.292838,1,0,,0,0,0,0,0,0,0,0,103808,104555,0,232,0
2.13399e+006,1,0,0.21791,0.854771,0.903295,0.29985,1,0,,0,0,0,0,0,0,0,0,103808,104555,0,232,0
2.13409e+006,1,0,0.152537,0.714324,0.884397,0.277539,1,0,,0,0,0,0,0,0,0,0,103808,104555,0,232,0
2.13419e+006,1,0,0.106776,0.592815,0.855239,0.294941,1,0,,0,0,0,0,0,0,0,0,103808,104555,0,232,0
2.13429e+006,1,0,0.074743,0.4892,0.818635,0.289129,1,0,,0,0,0,0,0,0,0,0,103808,104555,0,232,0
2.13439e+006,1,0,0.0523201,0.401824,0.776954,0.293682,1,0,,0,0,0,0,0,0,0,0,103808,104555,0,232,0
2.13449e+006,1,0,0.0366241,0.328784,0.732137,0.304257,1,0,,0,0,0,0,0,0,0,0,103808,104555,0,232,0
2.13459e+006,1,0,0.0256369,0.268155,0.685739,0.285735,1,0,,0,0,0,0,0,0,0,0,103808,104555,0,232,0
2.13469e+006,1,0,0.0179458,0.218113,0.638976,0.2803,1,0,,0,0,0,0,0,0,0,0,103808,104555,0,232,0
2.13479e+006,1,0,0.0125621,0.177003,0.592779,0.284137,1,0,,0,0,0,0,0,0,0,0,103808,104555,0,232,0
2.13489e+006,1,0,0.00879344,0.143361,0.547837,0.270613,1,0,,0,0,0,0,0,0,0,0,103808,104555,0,232,0
2.13499e+006,1,0,0.00615541,0.11592,0.504645,0.318142,1,0,,0,0,0,0,0,0,0,0,103808,104555,0,232,0
2.13509e+006,1,0,0.00430879,0.0935976,0.463541,0.296579,1,0,,0,0,0,0,0,0,0,0,103808,104555,0,232,0
2.13519e+006,1,0,0.00301615,0.0754813,0.424735,0.272328,1,0,,0,0,0,0,0,0,0,0,103808,104555,0,232,0
2.13529e+006,1,0,0.0021113,0.0608073,0.388342,0.291141,1,0,,0,0,0,0,0,0,0,0,103808,104555,0,232,0
2.13539e+006,1,0,0.00147791,0.0489414,0.354402,0.309742,1,0,,0,0,0,0,0,0,0,0,103808,104555,0,232,0
2.13549e+006,1,0,0.00103454,0.0393601,0.322898,0.303379,1,0,,0,0,0,0,0,0,0,0,103808,104555,0,232,0
2.13559e+006,1,0,0.000724178,0.0316329,0.293771,0.286405,1,0,,0,0,0,0,0,0,0,0,103808,104555,0,232,0
2.13569e+006,1,0,0.000506924,0.0254077,0.266935,0.285865,1,0,,0,0,0,0,0,0,0,0,103808,104555,0,232,0
2.13579e+006,1,0,0.000354847,0.0203971,0.242281,0.307966,1,0,,0,0,0,0,0,0,0,0,103808,104555,0,232,0
2.13589e+006,1,0,0.000248393,0.0163674,0.21969,0.286966,1,0,,0,0,0,0,0,0,0,0,103808,104555,0,232,0
2.13599e+006,1,0,0.000173875,0.0131287,0.199034,0.269064,1,0,,0,0,0,0,0,0,0,0,103808,104555,0,232,0
2.13609e+006,1,0,0.000121712,0.0105273,0.180183,0.31714,1,0,,0,0,0,0,0,0,0,0,103808,104555,0,232,0
2.13619e+006,1,0,8.51987e-005,0.00843887,0.163008,0.293329,1,0,,0,0,0,0,0,0,0,0,103808,104555,0,232,0
2.13629e+006,1,0,5.96391e-005,0.00676302,0.147384,0.28663,1,0,,0,0,0,0,0,0,0,0,103808,104555,0,232,0
2.13639e+006,1,0,4.17474e-005,0.00541877,0.133187,0.343504,1,0,,0,0,0,0,0,0,0,0,103808,104555,0,232,0
2.13649e+006,1,0,2.92232e-005,0.00434086,0.120303,0.289955,1,0,,0,0,0,0,0,0,0,0,103808,104555,0,232,0
2.13659e+006,1,0,2.04562e-005,0.00347678,0.10862,0.276993,1,0,,0,0,0,0,0,0,0,0,103808,104555,0,232,0
2.13669e+006,1,0,1.43194e-005,0.00278429,0.0980366,0.303168,1,0,,0,0,0,0,0,0,0,0,103808,104555,0,232,0
2.13679e+006,1,0,1.00235e-005,0.00222943,0.0884559,0.285465,1,0,,0,0,0,0,0,0,0,0,103808,104555,0,232,0
2.13689e+006,1,0,7.01648e-006,0.00178495,0.0797888,0.31184,1,0,,0,0,0,0,0,0,0,0,103808,104555,0,232,0
2.13699e+006,1,0,4.91154e-006,0.00142894,0.0719528,0.33799,1,0,,0,0,0,0,0,0,0,0,103808,104555,0,232,0
2.13709e+006,1,19,5.7,1.14114,0.178872,0.304878,1,0,,0,0,0,0,0,0,0,0,103808,104555,0,232,0
2.13719e+006,1,0,3.99,1.71092,0.332076,0.296702,1,0,,0,0,0,0,0,0,0,0,103808,104555,0,232,0
2.13729e+006,1,0,2.793,1.92733,0.491602,0.292539,1,0,,0,0,0,0,0,0,0,0,103808,104555,0,232,0
2.13739e+006,1,0,1.9551,1.93289,0.63573,0.290053,1,0,,0,0,0,0,0,0,0,0,103808,104555,0,232,0
2.13749e+006,1,0,1.36857,1.82002,0.75416,0.276103,1,0,,0,0,0,0,0,0,0,0,103808,104555,0,232,0
2.13759e+006,1,0,0.958,1.64762,0.843506,0.317602,1,0,,0,0,0,0,0,0,0,0,103808,104555,0,232,0
2.13769e+006,1,0,0.6706,1.45221,0.904377,0.320065,1,0,,0,0,0,0,0,0,0,0,103808,104555,0,232,0
2.13779e+006,1,0,0.46942,1.25566,0.939504,0.34059,1,0,,0,0,0,0,0,0,0,0,103808,104555,0,232,0
2.13789e+006,1,0,0.328594,1.07024,0.952578,0.293964,1,0,,0,0,0,0,0,0,0,0,103808,104555,0,232,0
2.13799e+006,1,0,0.230016,0.902198,0.94754,0.302056,1,0,,0,0,0,0,0,0,0,0,103808,104555,0,232,0
2.13809e+006,1,0,0.161011,0.753961,0.928182,0.325196,1,0,,0,0,0,0,0,0,0,0,103808,104555,0,232,0
2.13819e+006,1,0,0.112708,0.62571,0.897935,0.291707,1,0,,0,0,0,0,0,0,0,0,103808,104555,0,232,0
2.13829e+006,1,0,0.0788954,0.516347,0.859776,0.317731,1,0,,0,0,0,0,0,0,0,0,103808,104555,0,232,0
2.13839e+006,1,0,0.0552268,0.424123,0.816211,0.28098,1,0,,0,0,0,0,0,0,0,0,103808,104555,0,232,0
2.13849e+006,1,0,0.0386587,0.34703,0.769293,0.293556,1,0,,0,0,0,0,0,0,0,0,103808,104555,0,232,0
2.13859e+006,1,0,0.0270611,0.283036,0.720667,0.321537,1,0,,0,0,0,0,0,0,0,0,103808,104555,0,232,0
2.13869e+006,1,0,0.0189428,0.230218,0.671622,0.286448,1,0,,0,0,0,0,0,0,0,0,103808,104555,0,232,0
2.13879e+006,1,0,0.0132599,0.186826,0.623143,0.316021,1,0,,0,0,0,0,0,0,0,0,103808,104555,0,232,0
2.13889e+006,1,0,0.00928196,0.151317,0.57596,0.289531,1,0,,0,0,0,0,0,0,0,0,103808,104555,0,232,0
2.13899e+006,1,0,0.00649737,0.122353,0.530599,0.29473,1,0,,0,0,0,0,0,0,0,0,103808,104555,0,232,0
2.13909e+006,1,0,0.00454816,0.0987923,0.487419,0.326719,1,0,,0,0,0,0,0,0,0,0,103808,104555,0,232,0
2.13919e+006,1,0,0.00318371,0.0796706,0.446644,0.303267,1,0,,0,0,0,0,0,0,0,0,103808,104555,0,232,0
2.13929e+006,1,0,0.0022286,0.0641822,0.408398,0.284568,1,0,,0,0,0,0,0,0,0,0,103808,104555,0,232,0
2.13939e+006,1,0,0.00156002,0.0516578,0.372724,0.320268,1,0,,0,0,0,0,0,0,0,0,103808,104555,0,232,0
2.13949e+006,1,0,0.00109201,0.0415446,0.339606,0.353405,1,0,,0,0,0,0,0,0,0,0,103808,104555,0,232,0
2.13959e+006,1,0,0.000764409,0.0333886,0.308984,0.298553,1,0,,0,0,0,0,0,0,0,0,103808,104555,0,232,0
2.13969e+006,1,0,0.000535086,0.0268179,0.280767,0.290279,1,0,,0,0,0,0,0,0,0,0,103808,104555,0,232,0
2.13979e+006,1,0,0.000374561,0.0215292,0.254844,0.290963,1,0,,0,0,0,0,0,0,0,0,103808,104555,0,232,0
2.13989e+006,1,0,0.000262192,0.0172758,0.231087,0.304412,1,0,,0,0,0,0,0,0,0,0,103808,104555,0,232,0
2.13999e+006,1,0,0.000183535,0.0138574,0.209364,0.33115,1,0,,0,0,0,0,0,0,0,0,103808,104555,0,232,0
2.14009e+006,1,0,0.000128474,0.0111116,0.189539,0.299014,1,0,,0,0,0,0,0,0,0,0,103808,104555,0,232,0
2.14019e+006,1,0,8.9932e-005,0.00890725,0.171475,0.286725,1,0,,0,0,0,0,0,0,0,0,103808,104555,0,232,0
2.14029e+006,1,0,6.29524e-005,0.00713839,0.155042,0.308851,1,0,,0,0,0,0,0,0,0,0,103808,104555,0,232,0
2.14039e+006,1,0,4.40667e-005,0.00571952,0.14011,0.321942,1,0,,0,0,0,0,0,0,0,0,103808,104555,0,232,0
2.14049e+006,1,0,3.08467e-005,0.00458179,0.126557,0.301742,1,0,,0,0,0,0,0,0,0,0,103808,104555,0,232,0
2.14059e+006,1,0,2.15927e-005,0.00366975,0.114268,0.297016,1,0,,0,0,0,0,0,0,0,0,103808,104555,0,232,0
2.14069e+006,1,0,1.51149e-005,0.00293882,0.103135,0.306378,1,0,,0,0,0,0,0,0,0,0,103808,104555,0,232,0
2.14079e+006,1,0,1.05804e-005,0.00235317,0.0930569,0.293302,1,0,,0,0,0,0,0,0,0,0,103808,104555,0,232,0
2.14089e+006,1,0,7.40628e-006,0.00188402,0.0839396,0.295152,1,0,,0,0,0,0,0,0,0,0,103808,104555,0,232,0
2.14099e+006,1,0,5.1844e-006,0.00150825,0.0756965,0.301315,1,0,,0,0,0,0,0,0,0,0,103808,104555,0,232,0
2.14109e+006,1,18,5.4,1.08121,0.176248,0.336899,1,0,,0,0,0,0,0,0,0,0,103808,104555,0,232,0
2.14119e+006,1,0,3.78,1.62097,0.320719,0.319111,1,0,,0,0,0,0,0,0,0,0,103808,104555,0,232,0
2.14129e+006,1,0,2.646,1.82597,0.471245,0.286846,1,0,,0,0,0,0,0,0,0,0,103808,104555,0,232,0
2.14139e+006,1,0,1.8522,1.83122,0.607242,0.303421,1,0,,0,0,0,0,0,0,0,0,103808,104555,0,232,0
2.14149e+006,1,0,1.29654,1.72428,0.718946,0.310972,1,0,,0,0,0,0,0,0,0,0,103808,104555,0,232,0
2.14159e+006,1,0,0.907579,1.56094,0.803146,0.292136,1,0,,0,0,0,0,0,0,0,0,103808,104555,0,232,0
2.14169e+006,1,0,0.635305,1.37582,0.860413,0.275374,1,0,,0,0,0,0,0,0,0,0,103808,104555,0,232,0
2.14179e+006,1,0,0.444713,1.18959,0.893331,0.288473,1,0,,0,0,0,0,0,0,0,0,103808,104555,0,232,0
2.14189e+006,1,0,0.311299,1.01394,0.905392,0.324324,1,0,,0,0,0,0,0,0,0,0,103808,104555,0,232,0
2.14199e+006,1,0,0.21791,0.85473,0.900325,0.302513,1,0,,0,0,0,0,0,0,0,0,103808,104555,0,232,0
2.14209e+006,1,0,0.152537,0.714292,0.881722,0.293114,1,0,,0,0,0,0,0,0,0,0,103808,104555,0,232,0
2.14219e+006,1,1,0.406776,0.652789,0.858829,0.311756,1,0,,0,0,0,0,0,0,0,0,103808,104555,0,232,0
2.14229e+006,1,0,0.284743,0.579179,0.830864,0.306244,1,0,,0,0,0,0,0,0,0,0,103808,104555,0,232,0
2.14239e+006,1,0,0.19932,0.503208,0.798098,0.307292,1,0,,0,0,0,0,0,0,0,0,103808,104555,0,232,0
2.14249e+006,1,0,0.139524,0.430471,0.761335,0.293404,1,0,,0,0,0,0,0,0,0,0,103808,104555,0,232,0
2.14259e+006,1,0,0.0976668,0.36391,0.721593,0.298781,1,0,,0,0,0,0,0,0,0,0,103808,104555,0,232,0
2.14269e+006,1,0,0.0683668,0.304801,0.679914,0.345143,1,0,,0,0,0,0,0,0,0,0,103808,104555,0,232,0
2.14279e+006,1,0,0.0478568,0.253413,0.637264,0.280717,1,0,,0,0,0,0,0,0,0,0,103808,104555,0,232,0
2.14289e+006,1,0,0.0334997,0.20943,0.59448,0.282178,1,0,,0,0,0,0,0,0,0,0,103808,104555,0,232,0
2.14299e+006,1,0,0.0234498,0.172234,0.552256,0.295666,1,0,,0,0,0,0,0,0,0,0,103808,104555,0,232,0
2.14309e+006,1,0,0.0164149,0.14107,0.511137,0.314977,1,0,,0,0,0,0,0,0,0,0,103808,104555,0,232,0
2.14319e+006,1,0,0.0114904,0.115154,0.471539,0.286004,1,0,,0,0,0,0,0,0,0,0,103808,104555,0,232,0
2.14329e+006,1,0,0.00804328,0.093732,0.433758,0.291828,1,0,,0,0,0,0,0,0,0,0,103808,104555,0,232,0
2.14339e+006,1,0,0.0056303,0.0761117,0.397993,0.3029,1,0,,0,0,0,0,0,0,0,0,103808,104555,0,232,0
2.14349e+006,1,0,0.00394121,0.0616776,0.364362,0.281438,1,0,,0,0,0,0,0,0,0,0,103808,104555,0,232,0
2.14359e+006,1,0,0.00275885,0.0498938,0.332915,0.290826,1,0,,0,0,0,0,0,0,0,0,103808,104555,0,232,0
2.14369e+006,1,0,0.00193119,0.0403013,0.303654,0.312514,1,0,,0,0,0,0,0,0,0,0,103808,104555,0,232,0
2.14379e+006,1,0,0.00135183,0.0325114,0.276539,0.328751,1,0,,0,0,0,0,0,0,0,0,103808,104555,0,232,0
2.14389e+006,1,0,0.000946284,0.0261984,0.251505,0.284728,1,0,,0,0,0,0,0,0,0,0,103808,104555,0,232,0
2.14399e+006,1,0,0.000662399,0.0210912,0.228464,0.295398,1,0,,0,0,0,0,0,0,0,0,103808,104555,0,232,0
2.14409e+006,1,0,0.000463679,0.0169657,0.207314,0.323335,1,0,,0,0,0,0,0,0,0,0,103808,104555,0,232,0
2.14419e+006,1,0,0.000324575,0.0136375,0.187946,0.323848,1,0,,0,0,0,0,0,0,0,0,103808,104555,0,232,0
2.14429e+006,1,0,0.000227203,0.0109554,0.170247,0.279562,1,0,,0,0,0,0,0,0,0,0,103808,104555,0,232,0
2.14439e+006,1,0,0.000159042,0.00879614,0.154102,0.300276,1,0,,0,0,0,0,0,0,0,0,103808,104555,0,232,0
2.14449e+006,1,0,0.000111329,0.00705918,0.139398,0.30445,1,0,,0,0,0,0,0,0,0,0,103808,104555,0,232,0
2.14459e+006,1,0,7.79305e-005,0.00566293,0.126024,0.293638,1,0,,0,0,0,0,0,0,0,0,103808,104555,0,232,0
2.14469e+006,1,0,5.45514e-005,0.00454125,0.113876,0.286275,1,0,,0,0,0,0,0,0,0,0,103808,104555,0,232,0
2.14479e+006,1,0,3.8186e-005,0.00364064,0.102853,0.3239,1,0,,0,0,0,0,0,0,0,0,103808,104555,0,232,0
2.14489e+006,1,0,2.67302e-005,0.00291786,0.092859,0.322649,1,0,,0,0,0,0,0,0,0,0,103808,104555,0,232,0
2.14499e+006,1,18,5.40002,1.08234,0.191807,0.321736,1,0,,0,0,0,0,0,0,0,0,103808,104555,0,232,0
2.14509e+006,1,0,3.78001,1.62187,0.334814,0.297388,1,0,,0,0,0,0,0,0,0,0,103808,104555,0,232,0
2.14519e+006,1,0,2.64601,1.8267,0.484002,0.289271,1,0,,0,0,0,0,0,0,0,0,103808,104555,0,232,0
2.14529e+006,1,0,1.85221,1.8318,0.618782,0.297147,1,0,,0,0,0,0,0,0,0,0,103808,104555,0,232,0
2.14539e+006,1,0,1.29654,1.72475,0.729379,0.303935,1,0,,0,0,0,0,0,0,0,0,103808,104555,0,232,0
2.14549e+006,1,0,0.907581,1.56132,0.812573,0.299309,1,0,,0,0,0,0,0,0,0,0,103808,104555,0,232,0
2.14559e+006,1,0,0.635307,1.37611,0.868927,0.302399,1,0,,0,0,0,0,0,0,0,0,103808,104555,0,232,0
2.14569e+006,1,0,0.444715,1.18983,0.901018,0.3165,1,0,,0,0,0,0,0,0,0,0,103808,104555,0,232,0
2.14579e+006,1,1,0.6113,1.07413,0.918329,0.303628,1,0,,0,0,0,0,0,0,0,0,103808,104555,0,232,0
2.14589e+006,1,0,0.42791,0.944884,0.920984,0.303279,1,0,,0,0,0,0,0,0,0,0,103808,104555,0,232,0
2.14599e+006,1,0,0.299537,0.815815,0.910467,0.298416,1,0,,0,0,0,0,0,0,0,0,103808,104555,0,232,0
2.14609e+006,1,0,0.209676,0.694587,0.888879,0.300265,1,0,,0,0,0,0,0,0,0,0,103808,104555,0,232,0
2.14619e+006,1,0,0.146773,0.585024,0.858494,0.300888,1,0,,0,0,0,0,0,0,0,0,103808,104555,0,232,0
2.14629e+006,1,0,0.102741,0.488568,0.821501,0.304737,1,0,,0,0,0,0,0,0,0,0,103808,104555,0,232,0
2.14639e+006,1,0,0.0719189,0.405238,0.779875,0.308999,1,0,,0,0,0,0,0,0,0,0,103808,104555,0,232,0
2.14649e+006,1,0,0.0503432,0.334259,0.735313,0.333814,1,0,,0,0,0,0,0,0,0,0,103808,104555,0,232,0
2.14659e+006,1,0,0.0352402,0.274455,0.689227,0.299014,1,0,,0,0,0,0,0,0,0,0,103808,104555,0,232,0
2.14669e+006,1,0,0.0246682,0.224498,0.642754,0.295714,1,0,,0,0,0,0,0,0,0,0,103808,104555,0,232,0
2.14679e+006,1,0,0.0172677,0.183052,0.596784,0.302016,1,0,,0,0,0,0,0,0,0,0,103808,104555,0,232,0
2.14689e+006,1,0,0.0120874,0.148859,0.551992,0.274178,1,0,,0,0,0,0,0,0,0,0,103808,104555,0,232,0
2.14699e+006,1,0,0.00846118,0.120779,0.50887,0.29258,1,0,,0,0,0,0,0,0,0,0,103808,104555,0,232,0
2.14709e+006,1,0,0.00592283,0.0978081,0.467764,0.279145,1,0,,0,0,0,0,0,0,0,0,103808,104555,0,232,0
2.14719e+006,1,0,0.00414598,0.0790757,0.428895,0.318984,1,0,,0,0,0,0,0,0,0,0,103808,104555,0,232,0
2.14729e+006,1,0,0.00290218,0.063841,0.39239,0.309322,1,0,,0,0,0,0,0,0,0,0,103808,104555,0,232,0
2.14739e+006,1,0,0.00203153,0.0514791,0.358299,0.31172,1,0,,0,0,0,0,0,0,0,0,103808,104555,0,232,0
2.14749e+006,1,0,0.00142207,0.0414677,0.326616,0.289784,1,0,,0,0,0,0,0,0,0,0,103808,104555,0,232,0
2.14759e+006,1,0,0.000995449,0.0333732,0.297291,0.28378,1,0,,0,0,0,0,0,0,0,0,103808,104555,0,232,0
2.14769e+006,1,0,0.000696815,0.026838,0.270246,0.305431,1,0,,0,0,0,0,0,0,0,0,103808,104555,0,232,0
2.14779e+006,1,0,0.00048777,0.0215679,0.245378,0.287418,1,0,,0,0,0,0,0,0,0,0,103808,104555,0,232,0
2.14789e+006,1,0,0.000341439,0.0173226,0.222573,0.314155,1,0,,0,0,0,0,0,0,0,0,103808,104555,0,232,0
2.14799e+006,1,0,0.000239007,0.0139059,0.201706,0.303856,1,0,,0,0,0,0,0,0,0,0,103808,104555,0,232,0
2.14809e+006,1,0,0.000167305,0.0111582,0.182651,0.290793,1,0,,0,0,0,0,0,0,0,0,103808,104555,0,232,0
2.14819e+006,1,0,0.000117114,0.00894997,0.165281,0.309841,1,0,,0,0,0,0,0,0,0,0,103808,104555,0,232,0
2.14829e+006,1,0,8.19795e-005,0.00717637,0.149471,0.303967,1,0,,0,0,0,0,0,0,0,0,103808,104555,0,232,0
2.14839e+006,1,0,5.73857e-005,0.00575257,0.135099,0.295416,1,0,,0,0,0,0,0,0,0,0,103808,104555,0,232,0
2.14849e+006,1,0,4.017e-005,0.00461009,0.12205,0.276253,1,0,,0,0,0,0,0,0,0,0,103808,104555,0,232,0
2.14859e+006,1,0,2.8119e-005,0.0036937,0.110214,0.315493,1,0,,0,0,0,0,0,0,0,0,103808,104555,0,232,0
2.14869e+006,1,0,1.96833e-005,0.0029589,0.0994888,0.303592,1,0,,0,0,0,0,0,0,0,0,103808,104555,0,232,0
2.14879e+006,1,0,1.37783e-005,0.00236987,0.0897769,0.319987,1,0,,0,0,0,0,0,0,0,0,103808,104555,0,232,0
2.14889e+006,1,0,9.64481e-006,0.00189783,0.080989,0.293975,1,0,,0,0,0,0,0,0,0,0,103808,104555,0,232,0
2.14899e+006,1,18,5.40001,1.08152,0.181042,0.322972,1,0,,0,0,0,0,0,0,0,0,103808,104555,0,232,0
2.14909e+006,1,0,3.78,1.62122,0.325059,0.328747,1,0,,0,0,0,0,0,0,0,0,103808,104555,0,232,0
2.14919e+006,1,0,2.646,1.82617,0.475171,0.311422,1,0,,0,0,0,0,0,0,0,0,103808,104555,0,232,0
2.14929e+006,1,0,1.8522,1.83138,0.610792,0.32816,1,0,,0,0,0,0,0,0,0,0,103808,104555,0,232,0
2.14939e+006,1,0,1.29654,1.72441,0.722154,0.318826,1,0,,0,0,0,0,0,0,0,0,103808,104555,0,232,0
2.14949e+006,1,0,0.907579,1.56105,0.806043,0.290126,1,0,,0,0,0,0,0,0,0,0,103808,104555,0,232,0
2.14959e+006,1,0,0.635305,1.3759,0.863028,0.314462,1,0,,0,0,0,0,0,0,0,0,103808,104555,0,232,0
2.14969e+006,1,0,0.444714,1.18966,0.895692,0.301561,1,0,,0,0,0,0,0,0,0,0,103808,104555,0,232,0
2.14979e+006,1,0,0.3113,1.01399,0.907521,0.322337,1,0,,0,0,0,0,0,0,0,0,103808,104555,0,232,0
2.14989e+006,1,0,0.21791,0.854773,0.902246,0.3259,1,0,,0,0,0,0,0,0,0,0,103808,104555,0,232,0
2.14999e+006,1,0,0.152537,0.714326,0.883454,0.304664,1,0,,0,0,0,0,0,0,0,0,103808,104555,0,232,0
2.15009e+006,1,0,0.106776,0.592816,0.854391,0.344416,1,0,,0,0,0,0,0,0,0,0,103808,104555,0,232,0
2.15019e+006,1,0,0.074743,0.489201,0.817872,0.273402,1,0,,0,0,0,0,0,0,0,0,103808,104555,0,232,0
2.15029e+006,1,0,0.0523201,0.401825,0.776267,0.29764,1,0,,0,0,0,0,0,0,0,0,103808,104555,0,232,0
2.15039e+006,1,0,0.0366241,0.328785,0.731519,0.294302,1,0,,0,0,0,0,0,0,0,0,103808,104555,0,232,0
2.15049e+006,1,0,0.0256369,0.268155,0.685182,0.298573,1,0,,0,0,0,0,0,0,0,0,103808,104555,0,232,0
2.15059e+006,1,0,0.0179458,0.218113,0.638475,0.330636,1,0,,0,0,0,0,0,0,0,0,103808,104555,0,232,0
2.15069e+006,1,0,0.0125621,0.177003,0.592328,0.315312,1,0,,0,0,0,0,0,0,0,0,103808,104555,0,232,0
2.15079e+006,1,0,0.00879344,0.143361,0.547431,0.293575,1,0,,0,0,0,0,0,0,0,0,103808,104555,0,232,0
2.15089e+006,1,0,0.00615541,0.11592,0.50428,0.298324,1,0,,0,0,0,0,0,0,0,0,103808,104555,0,232,0
2.15099e+006,1,0,0.00430879,0.0935978,0.463212,0.312989,1,0,,0,0,0,0,0,0,0,0,103808,104555,0,232,0
2.15109e+006,1,0,0.00301615,0.0754814,0.424439,0.284141,1,0,,0,0,0,0,0,0,0,0,103808,104555,0,232,0
2.15119e+006,1,0,0.00211131,0.0608074,0.388076,0.286849,1,0,,0,0,0,0,0,0,0,0,103808,104555,0,232,0
2.15129e+006,1,0,0.00147791,0.0489415,0.354162,0.316497,1,0,,0,0,0,0,0,0,0,0,103808,104555,0,232,0
2.15139e+006,1,0,0.00103454,0.0393601,0.322682,0.352361,1,0,,0,0,0,0,0,0,0,0,103808,104555,0,232,0
2.15149e+006,1,0,0.000724178,0.0316329,0.293577,0.296597,1,0,,0,0,0,0,0,0,0,0,103808,104555,0,232,0
2.15159e+006,1,0,0.000506924,0.0254077,0.26676,0.312386,1,0,,0,0,0,0,0,0,0,0,103808,104555,0,232,0
2.15169e+006,1,0,0.000354847,0.0203972,0.242124,0.294634,1,0,,0,0,0,0,0,0,0,0,103808,104555,0,232,0
2.15179e+006,1,0,0.000248393,0.0163674,0.219548,0.280874,1,0,,0,0,0,0,0,0,0,0,103808,104555,0,232,0
2.15189e+006,1,0,0.000173875,0.0131287,0.198906,0.302047,1,0,,0,0,0,0,0,0,0,0,103808,104555,0,232,0
2.15199e+006,1,0,0.000121713,0.0105273,0.180068,0.316571,1,0,,0,0,0,0,0,0,0,0,103808,104555,0,232,0
2.15209e+006,1,0,8.51988e-005,0.00843888,0.162905,0.276108,1,0,,0,0,0,0,0,0,0,0,103808,104555,0,232,0
2.15219e+006,1,0,5.96391e-005,0.00676303,0.147291,0.314584,1,0,,0,0,0,0,0,0,0,0,103808,104555,0,232,0
2.15229e+006,1,0,4.17474e-005,0.00541878,0.133104,0.312172,1,0,,0,0,0,0,0,0,0,0,103808,104555,0,232,0
2.15239e+006,1,0,2.92232e-005,0.00434087,0.120228,0.288019,1,0,,0,0,0,0,0,0,0,0,103808,104555,0,232,0
2.15249e+006,1,0,2.04562e-005,0.00347678,0.108553,0.293705,1,0,,0,0,0,0,0,0,0,0,103808,104555,0,232,0
2.15259e+006,1,0,1.43194e-005,0.00278429,0.0979758,0.280567,1,0,,0,0,0,0,0,0,0,0,103808,104555,0,232,0
2.15269e+006,1,0,1.00235e-005,0.00222944,0.0884011,0.311691,1,0,,0,0,0,0,0,0,0,0,103808,104555,0,232,0
2.15279e+006,1,0,7.01648e-006,0.00178495,0.0797395,0.309103,1,0,,0,0,0,0,0,0,0,0,103808,104555,0,232,0
2.15289e+006,1,0,4.91154e-006,0.00142894,0.0719084,0.286966,1,0,,0,0,0,0,0,0,0,0,103808,104555,0,232,0
2.15299e+006,1,19,5.7,1.14114,0.178832,0.323053,1,0,,0,0,0,0,0,0,0,0,103808,104555,0,232,0
2.15309e+006,1,0,3.99,1.71092,0.33204,0.291665,1,0,,0,0,0,0,0,0,0,0,103808,104555,0,232,0
2.15319e+006,1,0,2.793,1.92733,0.49157,0.329816,1,0,,0,0,0,0,0,0,0,0,103808,104555,0,232,0
2.15329e+006,1,0,1.9551,1.93289,0.635701,0.297379,1,0,,0,0,0,0,0,0,0,0,103808,104555,0,232,0
2.15339e+006,1,0,1.36857,1.82002,0.754133,0.304343,1,0,,0,0,0,0,0,0,0,0,103808,104555,0,232,0
2.15349e+006,1,0,0.958,1.64762,0.843482,0.309267,1,0,,0,0,0,0,0,0,0,0,103808,104555,0,232,0
2.15359e+006,1,0,0.6706,1.45221,0.904355,0.303617,1,0,,0,0,0,0,0,0,0,0,103808,104555,0,232,0
2.15369e+006,1,0,0.46942,1.25566,0.939485,0.296053,1,0,,0,0,0,0,0,0,0,0,103808,104555,0,232,0
2.15379e+006,1,0,0.328594,1.07024,0.952561,0.313892,1,0,,0,0,0,0,0,0,0,0,103808,104555,0,232,0
2.15389e+006,1,0,0.230016,0.902198,0.947525,0.303878,1,0,,0,0,0,0,0,0,0,0,103808,104555,0,232,0
2.15399e+006,1,0,0.161011,0.753961,0.928168,0.28589,1,0,,0,0,0,0,0,0,0,0,103808,104555,0,232,0
2.15409e+006,1,0,0.112708,0.62571,0.897923,0.314852,1,0,,0,0,0,0,0,0,0,0,103808,104555,0,232,0
2.15419e+006,1,0,0.0788954,0.516347,0.859765,0.297193,1,0,,0,0,0,0,0,0,0,0,103808,104555,0,232,0
2.15429e+006,1,0,0.0552268,0.424123,0.816201,0.32348,1,0,,0,0,0,0,0,0,0,0,103808,104555,0,232,0
2.15439e+006,1,0,0.0386587,0.34703,0.769284,0.31158,1,0,,0,0,0,0,0,0,0,0,103808,104555,0,232,0
2.15449e+006,1,0,0.0270611,0.283036,0.720659,0.325368,1,0,,0,0,0,0,0,0,0,0,103808,104555,0,232,0
2.15459e+006,1,0,0.0189428,0.230218,0.671615,0.300755,1,0,,0,0,0,0,0,0,0,0,103808,104555,0,232,0
2.15469e+006,1,0,0.0132599,0.186826,0.623136,0.28123,1,0,,0,0,0,0,0,0,0,0,103808,104555,0,232,0
2.15479e+006,1,0,0.00928196,0.151317,0.575954,0.308512,1,0,,0,0,0,0,0,0,0,0,103808,104555,0,232,0
2.15489e+006,1,0,0.00649737,0.122353,0.530594,0.331762,1,0,,0,0,0,0,0,0,0,0,103808,104555,0,232,0
2.15499e+006,1,0,0.00454816,0.0987923,0.487414,0.268151,1,0,,0,0,0,0,0,0,0,0,103808,104555,0,232,0
2.15509e+006,1,0,0.00318371,0.0796706,0.446639,0.310164,1,0,,0,0,0,0,0,0,0,0,103808,104555,0,232,0
2.15519e+006,1,0,0.0022286,0.0641822,0.408394,0.289964,1,0,,0,0,0,0,0,0,0,0,103808,104555,0,232,0
2.15529e+006,1,0,0.00156002,0.0516578,0.37272,0.29725,1,0,,0,0,0,0,0,0,0,0,103808,104555,0,232,0
2.15539e+006,1,0,0.00109201,0.0415446,0.339603,0.281911,1,0,,0,0,0,0,0,0,0,0,103808,104555,0,232,0
2.15549e+006,1,0,0.000764409,0.0333886,0.308981,0.298598,1,0,,0,0,0,0,0,0,0,0,103808,104555,0,232,0
2.15559e+006,1,0,0.000535086,0.0268179,0.280765,0.277012,1,0,,0,0,0,0,0,0,0,0,103808,104555,0,232,0
2.15569e+006,1,0,0.000374561,0.0215292,0.254841,0.279587,1,0,,0,0,0,0,0,0,0,0,103808,104555,0,232,0
2.15579e+006,1,0,0.000262192,0.0172758,0.231085,0.319899,1,0,,0,0,0,0,0,0,0,0,103808,104555,0,232,0
2.15589e+006,1,0,0.000183535,0.0138574,0.209362,0.307273,1,0,,0,0,0,0,0,0,0,0,103808,104555,0,232,0
2.15599e+006,1,0,0.000128474,0.0111116,0.189537,0.307316,1,0,,0,0,0,0,0,0,0,0,103808,104555,0,232,0
2.15609e+006,1,0,8.9932e-005,0.00890725,0.171474,0.345242,1,0,,0,0,0,0,0,0,0,0,103808,104555,0,232,0
2.15619e+006,1,0,6.29524e-005,0.00713839,0.15504,0.295118,1,0,,0,0,0,0,0,0,0,0,103808,104555,0,232,0
2.15629e+006,1,0,4.40667e-005,0.00571952,0.140108,0.307179,1,0,,0,0,0,0,0,0,0,0,103808,104555,0,232,0
2.15639e+006,1,0,3.08467e-005,0.00458179,0.126556,0.316779,1,0,,0,0,0,0,0,0,0,0,103808,104555,0,232,0
2.15649e+006,1,0,2.15927e-005,0.00366975,0.114267,0.348316,1,0,,0,0,0,0,0,0,0,0,103808,104555,0,232,0
2.15659e+006,1,0,1.51149e-005,0.00293882,0.103134,0.323663,1,0,,0,0,0,0,0,0,0,0,103808,104555,0,232,0
2.15669e+006,1,0,1.05804e-005,0.00235317,0.0930561,0.314025,1,0,,0,0,0,0,0,0,0,0,103808,104555,0,232,0
2.15679e+006,1,0,7.40628e-006,0.00188402,0.0839389,0.298913,1,0,,0,0,0,0,0,0,0,0,103808,104555,0,232,0
2.15689e+006,1,19,5.70001,1.14151,0.189696,0.289104,1,0,,0,0,0,0,0,0,0,0,103808,104555,0,232,0
2.15699e+006,1,0,3.99,1.71121,0.341847,0.311004,1,0,,0,0,0,0,0,0,0,0,103808,104555,0,232,0
2.15709e+006,1,0,2.793,1.92757,0.500419,0.302355,1,0,,0,0,0,0,0,0,0,0,103808,104555,0,232,0
2.15719e+006,1,0,1.9551,1.93307,0.643684,0.310366,1,0,,0,0,0,0,0,0,0,0,103808,104555,0,232,0
2.15729e+006,1,0,1.36857,1.82017,0.761333,0.306717,1,0,,0,0,0,0,0,0,0,0,103808,104555,0,232,0
2.15739e+006,1,0,0.958,1.64774,0.849974,0.289455,1,0,,0,0,0,0,0,0,0,0,103808,104555,0,232,0
2.15749e+006,1,0,0.6706,1.45231,0.910208,0.285329,1,0,,0,0,0,0,0,0,0,0,103808,104555,0,232,0
2.15759e+006,1,0,0.46942,1.25573,0.94476,0.324118,1,0,,0,0,0,0,0,0,0,0,103808,104555,0,232,0
2.15769e+006,1,0,0.328594,1.0703,0.957314,0.296754,1,0,,0,0,0,0,0,0,0,0,103808,104555,0,232,0
2.15779e+006,1,0,0.230016,0.902247,0.951808,0.298567,1,0,,0,0,0,0,0,0,0,0,103808,104555,0,232,0
2.15789e+006,1,0,0.161011,0.754,0.932027,0.289754,1,0,,0,0,0,0,0,0,0,0,103808,104555,0,232,0
2.15799e+006,1,0,0.112708,0.625741,0.901398,0.32844,1,0,,0,0,0,0,0,0,0,0,103808,104555,0,232,0
2.15809e+006,1,0,0.0788954,0.516372,0.862896,0.323242,1,0,,0,0,0,0,0,0,0,0,103808,104555,0,232,0
2.15819e+006,1,0,0.0552268,0.424143,0.81902,0.299541,1,0,,0,0,0,0,0,0,0,0,103808,104555,0,232,0
2.15829e+006,1,0,0.0386587,0.347046,0.771823,0.299992,1,0,,0,0,0,0,0,0,0,0,103808,104555,0,232,0
2.15839e+006,1,0,0.0270611,0.283049,0.722946,0.300501,1,0,,0,0,0,0,0,0,0,0,103808,104555,0,232,0
2.15849e+006,1,0,0.0189428,0.230228,0.673674,0.2862,1,0,,0,0,0,0,0,0,0,0,103808,104555,0,232,0
2.15859e+006,1,0,0.01326,0.186834,0.62499,0.289114,1,0,,0,0,0,0,0,0,0,0,103808,104555,0,232,0
2.15869e+006,1,0,0.00928196,0.151324,0.577623,0.307928,1,0,,0,0,0,0,0,0,0,0,103808,104555,0,232,0
2.15879e+006,1,0,0.00649738,0.122359,0.532097,0.297178,1,0,,0,0,0,0,0,0,0,0,103808,104555,0,232,0
2.15889e+006,1,0,0.00454816,0.0987965,0.488767,0.296553,1,0,,0,0,0,0,0,0,0,0,103808,104555,0,232,0
2.15899e+006,1,0,0.00318371,0.079674,0.447857,0.314765,1,0,,0,0,0,0,0,0,0,0,103808,104555,0,232,0
2.15909e+006,1,0,0.0022286,0.0641849,0.40949,0.340079,1,0,,0,0,0,0,0,0,0,0,103808,104555,0,232,0
2.15919e+006,1,0,0.00156002,0.0516599,0.373707,0.312016,1,0,,0,0,0,0,0,0,0,0,103808,104555,0,232,0
2.15929e+006,1,0,0.00109201,0.0415463,0.340491,0.314915,1,0,,0,0,0,0,0,0,0,0,103808,104555,0,232,0
2.15939e+006,1,0,0.00076441,0.03339,0.309781,0.311725,1,0,,0,0,0,0,0,0,0,0,103808,104555,0,232,0
2.15949e+006,1,0,0.000535087,0.026819,0.281485,0.302974,1,0,,0,0,0,0,0,0,0,0,103808,104555,0,232,0
2.15959e+006,1,0,0.000374561,0.0215301,0.255489,0.279014,1,0,,0,0,0,0,0,0,0,0,103808,104555,0,232,0
2.15969e+006,1,0,0.000262192,0.0172765,0.231668,0.28934,1,0,,0,0,0,0,0,0,0,0,103808,104555,0,232,0
2.15979e+006,1,0,0.000183535,0.0138579,0.209887,0.300316,1,0,,0,0,0,0,0,0,0,0,103808,104555,0,232,0
2.15989e+006,1,0,0.000128474,0.011112,0.19001,0.310503,1,0,,0,0,0,0,0,0,0,0,103808,104555,0,232,0
2.15999e+006,1,0,8.9932e-005,0.00890761,0.171899,0.312864,1,0,,0,0,0,0,0,0,0,0,103808,104555,0,232,0
2.16009e+006,1,0,6.29524e-005,0.00713868,0.155423,0.288676,1,0,,0,0,0,0,0,0,0,0,103808,104555,0,232,0
2.16019e+006,1,0,4.40667e-005,0.00571976,0.140453,0.291896,1,0,,0,0,0,0,0,0,0,0,103808,104555,0,232,0
2.16029e+006,1,0,3.08467e-005,0.00458198,0.126866,0.299721,1,0,,0,0,0,0,0,0,0,0,103808,104555,0,232,0
2.16039e+006,1,0,2.15927e-005,0.0036699,0.114546,0.270271,1,0,,0,0,0,0,0,0,0,0,103808,104555,0,232,0
2.16049e+006,1,0,1.51149e-005,0.00293894,0.103385,0.265221,1,0,,0,0,0,0,0,0,0,0,103808,104555,0,232,0
2.16059e+006,1,0,1.05804e-005,0.00235327,0.0932823,0.335696,1,0,,0,0,0,0,0,0,0,0,103808,104555,0,232,0
2.16069e+006,1,0,7.40629e-006,0.0018841,0.0841424,0.314256,1,0,,0,0,0,0,0,0,0,0,103808,104555,0,232,0
2.16079e+006,1,0,5.1844e-006,0.00150831,0.075879,0.294319,1,0,,0,0,0,0,0,0,0,0,103808,104555,0,232,0
2.16089e+006,1,19,5.7,1.14121,0.182412,0.312607,1,0,,0,0,0,0,0,0,0,0,103808,104555,0,232,0
2.16099e+006,1,0,3.99,1.71097,0.335267,0.274244,1,0,,0,0,0,0,0,0,0,0,103808,104555,0,232,0
2.16109e+006,1,0,2.793,1.92737,0.494478,0.31948,1,0,,0,0,0,0,0,0,0,0,103808,104555,0,232,0
2.16119e+006,1,0,1.9551,1.93292,0.638322,0.33157,1,0,,0,0,0,0,0,0,0,0,103808,104555,0,232,0
2.16129e+006,1,0,1.36857,1.82005,0.756495,0.33073,1,0,,0,0,0,0,0,0,0,0,103808,104555,0,232,0
2.16139e+006,1,0,0.958,1.64764,0.845609,0.342118,1,0,,0,0,0,0,0,0,0,0,103808,104555,0,232,0
2.16149e+006,1,0,0.6706,1.45223,0.906272,0.284881,1,0,,0,0,0,0,0,0,0,0,103808,104555,0,232,0
2.16159e+006,1,0,0.46942,1.25567,0.941211,0.30988,1,0,,0,0,0,0,0,0,0,0,103808,104555,0,232,0
2.16169e+006,1,0,0.328594,1.07025,0.954116,0.291517,1,0,,0,0,0,0,0,0,0,0,103808,104555,0,232,0
2.16179e+006,1,0,0.230016,0.902207,0.948925,0.308203,1,0,,0,0,0,0,0,0,0,0,103808,104555,0,232,0
2.16189e+006,1,0,0.161011,0.753968,0.929429,0.299355,1,0,,0,0,0,0,0,0,0,0,103808,104555,0,232,0
2.16199e+006,1,0,0.112708,0.625716,0.899058,0.311073,1,0,,0,0,0,0,0,0,0,0,103808,104555,0,232,0
2.16209e+006,1,0,0.0788954,0.516352,0.860787,0.287372,1,0,,0,0,0,0,0,0,0,0,103808,104555,0,232,0
2.16219e+006,1,0,0.0552268,0.424127,0.817121,0.305572,1,0,,0,0,0,0,0,0,0,0,103808,104555,0,232,0
2.16229e+006,1,0,0.0386587,0.347033,0.770112,0.311485,1,0,,0,0,0,0,0,0,0,0,103808,104555,0,232,0
2.16239e+006,1,0,0.0270611,0.283039,0.721405,0.300037,1,0,,0,0,0,0,0,0,0,0,103808,104555,0,232,0
2.16249e+006,1,0,0.0189428,0.230219,0.672286,0.317175,1,0,,0,0,0,0,0,0,0,0,103808,104555,0,232,0
2.16259e+006,1,0,0.0132599,0.186828,0.62374,0.278313,1,0,,0,0,0,0,0,0,0,0,103808,104555,0,232,0
2.16269e+006,1,0,0.00928196,0.151318,0.576498,0.303325,1,0,,0,0,0,0,0,0,0,0,103808,104555,0,232,0
2.16279e+006,1,0,0.00649737,0.122354,0.531084,0.29555,1,0,,0,0,0,0,0,0,0,0,103808,104555,0,232,0
2.16289e+006,1,0,0.00454816,0.098793,0.487855,0.285976,1,0,,0,0,0,0,0,0,0,0,103808,104555,0,232,0
2.16299e+006,1,0,0.00318371,0.0796712,0.447036,0.289312,1,0,,0,0,0,0,0,0,0,0,103808,104555,0,232,0
2.16309e+006,1,0,0.0022286,0.0641826,0.408751,0.326888,1,0,,0,0,0,0,0,0,0,0,103808,104555,0,232,0
2.16319e+006,1,0,0.00156002,0.0516581,0.373042,0.31276,1,0,,0,0,0,0,0,0,0,0,103808,104555,0,232,0
2.16329e+006,1,0,0.00109201,0.0415449,0.339892,0.300397,1,0,,0,0,0,0,0,0,0,0,103808,104555,0,232,0
2.16339e+006,1,0,0.000764409,0.0333888,0.309242,0.299287,1,0,,0,0,0,0,0,0,0,0,103808,104555,0,232,0
2.16349e+006,1,0,0.000535086,0.0268181,0.280999,0.128236,1,0,,0,0,0,0,0,0,0,0,103808,104555,0,232,0
2.16359e+006,1,0,0.000374561,0.0215294,0.255052,0.290885,1,0,,0,0,0,0,0,0,0,0,103808,104555,0,232,0
2.16369e+006,1,0,0.000262192,0.0172759,0.231275,0.28906,1,0,,0,0,0,0,0,0,0,0,103808,104555,0,232,0
2.16379e+006,1,0,0.000183535,0.0138574,0.209533,0.315153,1,0,,0,0,0,0,0,0,0,0,103808,104555,0,232,0
2.16389e+006,1,0,0.000128474,0.0111117,0.189691,0.287603,1,0,,0,0,0,0,0,0,0,0,103808,104555,0,232,0
2.16399e+006,1,0,8.9932e-005,0.00890731,0.171612,0.299679,1,0,,0,0,0,0,0,0,0,0,103808,104555,0,232,0
2.16409e+006,1,0,6.29524e-005,0.00713844,0.155165,0.33174,1,0,,0,0,0,0,0,0,0,0,103808,104555,0,232,0
2.16419e+006,1,0,4.40667e-005,0.00571956,0.14022,0.282792,1,0,,0,0,0,0,0,0,0,0,103808,104555,0,232,0
2.16429e+006,1,0,3.08467e-005,0.00458182,0.126657,0.296466,1,0,,0,0,0,0,0,0,0,0,103808,104555,0,232,0
2.16439e+006,1,0,2.15927e-005,0.00366978,0.114358,0.295841,1,0,,0,0,0,0,0,0,0,0,103808,104555,0,232,0
2.16449e+006,1,0,1.51149e-005,0.00293884,0.103216,0.305629,1,0,,0,0,0,0,0,0,0,0,103808,104555,0,232,0
2.16459e+006,1,0,1.05804e-005,0.00235319,0.0931297,0.305417,1,0,,0,0,0,0,0,0,0,0,103808,104555,0,232,0
2.16469e+006,1,0,7.40628e-006,0.00188403,0.0840051,0.324294,1,0,,0,0,0,0,0,0,0,0,103808,104555,0,232,0
2.16479e+006,1,0,5.1844e-006,0.00150826,0.0757554,0.28757,1,0,,0,0,0,0,0,0,0,0,103808,104555,0,232,0
2.16489e+006,1,19,5.7,1.14121,0.182301,0.330434,1,0,,0,0,0,0,0,0,0,0,103808,104555,0,232,0
2.16499e+006,1,1,4.29,1.77097,0.341167,0.297196,1,0,,0,0,0,0,0,0,0,0,103808,104555,0,232,0
2.16509e+006,1,0,3.003,2.01737,0.508788,0.298433,1,0,,0,0,0,0,0,0,0,0,103808,104555,0,232,0
2.16519e+006,1,0,2.1021,2.03432,0.661341,0.327896,1,0,,0,0,0,0,0,0,0,0,103808,104555,0,232,0
2.16529e+006,1,0,1.47147,1.92175,0.787382,0.313871,1,0,,0,0,0,0,0,0,0,0,103808,104555,0,232,0
2.16539e+006,1,1,1.33003,1.80341,0.888984,0.324035,1,0,,0,0,0,0,0,0,0,0,103808,104555,0,232,0
2.16549e+006,1,0,0.931021,1.62893,0.962979,0.280171,1,0,,0,0,0,0,0,0,0,0,103808,104555,0,232,0
2.16559e+006,1,0,0.651715,1.43349,1.01003,0.315566,1,0,,0,0,0,0,0,0,0,0,103808,104555,0,232,0
2.16569e+006,1,0,0.4562,1.23803,1.03283,0.30959,1,0,,0,0,0,0,0,0,0,0,103808,104555,0,232,0
2.16579e+006,1,0,0.31934,1.05429,1.03498,0.295902,1,0,,0,0,0,0,0,0,0,0,103808,104555,0,232,0
2.16589e+006,1,0,0.223538,0.88814,1.02029,0.309578,1,0,,0,0,0,0,0,0,0,0,103808,104555,0,232,0
2.16599e+006,1,0,0.156477,0.741808,0.992444,0.303929,1,0,,0,0,0,0,0,0,0,0,103808,104555,0,232,0
2.16609e+006,1,0,0.109534,0.615353,0.954735,0.314704,1,0,,0,0,0,0,0,0,0,0,103808,104555,0,232,0
2.16619e+006,1,0,0.0766736,0.507617,0.910023,0.325769,1,0,,0,0,0,0,0,0,0,0,103808,104555,0,232,0
2.16629e+006,1,0,0.0536715,0.416828,0.860703,0.294582,1,0,,0,0,0,0,0,0,0,0,103808,104555,0,232,0
2.16639e+006,1,0,0.03757,0.340976,0.808731,0.270893,1,0,,0,0,0,0,0,0,0,0,103808,104555,0,232,0
2.16649e+006,1,1,0.326299,0.338041,0.761662,0.299381,1,0,,0,0,0,0,0,0,0,0,103808,104555,0,232,0
2.16659e+006,1,0,0.228409,0.316115,0.717107,0.304669,1,0,,0,0,0,0,0,0,0,0,103808,104555,0,232,0
2.16669e+006,1,0,0.159887,0.284869,0.673883,0.281395,1,0,,0,0,0,0,0,0,0,0,103808,104555,0,232,0
2.16679e+006,1,0,0.111921,0.250279,0.631523,0.28687,1,0,,0,0,0,0,0,0,0,0,103808,104555,0,232,0
2.16689e+006,1,0,0.0783444,0.215892,0.58996,0.309433,1,0,,0,0,0,0,0,0,0,0,103808,104555,0,232,0
2.16699e+006,1,0,0.0548411,0.183682,0.549332,0.303695,1,0,,0,0,0,0,0,0,0,0,103808,104555,0,232,0
2.16709e+006,1,0,0.0383888,0.154623,0.509861,0.293996,1,0,,0,0,0,0,0,0,0,0,103808,104555,0,232,0
2.16719e+006,1,0,0.0268721,0.129073,0.471782,0.291995,1,0,,0,0,0,0,0,0,0,0,103808,104555,0,232,0
2.16729e+006,1,0,0.0188105,0.107021,0.435306,0.301897,1,0,,0,0,0,0,0,0,0,0,103808,104555,0,232,0
2.16739e+006,1,0,0.0131673,0.08825,0.4006,0.304111,1,0,,0,0,0,0,0,0,0,0,103808,104555,0,232,0
2.16749e+006,1,0,0.00921714,0.0724434,0.367785,0.317986,1,0,,0,0,0,0,0,0,0,0,103808,104555,0,232,0
2.16759e+006,1,0,0.006452,0.0592451,0.336931,0.300351,1,0,,0,0,0,0,0,0,0,0,103808,104555,0,232,0
2.16769e+006,1,0,0.0045164,0.0482994,0.308068,0.299287,1,0,,0,0,0,0,0,0,0,0,103808,104555,0,232,0
2.16779e+006,1,1,0.303162,0.0992718,0.287188,0.31485,1,0,,0,0,0,0,0,0,0,0,103808,104555,0,232,0
2.16789e+006,1,0,0.212213,0.12186,0.270655,0.285462,1,0,,0,0,0,0,0,0,0,0,103808,104555,0,232,0
2.16799e+006,1,0,0.148549,0.127198,0.25631,0.273012,1,0,,0,0,0,0,0,0,0,0,103808,104555,0,232,0
2.16809e+006,1,0,0.103984,0.122555,0.242934,0.316862,1,0,,0,0,0,0,0,0,0,0,103808,104555,0,232,0
2.16819e+006,1,0,0.0727891,0.112602,0.229901,0.304674,1,0,,0,0,0,0,0,0,0,0,103808,104555,0,232,0
2.16829e+006,1,0,0.0509523,0.100272,0.216938,0.280712,1,0,,0,0,0,0,0,0,0,0,103808,104555,0,232,0
2.16839e+006,1,0,0.0356666,0.087351,0.203979,0.278662,1,0,,0,0,0,0,0,0,0,0,103808,104555,0,232,0
2.16849e+006,1,0,0.0249667,0.0748741,0.191069,0.318685,1,0,,0,0,0,0,0,0,0,0,103808,104555,0,232,0
2.16859e+006,1,0,0.0174767,0.0633946,0.178301,0.280106,1,0,,0,0,0,0,0,0,0,0,103808,104555,0,232,0
2.16869e+006,1,1,0.312234,0.113162,0.171787,0.289906,1,0,,0,0,0,0,0,0,0,0,103808,104555,0,232,0
2.16879e+006,1,18,5.61856,1.21424,0.276033,0.283765,1,0,,0,0,0,0,0,0,0,0,103808,104555,0,232,0
2.16889e+006,1,0,3.93299,1.75799,0.424229,0.305314,1,0,,0,0,0,0,0,0,0,0,103808,104555,0,232,0
2.16899e+006,1,0,2.7531,1.95701,0.577507,0.266775,1,0,,0,0,0,0,0,0,0,0,103808,104555,0,232,0
2.16909e+006,1,0,1.92717,1.95104,0.714861,0.280126,1,0,,0,0,0,0,0,0,0,0,103808,104555,0,232,0
2.16919e+006,1,0,1.34902,1.83064,0.826439,0.32295,1,0,,0,0,0,0,0,0,0,0,103808,104555,0,232,0
2.16929e+006,1,0,0.944312,1.65337,0.909132,0.349863,1,0,,0,0,0,0,0,0,0,0,103808,104555,0,232,0
2.16939e+006,1,0,0.661018,1.4549,0.963709,0.276451,1,0,,0,0,0,0,0,0,0,0,103808,104555,0,232,0
2.16949e+006,1,0,0.462713,1.25646,0.992985,0.318226,1,0,,0,0,0,0,0,0,0,0,103808,104555,0,232,0
2.16959e+006,1,0,0.323899,1.06995,1.00068,0.353365,1,0,,0,0,0,0,0,0,0,0,103808,104555,0,232,0
2.16969e+006,1,0,0.226729,0.901307,0.990744,0.286189,1,0,,0,0,0,0,0,0,0,0,103808,104555,0,232,0
2.16979e+006,1,0,0.158711,0.752788,0.966948,0.296578,1,0,,0,0,0,0,0,0,0,0,103808,104555,0,232,0
2.16989e+006,1,0,0.111097,0.62445,0.932698,0.355055,1,0,,0,0,0,0,0,0,0,0,103808,104555,0,232,0
2.16999e+006,1,0,0.0777681,0.515113,0.89094,0.301016,1,0,,0,0,0,0,0,0,0,0,103808,104555,0,232,0
2.17009e+006,1,0,0.0544377,0.422978,0.844144,0.301729,1,0,,0,0,0,0,0,0,0,0,103808,104555,0,232,0
2.17019e+006,1,0,0.0381064,0.346004,0.79433,0.297481,1,0,,0,0,0,0,0,0,0,0,103808,104555,0,232,0
2.17029e+006,1,0,0.0266745,0.282138,0.743111,0.298417,1,0,,0,0,0,0,0,0,0,0,103808,104555,0,232,0
2.17039e+006,1,0,0.0186721,0.229445,0.691744,0.298518,1,0,,0,0,0,0,0,0,0,0,103808,104555,0,232,0
2.17049e+006,1,0,0.0130705,0.18617,0.641187,0.289806,1,0,,0,0,0,0,0,0,0,0,103808,104555,0,232,0
2.17059e+006,1,0,0.00914934,0.150766,0.592144,0.315918,1,0,,0,0,0,0,0,0,0,0,103808,104555,0,232,0
2.17069e+006,1,0,0.00640454,0.121894,0.545119,0.298018,1,0,,0,0,0,0,0,0,0,0,103808,104555,0,232,0
2.17079e+006,1,0,0.00448318,0.0984115,0.500449,0.304531,1,0,,0,0,0,0,0,0,0,0,103808,104555,0,232,0
2.17089e+006,1,0,0.00313822,0.0793568,0.458339,0.285434,1,0,,0,0,0,0,0,0,0,0,103808,104555,0,232,0
2.17099e+006,1,0,0.00219676,0.0639248,0.418898,0.276429,1,0,,0,0,0,0,0,0,0,0,103808,104555,0,232,0
2.17109e+006,1,0,0.00153773,0.0514474,0.382153,0.295743,1,0,,0,0,0,0,0,0,0,0,103808,104555,0,232,0
2.17119e+006,1,0,0.00107641,0.0413732,0.348075,0.29748,1,0,,0,0,0,0,0,0,0,0,103808,104555,0,232,0
2.17129e+006,1,0,0.000753488,0.0332493,0.316592,0.283332,1,0,,0,0,0,0,0,0,0,0,103808,104555,0,232,0
2.17139e+006,1,0,0.000527441,0.0267049,0.287604,0.28867,1,0,,0,0,0,0,0,0,0,0,103808,104555,0,232,0
2.17149e+006,1,0,0.000369209,0.0214378,0.260987,0.272884,1,0,,0,0,0,0,0,0,0,0,103808,104555,0,232,0
2.17159e+006,1,0,0.000258446,0.0172019,0.236608,0.29336,1,0,,0,0,0,0,0,0,0,0,103808,104555,0,232,0
2.17169e+006,1,0,0.000180912,0.0137977,0.214327,0.30721,1,0,,0,0,0,0,0,0,0,0,103808,104555,0,232,0
2.17179e+006,1,0,0.000126639,0.0110635,0.194001,0.303837,1,0,,0,0,0,0,0,0,0,0,103808,104555,0,232,0
2.17189e+006,1,0,8.86471e-005,0.00886852,0.175488,0.309951,1,0,,0,0,0,0,0,0,0,0,103808,104555,0,232,0
2.17199e+006,1,0,6.20529e-005,0.00710723,0.15865,0.300914,1,0,,0,0,0,0,0,0,0,0,103808,104555,0,232,0
2.17209e+006,1,0,4.34371e-005,0.00569447,0.143354,0.309862,1,0,,0,0,0,0,0,0,0,0,103808,104555,0,232,0
2.17219e+006,1,0,3.04059e-005,0.00456166,0.129475,0.321157,1,0,,0,0,0,0,0,0,0,0,103808,104555,0,232,0
2.17229e+006,1,0,2.12842e-005,0.00365358,0.116893,0.287947,1,0,,0,0,0,0,0,0,0,0,103808,104555,0,232,0
2.17239e+006,1,0,1.48989e-005,0.00292585,0.105496,0.296957,1,0,,0,0,0,0,0,0,0,0,103808,104555,0,232,0
2.17249e+006,1,0,1.04292e-005,0.00234276,0.0951807,0.307693,1,0,,0,0,0,0,0,0,0,0,103808,104555,0,232,0
2.17259e+006,1,0,7.30047e-006,0.00187567,0.0858502,0.271744,1,0,,0,0,0,0,0,0,0,0,103808,104555,0,232,0
2.17269e+006,1,0,5.11033e-006,0.00150156,0.0774154,0.302107,1,0,,0,0,0,0,0,0,0,0,103808,104555,0,232,0
2.17279e+006,1,20,6,1.2012,0.189794,0.290354,1,0,,0,0,0,0,0,0,0,0,103808,104555,0,232,0
2.17289e+006,1,0,4.2,1.80096,0.350911,0.296068,1,0,,0,0,0,0,0,0,0,0,103808,104555,0,232,0
2.17299e+006,1,0,2.94,2.02877,0.518697,0.357993,1,0,,0,0,0,0,0,0,0,0,103808,104555,0,232,0
2.17309e+006,1,0,2.058,2.03462,0.670289,0.287555,1,0,,0,0,0,0,0,0,0,0,103808,104555,0,232,0
2.17319e+006,1,0,1.4406,1.91581,0.794841,0.296556,1,0,,0,0,0,0,0,0,0,0,103808,104555,0,232,0
2.17329e+006,1,0,1.00842,1.73433,0.88879,0.310343,1,0,,0,0,0,0,0,0,0,0,103808,104555,0,232,0
2.17339e+006,1,0,0.705894,1.52865,0.952776,0.321456,1,0,,0,0,0,0,0,0,0,0,103808,104555,0,232,0
2.17349e+006,1,0,0.494126,1.32174,0.989673,0.30178,1,0,,0,0,0,0,0,0,0,0,103808,104555,0,232,0
2.17359e+006,1,0,0.345888,1.12657,1.00336,0.312518,1,0,,0,0,0,0,0,0,0,0,103808,104555,0,232,0
2.17369e+006,1,0,0.242122,0.949682,0.997995,0.297143,1,0,,0,0,0,0,0,0,0,0,103808,104555,0,232,0
2.17379e+006,1,0,0.169485,0.793643,0.977559,0.325593,1,0,,0,0,0,0,0,0,0,0,103808,104555,0,232,0
2.17389e+006,1,0,0.11864,0.658642,0.945668,0.338004,1,0,,0,0,0,0,0,0,0,0,103808,104555,0,232,0
2.17399e+006,1,0,0.0830478,0.543523,0.905453,0.293857,1,0,,0,0,0,0,0,0,0,0,103808,104555,0,232,0
2.17409e+006,1,0,0.0581334,0.446445,0.859552,0.299905,1,0,,0,0,0,0,0,0,0,0,103808,104555,0,232,0
2.17419e+006,1,0,0.0406934,0.365295,0.810126,0.274942,1,0,,0,0,0,0,0,0,0,0,103808,104555,0,232,0
2.17429e+006,1,0,0.0284854,0.297933,0.758907,0.315231,1,0,,0,0,0,0,0,0,0,0,103808,104555,0,232,0
2.17439e+006,1,0,0.0199398,0.242334,0.70725,0.294482,1,0,,0,0,0,0,0,0,0,0,103808,104555,0,232,0
2.17449e+006,1,0,0.0139578,0.196659,0.656191,0.312945,1,0,,0,0,0,0,0,0,0,0,103808,104555,0,232,0
2.17459e+006,1,0,0.00977049,0.159281,0.6065,0.309101,1,0,,0,0,0,0,0,0,0,0,103808,104555,0,232,0
2.17469e+006,1,0,0.00683934,0.128793,0.558729,0.292638,1,0,,0,0,0,0,0,0,0,0,103808,104555,0,232,0
2.17479e+006,1,0,0.00478754,0.103992,0.513255,0.338351,1,0,,0,0,0,0,0,0,0,0,103808,104555,0,232,0
2.17489e+006,1,0,0.00335128,0.0838637,0.470316,0.335125,1,0,,0,0,0,0,0,0,0,0,103808,104555,0,232,0
2.17499e+006,1,0,0.00234589,0.0675602,0.430041,0.313413,1,0,,0,0,0,0,0,0,0,0,103808,104555,0,232,0
2.17509e+006,1,0,0.00164213,0.0543766,0.392474,0.297638,1,0,,0,0,0,0,0,0,0,0,103808,104555,0,232,0
2.17519e+006,1,0,0.00114949,0.0437311,0.3576,0.301901,1,0,,0,0,0,0,0,0,0,0,103808,104555,0,232,0
2.17529e+006,1,0,0.000804642,0.0351458,0.325354,0.301678,1,0,,0,0,0,0,0,0,0,0,103808,104555,0,232,0
2.17539e+006,1,0,0.000563249,0.0282293,0.295642,0.320554,1,0,,0,0,0,0,0,0,0,0,103808,104555,0,232,0
2.17549e+006,1,0,0.000394274,0.0226623,0.268344,0.378068,1,0,,0,0,0,0,0,0,0,0,103808,104555,0,232,0
2.17559e+006,1,0,0.000275992,0.0181851,0.243328,0.289355,1,0,,0,0,0,0,0,0,0,0,103808,104555,0,232,0
2.17569e+006,1,0,0.000193194,0.0145867,0.220454,0.296856,1,0,,0,0,0,0,0,0,0,0,103808,104555,0,232,0
2.17579e+006,1,0,0.000135236,0.0116964,0.199578,0.332812,1,0,,0,0,0,0,0,0,0,0,103808,104555,0,232,0
2.17589e+006,1,0,9.46653e-005,0.00937605,0.180558,0.3167,1,0,,0,0,0,0,0,0,0,0,103808,104555,0,232,0
2.17599e+006,1,0,6.62657e-005,0.00751409,0.163254,0.352124,1,0,,0,0,0,0,0,0,0,0,103808,104555,0,232,0
2.17609e+006,1,0,4.6386e-005,0.00602055,0.14753,0.30656,1,0,,0,0,0,0,0,0,0,0,103808,104555,0,232,0
2.17619e+006,1,0,3.24702e-005,0.00482293,0.13326,0.326235,1,0,,0,0,0,0,0,0,0,0,103808,104555,0,232,0
2.17629e+006,1,0,2.27291e-005,0.00386289,0.12032,0.34986,1,0,,0,0,0,0,0,0,0,0,103808,104555,0,232,0
2.17639e+006,1,0,1.59104e-005,0.0030935,0.108597,0.30367,1,0,,0,0,0,0,0,0,0,0,103808,104555,0,232,0
2.17649e+006,1,0,1.11373e-005,0.00247702,0.0979852,0.318196,1,0,,0,0,0,0,0,0,0,0,103808,104555,0,232,0
2.17659e+006,1,0,7.79609e-006,0.00198318,0.088385,0.32231,1,0,,0,0,0,0,0,0,0,0,103808,104555,0,232,0
2.17669e+006,1,0,5.45726e-006,0.00158763,0.0797053,0.288337,1,0,,0,0,0,0,0,0,0,0,103808,104555,0,232,0
2.17679e+006,1,19,5.7,1.14127,0.185862,0.294951,1,0,,0,0,0,0,0,0,0,0,103808,104555,0,232,0
2.17689e+006,1,0,3.99,1.71102,0.338377,0.282187,1,0,,0,0,0,0,0,0,0,0,103808,104555,0,232,0
2.17699e+006,1,0,2.793,1.92741,0.497281,0.302512,1,0,,0,0,0,0,0,0,0,0,103808,104555,0,232,0
2.17709e+006,1,0,1.9551,1.93295,0.640848,0.272797,1,0,,0,0,0,0,0,0,0,0,103808,104555,0,232,0
2.17719e+006,1,0,1.36857,1.82008,0.758771,0.320772,1,0,,0,0,0,0,0,0,0,0,103808,104555,0,232,0
2.17729e+006,1,0,0.958,1.64766,0.84766,0.308434,1,0,,0,0,0,0,0,0,0,0,103808,104555,0,232,0
2.17739e+006,1,0,0.6706,1.45225,0.908119,0.321734,1,0,,0,0,0,0,0,0,0,0,103808,104555,0,232,0
2.17749e+006,1,0,0.46942,1.25568,0.942875,0.339248,1,0,,0,0,0,0,0,0,0,0,103808,104555,0,232,0
2.17759e+006,1,0,0.328594,1.07026,0.955614,0.320921,1,0,,0,0,0,0,0,0,0,0,103808,104555,0,232,0
2.17769e+006,1,0,0.230016,0.902215,0.950274,0.329294,1,0,,0,0,0,0,0,0,0,0,103808,104555,0,232,0
2.17779e+006,1,0,0.161011,0.753974,0.930644,0.349644,1,0,,0,0,0,0,0,0,0,0,103808,104555,0,232,0
2.17789e+006,1,0,0.112708,0.625721,0.900152,0.316168,1,0,,0,0,0,0,0,0,0,0,103808,104555,0,232,0
2.17799e+006,1,0,0.0788954,0.516356,0.861772,0.290303,1,0,,0,0,0,0,0,0,0,0,103808,104555,0,232,0
2.17809e+006,1,0,0.0552268,0.42413,0.818008,0.317629,1,0,,0,0,0,0,0,0,0,0,103808,104555,0,232,0
2.17819e+006,1,0,0.0386587,0.347036,0.770911,0.299503,1,0,,0,0,0,0,0,0,0,0,103808,104555,0,232,0
2.17829e+006,1,0,0.0270611,0.283041,0.722124,0.30889,1,0,,0,0,0,0,0,0,0,0,103808,104555,0,232,0
2.17839e+006,1,0,0.0189428,0.230221,0.672933,0.290702,1,0,,0,0,0,0,0,0,0,0,103808,104555,0,232,0
2.17849e+006,1,0,0.0132599,0.186829,0.624323,0.297465,1,0,,0,0,0,0,0,0,0,0,103808,104555,0,232,0
2.17859e+006,1,0,0.00928196,0.15132,0.577023,0.35519,1,0,,0,0,0,0,0,0,0,0,103808,104555,0,232,0
2.17869e+006,1,0,0.00649737,0.122355,0.531556,0.287116,1,0,,0,0,0,0,0,0,0,0,103808,104555,0,232,0
2.17879e+006,1,0,0.00454816,0.0987937,0.48828,0.289442,1,0,,0,0,0,0,0,0,0,0,103808,104555,0,232,0
2.17889e+006,1,0,0.00318371,0.0796717,0.447419,0.316313,1,0,,0,0,0,0,0,0,0,0,103808,104555,0,232,0
2.17899e+006,1,0,0.0022286,0.0641831,0.409095,0.320837,1,0,,0,0,0,0,0,0,0,0,103808,104555,0,232,0
2.17909e+006,1,0,0.00156002,0.0516585,0.373352,0.31971,1,0,,0,0,0,0,0,0,0,0,103808,104555,0,232,0
2.17919e+006,1,0,0.00109201,0.0415452,0.340171,0.298099,1,0,,0,0,0,0,0,0,0,0,103808,104555,0,232,0
2.17929e+006,1,0,0.000764409,0.033389,0.309493,0.299973,1,0,,0,0,0,0,0,0,0,0,103808,104555,0,232,0
2.17939e+006,1,0,0.000535086,0.0268182,0.281225,0.324546,1,0,,0,0,0,0,0,0,0,0,103808,104555,0,232,0
2.17949e+006,1,0,0.000374561,0.0215295,0.255256,0.292971,1,0,,0,0,0,0,0,0,0,0,103808,104555,0,232,0
2.17959e+006,1,0,0.000262192,0.017276,0.231458,0.315583,1,0,,0,0,0,0,0,0,0,0,103808,104555,0,232,0
2.17969e+006,1,0,0.000183535,0.0138575,0.209698,0.302561,1,0,,0,0,0,0,0,0,0,0,103808,104555,0,232,0
2.17979e+006,1,0,0.000128474,0.0111117,0.189839,0.288935,1,0,,0,0,0,0,0,0,0,0,103808,104555,0,232,0
2.17989e+006,1,0,8.9932e-005,0.00890737,0.171746,0.306224,1,0,,0,0,0,0,0,0,0,0,103808,104555,0,232,0
2.17999e+006,1,0,6.29524e-005,0.00713849,0.155285,0.31931,1,0,,0,0,0,0,0,0,0,0,103808,104555,0,232,0
2.18009e+006,1,0,4.40667e-005,0.0057196,0.140329,0.298672,1,0,,0,0,0,0,0,0,0,0,103808,104555,0,232,0
2.18019e+006,1,0,3.08467e-005,0.00458185,0.126754,0.324886,1,0,,0,0,0,0,0,0,0,0,103808,104555,0,232,0
2.18029e+006,1,0,2.15927e-005,0.0036698,0.114446,0.317985,1,0,,0,0,0,0,0,0,0,0,103808,104555,0,232,0
2.18039e+006,1,0,1.51149e-005,0.00293886,0.103295,0.341596,1,0,,0,0,0,0,0,0,0,0,103808,104555,0,232,0
2.18049e+006,1,0,1.05804e-005,0.00235321,0.0932007,0.301607,1,0,,0,0,0,0,0,0,0,0,103808,104555,0,232,0
2.18059e+006,1,0,7.40628e-006,0.00188405,0.084069,0.340696,1,0,,0,0,0,0,0,0,0,0,103808,104555,0,232,0
2.18069e+006,1,19,5.70001,1.14151,0.189813,0.29774,1,0,,0,0,0,0,0,0,0,0,103808,104555,0,232,0
2.18079e+006,1,0,3.99,1.71121,0.341952,0.312803,1,0,,0,0,0,0,0,0,0,0,103808,104555,0,232,0
2.18089e+006,1,0,2.793,1.92757,0.500514,0.289391,1,0,,0,0,0,0,0,0,0,0,103808,104555,0,232,0
2.18099e+006,1,0,1.9551,1.93307,0.64377,0.303278,1,0,,0,0,0,0,0,0,0,0,103808,104555,0,232,0
2.18109e+006,1,0,1.36857,1.82017,0.76141,0.297204,1,0,,0,0,0,0,0,0,0,0,103808,104555,0,232,0
2.18119e+006,1,0,0.958,1.64774,0.850043,0.281567,1,0,,0,0,0,0,0,0,0,0,103808,104555,0,232,0
2.18129e+006,1,0,0.6706,1.45231,0.91027,0.311005,1,0,,0,0,0,0,0,0,0,0,103808,104555,0,232,0
2.18139e+006,1,0,0.46942,1.25573,0.944816,0.334866,1,0,,0,0,0,0,0,0,0,0,103808,104555,0,232,0
2.18149e+006,1,0,0.328594,1.0703,0.957365,0.294842,1,0,,0,0,0,0,0,0,0,0,103808,104555,0,232,0
2.18159e+006,1,0,0.230016,0.902247,0.951853,0.288093,1,0,,0,0,0,0,0,0,0,0,103808,104555,0,232,0
2.18169e+006,1,0,0.161011,0.754,0.932068,0.275542,1,0,,0,0,0,0,0,0,0,0,103808,104555,0,232,0
2.18179e+006,1,0,0.112708,0.625741,0.901435,0.28796,1,0,,0,0,0,0,0,0,0,0,103808,104555,0,232,0
2.18189e+006,1,0,0.0788954,0.516372,0.862929,0.337185,1,0,,0,0,0,0,0,0,0,0,103808,104555,0,232,0
2.18199e+006,1,0,0.0552268,0.424143,0.81905,0.281059,1,0,,0,0,0,0,0,0,0,0,103808,104555,0,232,0
2.18209e+006,1,0,0.0386587,0.347046,0.77185,0.303123,1,0,,0,0,0,0,0,0,0,0,103808,104555,0,232,0
2.18219e+006,1,0,0.0270611,0.283049,0.72297,0.296473,1,0,,0,0,0,0,0,0,0,0,103808,104555,0,232,0
2.18229e+006,1,0,0.0189428,0.230228,0.673696,0.307188,1,0,,0,0,0,0,0,0,0,0,103808,104555,0,232,0
2.18239e+006,1,0,0.01326,0.186834,0.625009,0.322337,1,0,,0,0,0,0,0,0,0,0,103808,104555,0,232,0
2.18249e+006,1,0,0.00928196,0.151324,0.577641,0.317524,1,0,,0,0,0,0,0,0,0,0,103808,104555,0,232,0
2.18259e+006,1,0,0.00649738,0.122359,0.532113,0.333862,1,0,,0,0,0,0,0,0,0,0,103808,104555,0,232,0
2.18269e+006,1,0,0.00454816,0.0987965,0.488781,0.291561,1,0,,0,0,0,0,0,0,0,0,103808,104555,0,232,0
2.18279e+006,1,0,0.00318371,0.079674,0.44787,0.290386,1,0,,0,0,0,0,0,0,0,0,103808,104555,0,232,0
2.18289e+006,1,0,0.0022286,0.0641849,0.409502,0.284038,1,0,,0,0,0,0,0,0,0,0,103808,104555,0,232,0
2.18299e+006,1,0,0.00156002,0.0516599,0.373717,0.2921,1,0,,0,0,0,0,0,0,0,0,103808,104555,0,232,0
2.18309e+006,1,0,0.00109201,0.0415463,0.3405,0.2994,1,0,,0,0,0,0,0,0,0,0,103808,104555,0,232,0
2.18319e+006,1,0,0.00076441,0.03339,0.309789,0.308164,1,0,,0,0,0,0,0,0,0,0,103808,104555,0,232,0
2.18329e+006,1,0,0.000535087,0.026819,0.281492,0.283876,1,0,,0,0,0,0,0,0,0,0,103808,104555,0,232,0
2.18339e+006,1,0,0.000374561,0.0215301,0.255496,0.310463,1,0,,0,0,0,0,0,0,0,0,103808,104555,0,232,0
2.18349e+006,1,0,0.000262192,0.0172765,0.231674,0.326438,1,0,,0,0,0,0,0,0,0,0,103808,104555,0,232,0
2.18359e+006,1,0,0.000183535,0.0138579,0.209892,0.275701,1,0,,0,0,0,0,0,0,0,0,103808,104555,0,232,0
2.18369e+006,1,0,0.000128474,0.011112,0.190014,0.293488,1,0,,0,0,0,0,0,0,0,0,103808,104555,0,232,0
2.18379e+006,1,0,8.9932e-005,0.00890761,0.171904,0.28135,1,0,,0,0,0,0,0,0,0,0,103808,104555,0,232,0
2.18389e+006,1,0,6.29524e-005,0.00713868,0.155427,0.27471,1,0,,0,0,0,0,0,0,0,0,103808,104555,0,232,0
2.18399e+006,1,0,4.40667e-005,0.00571976,0.140456,0.29081,1,0,,0,0,0,0,0,0,0,0,103808,104555,0,232,0
2.18409e+006,1,0,3.08467e-005,0.00458198,0.126869,0.289685,1,0,,0,0,0,0,0,0,0,0,103808,104555,0,232,0
2.18419e+006,1,0,2.15927e-005,0.0036699,0.114549,0.333673,1,0,,0,0,0,0,0,0,0,0,103808,104555,0,232,0
2.18429e+006,1,0,1.51149e-005,0.00293894,0.103388,0.293209,1,0,,0,0,0,0,0,0,0,0,103808,104555,0,232,0
2.18439e+006,1,0,1.05804e-005,0.00235327,0.0932846,0.275758,1,0,,0,0,0,0,0,0,0,0,103808,104555,0,232,0
2.18449e+006,1,0,7.40629e-006,0.0018841,0.0841445,0.27001,1,0,,0,0,0,0,0,0,0,0,103808,104555,0,232,0
2.18459e+006,1,0,5.1844e-006,0.00150831,0.0758809,0.302133,1,0,,0,0,0,0,0,0,0,0,103808,104555,0,232,0
2.18469e+006,1,18,5.4,1.08121,0.176414,0.297078,1,0,,0,0,0,0,0,0,0,0,103808,104555,0,232,0
2.18479e+006,1,0,3.78,1.62097,0.320869,0.299936,1,0,,0,0,0,0,0,0,0,0,103808,104555,0,232,0
2.18489e+006,1,0,2.646,1.82597,0.471379,0.331937,1,0,,0,0,0,0,0,0,0,0,103808,104555,0,232,0
2.18499e+006,1,0,1.8522,1.83122,0.607363,0.357174,1,0,,0,0,0,0,0,0,0,0,103808,104555,0,232,0
2.18509e+006,1,0,1.29654,1.72428,0.719055,0.288098,1,0,,0,0,0,0,0,0,0,0,103808,104555,0,232,0
2.18519e+006,1,0,0.907579,1.56094,0.803244,0.303973,1,0,,0,0,0,0,0,0,0,0,103808,104555,0,232,0
2.18529e+006,1,0,0.635305,1.37582,0.860501,0.288047,1,0,,0,0,0,0,0,0,0,0,103808,104555,0,232,0
2.18539e+006,1,0,0.444713,1.18959,0.89341,0.313427,1,0,,0,0,0,0,0,0,0,0,103808,104555,0,232,0
2.18549e+006,1,0,0.311299,1.01394,0.905463,0.277152,1,0,,0,0,0,0,0,0,0,0,103808,104555,0,232,0
2.18559e+006,1,0,0.21791,0.85473,0.90039,0.285228,1,0,,0,0,0,0,0,0,0,0,103808,104555,0,232,0
2.18569e+006,1,0,0.152537,0.714292,0.88178,0.293866,1,0,,0,0,0,0,0,0,0,0,103808,104555,0,232,0
2.18579e+006,1,0,0.106776,0.592789,0.852881,0.307315,1,0,,0,0,0,0,0,0,0,0,103808,104555,0,232,0
2.18589e+006,1,0,0.074743,0.489179,0.816511,0.296601,1,0,,0,0,0,0,0,0,0,0,103808,104555,0,232,0
2.18599e+006,1,0,0.0523201,0.401808,0.77504,0.290103,1,0,,0,0,0,0,0,0,0,0,103808,104555,0,232,0
2.18609e+006,1,0,0.0366241,0.328771,0.730413,0.290641,1,0,,0,0,0,0,0,0,0,0,103808,104555,0,232,0
2.18619e+006,1,0,0.0256368,0.268144,0.684186,0.294966,1,0,,0,0,0,0,0,0,0,0,103808,104555,0,232,0
2.18629e+006,1,0,0.0179458,0.218104,0.637578,0.299291,1,0,,0,0,0,0,0,0,0,0,103808,104555,0,232,0
2.18639e+006,1,0,0.0125621,0.176996,0.59152,0.324006,1,0,,0,0,0,0,0,0,0,0,103808,104555,0,232,0
2.18649e+006,1,0,0.00879344,0.143355,0.546703,0.28353,1,0,,0,0,0,0,0,0,0,0,103808,104555,0,232,0
2.18659e+006,1,0,0.00615541,0.115915,0.503625,0.30442,1,0,,0,0,0,0,0,0,0,0,103808,104555,0,232,0
2.18669e+006,1,0,0.00430878,0.0935941,0.462622,0.284369,1,0,,0,0,0,0,0,0,0,0,103808,104555,0,232,0
2.18679e+006,1,0,0.00301615,0.0754785,0.423907,0.325018,1,0,,0,0,0,0,0,0,0,0,103808,104555,0,232,0
2.18689e+006,1,0,0.0021113,0.0608051,0.387597,0.300416,1,0,,0,0,0,0,0,0,0,0,103808,104555,0,232,0
2.18699e+006,1,0,0.00147791,0.0489396,0.353731,0.313502,1,0,,0,0,0,0,0,0,0,0,103808,104555,0,232,0
2.18709e+006,1,0,0.00103454,0.0393586,0.322294,0.298642,1,0,,0,0,0,0,0,0,0,0,103808,104555,0,232,0
2.18719e+006,1,0,0.000724177,0.0316317,0.293228,0.309663,1,0,,0,0,0,0,0,0,0,0,103808,104555,0,232,0
2.18729e+006,1,0,0.000506924,0.0254068,0.266446,0.322739,1,0,,0,0,0,0,0,0,0,0,103808,104555,0,232,0
2.18739e+006,1,0,0.000354847,0.0203964,0.241841,0.29005,1,0,,0,0,0,0,0,0,0,0,103808,104555,0,232,0
2.18749e+006,1,0,0.000248393,0.0163668,0.219293,0.279125,1,0,,0,0,0,0,0,0,0,0,103808,104555,0,232,0
2.18759e+006,1,0,0.000173875,0.0131282,0.198677,0.298252,1,0,,0,0,0,0,0,0,0,0,103808,104555,0,232,0
2.18769e+006,1,0,0.000121712,0.0105269,0.179862,0.31835,1,0,,0,0,0,0,0,0,0,0,103808,104555,0,232,0
2.18779e+006,1,0,8.51987e-005,0.00843857,0.162719,0.297601,1,0,,0,0,0,0,0,0,0,0,103808,104555,0,232,0
2.18789e+006,1,0,5.96391e-005,0.00676278,0.147124,0.319427,1,0,,0,0,0,0,0,0,0,0,103808,104555,0,232,0
2.18799e+006,1,0,4.17474e-005,0.00541857,0.132953,0.316691,1,0,,0,0,0,0,0,0,0,0,103808,104555,0,232,0
2.18809e+006,1,0,2.92232e-005,0.0043407,0.120092,0.307954,1,0,,0,0,0,0,0,0,0,0,103808,104555,0,232,0
2.18819e+006,1,0,2.04562e-005,0.00347665,0.10843,0.29919,1,0,,0,0,0,0,0,0,0,0,103808,104555,0,232,0
2.18829e+006,1,0,1.43194e-005,0.00278419,0.0978659,0.319339,1,0,,0,0,0,0,0,0,0,0,103808,104555,0,232,0
2.18839e+006,1,0,1.00235e-005,0.00222935,0.0883022,0.30209,1,0,,0,0,0,0,0,0,0,0,103808,104555,0,232,0
2.18849e+006,1,0,7.01648e-006,0.00178489,0.0796505,0.297364,1,0,,0,0,0,0,0,0,0,0,103808,104555,0,232,0
2.18859e+006,1,0,4.91154e-006,0.00142889,0.0718283,0.304654,1,0,,0,0,0,0,0,0,0,0,103808,104555,0,232,0
2.18869e+006,1,19,5.7,1.14114,0.17876,0.278422,1,0,,0,0,0,0,0,0,0,0,103808,104555,0,232,0
2.18879e+006,1,0,3.99,1.71092,0.331975,0.318647,1,0,,0,0,0,0,0,0,0,0,103808,104555,0,232,0
2.18889e+006,1,0,2.793,1.92733,0.491511,0.298199,1,0,,0,0,0,0,0,0,0,0,103808,104555,0,232,0
2.18899e+006,1,0,1.9551,1.93289,0.635649,0.296249,1,0,,0,0,0,0,0,0,0,0,103808,104555,0,232,0
2.18909e+006,1,0,1.36857,1.82002,0.754086,0.3142,1,0,,0,0,0,0,0,0,0,0,103808,104555,0,232,0
2.18919e+006,1,0,0.958,1.64762,0.843439,0.299513,1,0,,0,0,0,0,0,0,0,0,103808,104555,0,232,0
2.18929e+006,1,0,0.6706,1.45221,0.904317,0.301688,1,0,,0,0,0,0,0,0,0,0,103808,104555,0,232,0
2.18939e+006,1,0,0.46942,1.25566,0.939451,0.285841,1,0,,0,0,0,0,0,0,0,0,103808,104555,0,232,0
2.18949e+006,1,0,0.328594,1.07024,0.95253,0.307566,1,0,,0,0,0,0,0,0,0,0,103808,104555,0,232,0
2.18959e+006,1,0,0.230016,0.902198,0.947497,0.298716,1,0,,0,0,0,0,0,0,0,0,103808,104555,0,232,0
2.18969e+006,1,0,0.161011,0.753961,0.928143,0.331653,1,0,,0,0,0,0,0,0,0,0,103808,104555,0,232,0
2.18979e+006,1,0,0.112708,0.62571,0.8979,0.290615,1,0,,0,0,0,0,0,0,0,0,103808,104555,0,232,0
2.18989e+006,1,0,0.0788954,0.516347,0.859745,0.27764,1,0,,0,0,0,0,0,0,0,0,103808,104555,0,232,0
2.18999e+006,1,0,0.0552268,0.424123,0.816182,0.290753,1,0,,0,0,0,0,0,0,0,0,103808,104555,0,232,0
2.19009e+006,1,0,0.0386587,0.34703,0.769267,0.312128,1,0,,0,0,0,0,0,0,0,0,103808,104555,0,232,0
2.19019e+006,1,0,0.0270611,0.283036,0.720644,0.322814,1,0,,0,0,0,0,0,0,0,0,103808,104555,0,232,0
2.19029e+006,1,0,0.0189428,0.230218,0.671601,0.285429,1,0,,0,0,0,0,0,0,0,0,103808,104555,0,232,0
2.19039e+006,1,0,0.0132599,0.186826,0.623124,0.292805,1,0,,0,0,0,0,0,0,0,0,103808,104555,0,232,0
2.19049e+006,1,0,0.00928196,0.151317,0.575943,0.274855,1,0,,0,0,0,0,0,0,0,0,103808,104555,0,232,0
2.19059e+006,1,0,0.00649737,0.122353,0.530584,0.295619,1,0,,0,0,0,0,0,0,0,0,103808,104555,0,232,0
2.19069e+006,1,0,0.00454816,0.0987923,0.487405,0.292758,1,0,,0,0,0,0,0,0,0,0,103808,104555,0,232,0
2.19079e+006,1,0,0.00318371,0.0796706,0.446632,0.27888,1,0,,0,0,0,0,0,0,0,0,103808,104555,0,232,0
2.19089e+006,1,0,0.0022286,0.0641822,0.408387,0.30908,1,0,,0,0,0,0,0,0,0,0,103808,104555,0,232,0
2.19099e+006,1,0,0.00156002,0.0516578,0.372714,0.286017,1,0,,0,0,0,0,0,0,0,0,103808,104555,0,232,0
2.19109e+006,1,0,0.00109201,0.0415446,0.339597,0.305418,1,0,,0,0,0,0,0,0,0,0,103808,104555,0,232,0
2.19119e+006,1,0,0.000764409,0.0333886,0.308976,0.295456,1,0,,0,0,0,0,0,0,0,0,103808,104555,0,232,0
2.19129e+006,1,0,0.000535086,0.0268179,0.28076,0.304445,1,0,,0,0,0,0,0,0,0,0,103808,104555,0,232,0
2.19139e+006,1,0,0.000374561,0.0215292,0.254837,0.287183,1,0,,0,0,0,0,0,0,0,0,103808,104555,0,232,0
2.19149e+006,1,0,0.000262192,0.0172758,0.231081,0.278295,1,0,,0,0,0,0,0,0,0,0,103808,104555,0,232,0
2.19159e+006,1,0,0.000183535,0.0138574,0.209359,0.325958,1,0,,0,0,0,0,0,0,0,0,103808,104555,0,232,0
2.19169e+006,1,0,0.000128474,0.0111116,0.189534,0.292194,1,0,,0,0,0,0,0,0,0,0,103808,104555,0,232,0
2.19179e+006,1,0,8.9932e-005,0.00890725,0.171471,0.291894,1,0,,0,0,0,0,0,0,0,0,103808,104555,0,232,0
2.19189e+006,1,0,6.29524e-005,0.00713839,0.155038,0.325807,1,0,,0,0,0,0,0,0,0,0,103808,104555,0,232,0
2.19199e+006,1,0,4.40667e-005,0.00571952,0.140106,0.298191,1,0,,0,0,0,0,0,0,0,0,103808,104555,0,232,0
2.19209e+006,1,0,3.08467e-005,0.00458179,0.126554,0.306403,1,0,,0,0,0,0,0,0,0,0,103808,104555,0,232,0
2.19219e+006,1,0,2.15927e-005,0.00366975,0.114265,0.319693,1,0,,0,0,0,0,0,0,0,0,103808,104555,0,232,0
2.19229e+006,1,0,1.51149e-005,0.00293882,0.103133,0.299544,1,0,,0,0,0,0,0,0,0,0,103808,104555,0,232,0
2.19239e+006,1,0,1.05804e-005,0.00235317,0.0930547,0.312356,1,0,,0,0,0,0,0,0,0,0,103808,104555,0,232,0
2.19249e+006,1,0,7.40628e-006,0.00188402,0.0839376,0.280833,1,0,,0,0,0,0,0,0,0,0,103808,104555,0,232,0
2.19259e+006,1,19,5.70001,1.14151,0.189695,0.288361,1,0,,0,0,0,0,0,0,0,0,103808,104555,0,232,0
2.19269e+006,1,0,3.99,1.71121,0.341846,0.294363,1,0,,0,0,0,0,0,0,0,0,103808,104555,0,232,0
2.19279e+006,1,0,2.793,1.92757,0.500418,0.294462,1,0,,0,0,0,0,0,0,0,0,103808,104555,0,232,0
2.19289e+006,1,0,1.9551,1.93307,0.643684,0.286247,1,0,,0,0,0,0,0,0,0,0,103808,104555,0,232,0
2.19299e+006,1,0,1.36857,1.82017,0.761333,0.288135,1,0,,0,0,0,0,0,0,0,0,103808,104555,0,232,0
2.19309e+006,1,0,0.958,1.64774,0.849973,0.303347,1,0,,0,0,0,0,0,0,0,0,103808,104555,0,232,0
2.19319e+006,1,0,0.6706,1.45231,0.910207,0.316822,1,0,,0,0,0,0,0,0,0,0,103808,104555,0,232,0
2.19329e+006,1,0,0.46942,1.25573,0.944759,0.293458,1,0,,0,0,0,0,0,0,0,0,103808,104555,0,232,0
2.19339e+006,1,0,0.328594,1.0703,0.957314,0.320681,1,0,,0,0,0,0,0,0,0,0,103808,104555,0,232,0
2.19349e+006,1,0,0.230016,0.902247,0.951807,0.270681,1,0,,0,0,0,0,0,0,0,0,103808,104555,0,232,0
2.19359e+006,1,0,0.161011,0.754,0.932027,0.315028,1,0,,0,0,0,0,0,0,0,0,103808,104555,0,232,0
2.19369e+006,1,0,0.112708,0.625741,0.901398,0.323515,1,0,,0,0,0,0,0,0,0,0,103808,104555,0,232,0
2.19379e+006,1,0,0.0788954,0.516372,0.862895,0.299326,1,0,,0,0,0,0,0,0,0,0,103808,104555,0,232,0
2.19389e+006,1,0,0.0552268,0.424143,0.81902,0.324152,1,0,,0,0,0,0,0,0,0,0,103808,104555,0,232,0
2.19399e+006,1,0,0.0386587,0.347046,0.771823,0.307325,1,0,,0,0,0,0,0,0,0,0,103808,104555,0,232,0
2.19409e+006,1,0,0.0270611,0.283049,0.722945,0.282298,1,0,,0,0,0,0,0,0,0,0,103808,104555,0,232,0
2.19419e+006,1,0,0.0189428,0.230228,0.673674,0.29846,1,0,,0,0,0,0,0,0,0,0,103808,104555,0,232,0
2.19429e+006,1,0,0.01326,0.186834,0.62499,0.319435,1,0,,0,0,0,0,0,0,0,0,103808,104555,0,232,0
2.19439e+006,1,0,0.00928196,0.151324,0.577623,0.291629,1,0,,0,0,0,0,0,0,0,0,103808,104555,0,232,0
2.19449e+006,1,0,0.00649738,0.122359,0.532097,0.326266,1,0,,0,0,0,0,0,0,0,0,103808,104555,0,232,0
2.19459e+006,1,0,0.00454816,0.0987965,0.488767,0.311129,1,0,,0,0,0,0,0,0,0,0,103808,104555,0,232,0
2.19469e+006,1,0,0.00318371,0.079674,0.447857,0.304217,1,0,,0,0,0,0,0,0,0,0,103808,104555,0,232,0
2.19479e+006,1,0,0.0022286,0.0641849,0.40949,0.322591,1,0,,0,0,0,0,0,0,0,0,103808,104555,0,232,0
2.19489e+006,1,0,0.00156002,0.0516599,0.373707,0.29523,1,0,,0,0,0,0,0,0,0,0,103808,104555,0,232,0
2.19499e+006,1,0,0.00109201,0.0415463,0.340491,0.288843,1,0,,0,0,0,0,0,0,0,0,103808,104555,0,232,0
2.19509e+006,1,0,0.00076441,0.03339,0.309781,0.291391,1,0,,0,0,0,0,0,0,0,0,103808,104555,0,232,0
2.19519e+006,1,0,0.000535087,0.026819,0.281485,0.296191,1,0,,0,0,0,0,0,0,0,0,103808,104555,0,232,0
2.19529e+006,1,0,0.000374561,0.0215301,0.255489,0.315753,1,0,,0,0,0,0,0,0,0,0,103808,104555,0,232,0
2.19539e+006,1,0,0.000262192,0.0172765,0.231668,0.289265,1,0,,0,0,0,0,0,0,0,0,103808,104555,0,232,0
2.19549e+006,1,0,0.000183535,0.0138579,0.209887,0.296276,1,0,,0,0,0,0,0,0,0,0,103808,104555,0,232,0
2.19559e+006,1,0,0.000128474,0.011112,0.190009,0.307701,1,0,,0,0,0,0,0,0,0,0,103808,104555,0,232,0
2.19569e+006,1,0,8.9932e-005,0.00890761,0.171899,0.32405,1,0,,0,0,0,0,0,0,0,0,103808,104555,0,232,0
2.19579e+006,1,0,6.29524e-005,0.00713868,0.155423,0.297924,1,0,,0,0,0,0,0,0,0,0,103808,104555,0,232,0
2.19589e+006,1,0,4.40667e-005,0.00571976,0.140453,0.309186,1,0,,0,0,0,0,0,0,0,0,103808,104555,0,232,0
2.19599e+006,1,0,3.08467e-005,0.00458198,0.126866,0.318124,1,0,,0,0,0,0,0,0,0,0,103808,104555,0,232,0
2.19609e+006,1,0,2.15927e-005,0.0036699,0.114546,0.275436,1,0,,0,0,0,0,0,0,0,0,103808,104555,0,232,0
2.19619e+006,1,0,1.51149e-005,0.00293894,0.103385,0.27308,1,0,,0,0,0,0,0,0,0,0,103808,104555,0,232,0
2.19629e+006,1,0,1.05804e-005,0.00235327,0.0932822,0.30139,1,0,,0,0,0,0,0,0,0,0,103808,104555,0,232,0
2.19639e+006,1,0,7.40629e-006,0.0018841,0.0841424,0.335466,1,0,,0,0,0,0,0,0,0,0,103808,104555,0,232,0
2.19649e+006,1,0,5.1844e-006,0.00150831,0.075879,0.321605,1,0,,0,0,0,0,0,0,0,0,103808,104555,0,232,0
2.19659e+006,1,19,5.7,1.14121,0.182412,0.284694,1,0,,0,0,0,0,0,0,0,0,103808,104555,0,232,0
2.19669e+006,1,0,3.99,1.71097,0.335267,0.306707,1,0,,0,0,0,0,0,0,0,0,103808,104555,0,232,0
2.19679e+006,1,0,2.793,1.92737,0.494478,0.281546,1,0,,0,0,0,0,0,0,0,0,103808,104555,0,232,0
2.19689e+006,1,0,1.9551,1.93292,0.638322,0.299972,1,0,,0,0,0,0,0,0,0,0,103808,104555,0,232,0
2.19699e+006,1,0,1.36857,1.82005,0.756495,0.311923,1,0,,0,0,0,0,0,0,0,0,103808,104555,0,232,0
2.19709e+006,1,0,0.958,1.64764,0.845609,0.308262,1,0,,0,0,0,0,0,0,0,0,103808,104555,0,232,0
2.19719e+006,1,0,0.6706,1.45223,0.906272,0.288086,1,0,,0,0,0,0,0,0,0,0,103808,104555,0,232,0
2.19729e+006,1,0,0.46942,1.25567,0.941211,0.309597,1,0,,0,0,0,0,0,0,0,0,103808,104555,0,232,0
2.19739e+006,1,0,0.328594,1.07025,0.954116,0.280489,1,0,,0,0,0,0,0,0,0,0,103808,104555,0,232,0
2.19749e+006,1,0,0.230016,0.902207,0.948925,0.298115,1,0,,0,0,0,0,0,0,0,0,103808,104555,0,232,0
2.19759e+006,1,0,0.161011,0.753968,0.929429,0.277617,1,0,,0,0,0,0,0,0,0,0,103808,104555,0,232,0
2.19769e+006,1,0,0.112708,0.625716,0.899058,0.325492,1,0,,0,0,0,0,0,0,0,0,103808,104555,0,232,0
2.19779e+006,1,0,0.0788954,0.516352,0.860787,0.319578,1,0,,0,0,0,0,0,0,0,0,103808,104555,0,232,0
2.19789e+006,1,0,0.0552268,0.424127,0.817121,0.283352,1,0,,0,0,0,0,0,0,0,0,103808,104555,0,232,0
2.19799e+006,1,0,0.0386587,0.347033,0.770112,0.313148,1,0,,0,0,0,0,0,0,0,0,103808,104555,0,232,0
2.19809e+006,1,0,0.0270611,0.283039,0.721405,0.327709,1,0,,0,0,0,0,0,0,0,0,103808,104555,0,232,0
2.19819e+006,1,0,0.0189428,0.230219,0.672286,0.293633,1,0,,0,0,0,0,0,0,0,0,103808,104555,0,232,0
2.19829e+006,1,0,0.0132599,0.186828,0.62374,0.317281,1,0,,0,0,0,0,0,0,0,0,103808,104555,0,232,0
2.19839e+006,1,0,0.00928196,0.151318,0.576498,0.288481,1,0,,0,0,0,0,0,0,0,0,103808,104555,0,232,0
2.19849e+006,1,0,0.00649737,0.122354,0.531084,0.292393,1,0,,0,0,0,0,0,0,0,0,103808,104555,0,232,0
2.19859e+006,1,0,0.00454816,0.098793,0.487855,0.29013,1,0,,0,0,0,0,0,0,0,0,103808,104555,0,232,0
2.19869e+006,1,0,0.00318371,0.0796712,0.447036,0.290767,1,0,,0,0,0,0,0,0,0,0,103808,104555,0,232,0
2.19879e+006,1,0,0.0022286,0.0641826,0.408751,0.293519,1,0,,0,0,0,0,0,0,0,0,103808,104555,0,232,0
2.19889e+006,1,0,0.00156002,0.0516581,0.373042,0.352518,1,0,,0,0,0,0,0,0,0,0,103808,104555,0,232,0
2.19899e+006,1,0,0.00109201,0.0415449,0.339892,0.313619,1,0,,0,0,0,0,0,0,0,0,103808,104555,0,232,0
2.19909e+006,1,0,0.000764409,0.0333888,0.309242,0.301096,1,0,,0,0,0,0,0,0,0,0,103808,104555,0,232,0
2.19919e+006,1,0,0.000535086,0.0268181,0.280999,0.278162,1,0,,0,0,0,0,0,0,0,0,103808,104555,0,232,0
2.19929e+006,1,0,0.000374561,0.0215294,0.255052,0.290412,1,0,,0,0,0,0,0,0,0,0,103808,104555,0,232,0
2.19939e+006,1,0,0.000262192,0.0172759,0.231275,0.284987,1,0,,0,0,0,0,0,0,0,0,103808,104555,0,232,0
2.19949e+006,1,0,0.000183535,0.0138574,0.209533,0.150961,1,0,,0,0,0,0,0,0,0,0,103808,104555,0,232,0
2.19959e+006,1,0,0.000128474,0.0111117,0.189691,0.328738,1,0,,0,0,0,0,0,0,0,0,103808,104555,0,232,0
2.19969e+006,1,0,8.9932e-005,0.00890731,0.171612,0.275101,1,0,,0,0,0,0,0,0,0,0,103808,104555,0,232,0
2.19979e+006,1,0,6.29524e-005,0.00713844,0.155165,0.281828,1,0,,0,0,0,0,0,0,0,0,103808,104555,0,232,0
2.19989e+006,1,0,4.40667e-005,0.00571956,0.14022,0.315405,1,0,,0,0,0,0,0,0,0,0,103808,104555,0,232,0
2.19999e+006,1,0,3.08467e-005,0.00458182,0.126657,0.299029,1,0,,0,0,0,0,0,0,0,0,103808,104555,0,232,0
2.20009e+006,1,0,2.15927e-005,0.00366978,0.114358,0.332729,1,0,,0,0,0,0,0,0,0,0,103808,104555,0,232,0
2.20019e+006,1,0,1.51149e-005,0.00293884,0.103216,0.304253,1,0,,0,0,0,0,0,0,0,0,103808,104555,0,232,0
2.20029e+006,1,0,1.05804e-005,0.00235319,0.0931297,0.287752,1,0,,0,0,0,0,0,0,0,0,103808,104555,0,232,0
2.20039e+006,1,0,7.40628e-006,0.00188403,0.0840051,0.299226,1,0,,0,0,0,0,0,0,0,0,103808,104555,0,232,0
2.20049e+006,1,0,5.1844e-006,0.00150826,0.0757554,0.300327,1,0,,0,0,0,0,0,0,0,0,103808,104555,0,232,0
2.20059e+006,1,18,5.4,1.08121,0.176301,0.322144,1,0,,0,0,0,0,0,0,0,0,103808,104555,0,232,0
2.20069e+006,1,0,3.78,1.62097,0.320767,0.303219,1,0,,0,0,0,0,0,0,0,0,103808,104555,0,232,0
2.20079e+006,1,0,2.646,1.82597,0.471288,0.325218,1,0,,0,0,0,0,0,0,0,0,103808,104555,0,232,0
2.20089e+006,1,0,1.8522,1.83122,0.607281,0.321007,1,0,,0,0,0,0,0,0,0,0,103808,104555,0,232,0
2.20099e+006,1,0,1.29654,1.72428,0.718981,0.314669,1,0,,0,0,0,0,0,0,0,0,103808,104555,0,232,0
2.20109e+006,1,0,0.907579,1.56094,0.803177,0.298756,1,0,,0,0,0,0,0,0,0,0,103808,104555,0,232,0
2.20119e+006,1,0,0.635305,1.37582,0.860441,0.291655,1,0,,0,0,0,0,0,0,0,0,103808,104555,0,232,0
2.20129e+006,1,0,0.444713,1.18959,0.893356,0.31858,1,0,,0,0,0,0,0,0,0,0,103808,104555,0,232,0
2.20139e+006,1,0,0.311299,1.01394,0.905414,0.35919,1,0,,0,0,0,0,0,0,0,0,103808,104555,0,232,0
2.20149e+006,1,0,0.21791,0.85473,0.900346,0.303944,1,0,,0,0,0,0,0,0,0,0,103808,104555,0,232,0
2.20159e+006,1,0,0.152537,0.714292,0.881741,0.33032,1,0,,0,0,0,0,0,0,0,0,103808,104555,0,232,0
2.20169e+006,1,0,0.106776,0.592789,0.852845,0.305632,1,0,,0,0,0,0,0,0,0,0,103808,104555,0,232,0
2.20179e+006,1,0,0.074743,0.489179,0.816479,0.299243,1,0,,0,0,0,0,0,0,0,0,103808,104555,0,232,0
2.20189e+006,1,0,0.0523201,0.401808,0.775012,0.313495,1,0,,0,0,0,0,0,0,0,0,103808,104555,0,232,0
2.20199e+006,1,0,0.0366241,0.328771,0.730388,0.289319,1,0,,0,0,0,0,0,0,0,0,103808,104555,0,232,0
2.20209e+006,1,0,0.0256368,0.268144,0.684163,0.295318,1,0,,0,0,0,0,0,0,0,0,103808,104555,0,232,0
2.20219e+006,1,0,0.0179458,0.218104,0.637557,0.320018,1,0,,0,0,0,0,0,0,0,0,103808,104555,0,232,0
2.20229e+006,1,0,0.0125621,0.176996,0.591501,0.288667,1,0,,0,0,0,0,0,0,0,0,103808,104555,0,232,0
2.20239e+006,1,0,0.00879344,0.143355,0.546687,0.297168,1,0,,0,0,0,0,0,0,0,0,103808,104555,0,232,0
2.20249e+006,1,0,0.00615541,0.115915,0.503609,0.289929,1,0,,0,0,0,0,0,0,0,0,103808,104555,0,232,0
2.20259e+006,1,0,0.00430878,0.0935941,0.462608,0.308128,1,0,,0,0,0,0,0,0,0,0,103808,104555,0,232,0
2.20269e+006,1,0,0.00301615,0.0754785,0.423895,0.341839,1,0,,0,0,0,0,0,0,0,0,103808,104555,0,232,0
2.20279e+006,1,0,0.0021113,0.0608051,0.387586,0.309231,1,0,,0,0,0,0,0,0,0,0,103808,104555,0,232,0
2.20289e+006,1,0,0.00147791,0.0489396,0.353721,0.289644,1,0,,0,0,0,0,0,0,0,0,103808,104555,0,232,0
2.20299e+006,1,0,0.00103454,0.0393586,0.322285,0.287043,1,0,,0,0,0,0,0,0,0,0,103808,104555,0,232,0
2.20309e+006,1,0,0.000724177,0.0316317,0.29322,0.310155,1,0,,0,0,0,0,0,0,0,0,103808,104555,0,232,0
2.20319e+006,1,0,0.000506924,0.0254068,0.266438,0.279008,1,0,,0,0,0,0,0,0,0,0,103808,104555,0,232,0
2.20329e+006,1,0,0.000354847,0.0203964,0.241834,0.36937,1,0,,0,0,0,0,0,0,0,0,103808,104555,0,232,0
2.20339e+006,1,0,0.000248393,0.0163668,0.219287,0.282048,1,0,,0,0,0,0,0,0,0,0,103808,104555,0,232,0
2.20349e+006,1,0,0.000173875,0.0131282,0.198672,0.271623,1,0,,0,0,0,0,0,0,0,0,103808,104555,0,232,0
2.20359e+006,1,0,0.000121712,0.0105269,0.179857,0.285023,1,0,,0,0,0,0,0,0,0,0,103808,104555,0,232,0
2.20369e+006,1,0,8.51987e-005,0.00843857,0.162715,0.311034,1,0,,0,0,0,0,0,0,0,0,103808,104555,0,232,0
2.20379e+006,1,0,5.96391e-005,0.00676278,0.14712,0.313896,1,0,,0,0,0,0,0,0,0,0,103808,104555,0,232,0
2.20389e+006,1,0,4.17474e-005,0.00541857,0.13295,0.312244,1,0,,0,0,0,0,0,0,0,0,103808,104555,0,232,0
2.20399e+006,1,0,2.92232e-005,0.0043407,0.120089,0.298256,1,0,,0,0,0,0,0,0,0,0,103808,104555,0,232,0
2.20409e+006,1,0,2.04562e-005,0.00347665,0.108428,0.280643,1,0,,0,0,0,0,0,0,0,0,103808,104555,0,232,0
2.20419e+006,1,0,1.43194e-005,0.00278419,0.0978633,0.277006,1,0,,0,0,0,0,0,0,0,0,103808,104555,0,232,0
2.20429e+006,1,0,1.00235e-005,0.00222935,0.0882999,0.287132,1,0,,0,0,0,0,0,0,0,0,103808,104555,0,232,0
2.20439e+006,1,0,7.01648e-006,0.00178489,0.0796484,0.328505,1,0,,0,0,0,0,0,0,0,0,103808,104555,0,232,0
2.20449e+006,1,18,5.4,1.08143,0.179826,0.336792,1,0,,0,0,0,0,0,0,0,0,103808,104555,0,232,0
2.20459e+006,1,0,3.78,1.62114,0.323958,0.293128,1,0,,0,0,0,0,0,0,0,0,103808,104555,0,232,0
2.20469e+006,1,0,2.646,1.82612,0.474174,0.322654,1,0,,0,0,0,0,0,0,0,0,103808,104555,0,232,0
2.20479e+006,1,0,1.8522,1.83133,0.60989,0.288956,1,0,,0,0,0,0,0,0,0,0,103808,104555,0,232,0
2.20489e+006,1,0,1.29654,1.72437,0.721338,0.28648,1,0,,0,0,0,0,0,0,0,0,103808,104555,0,232,0
2.20499e+006,1,0,0.907579,1.56102,0.805306,0.351117,1,0,,0,0,0,0,0,0,0,0,103808,104555,0,232,0
2.20509e+006,1,0,0.635305,1.37587,0.862363,0.303741,1,0,,0,0,0,0,0,0,0,0,103808,104555,0,232,0
2.20519e+006,1,0,0.444714,1.18964,0.89509,0.304206,1,0,,0,0,0,0,0,0,0,0,103808,104555,0,232,0
2.20529e+006,1,0,0.3113,1.01397,0.906979,0.311418,1,0,,0,0,0,0,0,0,0,0,103808,104555,0,232,0
2.20539e+006,1,0,0.21791,0.85476,0.901757,0.308805,1,0,,0,0,0,0,0,0,0,0,103808,104555,0,232,0
2.20549e+006,1,0,0.152537,0.714316,0.883013,0.298404,1,0,,0,0,0,0,0,0,0,0,103808,104555,0,232,0
2.20559e+006,1,0,0.106776,0.592808,0.853992,0.349854,1,0,,0,0,0,0,0,0,0,0,103808,104555,0,232,0
2.20569e+006,1,0,0.074743,0.489195,0.817512,0.281678,1,0,,0,0,0,0,0,0,0,0,103808,104555,0,232,0
2.20579e+006,1,0,0.0523201,0.40182,0.775943,0.333079,1,0,,0,0,0,0,0,0,0,0,103808,104555,0,232,0
2.20589e+006,1,0,0.0366241,0.328781,0.731227,0.321642,1,0,,0,0,0,0,0,0,0,0,103808,104555,0,232,0
2.20599e+006,1,0,0.0256368,0.268152,0.684919,0.26864,1,0,,0,0,0,0,0,0,0,0,103808,104555,0,232,0
2.20609e+006,1,0,0.0179458,0.218111,0.638239,0.389154,1,0,,0,0,0,0,0,0,0,0,103808,104555,0,232,0
2.20619e+006,1,0,0.0125621,0.177001,0.592115,0.290418,1,0,,0,0,0,0,0,0,0,0,103808,104555,0,232,0
2.20629e+006,1,0,0.00879344,0.143359,0.547239,0.312891,1,0,,0,0,0,0,0,0,0,0,103808,104555,0,232,0
2.20639e+006,1,0,0.00615541,0.115919,0.504107,0.368216,1,0,,0,0,0,0,0,0,0,0,103808,104555,0,232,0
2.20649e+006,1,0,0.00430878,0.0935967,0.463056,0.329991,1,0,,0,0,0,0,0,0,0,0,103808,104555,0,232,0
2.20659e+006,1,0,0.00301615,0.0754806,0.424298,0.319927,1,0,,0,0,0,0,0,0,0,0,103808,104555,0,232,0
2.20669e+006,1,0,0.0021113,0.0608067,0.387949,0.31554,1,0,,0,0,0,0,0,0,0,0,103808,104555,0,232,0
2.20679e+006,1,0,0.00147791,0.048941,0.354048,0.275365,1,0,,0,0,0,0,0,0,0,0,103808,104555,0,232,0
2.20689e+006,1,0,0.00103454,0.0393597,0.32258,0.338578,1,0,,0,0,0,0,0,0,0,0,103808,104555,0,232,0
2.20699e+006,1,0,0.000724177,0.0316326,0.293485,0.298647,1,0,,0,0,0,0,0,0,0,0,103808,104555,0,232,0
2.20709e+006,1,0,0.000506924,0.0254075,0.266677,0.308336,1,0,,0,0,0,0,0,0,0,0,103808,104555,0,232,0
2.20719e+006,1,0,0.000354847,0.0203969,0.242049,0.292098,1,0,,0,0,0,0,0,0,0,0,103808,104555,0,232,0
2.20729e+006,1,0,0.000248393,0.0163672,0.219481,0.285771,1,0,,0,0,0,0,0,0,0,0,103808,104555,0,232,0
2.20739e+006,1,0,0.000173875,0.0131286,0.198846,0.37102,1,0,,0,0,0,0,0,0,0,0,103808,104555,0,232,0
2.20749e+006,1,0,0.000121712,0.0105272,0.180014,0.297596,1,0,,0,0,0,0,0,0,0,0,103808,104555,0,232,0
2.20759e+006,1,0,8.51987e-005,0.00843879,0.162856,0.315882,1,0,,0,0,0,0,0,0,0,0,103808,104555,0,232,0
2.20769e+006,1,0,5.96391e-005,0.00676296,0.147247,0.340519,1,0,,0,0,0,0,0,0,0,0,103808,104555,0,232,0
2.20779e+006,1,0,4.17474e-005,0.00541872,0.133064,0.30072,1,0,,0,0,0,0,0,0,0,0,103808,104555,0,232,0
2.20789e+006,1,0,2.92232e-005,0.00434082,0.120192,0.30252,1,0,,0,0,0,0,0,0,0,0,103808,104555,0,232,0
2.20799e+006,1,0,2.04562e-005,0.00347675,0.10852,0.338545,1,0,,0,0,0,0,0,0,0,0,103808,104555,0,232,0
2.20809e+006,1,0,1.43194e-005,0.00278426,0.0979467,0.314121,1,0,,0,0,0,0,0,0,0,0,103808,104555,0,232,0
2.20819e+006,1,0,1.00235e-005,0.00222941,0.088375,0.32417,1,0,,0,0,0,0,0,0,0,0,103808,104555,0,232,0
2.20829e+006,1,0,7.01648e-006,0.00178493,0.079716,0.291044,1,0,,0,0,0,0,0,0,0,0,103808,104555,0,232,0
2.20839e+006,1,0,4.91154e-006,0.00142893,0.0718872,0.300344,1,0,,0,0,0,0,0,0,0,0,103808,104555,0,232,0
2.20849e+006,1,19,5.7,1.14114,0.178813,0.312456,1,0,,0,0,0,0,0,0,0,0,103808,104555,0,232,0
2.20859e+006,1,0,3.99,1.71092,0.332023,0.308007,1,0,,0,0,0,0,0,0,0,0,103808,104555,0,232,0
2.20869e+006,1,0,2.793,1.92733,0.491554,0.305494,1,0,,0,0,0,0,0,0,0,0,103808,104555,0,232,0
2.20879e+006,1,0,1.9551,1.93289,0.635687,0.278318,1,0,,0,0,0,0,0,0,0,0,103808,104555,0,232,0
2.20889e+006,1,0,1.36857,1.82002,0.754121,0.290331,1,0,,0,0,0,0,0,0,0,0,103808,104555,0,232,0
2.20899e+006,1,0,0.958,1.64762,0.843471,0.331793,1,0,,0,0,0,0,0,0,0,0,103808,104555,0,232,0
2.20909e+006,1,0,0.6706,1.45221,0.904345,0.307569,1,0,,0,0,0,0,0,0,0,0,103808,104555,0,232,0
2.20919e+006,1,0,0.46942,1.25566,0.939476,0.295321,1,0,,0,0,0,0,0,0,0,0,103808,104555,0,232,0
2.20929e+006,1,0,0.328594,1.07024,0.952553,0.308921,1,0,,0,0,0,0,0,0,0,0,103808,104555,0,232,0
2.20939e+006,1,0,0.230016,0.902198,0.947517,0.299534,1,0,,0,0,0,0,0,0,0,0,103808,104555,0,232,0
2.20949e+006,1,0,0.161011,0.753961,0.928162,0.277544,1,0,,0,0,0,0,0,0,0,0,103808,104555,0,232,0
2.20959e+006,1,0,0.112708,0.62571,0.897916,0.290268,1,0,,0,0,0,0,0,0,0,0,103808,104555,0,232,0
2.20969e+006,1,0,0.0788954,0.516347,0.85976,0.293719,1,0,,0,0,0,0,0,0,0,0,103808,104555,0,232,0
2.20979e+006,1,0,0.0552268,0.424123,0.816196,0.315681,1,0,,0,0,0,0,0,0,0,0,103808,104555,0,232,0
2.20989e+006,1,0,0.0386587,0.34703,0.769279,0.298194,1,0,,0,0,0,0,0,0,0,0,103808,104555,0,232,0
2.20999e+006,1,0,0.0270611,0.283036,0.720655,0.281544,1,0,,0,0,0,0,0,0,0,0,103808,104555,0,232,0
2.21009e+006,1,0,0.0189428,0.230218,0.671611,0.323994,1,0,,0,0,0,0,0,0,0,0,103808,104555,0,232,0
2.21019e+006,1,0,0.0132599,0.186826,0.623133,0.307646,1,0,,0,0,0,0,0,0,0,0,103808,104555,0,232,0
2.21029e+006,1,0,0.00928196,0.151317,0.575951,0.334408,1,0,,0,0,0,0,0,0,0,0,103808,104555,0,232,0
2.21039e+006,1,0,0.00649737,0.122353,0.530591,0.277073,1,0,,0,0,0,0,0,0,0,0,103808,104555,0,232,0
2.21049e+006,1,0,0.00454816,0.0987923,0.487411,0.28996,1,0,,0,0,0,0,0,0,0,0,103808,104555,0,232,0
2.21059e+006,1,0,0.00318371,0.0796706,0.446637,0.310854,1,0,,0,0,0,0,0,0,0,0,103808,104555,0,232,0
2.21069e+006,1,0,0.0022286,0.0641822,0.408392,0.302655,1,0,,0,0,0,0,0,0,0,0,103808,104555,0,232,0
2.21079e+006,1,0,0.00156002,0.0516578,0.372718,0.303941,1,0,,0,0,0,0,0,0,0,0,103808,104555,0,232,0
2.21089e+006,1,0,0.00109201,0.0415446,0.339601,0.286179,1,0,,0,0,0,0,0,0,0,0,103808,104555,0,232,0
2.21099e+006,1,0,0.000764409,0.0333886,0.30898,0.273092,1,0,,0,0,0,0,0,0,0,0,103808,104555,0,232,0
2.21109e+006,1,0,0.000535086,0.0268179,0.280764,0.306391,1,0,,0,0,0,0,0,0,0,0,103808,104555,0,232,0
2.21119e+006,1,0,0.000374561,0.0215292,0.25484,0.266503,1,0,,0,0,0,0,0,0,0,0,103808,104555,0,232,0
2.21129e+006,1,0,0.000262192,0.0172758,0.231084,0.289154,1,0,,0,0,0,0,0,0,0,0,103808,104555,0,232,0
2.21139e+006,1,0,0.000183535,0.0138574,0.209361,0.329432,1,0,,0,0,0,0,0,0,0,0,103808,104555,0,232,0
2.21149e+006,1,0,0.000128474,0.0111116,0.189536,0.297332,1,0,,0,0,0,0,0,0,0,0,103808,104555,0,232,0
2.21159e+006,1,0,8.9932e-005,0.00890725,0.171473,0.319093,1,0,,0,0,0,0,0,0,0,0,103808,104555,0,232,0
2.21169e+006,1,0,6.29524e-005,0.00713839,0.15504,0.332294,1,0,,0,0,0,0,0,0,0,0,103808,104555,0,232,0
2.21179e+006,1,0,4.40667e-005,0.00571952,0.140108,0.299276,1,0,,0,0,0,0,0,0,0,0,103808,104555,0,232,0
2.21189e+006,1,0,3.08467e-005,0.00458179,0.126555,0.301124,1,0,,0,0,0,0,0,0,0,0,103808,104555,0,232,0
2.21199e+006,1,0,2.15927e-005,0.00366975,0.114267,0.303762,1,0,,0,0,0,0,0,0,0,0,103808,104555,0,232,0
2.21209e+006,1,0,1.51149e-005,0.00293882,0.103134,0.271301,1,0,,0,0,0,0,0,0,0,0,103808,104555,0,232,0
2.21219e+006,1,0,1.05804e-005,0.00235317,0.0930557,0.335049,1,0,,0,0,0,0,0,0,0,0,103808,104555,0,232,0
2.21229e+006,1,0,7.40628e-006,0.00188402,0.0839386,0.331911,1,0,,0,0,0,0,0,0,0,0,103808,104555,0,232,0
2.21239e+006,1,0,5.1844e-006,0.00150825,0.0756955,0.288548,1,0,,0,0,0,0,0,0,0,0,103808,104555,0,232,0
2.21249e+006,1,18,5.4,1.08121,0.176247,0.315139,1,0,,0,0,0,0,0,0,0,0,103808,104555,0,232,0
2.21259e+006,1,0,3.78,1.62097,0.320719,0.309863,1,0,,0,0,0,0,0,0,0,0,103808,104555,0,232,0
2.21269e+006,1,0,2.646,1.82597,0.471244,0.292639,1,0,,0,0,0,0,0,0,0,0,103808,104555,0,232,0
2.21279e+006,1,0,1.8522,1.83122,0.607242,0.314551,1,0,,0,0,0,0,0,0,0,0,103808,104555,0,232,0
2.21289e+006,1,0,1.29654,1.72428,0.718946,0.291426,1,0,,0,0,0,0,0,0,0,0,103808,104555,0,232,0
2.21299e+006,1,0,0.907579,1.56094,0.803145,0.359903,1,0,,0,0,0,0,0,0,0,0,103808,104555,0,232,0
2.21309e+006,1,0,0.635305,1.37582,0.860412,0.288915,1,0,,0,0,0,0,0,0,0,0,103808,104555,0,232,0
2.21319e+006,1,0,0.444713,1.18959,0.893331,0.303477,1,0,,0,0,0,0,0,0,0,0,103808,104555,0,232,0
2.21329e+006,1,0,0.311299,1.01394,0.905391,0.278416,1,0,,0,0,0,0,0,0,0,0,103808,104555,0,232,0
2.21339e+006,1,0,0.21791,0.85473,0.900325,0.321392,1,0,,0,0,0,0,0,0,0,0,103808,104555,0,232,0
2.21349e+006,1,0,0.152537,0.714292,0.881722,0.292069,1,0,,0,0,0,0,0,0,0,0,103808,104555,0,232,0
2.21359e+006,1,0,0.106776,0.592789,0.852828,0.299392,1,0,,0,0,0,0,0,0,0,0,103808,104555,0,232,0
2.21369e+006,1,0,0.074743,0.489179,0.816463,0.302156,1,0,,0,0,0,0,0,0,0,0,103808,104555,0,232,0
2.21379e+006,1,0,0.0523201,0.401808,0.774998,0.318631,1,0,,0,0,0,0,0,0,0,0,103808,104555,0,232,0
2.21389e+006,1,0,0.0366241,0.328771,0.730375,0.326894,1,0,,0,0,0,0,0,0,0,0,103808,104555,0,232,0
2.21399e+006,1,0,0.0256368,0.268144,0.684152,0.307692,1,0,,0,0,0,0,0,0,0,0,103808,104555,0,232,0
2.21409e+006,1,0,0.0179458,0.218104,0.637547,0.318031,1,0,,0,0,0,0,0,0,0,0,103808,104555,0,232,0
2.21419e+006,1,0,0.0125621,0.176996,0.591492,0.296073,1,0,,0,0,0,0,0,0,0,0,103808,104555,0,232,0
2.21429e+006,1,0,0.00879344,0.143355,0.546678,0.307273,1,0,,0,0,0,0,0,0,0,0,103808,104555,0,232,0
2.21439e+006,1,0,0.00615541,0.115915,0.503602,0.293036,1,0,,0,0,0,0,0,0,0,0,103808,104555,0,232,0
2.21449e+006,1,0,0.00430878,0.0935941,0.462601,0.33926,1,0,,0,0,0,0,0,0,0,0,103808,104555,0,232,0
2.21459e+006,1,0,0.00301615,0.0754785,0.423889,0.334749,1,0,,0,0,0,0,0,0,0,0,103808,104555,0,232,0
2.21469e+006,1,0,0.0021113,0.0608051,0.387581,0.296849,1,0,,0,0,0,0,0,0,0,0,103808,104555,0,232,0
2.21479e+006,1,0,0.00147791,0.0489396,0.353716,0.294749,1,0,,0,0,0,0,0,0,0,0,103808,104555,0,232,0
2.21489e+006,1,0,0.00103454,0.0393586,0.322281,0.308962,1,0,,0,0,0,0,0,0,0,0,103808,104555,0,232,0
2.21499e+006,1,0,0.000724177,0.0316317,0.293216,0.305949,1,0,,0,0,0,0,0,0,0,0,103808,104555,0,232,0
2.21509e+006,1,0,0.000506924,0.0254068,0.266435,0.264174,1,0,,0,0,0,0,0,0,0,0,103808,104555,0,232,0
2.21519e+006,1,0,0.000354847,0.0203964,0.241831,0.325175,1,0,,0,0,0,0,0,0,0,0,103808,104555,0,232,0
2.21529e+006,1,0,0.000248393,0.0163668,0.219285,0.293662,1,0,,0,0,0,0,0,0,0,0,103808,104555,0,232,0
2.21539e+006,1,0,0.000173875,0.0131282,0.198669,0.338258,1,0,,0,0,0,0,0,0,0,0,103808,104555,0,232,0
2.21549e+006,1,0,0.000121712,0.0105269,0.179855,0.298896,1,0,,0,0,0,0,0,0,0,0,103808,104555,0,232,0
2.21559e+006,1,0,8.51987e-005,0.00843857,0.162713,0.312421,1,0,,0,0,0,0,0,0,0,0,103808,104555,0,232,0
2.21569e+006,1,0,5.96391e-005,0.00676278,0.147118,0.305507,1,0,,0,0,0,0,0,0,0,0,103808,104555,0,232,0
2.21579e+006,1,0,4.17474e-005,0.00541857,0.132948,0.306009,1,0,,0,0,0,0,0,0,0,0,103808,104555,0,232,0
2.21589e+006,1,0,2.92232e-005,0.0043407,0.120087,0.334071,1,0,,0,0,0,0,0,0,0,0,103808,104555,0,232,0
2.21599e+006,1,0,2.04562e-005,0.00347665,0.108426,0.295555,1,0,,0,0,0,0,0,0,0,0,103808,104555,0,232,0
2.21609e+006,1,0,1.43194e-005,0.00278419,0.0978621,0.362093,1,0,,0,0,0,0,0,0,0,0,103808,104555,0,232,0
2.21619e+006,1,0,1.00235e-005,0.00222935,0.0882988,0.298144,1,0,,0,0,0,0,0,0,0,0,103808,104555,0,232,0
2.21629e+006,1,0,7.01648e-006,0.00178489,0.0796474,0.287945,1,0,,0,0,0,0,0,0,0,0,103808,104555,0,232,0
2.21639e+006,1,19,5.70001,1.14143,0.185826,0.284744,1,0,,0,0,0,0,0,0,0,0,103808,104555,0,232,0
2.21649e+006,1,0,3.99,1.71114,0.338357,0.301745,1,0,,0,0,0,0,0,0,0,0,103808,104555,0,232,0
2.21659e+006,1,0,2.793,1.92752,0.497273,0.310809,1,0,,0,0,0,0,0,0,0,0,103808,104555,0,232,0
2.21669e+006,1,0,1.9551,1.93303,0.640849,0.217798,1,0,,0,0,0,0,0,0,0,0,103808,104555,0,232,0
2.21679e+006,1,0,1.36857,1.82014,0.758778,0.289909,1,0,,0,0,0,0,0,0,0,0,103808,104555,0,232,0
2.21689e+006,1,0,0.958,1.64771,0.847672,0.303809,1,0,,0,0,0,0,0,0,0,0,103808,104555,0,232,0
2.21699e+006,1,0,0.6706,1.45229,0.908134,0.342157,1,0,,0,0,0,0,0,0,0,0,103808,104555,0,232,0
2.21709e+006,1,0,0.46942,1.25572,0.942892,0.277909,1,0,,0,0,0,0,0,0,0,0,103808,104555,0,232,0
2.21719e+006,1,0,0.328594,1.07029,0.955632,0.322761,1,0,,0,0,0,0,0,0,0,0,103808,104555,0,232,0
2.21729e+006,1,0,0.230016,0.902236,0.950292,0.342923,1,0,,0,0,0,0,0,0,0,0,103808,104555,0,232,0
2.21739e+006,1,0,0.161011,0.753991,0.930662,0.293687,1,0,,0,0,0,0,0,0,0,0,103808,104555,0,232,0
2.21749e+006,1,0,0.112708,0.625735,0.900169,0.283875,1,0,,0,0,0,0,0,0,0,0,103808,104555,0,232,0
2.21759e+006,1,0,0.0788954,0.516367,0.861789,0.312997,1,0,,0,0,0,0,0,0,0,0,103808,104555,0,232,0
2.21769e+006,1,0,0.0552268,0.424139,0.818024,0.294148,1,0,,0,0,0,0,0,0,0,0,103808,104555,0,232,0
2.21779e+006,1,0,0.0386587,0.347043,0.770926,0.300081,1,0,,0,0,0,0,0,0,0,0,103808,104555,0,232,0
2.21789e+006,1,0,0.0270611,0.283046,0.722138,0.296466,1,0,,0,0,0,0,0,0,0,0,103808,104555,0,232,0
2.21799e+006,1,0,0.0189428,0.230226,0.672947,0.295729,1,0,,0,0,0,0,0,0,0,0,103808,104555,0,232,0
2.21809e+006,1,0,0.0132599,0.186833,0.624335,0.299792,1,0,,0,0,0,0,0,0,0,0,103808,104555,0,232,0
2.21819e+006,1,0,0.00928196,0.151322,0.577034,0.285569,1,0,,0,0,0,0,0,0,0,0,103808,104555,0,232,0
2.21829e+006,1,0,0.00649737,0.122357,0.531566,0.285782,1,0,,0,0,0,0,0,0,0,0,103808,104555,0,232,0
2.21839e+006,1,0,0.00454816,0.0987956,0.488289,0.277932,1,0,,0,0,0,0,0,0,0,0,103808,104555,0,232,0
2.21849e+006,1,0,0.00318371,0.0796732,0.447428,0.30832,1,0,,0,0,0,0,0,0,0,0,103808,104555,0,232,0
2.21859e+006,1,0,0.0022286,0.0641843,0.409103,0.293834,1,0,,0,0,0,0,0,0,0,0,103808,104555,0,232,0
2.21869e+006,1,0,0.00156002,0.0516594,0.373359,0.298107,1,0,,0,0,0,0,0,0,0,0,103808,104555,0,232,0
2.21879e+006,1,0,0.00109201,0.0415459,0.340178,0.297569,1,0,,0,0,0,0,0,0,0,0,103808,104555,0,232,0
2.21889e+006,1,0,0.000764409,0.0333896,0.309499,0.310457,1,0,,0,0,0,0,0,0,0,0,103808,104555,0,232,0
2.21899e+006,1,0,0.000535087,0.0268187,0.281231,0.278023,1,0,,0,0,0,0,0,0,0,0,103808,104555,0,232,0
2.21909e+006,1,0,0.000374561,0.0215299,0.255261,0.319173,1,0,,0,0,0,0,0,0,0,0,103808,104555,0,232,0
2.21919e+006,1,0,0.000262192,0.0172764,0.231462,0.30841,1,0,,0,0,0,0,0,0,0,0,103808,104555,0,232,0
2.21929e+006,1,0,0.000183535,0.0138578,0.209702,0.297911,1,0,,0,0,0,0,0,0,0,0,103808,104555,0,232,0
2.21939e+006,1,0,0.000128474,0.0111119,0.189843,0.301273,1,0,,0,0,0,0,0,0,0,0,103808,104555,0,232,0
2.21949e+006,1,0,8.9932e-005,0.00890753,0.171749,0.276075,1,0,,0,0,0,0,0,0,0,0,103808,104555,0,232,0
2.21959e+006,1,0,6.29524e-005,0.00713862,0.155288,0.304947,1,0,,0,0,0,0,0,0,0,0,103808,104555,0,232,0
2.21969e+006,1,0,4.40667e-005,0.00571971,0.140331,0.313833,1,0,,0,0,0,0,0,0,0,0,103808,104555,0,232,0
2.21979e+006,1,0,3.08467e-005,0.00458193,0.126756,0.317943,1,0,,0,0,0,0,0,0,0,0,103808,104555,0,232,0
2.21989e+006,1,0,2.15927e-005,0.00366987,0.114448,0.296206,1,0,,0,0,0,0,0,0,0,0,103808,104555,0,232,0
2.21999e+006,1,0,1.51149e-005,0.00293892,0.103297,0.269554,1,0,,0,0,0,0,0,0,0,0,103808,104555,0,232,0
2.22009e+006,1,0,1.05804e-005,0.00235325,0.0932025,0.318767,1,0,,0,0,0,0,0,0,0,0,103808,104555,0,232,0
2.22019e+006,1,0,7.40629e-006,0.00188408,0.0840706,0.272505,1,0,,0,0,0,0,0,0,0,0,103808,104555,0,232,0
2.22029e+006,1,0,5.1844e-006,0.0015083,0.0758144,0.344052,1,0,,0,0,0,0,0,0,0,0,103808,104555,0,232,0
2.22039e+006,1,19,5.7,1.14121,0.182354,0.297555,1,0,,0,0,0,0,0,0,0,0,103808,104555,0,232,0
2.22049e+006,1,0,3.99,1.71097,0.335215,0.26833,1,0,,0,0,0,0,0,0,0,0,103808,104555,0,232,0
2.22059e+006,1,0,2.793,1.92737,0.494431,0.285182,1,0,,0,0,0,0,0,0,0,0,103808,104555,0,232,0
2.22069e+006,1,0,1.9551,1.93292,0.63828,0.303784,1,0,,0,0,0,0,0,0,0,0,103808,104555,0,232,0
2.22079e+006,1,0,1.36857,1.82005,0.756457,0.31086,1,0,,0,0,0,0,0,0,0,0,103808,104555,0,232,0
2.22089e+006,1,0,0.958,1.64764,0.845575,0.286346,1,0,,0,0,0,0,0,0,0,0,103808,104555,0,232,0
2.22099e+006,1,0,0.6706,1.45223,0.906241,0.267583,1,0,,0,0,0,0,0,0,0,0,103808,104555,0,232,0
2.22109e+006,1,0,0.46942,1.25567,0.941183,0.295956,1,0,,0,0,0,0,0,0,0,0,103808,104555,0,232,0
2.22119e+006,1,0,0.328594,1.07025,0.954091,0.282933,1,0,,0,0,0,0,0,0,0,0,103808,104555,0,232,0
2.22129e+006,1,0,0.230016,0.902207,0.948902,0.277845,1,0,,0,0,0,0,0,0,0,0,103808,104555,0,232,0
2.22139e+006,1,1,0.461011,0.813968,0.935409,0.299689,1,0,,0,0,0,0,0,0,0,0,103808,104555,0,232,0
2.22149e+006,1,0,0.322708,0.715716,0.913439,0.301538,1,0,,0,0,0,0,0,0,0,0,103808,104555,0,232,0
2.22159e+006,1,0,0.225895,0.617751,0.88387,0.30815,1,0,,0,0,0,0,0,0,0,0,103808,104555,0,232,0
2.22169e+006,1,0,0.158127,0.525827,0.848066,0.293625,1,0,,0,0,0,0,0,0,0,0,103808,104555,0,232,0
2.22179e+006,1,0,0.110689,0.442799,0.807539,0.336878,1,0,,0,0,0,0,0,0,0,0,103808,104555,0,232,0
2.22189e+006,1,0,0.0774821,0.369736,0.763759,0.29464,1,0,,0,0,0,0,0,0,0,0,103808,104555,0,232,0
2.22199e+006,1,0,0.0542375,0.306636,0.718047,0.326016,1,0,,0,0,0,0,0,0,0,0,103808,104555,0,232,0
2.22209e+006,1,0,0.0379662,0.252902,0.671532,0.329304,1,0,,0,0,0,0,0,0,0,0,103808,104555,0,232,0
2.22219e+006,1,0,0.0265764,0.207637,0.625143,0.289042,1,0,,0,0,0,0,0,0,0,0,103808,104555,0,232,0
2.22229e+006,1,0,0.0186035,0.16983,0.579611,0.276929,1,0,,0,0,0,0,0,0,0,0,103808,104555,0,232,0
2.22239e+006,1,0,0.0130224,0.138469,0.535497,0.293893,1,0,,0,0,0,0,0,0,0,0,103808,104555,0,232,0
2.22249e+006,1,0,0.00911569,0.112598,0.493207,0.289869,1,0,,0,0,0,0,0,0,0,0,103808,104555,0,232,0
2.22259e+006,1,0,0.00638098,0.0913547,0.453022,0.278828,1,0,,0,0,0,0,0,0,0,0,103808,104555,0,232,0
2.22269e+006,1,0,0.00446669,0.0739771,0.415117,0.325752,1,0,,0,0,0,0,0,0,0,0,103808,104555,0,232,0
2.22279e+006,1,0,0.00312668,0.059807,0.379586,0.312055,1,0,,0,0,0,0,0,0,0,0,103808,104555,0,232,0
2.22289e+006,1,0,0.00218868,0.0482833,0.346456,0.295706,1,0,,0,0,0,0,0,0,0,0,103808,104555,0,232,0
2.22299e+006,1,0,0.00153207,0.0389331,0.315704,0.288168,1,0,,0,0,0,0,0,0,0,0,103808,104555,0,232,0
2.22309e+006,1,0,0.00107245,0.031361,0.287269,0.298117,1,0,,0,0,0,0,0,0,0,0,103808,104555,0,232,0
2.22319e+006,1,0,0.000750716,0.0252389,0.261066,0.307121,1,0,,0,0,0,0,0,0,0,0,103808,104555,0,232,0
2.22329e+006,1,0,0.000525501,0.0202962,0.236989,0.290584,1,0,,0,0,0,0,0,0,0,0,103808,104555,0,232,0
2.22339e+006,1,0,0.000367851,0.0163106,0.214921,0.315246,1,0,,0,0,0,0,0,0,0,0,103808,104555,0,232,0
2.22349e+006,1,0,0.000257496,0.0130999,0.194739,0.282572,1,0,,0,0,0,0,0,0,0,0,103808,104555,0,232,0
2.22359e+006,1,0,0.000180247,0.010516,0.176317,0.30936,1,0,,0,0,0,0,0,0,0,0,103808,104555,0,232,0
2.22369e+006,1,0,0.000126173,0.00843804,0.159529,0.318075,1,0,,0,0,0,0,0,0,0,0,103808,104555,0,232,0
2.22379e+006,1,0,8.8321e-005,0.00676809,0.144253,0.304413,1,0,,0,0,0,0,0,0,0,0,103808,104555,0,232,0
2.22389e+006,1,0,6.18247e-005,0.00542684,0.13037,0.294537,1,0,,0,0,0,0,0,0,0,0,103808,104555,0,232,0
2.22399e+006,1,0,4.32773e-005,0.00435013,0.117768,0.264887,1,0,,0,0,0,0,0,0,0,0,103808,104555,0,232,0
2.22409e+006,1,0,3.02941e-005,0.00348616,0.10634,0.300513,1,0,,0,0,0,0,0,0,0,0,103808,104555,0,232,0
2.22419e+006,1,0,2.12059e-005,0.00279317,0.0959854,0.317976,1,0,,0,0,0,0,0,0,0,0,103808,104555,0,232,0
2.22429e+006,1,0,1.48441e-005,0.00223751,0.0866106,0.301613,1,0,,0,0,0,0,0,0,0,0,103808,104555,0,232,0
2.22439e+006,1,18,5.40001,1.08179,0.186129,0.291766,1,0,,0,0,0,0,0,0,0,0,103808,104555,0,232,0
2.22449e+006,1,0,3.78001,1.62144,0.329659,0.306065,1,0,,0,0,0,0,0,0,0,0,103808,104555,0,232,0
2.22459e+006,1,0,2.64601,1.82635,0.479328,0.290229,1,0,,0,0,0,0,0,0,0,0,103808,104555,0,232,0
2.22469e+006,1,0,1.8522,1.83152,0.614548,0.315029,1,0,,0,0,0,0,0,0,0,0,103808,104555,0,232,0
2.22479e+006,1,0,1.29654,1.72452,0.725545,0.287693,1,0,,0,0,0,0,0,0,0,0,103808,104555,0,232,0
2.22489e+006,1,0,0.90758,1.56114,0.809104,0.302892,1,0,,0,0,0,0,0,0,0,0,103808,104555,0,232,0
2.22499e+006,1,0,0.635306,1.37597,0.865791,0.307623,1,0,,0,0,0,0,0,0,0,0,103808,104555,0,232,0
2.22509e+006,1,0,0.444714,1.18972,0.898184,0.287862,1,0,,0,0,0,0,0,0,0,0,103808,104555,0,232,0
2.22519e+006,1,0,0.3113,1.01403,0.909769,0.291087,1,0,,0,0,0,0,0,0,0,0,103808,104555,0,232,0
2.22529e+006,1,0,0.21791,0.85481,0.904273,0.306446,1,0,,0,0,0,0,0,0,0,0,103808,104555,0,232,0
2.22539e+006,1,0,0.152537,0.714355,0.885281,0.291258,1,0,,0,0,0,0,0,0,0,0,103808,104555,0,232,0
2.22549e+006,1,0,0.106776,0.592839,0.856037,0.291157,1,0,,0,0,0,0,0,0,0,0,103808,104555,0,232,0
2.22559e+006,1,0,0.0747431,0.48922,0.819355,0.317069,1,0,,0,0,0,0,0,0,0,0,103808,104555,0,232,0
2.22569e+006,1,0,0.0523202,0.40184,0.777604,0.304806,1,0,,0,0,0,0,0,0,0,0,103808,104555,0,232,0
2.22579e+006,1,0,0.0366241,0.328797,0.732723,0.281742,1,0,,0,0,0,0,0,0,0,0,103808,104555,0,232,0
2.22589e+006,1,0,0.0256369,0.268165,0.686267,0.278794,1,0,,0,0,0,0,0,0,0,0,103808,104555,0,232,0
2.22599e+006,1,0,0.0179458,0.218121,0.639453,0.283007,1,0,,0,0,0,0,0,0,0,0,103808,104555,0,232,0
2.22609e+006,1,0,0.0125621,0.177009,0.593208,0.277495,1,0,,0,0,0,0,0,0,0,0,103808,104555,0,232,0
2.22619e+006,1,0,0.00879345,0.143366,0.548224,0.311178,1,0,,0,0,0,0,0,0,0,0,103808,104555,0,232,0
2.22629e+006,1,0,0.00615541,0.115924,0.504994,0.290579,1,0,,0,0,0,0,0,0,0,0,103808,104555,0,232,0
2.22639e+006,1,0,0.00430879,0.093601,0.463855,0.296165,1,0,,0,0,0,0,0,0,0,0,103808,104555,0,232,0
2.22649e+006,1,0,0.00301615,0.075484,0.425018,0.309604,1,0,,0,0,0,0,0,0,0,0,103808,104555,0,232,0
2.22659e+006,1,0,0.00211131,0.0608095,0.388597,0.265229,1,0,,0,0,0,0,0,0,0,0,103808,104555,0,232,0
2.22669e+006,1,0,0.00147791,0.0489432,0.354631,0.292906,1,0,,0,0,0,0,0,0,0,0,103808,104555,0,232,0
2.22679e+006,1,0,0.00103454,0.0393614,0.323104,0.321599,1,0,,0,0,0,0,0,0,0,0,103808,104555,0,232,0
2.22689e+006,1,0,0.000724178,0.031634,0.293957,0.298837,1,0,,0,0,0,0,0,0,0,0,103808,104555,0,232,0
2.22699e+006,1,0,0.000506925,0.0254086,0.267102,0.285323,1,0,,0,0,0,0,0,0,0,0,103808,104555,0,232,0
2.22709e+006,1,0,0.000354847,0.0203978,0.242432,0.303586,1,0,,0,0,0,0,0,0,0,0,103808,104555,0,232,0
2.22719e+006,1,0,0.000248393,0.0163679,0.219826,0.303872,1,0,,0,0,0,0,0,0,0,0,103808,104555,0,232,0
2.22729e+006,1,0,0.000173875,0.0131291,0.199156,0.283709,1,0,,0,0,0,0,0,0,0,0,103808,104555,0,232,0
2.22739e+006,1,0,0.000121713,0.0105276,0.180293,0.273885,1,0,,0,0,0,0,0,0,0,0,103808,104555,0,232,0
2.22749e+006,1,0,8.51988e-005,0.00843915,0.163108,0.283322,1,0,,0,0,0,0,0,0,0,0,103808,104555,0,232,0
2.22759e+006,1,0,5.96392e-005,0.00676325,0.147473,0.294258,1,0,,0,0,0,0,0,0,0,0,103808,104555,0,232,0
2.22769e+006,1,0,4.17474e-005,0.00541895,0.133268,0.304972,1,0,,0,0,0,0,0,0,0,0,103808,104555,0,232,0
2.22779e+006,1,0,2.92232e-005,0.00434101,0.120375,0.273859,1,0,,0,0,0,0,0,0,0,0,103808,104555,0,232,0
2.22789e+006,1,0,2.04562e-005,0.0034769,0.108685,0.30551,1,0,,0,0,0,0,0,0,0,0,103808,104555,0,232,0
2.22799e+006,1,0,1.43194e-005,0.00278438,0.0980952,0.321941,1,0,,0,0,0,0,0,0,0,0,103808,104555,0,232,0
2.22809e+006,1,0,1.00236e-005,0.00222951,0.0885086,0.306854,1,0,,0,0,0,0,0,0,0,0,103808,104555,0,232,0
2.22819e+006,1,0,7.01649e-006,0.00178501,0.0798362,0.339165,1,0,,0,0,0,0,0,0,0,0,103808,104555,0,232,0
2.22829e+006,1,19,5.70001,1.14143,0.185996,0.279526,1,0,,0,0,0,0,0,0,0,0,103808,104555,0,232,0
2.22839e+006,1,0,3.99,1.71114,0.33851,0.315466,1,0,,0,0,0,0,0,0,0,0,103808,104555,0,232,0
2.22849e+006,1,0,2.793,1.92752,0.497411,0.304653,1,0,,0,0,0,0,0,0,0,0,103808,104555,0,232,0
2.22859e+006,1,0,1.9551,1.93303,0.640973,0.284158,1,0,,0,0,0,0,0,0,0,0,103808,104555,0,232,0
2.22869e+006,1,0,1.36857,1.82014,0.75889,0.307335,1,0,,0,0,0,0,0,0,0,0,103808,104555,0,232,0
2.22879e+006,1,0,0.958,1.64771,0.847772,0.323436,1,0,,0,0,0,0,0,0,0,0,103808,104555,0,232,0
2.22889e+006,1,0,0.6706,1.45229,0.908224,0.309413,1,0,,0,0,0,0,0,0,0,0,103808,104555,0,232,0
2.22899e+006,1,0,0.46942,1.25572,0.942973,0.338726,1,0,,0,0,0,0,0,0,0,0,103808,104555,0,232,0
2.22909e+006,1,0,0.328594,1.07029,0.955705,0.276324,1,0,,0,0,0,0,0,0,0,0,103808,104555,0,232,0
2.22919e+006,1,0,0.230016,0.902236,0.950358,0.329262,1,0,,0,0,0,0,0,0,0,0,103808,104555,0,232,0
2.22929e+006,1,0,0.161011,0.753991,0.930721,0.304448,1,0,,0,0,0,0,0,0,0,0,103808,104555,0,232,0
2.22939e+006,1,0,0.112708,0.625735,0.900223,0.286123,1,0,,0,0,0,0,0,0,0,0,103808,104555,0,232,0
2.22949e+006,1,0,0.0788954,0.516367,0.861837,0.293323,1,0,,0,0,0,0,0,0,0,0,103808,104555,0,232,0
2.22959e+006,1,0,0.0552268,0.424139,0.818067,0.346985,1,0,,0,0,0,0,0,0,0,0,103808,104555,0,232,0
2.22969e+006,1,0,0.0386587,0.347043,0.770965,0.315609,1,0,,0,0,0,0,0,0,0,0,103808,104555,0,232,0
2.22979e+006,1,0,0.0270611,0.283046,0.722173,0.324066,1,0,,0,0,0,0,0,0,0,0,103808,104555,0,232,0
2.22989e+006,1,0,0.0189428,0.230226,0.672978,0.28778,1,0,,0,0,0,0,0,0,0,0,103808,104555,0,232,0
2.22999e+006,1,0,0.0132599,0.186833,0.624364,0.308431,1,0,,0,0,0,0,0,0,0,0,103808,104555,0,232,0
2.23009e+006,1,0,0.00928196,0.151322,0.577059,0.294977,1,0,,0,0,0,0,0,0,0,0,103808,104555,0,232,0
2.23019e+006,1,0,0.00649737,0.122357,0.531589,0.289688,1,0,,0,0,0,0,0,0,0,0,103808,104555,0,232,0
2.23029e+006,1,0,0.00454816,0.0987956,0.48831,0.298089,1,0,,0,0,0,0,0,0,0,0,103808,104555,0,232,0
2.23039e+006,1,0,0.00318371,0.0796732,0.447446,0.285065,1,0,,0,0,0,0,0,0,0,0,103808,104555,0,232,0
2.23049e+006,1,0,0.0022286,0.0641843,0.40912,0.324216,1,0,,0,0,0,0,0,0,0,0,103808,104555,0,232,0
2.23059e+006,1,0,0.00156002,0.0516594,0.373374,0.313904,1,0,,0,0,0,0,0,0,0,0,103808,104555,0,232,0
2.23069e+006,1,0,0.00109201,0.0415459,0.340191,0.305114,1,0,,0,0,0,0,0,0,0,0,103808,104555,0,232,0
2.23079e+006,1,0,0.000764409,0.0333896,0.309511,0.318925,1,0,,0,0,0,0,0,0,0,0,103808,104555,0,232,0
2.23089e+006,1,0,0.000535087,0.0268187,0.281242,0.333888,1,0,,0,0,0,0,0,0,0,0,103808,104555,0,232,0
2.23099e+006,1,0,0.000374561,0.0215299,0.255271,0.331988,1,0,,0,0,0,0,0,0,0,0,103808,104555,0,232,0
2.23109e+006,1,0,0.000262192,0.0172764,0.231471,0.295289,1,0,,0,0,0,0,0,0,0,0,103808,104555,0,232,0
2.23119e+006,1,0,0.000183535,0.0138578,0.20971,0.282626,1,0,,0,0,0,0,0,0,0,0,103808,104555,0,232,0
2.23129e+006,1,0,0.000128474,0.0111119,0.18985,0.297116,1,0,,0,0,0,0,0,0,0,0,103808,104555,0,232,0
2.23139e+006,1,0,8.9932e-005,0.00890753,0.171756,0.289028,1,0,,0,0,0,0,0,0,0,0,103808,104555,0,232,0
2.23149e+006,1,0,6.29524e-005,0.00713862,0.155294,0.304803,1,0,,0,0,0,0,0,0,0,0,103808,104555,0,232,0
2.23159e+006,1,0,4.40667e-005,0.00571971,0.140337,0.288533,1,0,,0,0,0,0,0,0,0,0,103808,104555,0,232,0
2.23169e+006,1,0,3.08467e-005,0.00458193,0.126761,0.290132,1,0,,0,0,0,0,0,0,0,0,103808,104555,0,232,0
2.23179e+006,1,0,2.15927e-005,0.00366987,0.114452,0.28347,1,0,,0,0,0,0,0,0,0,0,103808,104555,0,232,0
2.23189e+006,1,0,1.51149e-005,0.00293892,0.103301,0.285508,1,0,,0,0,0,0,0,0,0,0,103808,104555,0,232,0
2.23199e+006,1,0,1.05804e-005,0.00235325,0.0932059,0.321069,1,0,,0,0,0,0,0,0,0,0,103808,104555,0,232,0
2.23209e+006,1,0,7.40629e-006,0.00188408,0.0840738,0.299207,1,0,,0,0,0,0,0,0,0,0,103808,104555,0,232,0
2.23219e+006,1,0,5.1844e-006,0.0015083,0.0758172,0.286174,1,0,,0,0,0,0,0,0,0,0,103808,104555,0,232,0
2.23229e+006,1,19,5.7,1.14121,0.182356,0.280283,1,0,,0,0,0,0,0,0,0,0,103808,104555,0,232,0
2.23239e+006,1,0,3.99,1.71097,0.335217,0.286947,1,0,,0,0,0,0,0,0,0,0,103808,104555,0,232,0
2.23249e+006,1,0,2.793,1.92737,0.494433,0.312172,1,0,,0,0,0,0,0,0,0,0,103808,104555,0,232,0
2.23259e+006,1,0,1.9551,1.93292,0.638282,0.27107,1,0,,0,0,0,0,0,0,0,0,103808,104555,0,232,0
2.23269e+006,1,0,1.36857,1.82005,0.756458,0.293245,1,0,,0,0,0,0,0,0,0,0,103808,104555,0,232,0
2.23279e+006,1,0,0.958,1.64764,0.845576,0.29556,1,0,,0,0,0,0,0,0,0,0,103808,104555,0,232,0
2.23289e+006,1,0,0.6706,1.45223,0.906242,0.285335,1,0,,0,0,0,0,0,0,0,0,103808,104555,0,232,0
2.23299e+006,1,0,0.46942,1.25567,0.941185,0.328383,1,0,,0,0,0,0,0,0,0,0,103808,104555,0,232,0
2.23309e+006,1,0,0.328594,1.07025,0.954092,0.305684,1,0,,0,0,0,0,0,0,0,0,103808,104555,0,232,0
2.23319e+006,1,0,0.230016,0.902207,0.948903,0.293708,1,0,,0,0,0,0,0,0,0,0,103808,104555,0,232,0
2.23329e+006,1,0,0.161011,0.753968,0.92941,0.278907,1,0,,0,0,0,0,0,0,0,0,103808,104555,0,232,0
2.23339e+006,1,0,0.112708,0.625716,0.89904,0.305694,1,0,,0,0,0,0,0,0,0,0,103808,104555,0,232,0
2.23349e+006,1,0,0.0788954,0.516352,0.860771,0.292169,1,0,,0,0,0,0,0,0,0,0,103808,104555,0,232,0
2.23359e+006,1,0,0.0552268,0.424127,0.817107,0.306094,1,0,,0,0,0,0,0,0,0,0,103808,104555,0,232,0
2.23369e+006,1,0,0.0386587,0.347033,0.770099,0.321044,1,0,,0,0,0,0,0,0,0,0,103808,104555,0,232,0
2.23379e+006,1,0,0.0270611,0.283039,0.721393,0.327893,1,0,,0,0,0,0,0,0,0,0,103808,104555,0,232,0
2.23389e+006,1,0,0.0189428,0.230219,0.672276,0.340995,1,0,,0,0,0,0,0,0,0,0,103808,104555,0,232,0
2.23399e+006,1,0,0.0132599,0.186828,0.623731,0.302117,1,0,,0,0,0,0,0,0,0,0,103808,104555,0,232,0
2.23409e+006,1,0,0.00928196,0.151318,0.57649,0.309431,1,0,,0,0,0,0,0,0,0,0,103808,104555,0,232,0
2.23419e+006,1,0,0.00649737,0.122354,0.531076,0.323155,1,0,,0,0,0,0,0,0,0,0,103808,104555,0,232,0
2.23429e+006,1,0,0.00454816,0.098793,0.487848,0.308656,1,0,,0,0,0,0,0,0,0,0,103808,104555,0,232,0
2.23439e+006,1,0,0.00318371,0.0796712,0.44703,0.308716,1,0,,0,0,0,0,0,0,0,0,103808,104555,0,232,0
2.23449e+006,1,0,0.0022286,0.0641826,0.408745,0.305729,1,0,,0,0,0,0,0,0,0,0,103808,104555,0,232,0
2.23459e+006,1,0,0.00156002,0.0516581,0.373037,0.303804,1,0,,0,0,0,0,0,0,0,0,103808,104555,0,232,0
2.23469e+006,1,0,0.00109201,0.0415449,0.339887,0.303217,1,0,,0,0,0,0,0,0,0,0,103808,104555,0,232,0
2.23479e+006,1,0,0.000764409,0.0333888,0.309238,0.272279,1,0,,0,0,0,0,0,0,0,0,103808,104555,0,232,0
2.23489e+006,1,0,0.000535086,0.0268181,0.280996,0.311454,1,0,,0,0,0,0,0,0,0,0,103808,104555,0,232,0
2.23499e+006,1,0,0.000374561,0.0215294,0.255049,0.281829,1,0,,0,0,0,0,0,0,0,0,103808,104555,0,232,0
2.23509e+006,1,0,0.000262192,0.0172759,0.231272,0.316379,1,0,,0,0,0,0,0,0,0,0,103808,104555,0,232,0
2.23519e+006,1,0,0.000183535,0.0138574,0.20953,0.299173,1,0,,0,0,0,0,0,0,0,0,103808,104555,0,232,0
2.23529e+006,1,0,0.000128474,0.0111117,0.189688,0.326136,1,0,,0,0,0,0,0,0,0,0,103808,104555,0,232,0
2.23539e+006,1,0,8.9932e-005,0.00890731,0.17161,0.327013,1,0,,0,0,0,0,0,0,0,0,103808,104555,0,232,0
2.23549e+006,1,0,6.29524e-005,0.00713844,0.155163,0.150088,1,0,,0,0,0,0,0,0,0,0,103808,104555,0,232,0
2.23559e+006,1,0,4.40667e-005,0.00571956,0.140219,0.282836,1,0,,0,0,0,0,0,0,0,0,103808,104555,0,232,0
2.23569e+006,1,0,3.08467e-005,0.00458182,0.126655,0.308798,1,0,,0,0,0,0,0,0,0,0,103808,104555,0,232,0
2.23579e+006,1,0,2.15927e-005,0.00366978,0.114357,0.292694,1,0,,0,0,0,0,0,0,0,0,103808,104555,0,232,0
2.23589e+006,1,0,1.51149e-005,0.00293884,0.103215,0.312645,1,0,,0,0,0,0,0,0,0,0,103808,104555,0,232,0
2.23599e+006,1,0,1.05804e-005,0.00235319,0.0931286,0.311894,1,0,,0,0,0,0,0,0,0,0,103808,104555,0,232,0
2.23609e+006,1,0,7.40628e-006,0.00188403,0.0840041,0.302133,1,0,,0,0,0,0,0,0,0,0,103808,104555,0,232,0
2.23619e+006,1,0,5.1844e-006,0.00150826,0.0757545,0.300533,1,0,,0,0,0,0,0,0,0,0,103808,104555,0,232,0
2.23629e+006,1,19,5.7,1.14121,0.1823,0.305196,1,0,,0,0,0,0,0,0,0,0,103808,104555,0,232,0
2.23639e+006,1,0,3.99,1.71097,0.335167,0.302885,1,0,,0,0,0,0,0,0,0,0,103808,104555,0,232,0
2.23649e+006,1,0,2.793,1.92737,0.494387,0.312998,1,0,,0,0,0,0,0,0,0,0,103808,104555,0,232,0
2.23659e+006,1,0,1.9551,1.93292,0.63824,0.303085,1,0,,0,0,0,0,0,0,0,0,103808,104555,0,232,0
2.23669e+006,1,0,1.36857,1.82005,0.756421,0.308485,1,0,,0,0,0,0,0,0,0,0,103808,104555,0,232,0
2.23679e+006,1,0,0.958,1.64764,0.845543,0.284912,1,0,,0,0,0,0,0,0,0,0,103808,104555,0,232,0
2.23689e+006,1,0,0.6706,1.45223,0.906212,0.26895,1,0,,0,0,0,0,0,0,0,0,103808,104555,0,232,0
2.23699e+006,1,0,0.46942,1.25567,0.941158,0.311245,1,0,,0,0,0,0,0,0,0,0,103808,104555,0,232,0
2.23709e+006,1,0,0.328594,1.07025,0.954067,0.280382,1,0,,0,0,0,0,0,0,0,0,103808,104555,0,232,0
2.23719e+006,1,0,0.230016,0.902207,0.948881,0.30127,1,0,,0,0,0,0,0,0,0,0,103808,104555,0,232,0
2.23729e+006,1,0,0.161011,0.753968,0.92939,0.285521,1,0,,0,0,0,0,0,0,0,0,103808,104555,0,232,0
2.23739e+006,1,0,0.112708,0.625716,0.899023,0.320472,1,0,,0,0,0,0,0,0,0,0,103808,104555,0,232,0
2.23749e+006,1,0,0.0788954,0.516352,0.860755,0.306434,1,0,,0,0,0,0,0,0,0,0,103808,104555,0,232,0
2.23759e+006,1,0,0.0552268,0.424127,0.817093,0.31972,1,0,,0,0,0,0,0,0,0,0,103808,104555,0,232,0
2.23769e+006,1,0,0.0386587,0.347033,0.770087,0.306143,1,0,,0,0,0,0,0,0,0,0,103808,104555,0,232,0
2.23779e+006,1,0,0.0270611,0.283039,0.721382,0.288304,1,0,,0,0,0,0,0,0,0,0,103808,104555,0,232,0
2.23789e+006,1,0,0.0189428,0.230219,0.672266,0.324955,1,0,,0,0,0,0,0,0,0,0,103808,104555,0,232,0
2.23799e+006,1,0,0.0132599,0.186828,0.623722,0.298368,1,0,,0,0,0,0,0,0,0,0,103808,104555,0,232,0
2.23809e+006,1,0,0.00928196,0.151318,0.576481,0.321318,1,0,,0,0,0,0,0,0,0,0,103808,104555,0,232,0
2.23819e+006,1,0,0.00649737,0.122354,0.531069,0.296318,1,0,,0,0,0,0,0,0,0,0,103808,104555,0,232,0
2.23829e+006,1,0,0.00454816,0.098793,0.487841,0.299244,1,0,,0,0,0,0,0,0,0,0,103808,104555,0,232,0
2.23839e+006,1,0,0.00318371,0.0796712,0.447024,0.310704,1,0,,0,0,0,0,0,0,0,0,103808,104555,0,232,0
2.23849e+006,1,0,0.0022286,0.0641826,0.40874,0.345017,1,0,,0,0,0,0,0,0,0,0,103808,104555,0,232,0
2.23859e+006,1,0,0.00156002,0.0516581,0.373032,0.295453,1,0,,0,0,0,0,0,0,0,0,103808,104555,0,232,0
2.23869e+006,1,0,0.00109201,0.0415449,0.339883,0.313529,1,0,,0,0,0,0,0,0,0,0,103808,104555,0,232,0
2.23879e+006,1,0,0.000764409,0.0333888,0.309234,0.298026,1,0,,0,0,0,0,0,0,0,0,103808,104555,0,232,0
2.23889e+006,1,0,0.000535086,0.0268181,0.280992,0.321588,1,0,,0,0,0,0,0,0,0,0,103808,104555,0,232,0
2.23899e+006,1,0,0.000374561,0.0215294,0.255046,0.323287,1,0,,0,0,0,0,0,0,0,0,103808,104555,0,232,0
2.23909e+006,1,0,0.000262192,0.0172759,0.231269,0.271973,1,0,,0,0,0,0,0,0,0,0,103808,104555,0,232,0
2.23919e+006,1,0,0.000183535,0.0138574,0.209528,0.297436,1,0,,0,0,0,0,0,0,0,0,103808,104555,0,232,0
2.23929e+006,1,0,0.000128474,0.0111117,0.189686,0.302872,1,0,,0,0,0,0,0,0,0,0,103808,104555,0,232,0
2.23939e+006,1,0,8.9932e-005,0.00890731,0.171608,0.329751,1,0,,0,0,0,0,0,0,0,0,103808,104555,0,232,0
2.23949e+006,1,0,6.29524e-005,0.00713844,0.155161,0.309301,1,0,,0,0,0,0,0,0,0,0,103808,104555,0,232,0
2.23959e+006,1,0,4.40667e-005,0.00571956,0.140217,0.315952,1,0,,0,0,0,0,0,0,0,0,103808,104555,0,232,0
2.23969e+006,1,0,3.08467e-005,0.00458182,0.126653,0.289565,1,0,,0,0,0,0,0,0,0,0,103808,104555,0,232,0
2.23979e+006,1,0,2.15927e-005,0.00366978,0.114355,0.33854,1,0,,0,0,0,0,0,0,0,0,103808,104555,0,232,0
2.23989e+006,1,0,1.51149e-005,0.00293884,0.103213,0.327666,1,0,,0,0,0,0,0,0,0,0,103808,104555,0,232,0
2.23999e+006,1,0,1.05804e-005,0.00235319,0.0931274,0.287753,1,0,,0,0,0,0,0,0,0,0,103808,104555,0,232,0
2.24009e+006,1,0,7.40628e-006,0.00188403,0.0840031,0.295865,1,0,,0,0,0,0,0,0,0,0,103808,104555,0,232,0
2.24019e+006,1,19,5.70001,1.14151,0.189754,0.299637,1,0,,0,0,0,0,0,0,0,0,103808,104555,0,232,0
2.24029e+006,1,0,3.99,1.71121,0.341899,0.293827,1,0,,0,0,0,0,0,0,0,0,103808,104555,0,232,0
2.24039e+006,1,0,2.793,1.92757,0.500466,0.290779,1,0,,0,0,0,0,0,0,0,0,103808,104555,0,232,0
2.24049e+006,1,0,1.9551,1.93307,0.643727,0.290717,1,0,,0,0,0,0,0,0,0,0,103808,104555,0,232,0
2.24059e+006,1,0,1.36857,1.82017,0.761371,0.337677,1,0,,0,0,0,0,0,0,0,0,103808,104555,0,232,0
2.24069e+006,1,0,0.958,1.64774,0.850008,0.287228,1,0,,0,0,0,0,0,0,0,0,103808,104555,0,232,0
2.24079e+006,1,0,0.6706,1.45231,0.910238,0.293303,1,0,,0,0,0,0,0,0,0,0,103808,104555,0,232,0
2.24089e+006,1,0,0.46942,1.25573,0.944788,0.306591,1,0,,0,0,0,0,0,0,0,0,103808,104555,0,232,0
2.24099e+006,1,0,0.328594,1.0703,0.957339,0.310427,1,0,,0,0,0,0,0,0,0,0,103808,104555,0,232,0
2.24109e+006,1,0,0.230016,0.902247,0.95183,0.293003,1,0,,0,0,0,0,0,0,0,0,103808,104555,0,232,0
2.24119e+006,1,0,0.161011,0.754,0.932047,0.283681,1,0,,0,0,0,0,0,0,0,0,103808,104555,0,232,0
2.24129e+006,1,0,0.112708,0.625741,0.901417,0.320645,1,0,,0,0,0,0,0,0,0,0,103808,104555,0,232,0
2.24139e+006,1,0,0.0788954,0.516372,0.862912,0.311532,1,0,,0,0,0,0,0,0,0,0,103808,104555,0,232,0
2.24149e+006,1,0,0.0552268,0.424143,0.819035,0.287909,1,0,,0,0,0,0,0,0,0,0,103808,104555,0,232,0
2.24159e+006,1,0,0.0386587,0.347046,0.771836,0.28957,1,0,,0,0,0,0,0,0,0,0,103808,104555,0,232,0
2.24169e+006,1,0,0.0270611,0.283049,0.722958,0.314697,1,0,,0,0,0,0,0,0,0,0,103808,104555,0,232,0
2.24179e+006,1,0,0.0189428,0.230228,0.673685,0.296022,1,0,,0,0,0,0,0,0,0,0,103808,104555,0,232,0
2.24189e+006,1,0,0.01326,0.186834,0.625,0.288019,1,0,,0,0,0,0,0,0,0,0,103808,104555,0,232,0
2.24199e+006,1,0,0.00928196,0.151324,0.577632,0.285368,1,0,,0,0,0,0,0,0,0,0,103808,104555,0,232,0
2.24209e+006,1,0,0.00649738,0.122359,0.532105,0.291645,1,0,,0,0,0,0,0,0,0,0,103808,104555,0,232,0
2.24219e+006,1,0,0.00454816,0.0987965,0.488774,0.362507,1,0,,0,0,0,0,0,0,0,0,103808,104555,0,232,0
2.24229e+006,1,0,0.00318371,0.079674,0.447864,0.287434,1,0,,0,0,0,0,0,0,0,0,103808,104555,0,232,0
2.24239e+006,1,0,0.0022286,0.0641849,0.409496,0.293774,1,0,,0,0,0,0,0,0,0,0,103808,104555,0,232,0
2.24249e+006,1,0,0.00156002,0.0516599,0.373712,0.295252,1,0,,0,0,0,0,0,0,0,0,103808,104555,0,232,0
2.24259e+006,1,0,0.00109201,0.0415463,0.340496,0.299762,1,0,,0,0,0,0,0,0,0,0,103808,104555,0,232,0
2.24269e+006,1,0,0.00076441,0.03339,0.309785,0.330313,1,0,,0,0,0,0,0,0,0,0,103808,104555,0,232,0
2.24279e+006,1,0,0.000535087,0.026819,0.281488,0.311714,1,0,,0,0,0,0,0,0,0,0,103808,104555,0,232,0
2.24289e+006,1,0,0.000374561,0.0215301,0.255493,0.26639,1,0,,0,0,0,0,0,0,0,0,103808,104555,0,232,0
2.24299e+006,1,0,0.000262192,0.0172765,0.231671,0.280114,1,0,,0,0,0,0,0,0,0,0,103808,104555,0,232,0
2.24309e+006,1,0,0.000183535,0.0138579,0.20989,0.279752,1,0,,0,0,0,0,0,0,0,0,103808,104555,0,232,0
2.24319e+006,1,0,0.000128474,0.011112,0.190012,0.302326,1,0,,0,0,0,0,0,0,0,0,103808,104555,0,232,0
2.24329e+006,1,0,8.9932e-005,0.00890761,0.171902,0.307727,1,0,,0,0,0,0,0,0,0,0,103808,104555,0,232,0
2.24339e+006,1,0,6.29524e-005,0.00713868,0.155425,0.291227,1,0,,0,0,0,0,0,0,0,0,103808,104555,0,232,0
2.24349e+006,1,0,4.40667e-005,0.00571976,0.140455,0.294612,1,0,,0,0,0,0,0,0,0,0,103808,104555,0,232,0
2.24359e+006,1,0,3.08467e-005,0.00458198,0.126867,0.294251,1,0,,0,0,0,0,0,0,0,0,103808,104555,0,232,0
2.24369e+006,1,0,2.15927e-005,0.0036699,0.114548,0.299651,1,0,,0,0,0,0,0,0,0,0,103808,104555,0,232,0
2.24379e+006,1,0,1.51149e-005,0.00293894,0.103387,0.279164,1,0,,0,0,0,0,0,0,0,0,103808,104555,0,232,0
2.24389e+006,1,0,1.05804e-005,0.00235327,0.0932834,0.291076,1,0,,0,0,0,0,0,0,0,0,103808,104555,0,232,0
2.24399e+006,1,0,7.40629e-006,0.0018841,0.0841435,0.300989,1,0,,0,0,0,0,0,0,0,0,103808,104555,0,232,0
2.24409e+006,1,0,5.1844e-006,0.00150831,0.07588,0.296726,1,0,,0,0,0,0,0,0,0,0,103808,104555,0,232,0
2.24419e+006,1,19,5.7,1.14121,0.182413,0.295553,1,0,,0,0,0,0,0,0,0,0,103808,104555,0,232,0
2.24429e+006,1,0,3.99,1.71097,0.335268,0.289765,1,0,,0,0,0,0,0,0,0,0,103808,104555,0,232,0
2.24439e+006,1,0,2.793,1.92737,0.494479,0.336302,1,0,,0,0,0,0,0,0,0,0,103808,104555,0,232,0
2.24449e+006,1,0,1.9551,1.93292,0.638323,0.311938,1,0,,0,0,0,0,0,0,0,0,103808,104555,0,232,0
2.24459e+006,1,0,1.36857,1.82005,0.756495,0.297676,1,0,,0,0,0,0,0,0,0,0,103808,104555,0,232,0
2.24469e+006,1,0,0.958,1.64764,0.84561,0.289477,1,0,,0,0,0,0,0,0,0,0,103808,104555,0,232,0
2.24479e+006,1,0,0.6706,1.45223,0.906272,0.296781,1,0,,0,0,0,0,0,0,0,0,103808,104555,0,232,0
2.24489e+006,1,0,0.46942,1.25567,0.941212,0.312831,1,0,,0,0,0,0,0,0,0,0,103808,104555,0,232,0
2.24499e+006,1,0,0.328594,1.07025,0.954116,0.336991,1,0,,0,0,0,0,0,0,0,0,103808,104555,0,232,0
2.24509e+006,1,0,0.230016,0.902207,0.948925,0.312655,1,0,,0,0,0,0,0,0,0,0,103808,104555,0,232,0
2.24519e+006,1,0,0.161011,0.753968,0.929429,0.280767,1,0,,0,0,0,0,0,0,0,0,103808,104555,0,232,0
2.24529e+006,1,0,0.112708,0.625716,0.899058,0.289666,1,0,,0,0,0,0,0,0,0,0,103808,104555,0,232,0
2.24539e+006,1,0,0.0788954,0.516352,0.860787,0.309229,1,0,,0,0,0,0,0,0,0,0,103808,104555,0,232,0
2.24549e+006,1,0,0.0552268,0.424127,0.817121,0.306865,1,0,,0,0,0,0,0,0,0,0,103808,104555,0,232,0
2.24559e+006,1,0,0.0386587,0.347033,0.770112,0.298341,1,0,,0,0,0,0,0,0,0,0,103808,104555,0,232,0
2.24569e+006,1,0,0.0270611,0.283039,0.721405,0.319479,1,0,,0,0,0,0,0,0,0,0,103808,104555,0,232,0
2.24579e+006,1,0,0.0189428,0.230219,0.672286,0.322527,1,0,,0,0,0,0,0,0,0,0,103808,104555,0,232,0
2.24589e+006,1,0,0.0132599,0.186828,0.62374,0.286501,1,0,,0,0,0,0,0,0,0,0,103808,104555,0,232,0
2.24599e+006,1,0,0.00928196,0.151318,0.576498,0.302281,1,0,,0,0,0,0,0,0,0,0,103808,104555,0,232,0
2.24609e+006,1,0,0.00649737,0.122354,0.531084,0.308869,1,0,,0,0,0,0,0,0,0,0,103808,104555,0,232,0
2.24619e+006,1,0,0.00454816,0.098793,0.487855,0.292596,1,0,,0,0,0,0,0,0,0,0,103808,104555,0,232,0
2.24629e+006,1,0,0.00318371,0.0796712,0.447036,0.300621,1,0,,0,0,0,0,0,0,0,0,103808,104555,0,232,0
2.24639e+006,1,0,0.0022286,0.0641826,0.408751,0.308682,1,0,,0,0,0,0,0,0,0,0,103808,104555,0,232,0
2.24649e+006,1,0,0.00156002,0.0516581,0.373042,0.279118,1,0,,0,0,0,0,0,0,0,0,103808,104555,0,232,0
2.24659e+006,1,0,0.00109201,0.0415449,0.339892,0.300355,1,0,,0,0,0,0,0,0,0,0,103808,104555,0,232,0
2.24669e+006,1,0,0.000764409,0.0333888,0.309242,0.329216,1,0,,0,0,0,0,0,0,0,0,103808,104555,0,232,0
2.24679e+006,1,0,0.000535086,0.0268181,0.280999,0.273179,1,0,,0,0,0,0,0,0,0,0,103808,104555,0,232,0
2.24689e+006,1,0,0.000374561,0.0215294,0.255052,0.295755,1,0,,0,0,0,0,0,0,0,0,103808,104555,0,232,0
2.24699e+006,1,0,0.000262192,0.0172759,0.231275,0.321956,1,0,,0,0,0,0,0,0,0,0,103808,104555,0,232,0
2.24709e+006,1,0,0.000183535,0.0138574,0.209533,0.277944,1,0,,0,0,0,0,0,0,0,0,103808,104555,0,232,0
2.24719e+006,1,0,0.000128474,0.0111117,0.189691,0.322505,1,0,,0,0,0,0,0,0,0,0,103808,104555,0,232,0
2.24729e+006,1,0,8.9932e-005,0.00890731,0.171612,0.296932,1,0,,0,0,0,0,0,0,0,0,103808,104555,0,232,0
2.24739e+006,1,0,6.29524e-005,0.00713844,0.155165,0.300758,1,0,,0,0,0,0,0,0,0,0,103808,104555,0,232,0
2.24749e+006,1,0,4.40667e-005,0.00571956,0.140221,0.294533,1,0,,0,0,0,0,0,0,0,0,103808,104555,0,232,0
2.24759e+006,1,0,3.08467e-005,0.00458182,0.126657,0.334545,1,0,,0,0,0,0,0,0,0,0,103808,104555,0,232,0
2.24769e+006,1,0,2.15927e-005,0.00366978,0.114358,0.286219,1,0,,0,0,0,0,0,0,0,0,103808,104555,0,232,0
2.24779e+006,1,0,1.51149e-005,0.00293884,0.103216,0.35791,1,0,,0,0,0,0,0,0,0,0,103808,104555,0,232,0
2.24789e+006,1,0,1.05804e-005,0.00235319,0.0931297,0.292086,1,0,,0,0,0,0,0,0,0,0,103808,104555,0,232,0
2.24799e+006,1,0,7.40628e-006,0.00188403,0.0840052,0.336184,1,0,,0,0,0,0,0,0,0,0,103808,104555,0,232,0
2.24809e+006,1,0,5.1844e-006,0.00150826,0.0757555,0.303934,1,0,,0,0,0,0,0,0,0,0,103808,104555,0,232,0
2.24819e+006,1,19,5.7,1.14121,0.182301,0.306635,1,0,,0,0,0,0,0,0,0,0,103808,104555,0,232,0
2.24829e+006,1,0,3.99,1.71097,0.335167,0.284347,1,0,,0,0,0,0,0,0,0,0,103808,104555,0,232,0
2.24839e+006,1,0,2.793,1.92737,0.494388,0.338822,1,0,,0,0,0,0,0,0,0,0,103808,104555,0,232,0
2.24849e+006,1,0,1.9551,1.93292,0.638241,0.298723,1,0,,0,0,0,0,0,0,0,0,103808,104555,0,232,0
2.24859e+006,1,0,1.36857,1.82005,0.756422,0.279933,1,0,,0,0,0,0,0,0,0,0,103808,104555,0,232,0
2.24869e+006,1,0,0.958,1.64764,0.845544,0.286308,1,0,,0,0,0,0,0,0,0,0,103808,104555,0,232,0
2.24879e+006,1,0,0.6706,1.45223,0.906212,0.302021,1,0,,0,0,0,0,0,0,0,0,103808,104555,0,232,0
2.24889e+006,1,0,0.46942,1.25567,0.941158,0.291471,1,0,,0,0,0,0,0,0,0,0,103808,104555,0,232,0
2.24899e+006,1,0,0.328594,1.07025,0.954068,0.278622,1,0,,0,0,0,0,0,0,0,0,103808,104555,0,232,0
2.24909e+006,1,0,0.230016,0.902207,0.948882,0.314362,1,0,,0,0,0,0,0,0,0,0,103808,104555,0,232,0
2.24919e+006,1,0,0.161011,0.753968,0.92939,0.3302,1,0,,0,0,0,0,0,0,0,0,103808,104555,0,232,0
2.24929e+006,1,0,0.112708,0.625716,0.899023,0.302137,1,0,,0,0,0,0,0,0,0,0,103808,104555,0,232,0
2.24939e+006,1,0,0.0788954,0.516352,0.860756,0.301848,1,0,,0,0,0,0,0,0,0,0,103808,104555,0,232,0
2.24949e+006,1,0,0.0552268,0.424127,0.817093,0.31395,1,0,,0,0,0,0,0,0,0,0,103808,104555,0,232,0
2.24959e+006,1,0,0.0386587,0.347033,0.770087,0.291485,1,0,,0,0,0,0,0,0,0,0,103808,104555,0,232,0
2.24969e+006,1,0,0.0270611,0.283039,0.721382,0.277172,1,0,,0,0,0,0,0,0,0,0,103808,104555,0,232,0
2.24979e+006,1,0,0.0189428,0.230219,0.672266,0.285737,1,0,,0,0,0,0,0,0,0,0,103808,104555,0,232,0
2.24989e+006,1,0,0.0132599,0.186828,0.623722,0.283012,1,0,,0,0,0,0,0,0,0,0,103808,104555,0,232,0
2.24999e+006,1,0,0.00928196,0.151318,0.576481,0.286087,1,0,,0,0,0,0,0,0,0,0,103808,104555,0,232,0
2.25009e+006,1,0,0.00649737,0.122354,0.531069,0.305363,1,0,,0,0,0,0,0,0,0,0,103808,104555,0,232,0
2.25019e+006,1,0,0.00454816,0.098793,0.487841,0.324795,1,0,,0,0,0,0,0,0,0,0,103808,104555,0,232,0
2.25029e+006,1,0,0.00318371,0.0796712,0.447024,0.345607,1,0,,0,0,0,0,0,0,0,0,103808,104555,0,232,0
2.25039e+006,1,0,0.0022286,0.0641826,0.40874,0.299056,1,0,,0,0,0,0,0,0,0,0,103808,104555,0,232,0
2.25049e+006,1,0,0.00156002,0.0516581,0.373032,0.314506,1,0,,0,0,0,0,0,0,0,0,103808,104555,0,232,0
2.25059e+006,1,0,0.00109201,0.0415449,0.339883,0.278342,1,0,,0,0,0,0,0,0,0,0,103808,104555,0,232,0
2.25069e+006,1,0,0.000764409,0.0333888,0.309234,0.310529,1,0,,0,0,0,0,0,0,0,0,103808,104555,0,232,0
2.25079e+006,1,0,0.000535086,0.0268181,0.280992,0.298367,1,0,,0,0,0,0,0,0,0,0,103808,104555,0,232,0
2.25089e+006,1,0,0.000374561,0.0215294,0.255046,0.283717,1,0,,0,0,0,0,0,0,0,0,103808,104555,0,232,0
2.25099e+006,1,0,0.000262192,0.0172759,0.231269,0.303841,1,0,,0,0,0,0,0,0,0,0,103808,104555,0,232,0
2.25109e+006,1,0,0.000183535,0.0138574,0.209528,0.312215,1,0,,0,0,0,0,0,0,0,0,103808,104555,0,232,0
2.25119e+006,1,0,0.000128474,0.0111117,0.189686,0.298326,1,0,,0,0,0,0,0,0,0,0,103808,104555,0,232,0
2.25129e+006,1,0,8.9932e-005,0.00890731,0.171608,0.294738,1,0,,0,0,0,0,0,0,0,0,103808,104555,0,232,0
2.25139e+006,1,0,6.29524e-005,0.00713844,0.155161,0.2697,1,0,,0,0,0,0,0,0,0,0,103808,104555,0,232,0
2.25149e+006,1,0,4.40667e-005,0.00571956,0.140217,0.284465,1,0,,0,0,0,0,0,0,0,0,103808,104555,0,232,0
2.25159e+006,1,0,3.08467e-005,0.00458182,0.126653,0.315012,1,0,,0,0,0,0,0,0,0,0,103808,104555,0,232,0
2.25169e+006,1,0,2.15927e-005,0.00366978,0.114355,0.295337,1,0,,0,0,0,0,0,0,0,0,103808,104555,0,232,0
2.25179e+006,1,0,1.51149e-005,0.00293884,0.103213,0.280525,1,0,,0,0,0,0,0,0,0,0,103808,104555,0,232,0
2.25189e+006,1,0,1.05804e-005,0.00235319,0.0931274,0.291248,1,0,,0,0,0,0,0,0,0,0,103808,104555,0,232,0
2.25199e+006,1,0,7.40628e-006,0.00188403,0.0840031,0.314571,1,0,,0,0,0,0,0,0,0,0,103808,104555,0,232,0
2252087,1,18.408,5.52239,1.10599,0.186201,0.301346,1,0,,0,0,0,0,0,0,0,0,103808,104555,0,232,0
2.25219e+006,1,0,3.86568,1.65792,0.333374,0.302589,1,0,,0,0,0,0,0,0,0,0,103808,104555,0,232,0
2.25229e+006,1,0,2.70597,1.86753,0.48679,0.308862,1,0,,0,0,0,0,0,0,0,0,103808,104555,0,232,0
2.25239e+006,1,0,1.89418,1.87286,0.625397,0.340713,1,0,,0,0,0,0,0,0,0,0,103808,104555,0,232,0
2.25249e+006,1,0,1.32593,1.76348,0.739205,0.282262,1,0,,0,0,0,0,0,0,0,0,103808,104555,0,232,0
2.25259e+006,1,0,0.928149,1.59641,0.824925,0.335624,1,0,,0,0,0,0,0,0,0,0,103808,104555,0,232,0
2.25269e+006,1,0,0.649704,1.40707,0.88314,0.313274,1,0,,0,0,0,0,0,0,0,0,103808,104555,0,232,0
2.25279e+006,1,0,0.454793,1.21661,0.916487,0.306636,1,0,,0,0,0,0,0,0,0,0,103808,104555,0,232,0
2.25289e+006,1,0,0.318355,1.03696,0.928535,0.300571,1,0,,0,0,0,0,0,0,0,0,103808,104555,0,232,0
2.25299e+006,1,0,0.222848,0.874139,0.923095,0.313684,1,0,,0,0,0,0,0,0,0,0,103808,104555,0,232,0
2.25309e+006,1,0,0.155994,0.73051,0.903837,0.321497,1,0,,0,0,0,0,0,0,0,0,103808,104555,0,232,0
2.25319e+006,1,0,0.109196,0.606247,0.874078,0.310884,1,0,,0,0,0,0,0,0,0,0,103808,104555,0,232,0
2.25329e+006,1,0,0.076437,0.500285,0.836698,0.34586,1,0,,0,0,0,0,0,0,0,0,103808,104555,0,232,0
2.25339e+006,1,0,0.0535059,0.41093,0.794122,0.290947,1,0,,0,0,0,0,0,0,0,0,103808,104555,0,232,0
2.25349e+006,1,0,0.0374541,0.336234,0.748333,0.286559,1,0,,0,0,0,0,0,0,0,0,103808,104555,0,232,0
2.25359e+006,1,0,0.0262179,0.274231,0.700923,0.28111,1,0,,0,0,0,0,0,0,0,0,103808,104555,0,232,0
2.25369e+006,1,0,0.0183525,0.223055,0.653136,0.28446,1,0,,0,0,0,0,0,0,0,0,103808,104555,0,232,0
2.25379e+006,1,0,0.0128468,0.181014,0.605924,0.349497,1,0,,0,0,0,0,0,0,0,0,103808,104555,0,232,0
2.25389e+006,1,0,0.00899274,0.146609,0.559992,0.322523,1,0,,0,0,0,0,0,0,0,0,103808,104555,0,232,0
2.25399e+006,1,0,0.00629492,0.118547,0.515848,0.283423,1,0,,0,0,0,0,0,0,0,0,103808,104555,0,232,0
2.25409e+006,1,0,0.00440644,0.0957185,0.473835,0.270373,1,0,,0,0,0,0,0,0,0,0,103808,104555,0,232,0
2.25419e+006,1,0,0.00308451,0.0771917,0.43417,0.299847,1,0,,0,0,0,0,0,0,0,0,103808,104555,0,232,0
2.25429e+006,1,0,0.00215916,0.0621852,0.396972,0.326746,1,0,,0,0,0,0,0,0,0,0,103808,104555,0,232,0
2.25439e+006,1,0,0.00151141,0.0500505,0.36228,0.317944,1,0,,0,0,0,0,0,0,0,0,103808,104555,0,232,0
2.25449e+006,1,0,0.00105799,0.040252,0.330077,0.294821,1,0,,0,0,0,0,0,0,0,0,103808,104555,0,232,0
2.25459e+006,1,0,0.000740591,0.0323497,0.300304,0.306021,1,0,,0,0,0,0,0,0,0,0,103808,104555,0,232,0
2.25469e+006,1,0,0.000518413,0.0259834,0.272872,0.293371,1,0,,0,0,0,0,0,0,0,0,103808,104555,0,232,0
2.25479e+006,1,0,0.000362889,0.0208593,0.247671,0.320083,1,0,,0,0,0,0,0,0,0,0,103808,104555,0,232,0
2.25489e+006,1,0,0.000254023,0.0167383,0.224578,0.305508,1,0,,0,0,0,0,0,0,0,0,103808,104555,0,232,0
2.25499e+006,1,0,0.000177816,0.0134262,0.203462,0.2838,1,0,,0,0,0,0,0,0,0,0,103808,104555,0,232,0
2.25509e+006,1,0,0.000124471,0.0107658,0.184193,0.357275,1,0,,0,0,0,0,0,0,0,0,103808,104555,0,232,0
2.25519e+006,1,0,8.71297e-005,0.0086301,0.166637,0.297101,1,0,,0,0,0,0,0,0,0,0,103808,104555,0,232,0
2.25529e+006,1,0,6.09908e-005,0.00691627,0.150664,0.296875,1,0,,0,0,0,0,0,0,0,0,103808,104555,0,232,0
2.25539e+006,1,0,4.26936e-005,0.00554156,0.136152,0.297975,1,0,,0,0,0,0,0,0,0,0,103808,104555,0,232,0
2.25549e+006,1,0,2.98855e-005,0.00443922,0.122981,0.286487,1,0,,0,0,0,0,0,0,0,0,103808,104555,0,232,0
2.25559e+006,1,0,2.09198e-005,0.00355556,0.111038,0.276758,1,0,,0,0,0,0,0,0,0,0,103808,104555,0,232,0
2.25569e+006,1,0,1.46439e-005,0.00284738,0.100219,0.286358,1,0,,0,0,0,0,0,0,0,0,103808,104555,0,232,0
2.25579e+006,1,0,1.02507e-005,0.00227995,0.0904253,0.293335,1,0,,0,0,0,0,0,0,0,0,103808,104555,0,232,0
2.25589e+006,1,0,7.17551e-006,0.0018254,0.0815653,0.301212,1,0,,0,0,0,0,0,0,0,0,103808,104555,0,232,0
2.25599e+006,1,0,5.02286e-006,0.00146132,0.0735549,0.290088,1,0,,0,0,0,0,0,0,0,0,103808,104555,0,232,0
2.25609e+006,1,19,5.7,1.14117,0.180316,0.304391,1,0,,0,0,0,0,0,0,0,0,103808,104555,0,232,0
2.25619e+006,1,0,3.99,1.71094,0.333378,0.290779,1,0,,0,0,0,0,0,0,0,0,103808,104555,0,232,0
2.25629e+006,1,0,2.793,1.92735,0.492775,0.284691,1,0,,0,0,0,0,0,0,0,0,103808,104555,0,232,0
2.25639e+006,1,0,1.9551,1.9329,0.636788,0.312565,1,0,,0,0,0,0,0,0,0,0,103808,104555,0,232,0
2.25649e+006,1,0,1.36857,1.82003,0.755113,0.305278,1,0,,0,0,0,0,0,0,0,0,103808,104555,0,232,0
2.25659e+006,1,0,0.958,1.64763,0.844364,0.279891,1,0,,0,0,0,0,0,0,0,0,103808,104555,0,232,0
2.25669e+006,1,0,0.6706,1.45222,0.90515,0.280603,1,0,,0,0,0,0,0,0,0,0,103808,104555,0,232,0
2.25679e+006,1,0,0.46942,1.25566,0.940201,0.327784,1,0,,0,0,0,0,0,0,0,0,103808,104555,0,232,0
2.25689e+006,1,0,0.328594,1.07025,0.953206,0.297057,1,0,,0,0,0,0,0,0,0,0,103808,104555,0,232,0
2.25699e+006,1,0,0.230016,0.902201,0.948105,0.291218,1,0,,0,0,0,0,0,0,0,0,103808,104555,0,232,0
2.25709e+006,1,0,0.161011,0.753963,0.928691,0.283645,1,0,,0,0,0,0,0,0,0,0,103808,104555,0,232,0
2.25719e+006,1,0,0.112708,0.625712,0.898393,0.313857,1,0,,0,0,0,0,0,0,0,0,103808,104555,0,232,0
2.25729e+006,1,0,0.0788954,0.516349,0.860189,0.30627,1,0,,0,0,0,0,0,0,0,0,103808,104555,0,232,0
2.25739e+006,1,0,0.0552268,0.424124,0.816582,0.325054,1,0,,0,0,0,0,0,0,0,0,103808,104555,0,232,0
2.25749e+006,1,0,0.0386587,0.347031,0.769627,0.32689,1,0,,0,0,0,0,0,0,0,0,103808,104555,0,232,0
2.25759e+006,1,0,0.0270611,0.283037,0.720968,0.34189,1,0,,0,0,0,0,0,0,0,0,103808,104555,0,232,0
2.25769e+006,1,0,0.0189428,0.230218,0.671893,0.311115,1,0,,0,0,0,0,0,0,0,0,103808,104555,0,232,0
2.25779e+006,1,0,0.0132599,0.186827,0.623386,0.300613,1,0,,0,0,0,0,0,0,0,0,103808,104555,0,232,0
2.25789e+006,1,0,0.00928196,0.151318,0.57618,0.299601,1,0,,0,0,0,0,0,0,0,0,103808,104555,0,232,0
2.25799e+006,1,0,0.00649737,0.122354,0.530797,0.315552,1,0,,0,0,0,0,0,0,0,0,103808,104555,0,232,0
2.25809e+006,1,0,0.00454816,0.0987926,0.487597,0.312114,1,0,,0,0,0,0,0,0,0,0,103808,104555,0,232,0
2.25819e+006,1,0,0.00318371,0.0796708,0.446804,0.301827,1,0,,0,0,0,0,0,0,0,0,103808,104555,0,232,0
2.25829e+006,1,0,0.0022286,0.0641824,0.408542,0.289402,1,0,,0,0,0,0,0,0,0,0,103808,104555,0,232,0
2.25839e+006,1,0,0.00156002,0.0516579,0.372853,0.34049,1,0,,0,0,0,0,0,0,0,0,103808,104555,0,232,0
2.25849e+006,1,0,0.00109201,0.0415447,0.339722,0.312379,1,0,,0,0,0,0,0,0,0,0,103808,104555,0,232,0
2.25859e+006,1,0,0.000764409,0.0333887,0.309089,0.303517,1,0,,0,0,0,0,0,0,0,0,103808,104555,0,232,0
2.25869e+006,1,0,0.000535086,0.0268179,0.280862,0.299067,1,0,,0,0,0,0,0,0,0,0,103808,104555,0,232,0
2.25879e+006,1,0,0.000374561,0.0215293,0.254929,0.314905,1,0,,0,0,0,0,0,0,0,0,103808,104555,0,232,0
2.25889e+006,1,0,0.000262192,0.0172758,0.231163,0.317716,1,0,,0,0,0,0,0,0,0,0,103808,104555,0,232,0
2.25899e+006,1,0,0.000183535,0.0138574,0.209433,0.30359,1,0,,0,0,0,0,0,0,0,0,103808,104555,0,232,0
2.25909e+006,1,0,0.000128474,0.0111116,0.189601,0.269076,1,0,,0,0,0,0,0,0,0,0,103808,104555,0,232,0
2.25919e+006,1,0,8.9932e-005,0.00890727,0.171531,0.282306,1,0,,0,0,0,0,0,0,0,0,103808,104555,0,232,0
2.25929e+006,1,0,6.29524e-005,0.00713841,0.155092,0.310733,1,0,,0,0,0,0,0,0,0,0,103808,104555,0,232,0
2.25939e+006,1,0,4.40667e-005,0.00571954,0.140155,0.304734,1,0,,0,0,0,0,0,0,0,0,103808,104555,0,232,0
2.25949e+006,1,0,3.08467e-005,0.0045818,0.126597,0.312096,1,0,,0,0,0,0,0,0,0,0,103808,104555,0,232,0
2.25959e+006,1,0,2.15927e-005,0.00366976,0.114305,0.303371,1,0,,0,0,0,0,0,0,0,0,103808,104555,0,232,0
2.25969e+006,1,0,1.51149e-005,0.00293883,0.103168,0.326758,1,0,,0,0,0,0,0,0,0,0,103808,104555,0,232,0
2.25979e+006,1,0,1.05804e-005,0.00235318,0.0930866,0.27927,1,0,,0,0,0,0,0,0,0,0,103808,104555,0,232,0
2.25989e+006,1,0,7.40628e-006,0.00188403,0.0839663,0.299545,1,0,,0,0,0,0,0,0,0,0,103808,104555,0,232,0
2.25999e+006,1,0,5.1844e-006,0.00150826,0.0757205,0.332383,1,0,,0,0,0,0,0,0,0,0,103808,104555,0,232,0
2.26009e+006,1,19,5.7,1.14121,0.182269,0.297404,1,0,,0,0,0,0,0,0,0,0,103808,104555,0,232,0
2.26019e+006,1,0,3.99,1.71097,0.335139,0.283052,1,0,,0,0,0,0,0,0,0,0,103808,104555,0,232,0
2.26029e+006,1,0,2.793,1.92737,0.494362,0.281501,1,0,,0,0,0,0,0,0,0,0,103808,104555,0,232,0
2.26039e+006,1,0,1.9551,1.93292,0.638218,0.261883,1,0,,0,0,0,0,0,0,0,0,103808,104555,0,232,0
2.26049e+006,1,0,1.36857,1.82005,0.756401,0.317784,1,0,,0,0,0,0,0,0,0,0,103808,104555,0,232,0
2.26059e+006,1,0,0.958,1.64764,0.845525,0.294359,1,0,,0,0,0,0,0,0,0,0,103808,104555,0,232,0
2.26069e+006,1,0,0.6706,1.45223,0.906196,0.292658,1,0,,0,0,0,0,0,0,0,0,103808,104555,0,232,0
2.26079e+006,1,0,0.46942,1.25567,0.941143,0.285734,1,0,,0,0,0,0,0,0,0,0,103808,104555,0,232,0
2.26089e+006,1,0,0.328594,1.07025,0.954054,0.292759,1,0,,0,0,0,0,0,0,0,0,103808,104555,0,232,0
2.26099e+006,1,0,0.230016,0.902207,0.948869,0.291326,1,0,,0,0,0,0,0,0,0,0,103808,104555,0,232,0
2.26109e+006,1,0,0.161011,0.753968,0.929379,0.298826,1,0,,0,0,0,0,0,0,0,0,103808,104555,0,232,0
2.26119e+006,1,0,0.112708,0.625716,0.899013,0.312564,1,0,,0,0,0,0,0,0,0,0,103808,104555,0,232,0
2.26129e+006,1,0,0.0788954,0.516352,0.860747,0.300563,1,0,,0,0,0,0,0,0,0,0,103808,104555,0,232,0
2.26139e+006,1,0,0.0552268,0.424127,0.817085,0.28524,1,0,,0,0,0,0,0,0,0,0,103808,104555,0,232,0
2.26149e+006,1,0,0.0386587,0.347033,0.770079,0.296303,1,0,,0,0,0,0,0,0,0,0,103808,104555,0,232,0
2.26159e+006,1,0,0.0270611,0.283039,0.721375,0.277666,1,0,,0,0,0,0,0,0,0,0,103808,104555,0,232,0
2.26169e+006,1,0,0.0189428,0.230219,0.67226,0.300742,1,0,,0,0,0,0,0,0,0,0,103808,104555,0,232,0
2.26179e+006,1,0,0.0132599,0.186828,0.623717,0.299118,1,0,,0,0,0,0,0,0,0,0,103808,104555,0,232,0
2.26189e+006,1,0,0.00928196,0.151318,0.576477,0.281153,1,0,,0,0,0,0,0,0,0,0,103808,104555,0,232,0
2.26199e+006,1,0,0.00649737,0.122354,0.531064,0.285742,1,0,,0,0,0,0,0,0,0,0,103808,104555,0,232,0
2.26209e+006,1,0,0.00454816,0.098793,0.487837,0.317667,1,0,,0,0,0,0,0,0,0,0,103808,104555,0,232,0
2.26219e+006,1,0,0.00318371,0.0796712,0.447021,0.314039,1,0,,0,0,0,0,0,0,0,0,103808,104555,0,232,0
2.26229e+006,1,0,0.0022286,0.0641826,0.408737,0.274877,1,0,,0,0,0,0,0,0,0,0,103808,104555,0,232,0
2.26239e+006,1,0,0.00156002,0.0516581,0.373029,0.312727,1,0,,0,0,0,0,0,0,0,0,103808,104555,0,232,0
2.26249e+006,1,0,0.00109201,0.0415449,0.339881,0.288488,1,0,,0,0,0,0,0,0,0,0,103808,104555,0,232,0
2.26259e+006,1,0,0.000764409,0.0333888,0.309231,0.282752,1,0,,0,0,0,0,0,0,0,0,103808,104555,0,232,0
2.26269e+006,1,0,0.000535086,0.0268181,0.28099,0.320342,1,0,,0,0,0,0,0,0,0,0,103808,104555,0,232,0
2.26279e+006,1,0,0.000374561,0.0215294,0.255044,0.286874,1,0,,0,0,0,0,0,0,0,0,103808,104555,0,232,0
2.26289e+006,1,0,0.000262192,0.0172759,0.231267,0.28895,1,0,,0,0,0,0,0,0,0,0,103808,104555,0,232,0
2.26299e+006,1,0,0.000183535,0.0138574,0.209526,0.304928,1,0,,0,0,0,0,0,0,0,0,103808,104555,0,232,0
2.26309e+006,1,0,0.000128474,0.0111117,0.189685,0.302965,1,0,,0,0,0,0,0,0,0,0,103808,104555,0,232,0
2.26319e+006,1,0,8.9932e-005,0.00890731,0.171607,0.302592,1,0,,0,0,0,0,0,0,0,0,103808,104555,0,232,0
2.26329e+006,1,0,6.29524e-005,0.00713844,0.15516,0.291982,1,0,,0,0,0,0,0,0,0,0,103808,104555,0,232,0
2.26339e+006,1,0,4.40667e-005,0.00571956,0.140216,0.28607,1,0,,0,0,0,0,0,0,0,0,103808,104555,0,232,0
2.26349e+006,1,0,3.08467e-005,0.00458182,0.126653,0.347907,1,0,,0,0,0,0,0,0,0,0,103808,104555,0,232,0
2.26359e+006,1,0,2.15927e-005,0.00366978,0.114354,0.275333,1,0,,0,0,0,0,0,0,0,0,103808,104555,0,232,0
2.26369e+006,1,0,1.51149e-005,0.00293884,0.103213,0.301658,1,0,,0,0,0,0,0,0,0,0,103808,104555,0,232,0
2.26379e+006,1,0,1.05804e-005,0.00235319,0.0931268,0.279632,1,0,,0,0,0,0,0,0,0,0,103808,104555,0,232,0
2.26389e+006,1,0,7.40628e-006,0.00188403,0.0840025,0.26997,1,0,,0,0,0,0,0,0,0,0,103808,104555,0,232,0
2.26399e+006,1,0,5.1844e-006,0.00150826,0.0757531,0.333282,1,0,,0,0,0,0,0,0,0,0,103808,104555,0,232,0
2.26409e+006,1,19,5.7,1.14121,0.182299,0.291372,1,0,,0,0,0,0,0,0,0,0,103808,104555,0,232,0
2.26419e+006,1,0,3.99,1.71097,0.335165,0.280947,1,0,,0,0,0,0,0,0,0,0,103808,104555,0,232,0
2.26429e+006,1,0,2.793,1.92737,0.494386,0.308071,1,0,,0,0,0,0,0,0,0,0,103808,104555,0,232,0
2.26439e+006,1,0,1.9551,1.93292,0.63824,0.283595,1,0,,0,0,0,0,0,0,0,0,103808,104555,0,232,0
2.26449e+006,1,0,1.36857,1.82005,0.756421,0.301286,1,0,,0,0,0,0,0,0,0,0,103808,104555,0,232,0
2.26459e+006,1,0,0.958,1.64764,0.845542,0.271586,1,0,,0,0,0,0,0,0,0,0,103808,104555,0,232,0
2.26469e+006,1,0,0.6706,1.45223,0.906211,0.307685,1,0,,0,0,0,0,0,0,0,0,103808,104555,0,232,0
2.26479e+006,1,0,0.46942,1.25567,0.941157,0.319287,1,0,,0,0,0,0,0,0,0,0,103808,104555,0,232,0
2.26489e+006,1,0,0.328594,1.07025,0.954067,0.297948,1,0,,0,0,0,0,0,0,0,0,103808,104555,0,232,0
2.26499e+006,1,0,0.230016,0.902207,0.948881,0.300448,1,0,,0,0,0,0,0,0,0,0,103808,104555,0,232,0
2.26509e+006,1,0,0.161011,0.753968,0.92939,0.347535,1,0,,0,0,0,0,0,0,0,0,103808,104555,0,232,0
2.26519e+006,1,0,0.112708,0.625716,0.899022,0.290411,1,0,,0,0,0,0,0,0,0,0,103808,104555,0,232,0
2.26529e+006,1,0,0.0788954,0.516352,0.860755,0.281413,1,0,,0,0,0,0,0,0,0,0,103808,104555,0,232,0
2.26539e+006,1,0,0.0552268,0.424127,0.817092,0.335764,1,0,,0,0,0,0,0,0,0,0,103808,104555,0,232,0
2.26549e+006,1,0,0.0386587,0.347033,0.770086,0.300924,1,0,,0,0,0,0,0,0,0,0,103808,104555,0,232,0
2.26559e+006,1,0,0.0270611,0.283039,0.721381,0.315636,1,0,,0,0,0,0,0,0,0,0,103808,104555,0,232,0
2.26569e+006,1,0,0.0189428,0.230219,0.672265,0.333236,1,0,,0,0,0,0,0,0,0,0,103808,104555,0,232,0
2.26579e+006,1,0,0.0132599,0.186828,0.623721,0.273331,1,0,,0,0,0,0,0,0,0,0,103808,104555,0,232,0
2.26589e+006,1,0,0.00928196,0.151318,0.576481,0.296981,1,0,,0,0,0,0,0,0,0,0,103808,104555,0,232,0
2.26599e+006,1,0,0.00649737,0.122354,0.531068,0.295257,1,0,,0,0,0,0,0,0,0,0,103808,104555,0,232,0
2.26609e+006,1,0,0.00454816,0.098793,0.487841,0.287742,1,0,,0,0,0,0,0,0,0,0,103808,104555,0,232,0
2.26619e+006,1,0,0.00318371,0.0796712,0.447024,0.300568,1,0,,0,0,0,0,0,0,0,0,103808,104555,0,232,0
2.26629e+006,1,0,0.0022286,0.0641826,0.40874,0.312554,1,0,,0,0,0,0,0,0,0,0,103808,104555,0,232,0
2.26639e+006,1,0,0.00156002,0.0516581,0.373032,0.31747,1,0,,0,0,0,0,0,0,0,0,103808,104555,0,232,0
2.26649e+006,1,0,0.00109201,0.0415449,0.339883,0.283196,1,0,,0,0,0,0,0,0,0,0,103808,104555,0,232,0
2.26659e+006,1,0,0.000764409,0.0333888,0.309233,0.28862,1,0,,0,0,0,0,0,0,0,0,103808,104555,0,232,0
2.26669e+006,1,0,0.000535086,0.0268181,0.280992,0.315619,1,0,,0,0,0,0,0,0,0,0,103808,104555,0,232,0
2.26679e+006,1,0,0.000374561,0.0215294,0.255046,0.290769,1,0,,0,0,0,0,0,0,0,0,103808,104555,0,232,0
2.26689e+006,1,0,0.000262192,0.0172759,0.231269,0.292682,1,0,,0,0,0,0,0,0,0,0,103808,104555,0,232,0
2.26699e+006,1,0,0.000183535,0.0138574,0.209528,0.285294,1,0,,0,0,0,0,0,0,0,0,103808,104555,0,232,0
2.26709e+006,1,0,0.000128474,0.0111117,0.189686,0.28577,1,0,,0,0,0,0,0,0,0,0,103808,104555,0,232,0
2.26719e+006,1,0,8.9932e-005,0.00890731,0.171608,0.324159,1,0,,0,0,0,0,0,0,0,0,103808,104555,0,232,0
2.26729e+006,1,0,6.29524e-005,0.00713844,0.155161,1.64554,1,0,,0,0,0,0,0,0,0,0,103808,104555,0,232,0
2.26739e+006,1,0,4.40667e-005,0.00571956,0.140217,0.297773,1,0,,0,0,0,0,0,0,0,0,103808,104555,0,232,0
2.26749e+006,1,0,3.08467e-005,0.00458182,0.126653,0.279747,1,0,,0,0,0,0,0,0,0,0,103808,104555,0,232,0
2.26759e+006,1,0,2.15927e-005,0.00366978,0.114355,0.308697,1,0,,0,0,0,0,0,0,0,0,103808,104555,0,232,0
2.26769e+006,1,0,1.51149e-005,0.00293884,0.103213,0.307199,1,0,,0,0,0,0,0,0,0,0,103808,104555,0,232,0
2.26779e+006,1,0,1.05804e-005,0.00235319,0.0931274,0.278599,1,0,,0,0,0,0,0,0,0,0,103808,104555,0,232,0
2.26789e+006,1,0,7.40628e-006,0.00188403,0.0840031,0.295234,1,0,,0,0,0,0,0,0,0,0,103808,104555,0,232,0
2.26799e+006,1,19,5.70001,1.14151,0.189754,0.29763,1,0,,0,0,0,0,0,0,0,0,103808,104555,0,232,0
2.26809e+006,1,0,3.99,1.71121,0.341899,0.315555,1,0,,0,0,0,0,0,0,0,0,103808,104555,0,232,0
2.26819e+006,1,0,2.793,1.92757,0.500466,0.31795,1,0,,0,0,0,0,0,0,0,0,103808,104555,0,232,0
2.26829e+006,1,0,1.9551,1.93307,0.643727,0.308625,1,0,,0,0,0,0,0,0,0,0,103808,104555,0,232,0
2.26839e+006,1,0,1.36857,1.82017,0.761371,0.282174,1,0,,0,0,0,0,0,0,0,0,103808,104555,0,232,0
2.26849e+006,1,0,0.958,1.64774,0.850008,0.307774,1,0,,0,0,0,0,0,0,0,0,103808,104555,0,232,0
2.26859e+006,1,0,0.6706,1.45231,0.910238,0.284449,1,0,,0,0,0,0,0,0,0,0,103808,104555,0,232,0
2.26869e+006,1,0,0.46942,1.25573,0.944788,0.304637,1,0,,0,0,0,0,0,0,0,0,103808,104555,0,232,0
2.26879e+006,1,0,0.328594,1.0703,0.957339,0.308574,1,0,,0,0,0,0,0,0,0,0,103808,104555,0,232,0
2.26889e+006,1,0,0.230016,0.902247,0.95183,0.283862,1,0,,0,0,0,0,0,0,0,0,103808,104555,0,232,0
2.26899e+006,1,0,0.161011,0.754,0.932047,0.291873,1,0,,0,0,0,0,0,0,0,0,103808,104555,0,232,0
2.26909e+006,1,0,0.112708,0.625741,0.901417,0.298585,1,0,,0,0,0,0,0,0,0,0,103808,104555,0,232,0
2.26919e+006,1,0,0.0788954,0.516372,0.862912,0.292059,1,0,,0,0,0,0,0,0,0,0,103808,104555,0,232,0
2.26929e+006,1,0,0.0552268,0.424143,0.819035,0.313373,1,0,,0,0,0,0,0,0,0,0,103808,104555,0,232,0
2.26939e+006,1,0,0.0386587,0.347046,0.771836,0.300353,1,0,,0,0,0,0,0,0,0,0,103808,104555,0,232,0
2.26949e+006,1,0,0.0270611,0.283049,0.722958,0.284003,1,0,,0,0,0,0,0,0,0,0,103808,104555,0,232,0
2.26959e+006,1,0,0.0189428,0.230228,0.673685,0.297363,1,0,,0,0,0,0,0,0,0,0,103808,104555,0,232,0
2.26969e+006,1,0,0.01326,0.186834,0.625,0.335776,1,0,,0,0,0,0,0,0,0,0,103808,104555,0,232,0
2.26979e+006,1,0,0.00928196,0.151324,0.577632,0.28794,1,0,,0,0,0,0,0,0,0,0,103808,104555,0,232,0
2.26989e+006,1,0,0.00649738,0.122359,0.532105,0.311415,1,0,,0,0,0,0,0,0,0,0,103808,104555,0,232,0
2.26999e+006,1,0,0.00454816,0.0987965,0.488774,0.329736,1,0,,0,0,0,0,0,0,0,0,103808,104555,0,232,0
2.27009e+006,1,0,0.00318371,0.079674,0.447864,0.287761,1,0,,0,0,0,0,0,0,0,0,103808,104555,0,232,0
2.27019e+006,1,0,0.0022286,0.0641849,0.409496,0.313659,1,0,,0,0,0,0,0,0,0,0,103808,104555,0,232,0
2.27029e+006,1,0,0.00156002,0.0516599,0.373712,0.288709,1,0,,0,0,0,0,0,0,0,0,103808,104555,0,232,0
2.27039e+006,1,0,0.00109201,0.0415463,0.340496,0.293433,1,0,,0,0,0,0,0,0,0,0,103808,104555,0,232,0
2.27049e+006,1,0,0.00076441,0.03339,0.309785,0.300795,1,0,,0,0,0,0,0,0,0,0,103808,104555,0,232,0
2.27059e+006,1,0,0.000535087,0.026819,0.281488,0.285895,1,0,,0,0,0,0,0,0,0,0,103808,104555,0,232,0
2.27069e+006,1,0,0.000374561,0.0215301,0.255493,0.320108,1,0,,0,0,0,0,0,0,0,0,103808,104555,0,232,0
2.27079e+006,1,0,0.000262192,0.0172765,0.231671,0.288359,1,0,,0,0,0,0,0,0,0,0,103808,104555,0,232,0
2.27089e+006,1,0,0.000183535,0.0138579,0.20989,0.285859,1,0,,0,0,0,0,0,0,0,0,103808,104555,0,232,0
2.27099e+006,1,0,0.000128474,0.011112,0.190012,0.297645,1,0,,0,0,0,0,0,0,0,0,103808,104555,0,232,0
2.27109e+006,1,0,8.9932e-005,0.00890761,0.171902,0.282734,1,0,,0,0,0,0,0,0,0,0,103808,104555,0,232,0
2.27119e+006,1,0,6.29524e-005,0.00713868,0.155425,0.322967,1,0,,0,0,0,0,0,0,0,0,103808,104555,0,232,0
2.27129e+006,1,0,4.40667e-005,0.00571976,0.140455,0.328157,1,0,,0,0,0,0,0,0,0,0,103808,104555,0,232,0
2.27139e+006,1,0,3.08467e-005,0.00458198,0.126867,0.305942,1,0,,0,0,0,0,0,0,0,0,103808,104555,0,232,0
2.27149e+006,1,0,2.15927e-005,0.0036699,0.114548,0.273094,1,0,,0,0,0,0,0,0,0,0,103808,104555,0,232,0
2.27159e+006,1,0,1.51149e-005,0.00293894,0.103387,0.311543,1,0,,0,0,0,0,0,0,0,0,103808,104555,0,232,0
2.27169e+006,1,0,1.05804e-005,0.00235327,0.0932834,0.270022,1,0,,0,0,0,0,0,0,0,0,103808,104555,0,232,0
2.27179e+006,1,0,7.40629e-006,0.0018841,0.0841435,0.318398,1,0,,0,0,0,0,0,0,0,0,103808,104555,0,232,0
2.27189e+006,1,0,5.1844e-006,0.00150831,0.07588,0.320186,1,0,,0,0,0,0,0,0,0,0,103808,104555,0,232,0
2.27199e+006,1,20,6,1.20121,0.188413,0.350229,1,0,,0,0,0,0,0,0,0,0,103808,104555,0,232,0
2.27209e+006,1,0,4.2,1.80097,0.349668,0.287339,1,0,,0,0,0,0,0,0,0,0,103808,104555,0,232,0
2.27219e+006,1,0,2.94,2.02877,0.517579,0.291589,1,0,,0,0,0,0,0,0,0,0,103808,104555,0,232,0
2.27229e+006,1,0,2.058,2.03462,0.669283,0.293064,1,0,,0,0,0,0,0,0,0,0,103808,104555,0,232,0
2.27239e+006,1,0,1.4406,1.91582,0.793936,0.295251,1,0,,0,0,0,0,0,0,0,0,103808,104555,0,232,0
2.27249e+006,1,0,1.00842,1.73434,0.887976,0.313389,1,0,,0,0,0,0,0,0,0,0,103808,104555,0,232,0
2.27259e+006,1,0,0.705894,1.52865,0.952043,0.299339,1,0,,0,0,0,0,0,0,0,0,103808,104555,0,232,0
2.27269e+006,1,0,0.494126,1.32174,0.989013,0.285491,1,0,,0,0,0,0,0,0,0,0,103808,104555,0,232,0
2.27279e+006,1,0,0.345888,1.12657,1.00277,0.301665,1,0,,0,0,0,0,0,0,0,0,103808,104555,0,232,0
2.27289e+006,1,0,0.242122,0.949682,0.99746,0.313977,1,0,,0,0,0,0,0,0,0,0,103808,104555,0,232,0
2.27299e+006,1,0,0.169485,0.793643,0.977079,0.280942,1,0,,0,0,0,0,0,0,0,0,103808,104555,0,232,0
2.27309e+006,1,0,0.11864,0.658642,0.945235,0.287993,1,0,,0,0,0,0,0,0,0,0,103808,104555,0,232,0
2.27319e+006,1,0,0.0830478,0.543523,0.905064,0.290817,1,0,,0,0,0,0,0,0,0,0,103808,104555,0,232,0
2.27329e+006,1,0,0.0581334,0.446445,0.859202,0.294728,1,0,,0,0,0,0,0,0,0,0,103808,104555,0,232,0
2.27339e+006,1,0,0.0406934,0.365295,0.809811,0.293927,1,0,,0,0,0,0,0,0,0,0,103808,104555,0,232,0
2.27349e+006,1,0,0.0284854,0.297933,0.758623,0.311652,1,0,,0,0,0,0,0,0,0,0,103808,104555,0,232,0
2.27359e+006,1,0,0.0199398,0.242334,0.706995,0.308302,1,0,,0,0,0,0,0,0,0,0,103808,104555,0,232,0
2.27369e+006,1,0,0.0139578,0.196659,0.655961,0.288739,1,0,,0,0,0,0,0,0,0,0,103808,104555,0,232,0
2.27379e+006,1,0,0.00977049,0.159281,0.606293,0.319488,1,0,,0,0,0,0,0,0,0,0,103808,104555,0,232,0
2.27389e+006,1,0,0.00683934,0.128793,0.558543,0.284091,1,0,,0,0,0,0,0,0,0,0,103808,104555,0,232,0
2.27399e+006,1,0,0.00478754,0.103992,0.513088,0.299691,1,0,,0,0,0,0,0,0,0,0,103808,104555,0,232,0
2.27409e+006,1,0,0.00335128,0.0838638,0.470165,0.299241,1,0,,0,0,0,0,0,0,0,0,103808,104555,0,232,0
2.27419e+006,1,0,0.00234589,0.0675602,0.429905,0.310367,1,0,,0,0,0,0,0,0,0,0,103808,104555,0,232,0
2.27429e+006,1,0,0.00164213,0.0543766,0.392352,0.29614,1,0,,0,0,0,0,0,0,0,0,103808,104555,0,232,0
2.27439e+006,1,0,0.00114949,0.0437312,0.35749,0.305466,1,0,,0,0,0,0,0,0,0,0,103808,104555,0,232,0
2.27449e+006,1,0,0.000804642,0.0351459,0.325256,0.310268,1,0,,0,0,0,0,0,0,0,0,103808,104555,0,232,0
2.27459e+006,1,0,0.000563249,0.0282293,0.295553,0.281578,1,0,,0,0,0,0,0,0,0,0,103808,104555,0,232,0
2.27469e+006,1,0,0.000394274,0.0226623,0.268264,0.351615,1,0,,0,0,0,0,0,0,0,0,103808,104555,0,232,0
2.27479e+006,1,0,0.000275992,0.0181851,0.243256,0.291859,1,0,,0,0,0,0,0,0,0,0,103808,104555,0,232,0
2.27489e+006,1,0,0.000193194,0.0145867,0.220389,0.284247,1,0,,0,0,0,0,0,0,0,0,103808,104555,0,232,0
2.27499e+006,1,0,0.000135236,0.0116964,0.19952,0.317209,1,0,,0,0,0,0,0,0,0,0,103808,104555,0,232,0
2.27509e+006,1,0,9.46653e-005,0.00937605,0.180505,0.288045,1,0,,0,0,0,0,0,0,0,0,103808,104555,0,232,0
2.27519e+006,1,0,6.62657e-005,0.00751409,0.163206,0.290859,1,0,,0,0,0,0,0,0,0,0,103808,104555,0,232,0
2.27529e+006,1,0,4.6386e-005,0.00602055,0.147488,0.289272,1,0,,0,0,0,0,0,0,0,0,103808,104555,0,232,0
2.27539e+006,1,0,3.24702e-005,0.00482294,0.133221,0.296119,1,0,,0,0,0,0,0,0,0,0,103808,104555,0,232,0
2.27549e+006,1,0,2.27291e-005,0.00386289,0.120285,0.32002,1,0,,0,0,0,0,0,0,0,0,103808,104555,0,232,0
2.27559e+006,1,0,1.59104e-005,0.0030935,0.108566,0.283533,1,0,,0,0,0,0,0,0,0,0,103808,104555,0,232,0
2.27569e+006,1,0,1.11373e-005,0.00247703,0.0979573,0.312907,1,0,,0,0,0,0,0,0,0,0,103808,104555,0,232,0
2.27579e+006,1,0,7.79609e-006,0.00198318,0.0883599,0.287123,1,0,,0,0,0,0,0,0,0,0,103808,104555,0,232,0
2.27589e+006,1,0,5.45726e-006,0.00158764,0.0796826,0.291135,1,0,,0,0,0,0,0,0,0,0,103808,104555,0,232,0
2.27599e+006,1,20,6,1.20127,0.191841,0.312632,1,0,,0,0,0,0,0,0,0,0,103808,104555,0,232,0
2.27609e+006,1,0,4.2,1.80102,0.352759,0.31678,1,0,,0,0,0,0,0,0,0,0,103808,104555,0,232,0
2.27619e+006,1,0,2.94,2.02881,0.520365,0.291342,1,0,,0,0,0,0,0,0,0,0,103808,104555,0,232,0
2.27629e+006,1,0,2.058,2.03465,0.671793,0.309206,1,0,,0,0,0,0,0,0,0,0,103808,104555,0,232,0
2.27639e+006,1,0,1.4406,1.91584,0.796198,0.314442,1,0,,0,0,0,0,0,0,0,0,103808,104555,0,232,0
2.27649e+006,1,0,1.00842,1.73436,0.890014,0.290917,1,0,,0,0,0,0,0,0,0,0,103808,104555,0,232,0
2.27659e+006,1,0,0.705894,1.52866,0.953879,0.286066,1,0,,0,0,0,0,0,0,0,0,103808,104555,0,232,0
2.27669e+006,1,0,0.494126,1.32176,0.990667,0.323704,1,0,,0,0,0,0,0,0,0,0,103808,104555,0,232,0
2.27679e+006,1,0,0.345888,1.12658,1.00426,0.363981,1,0,,0,0,0,0,0,0,0,0,103808,104555,0,232,0
2.27689e+006,1,0,0.242122,0.949691,0.998802,0.288756,1,0,,0,0,0,0,0,0,0,0,103808,104555,0,232,0
2.27699e+006,1,0,0.169485,0.79365,0.978286,0.314894,1,0,,0,0,0,0,0,0,0,0,103808,104555,0,232,0
2.27709e+006,1,0,0.11864,0.658648,0.946323,0.292245,1,0,,0,0,0,0,0,0,0,0,103808,104555,0,232,0
2.27719e+006,1,0,0.0830478,0.543528,0.906043,0.318316,1,0,,0,0,0,0,0,0,0,0,103808,104555,0,232,0
2.27729e+006,1,0,0.0581334,0.446449,0.860084,0.289092,1,0,,0,0,0,0,0,0,0,0,103808,104555,0,232,0
2.27739e+006,1,0,0.0406934,0.365298,0.810605,0.297868,1,0,,0,0,0,0,0,0,0,0,103808,104555,0,232,0
2.27749e+006,1,0,0.0284854,0.297935,0.759338,0.298282,1,0,,0,0,0,0,0,0,0,0,103808,104555,0,232,0
2.27759e+006,1,0,0.0199398,0.242336,0.707638,0.325495,1,0,,0,0,0,0,0,0,0,0,103808,104555,0,232,0
2.27769e+006,1,0,0.0139578,0.196661,0.65654,0.280145,1,0,,0,0,0,0,0,0,0,0,103808,104555,0,232,0
2.27779e+006,1,0,0.00977049,0.159283,0.606814,0.272896,1,0,,0,0,0,0,0,0,0,0,103808,104555,0,232,0
2.27789e+006,1,0,0.00683934,0.128794,0.559012,0.301871,1,0,,0,0,0,0,0,0,0,0,103808,104555,0,232,0
2.27799e+006,1,0,0.00478754,0.103993,0.51351,0.299683,1,0,,0,0,0,0,0,0,0,0,103808,104555,0,232,0
2.27809e+006,1,0,0.00335128,0.0838644,0.470546,0.309721,1,0,,0,0,0,0,0,0,0,0,103808,104555,0,232,0
2.27819e+006,1,0,0.00234589,0.0675607,0.430247,0.296359,1,0,,0,0,0,0,0,0,0,0,103808,104555,0,232,0
2.27829e+006,1,0,0.00164213,0.054377,0.39266,0.285997,1,0,,0,0,0,0,0,0,0,0,103808,104555,0,232,0
2.27839e+006,1,0,0.00114949,0.0437315,0.357767,0.290975,1,0,,0,0,0,0,0,0,0,0,103808,104555,0,232,0
2.27849e+006,1,0,0.000804642,0.0351461,0.325505,0.286951,1,0,,0,0,0,0,0,0,0,0,103808,104555,0,232,0
2.27859e+006,1,0,0.000563249,0.0282295,0.295778,0.284076,1,0,,0,0,0,0,0,0,0,0,103808,104555,0,232,0
2.27869e+006,1,0,0.000394274,0.0226625,0.268466,0.300512,1,0,,0,0,0,0,0,0,0,0,103808,104555,0,232,0
2.27879e+006,1,0,0.000275992,0.0181852,0.243438,0.302337,1,0,,0,0,0,0,0,0,0,0,103808,104555,0,232,0
2.27889e+006,1,0,0.000193194,0.0145868,0.220553,0.304936,1,0,,0,0,0,0,0,0,0,0,103808,104555,0,232,0
2.27899e+006,1,0,0.000135236,0.0116965,0.199667,0.340522,1,0,,0,0,0,0,0,0,0,0,103808,104555,0,232,0
2.27909e+006,1,0,9.46653e-005,0.00937611,0.180638,0.280397,1,0,,0,0,0,0,0,0,0,0,103808,104555,0,232,0
2.27919e+006,1,0,6.62657e-005,0.00751414,0.163326,0.277496,1,0,,0,0,0,0,0,0,0,0,103808,104555,0,232,0
2.27929e+006,1,0,4.6386e-005,0.00602059,0.147595,0.301283,1,0,,0,0,0,0,0,0,0,0,103808,104555,0,232,0
2.27939e+006,1,0,3.24702e-005,0.00482297,0.133318,0.279495,1,0,,0,0,0,0,0,0,0,0,103808,104555,0,232,0
2.27949e+006,1,0,2.27291e-005,0.00386292,0.120372,0.288579,1,0,,0,0,0,0,0,0,0,0,103808,104555,0,232,0
2.27959e+006,1,0,1.59104e-005,0.00309352,0.108645,0.278081,1,0,,0,0,0,0,0,0,0,0,103808,104555,0,232,0
2.27969e+006,1,0,1.11373e-005,0.00247704,0.0980278,0.323618,1,0,,0,0,0,0,0,0,0,0,103808,104555,0,232,0
2.27979e+006,1,0,7.79609e-006,0.00198319,0.0884234,0.311506,1,0,,0,0,0,0,0,0,0,0,103808,104555,0,232,0
2.27989e+006,1,19,5.70001,1.14159,0.19374,0.312929,1,0,,0,0,0,0,0,0,0,0,103808,104555,0,232,0
2.27999e+006,1,0,3.99,1.71127,0.345493,0.340204,1,0,,0,0,0,0,0,0,0,0,103808,104555,0,232,0
2.28009e+006,1,0,2.793,1.92762,0.503705,0.286543,1,0,,0,0,0,0,0,0,0,0,103808,104555,0,232,0
2.28019e+006,1,0,1.9551,1.93311,0.646646,0.290811,1,0,,0,0,0,0,0,0,0,0,103808,104555,0,232,0
2.28029e+006,1,0,1.36857,1.82021,0.764002,0.350899,1,0,,0,0,0,0,0,0,0,0,103808,104555,0,232,0
2.28039e+006,1,0,0.958,1.64776,0.852378,0.290058,1,0,,0,0,0,0,0,0,0,0,103808,104555,0,232,0
2.28049e+006,1,0,0.6706,1.45233,0.912374,0.295245,1,0,,0,0,0,0,0,0,0,0,103808,104555,0,232,0
2.28059e+006,1,0,0.46942,1.25575,0.946711,0.27687,1,0,,0,0,0,0,0,0,0,0,103808,104555,0,232,0
2.28069e+006,1,0,0.328594,1.07032,0.959072,0.336932,1,0,,0,0,0,0,0,0,0,0,103808,104555,0,232,0
2.28079e+006,1,0,0.230016,0.902258,0.95339,0.287509,1,0,,0,0,0,0,0,0,0,0,103808,104555,0,232,0
2.28089e+006,1,0,0.161011,0.754008,0.933452,0.286935,1,0,,0,0,0,0,0,0,0,0,103808,104555,0,232,0
2.28099e+006,1,0,0.112708,0.625748,0.902682,0.27981,1,0,,0,0,0,0,0,0,0,0,103808,104555,0,232,0
2.28109e+006,1,0,0.0788954,0.516378,0.864051,0.318937,1,0,,0,0,0,0,0,0,0,0,103808,104555,0,232,0
2.28119e+006,1,0,0.0552268,0.424148,0.820061,0.328362,1,0,,0,0,0,0,0,0,0,0,103808,104555,0,232,0
2.28129e+006,1,0,0.0386587,0.34705,0.77276,0.292686,1,0,,0,0,0,0,0,0,0,0,103808,104555,0,232,0
2.28139e+006,1,0,0.0270611,0.283052,0.723789,0.305486,1,0,,0,0,0,0,0,0,0,0,103808,104555,0,232,0
2.28149e+006,1,0,0.0189428,0.23023,0.674433,0.325161,1,0,,0,0,0,0,0,0,0,0,103808,104555,0,232,0
2.28159e+006,1,0,0.01326,0.186836,0.625674,0.301712,1,0,,0,0,0,0,0,0,0,0,103808,104555,0,232,0
2.28169e+006,1,0,0.00928196,0.151325,0.578239,0.288075,1,0,,0,0,0,0,0,0,0,0,103808,104555,0,232,0
2.28179e+006,1,0,0.00649738,0.12236,0.532651,0.299301,1,0,,0,0,0,0,0,0,0,0,103808,104555,0,232,0
2.28189e+006,1,0,0.00454816,0.0987974,0.489265,0.335264,1,0,,0,0,0,0,0,0,0,0,103808,104555,0,232,0
2.28199e+006,1,0,0.00318371,0.0796747,0.448306,0.331378,1,0,,0,0,0,0,0,0,0,0,103808,104555,0,232,0
2.28209e+006,1,0,0.0022286,0.0641855,0.409894,0.301416,1,0,,0,0,0,0,0,0,0,0,103808,104555,0,232,0
2.28219e+006,1,0,0.00156002,0.0516604,0.374071,0.305365,1,0,,0,0,0,0,0,0,0,0,103808,104555,0,232,0
2.28229e+006,1,0,0.00109201,0.0415467,0.340818,0.278291,1,0,,0,0,0,0,0,0,0,0,103808,104555,0,232,0
2.28239e+006,1,0,0.00076441,0.0333903,0.310076,0.299078,1,0,,0,0,0,0,0,0,0,0,103808,104555,0,232,0
2.28249e+006,1,0,0.000535087,0.0268192,0.28175,0.295514,1,0,,0,0,0,0,0,0,0,0,103808,104555,0,232,0
2.28259e+006,1,0,0.000374561,0.0215303,0.255728,0.278,1,0,,0,0,0,0,0,0,0,0,103808,104555,0,232,0
2.28269e+006,1,0,0.000262192,0.0172767,0.231883,0.299301,1,0,,0,0,0,0,0,0,0,0,103808,104555,0,232,0
2.28279e+006,1,0,0.000183535,0.013858,0.21008,0.326162,1,0,,0,0,0,0,0,0,0,0,103808,104555,0,232,0
2.28289e+006,1,0,0.000128474,0.0111121,0.190184,0.277199,1,0,,0,0,0,0,0,0,0,0,103808,104555,0,232,0
2.28299e+006,1,0,8.9932e-005,0.00890769,0.172056,0.293263,1,0,,0,0,0,0,0,0,0,0,103808,104555,0,232,0
2.28309e+006,1,0,6.29524e-005,0.00713874,0.155564,0.293964,1,0,,0,0,0,0,0,0,0,0,103808,104555,0,232,0
2.28319e+006,1,0,4.40667e-005,0.00571981,0.14058,0.322351,1,0,,0,0,0,0,0,0,0,0,103808,104555,0,232,0
2.28329e+006,1,0,3.08467e-005,0.00458202,0.12698,0.289827,1,0,,0,0,0,0,0,0,0,0,103808,104555,0,232,0
2.28339e+006,1,0,2.15927e-005,0.00366993,0.114649,0.294526,1,0,,0,0,0,0,0,0,0,0,103808,104555,0,232,0
2.28349e+006,1,0,1.51149e-005,0.00293897,0.103478,0.313826,1,0,,0,0,0,0,0,0,0,0,103808,104555,0,232,0
2.28359e+006,1,0,1.05804e-005,0.00235329,0.0933655,0.296787,1,0,,0,0,0,0,0,0,0,0,103808,104555,0,232,0
2.28369e+006,1,0,7.40629e-006,0.00188411,0.0842174,0.286286,1,0,,0,0,0,0,0,0,0,0,103808,104555,0,232,0
2.28379e+006,1,0,5.1844e-006,0.00150833,0.0759465,0.297922,1,0,,0,0,0,0,0,0,0,0,103808,104555,0,232,0
2.28389e+006,1,20,6,1.20121,0.188473,0.283327,1,0,,0,0,0,0,0,0,0,0,103808,104555,0,232,0
2.28399e+006,1,0,4.2,1.80097,0.349722,0.294291,1,0,,0,0,0,0,0,0,0,0,103808,104555,0,232,0
2.28409e+006,1,0,2.94,2.02877,0.517627,0.300029,1,0,,0,0,0,0,0,0,0,0,103808,104555,0,232,0
2.28419e+006,1,0,2.058,2.03462,0.669326,0.273454,1,0,,0,0,0,0,0,0,0,0,103808,104555,0,232,0
2.28429e+006,1,0,1.4406,1.91582,0.793975,0.295592,1,0,,0,0,0,0,0,0,0,0,103808,104555,0,232,0
2.28439e+006,1,0,1.00842,1.73434,0.888011,0.307441,1,0,,0,0,0,0,0,0,0,0,103808,104555,0,232,0
2.28449e+006,1,0,0.705894,1.52865,0.952075,0.293755,1,0,,0,0,0,0,0,0,0,0,103808,104555,0,232,0
2.28459e+006,1,0,0.494126,1.32174,0.989042,0.301481,1,0,,0,0,0,0,0,0,0,0,103808,104555,0,232,0
2.28469e+006,1,0,0.345888,1.12657,1.00279,0.279493,1,0,,0,0,0,0,0,0,0,0,103808,104555,0,232,0
2.28479e+006,1,0,0.242122,0.949682,0.997484,0.288257,1,0,,0,0,0,0,0,0,0,0,103808,104555,0,232,0
2.28489e+006,1,0,0.169485,0.793643,0.9771,0.280831,1,0,,0,0,0,0,0,0,0,0,103808,104555,0,232,0
2.28499e+006,1,0,0.11864,0.658642,0.945254,0.284431,1,0,,0,0,0,0,0,0,0,0,103808,104555,0,232,0
2.28509e+006,1,0,0.0830478,0.543523,0.905081,0.283017,1,0,,0,0,0,0,0,0,0,0,103808,104555,0,232,0
2.28519e+006,1,0,0.0581334,0.446445,0.859217,0.286956,1,0,,0,0,0,0,0,0,0,0,103808,104555,0,232,0
2.28529e+006,1,0,0.0406934,0.365295,0.809825,0.285716,1,0,,0,0,0,0,0,0,0,0,103808,104555,0,232,0
2.28539e+006,1,0,0.0284854,0.297933,0.758636,0.318902,1,0,,0,0,0,0,0,0,0,0,103808,104555,0,232,0
2.28549e+006,1,0,0.0199398,0.242334,0.707006,0.301794,1,0,,0,0,0,0,0,0,0,0,103808,104555,0,232,0
2.28559e+006,1,0,0.0139578,0.196659,0.655971,0.330375,1,0,,0,0,0,0,0,0,0,0,103808,104555,0,232,0
2.28569e+006,1,0,0.00977049,0.159281,0.606302,0.304863,1,0,,0,0,0,0,0,0,0,0,103808,104555,0,232,0
2.28579e+006,1,0,0.00683934,0.128793,0.558551,0.278599,1,0,,0,0,0,0,0,0,0,0,103808,104555,0,232,0
2.28589e+006,1,0,0.00478754,0.103992,0.513095,0.331374,1,0,,0,0,0,0,0,0,0,0,103808,104555,0,232,0
2.28599e+006,1,0,0.00335128,0.0838638,0.470172,0.322036,1,0,,0,0,0,0,0,0,0,0,103808,104555,0,232,0
2.28609e+006,1,0,0.00234589,0.0675602,0.429911,0.297349,1,0,,0,0,0,0,0,0,0,0,103808,104555,0,232,0
2.28619e+006,1,0,0.00164213,0.0543766,0.392357,0.306844,1,0,,0,0,0,0,0,0,0,0,103808,104555,0,232,0
2.28629e+006,1,0,0.00114949,0.0437312,0.357495,0.284006,1,0,,0,0,0,0,0,0,0,0,103808,104555,0,232,0
2.28639e+006,1,0,0.000804642,0.0351459,0.32526,0.28812,1,0,,0,0,0,0,0,0,0,0,103808,104555,0,232,0
2.28649e+006,1,0,0.000563249,0.0282293,0.295557,0.36026,1,0,,0,0,0,0,0,0,0,0,103808,104555,0,232,0
2.28659e+006,1,0,0.000394274,0.0226623,0.268267,0.299972,1,0,,0,0,0,0,0,0,0,0,103808,104555,0,232,0
2.28669e+006,1,0,0.000275992,0.0181851,0.243259,0.30987,1,0,,0,0,0,0,0,0,0,0,103808,104555,0,232,0
2.28679e+006,1,0,0.000193194,0.0145867,0.220392,0.297508,1,0,,0,0,0,0,0,0,0,0,103808,104555,0,232,0
2.28689e+006,1,0,0.000135236,0.0116964,0.199522,0.318871,1,0,,0,0,0,0,0,0,0,0,103808,104555,0,232,0
2.28699e+006,1,0,9.46653e-005,0.00937605,0.180508,0.286822,1,0,,0,0,0,0,0,0,0,0,103808,104555,0,232,0
2.28709e+006,1,0,6.62657e-005,0.00751409,0.163208,0.274346,1,0,,0,0,0,0,0,0,0,0,103808,104555,0,232,0
2.28719e+006,1,0,4.6386e-005,0.00602055,0.14749,0.357082,1,0,,0,0,0,0,0,0,0,0,103808,104555,0,232,0
2.28729e+006,1,0,3.24702e-005,0.00482294,0.133223,0.281357,1,0,,0,0,0,0,0,0,0,0,103808,104555,0,232,0
2.28739e+006,1,0,2.27291e-005,0.00386289,0.120287,0.287321,1,0,,0,0,0,0,0,0,0,0,103808,104555,0,232,0
2.28749e+006,1,0,1.59104e-005,0.0030935,0.108568,0.305585,1,0,,0,0,0,0,0,0,0,0,103808,104555,0,232,0
2.28759e+006,1,0,1.11373e-005,0.00247703,0.0979585,0.291648,1,0,,0,0,0,0,0,0,0,0,103808,104555,0,232,0
2.28769e+006,1,0,7.79609e-006,0.00198318,0.0883609,0.27722,1,0,,0,0,0,0,0,0,0,0,103808,104555,0,232,0
2.28779e+006,1,0,5.45726e-006,0.00158764,0.0796836,0.284393,1,0,,0,0,0,0,0,0,0,0,103808,104555,0,232,0
2.28789e+006,1,19,5.7,1.14127,0.185842,0.286822,1,0,,0,0,0,0,0,0,0,0,103808,104555,0,232,0
2.28799e+006,1,0,3.99,1.71102,0.33836,0.317964,1,0,,0,0,0,0,0,0,0,0,103808,104555,0,232,0
2.28809e+006,1,0,2.793,1.92741,0.497265,0.306738,1,0,,0,0,0,0,0,0,0,0,103808,104555,0,232,0
2.28819e+006,1,0,1.9551,1.93295,0.640834,0.296238,1,0,,0,0,0,0,0,0,0,0,103808,104555,0,232,0
2.28829e+006,1,0,1.36857,1.82008,0.758758,0.2893,1,0,,0,0,0,0,0,0,0,0,103808,104555,0,232,0
2.28839e+006,1,0,0.958,1.64766,0.847648,0.324373,1,0,,0,0,0,0,0,0,0,0,103808,104555,0,232,0
2.28849e+006,1,0,0.6706,1.45225,0.908108,0.325136,1,0,,0,0,0,0,0,0,0,0,103808,104555,0,232,0
2.28859e+006,1,0,0.46942,1.25568,0.942866,0.29076,1,0,,0,0,0,0,0,0,0,0,103808,104555,0,232,0
2.28869e+006,1,0,0.328594,1.07026,0.955606,0.283446,1,0,,0,0,0,0,0,0,0,0,103808,104555,0,232,0
2.28879e+006,1,0,0.230016,0.902215,0.950267,0.278921,1,0,,0,0,0,0,0,0,0,0,103808,104555,0,232,0
2.28889e+006,1,0,0.161011,0.753974,0.930637,0.28761,1,0,,0,0,0,0,0,0,0,0,103808,104555,0,232,0
2.28899e+006,1,0,0.112708,0.625721,0.900146,0.289284,1,0,,0,0,0,0,0,0,0,0,103808,104555,0,232,0
2.28909e+006,1,0,0.0788954,0.516356,0.861767,0.305143,1,0,,0,0,0,0,0,0,0,0,103808,104555,0,232,0
2.28919e+006,1,0,0.0552268,0.42413,0.818003,0.312353,1,0,,0,0,0,0,0,0,0,0,103808,104555,0,232,0
2.28929e+006,1,0,0.0386587,0.347036,0.770906,0.328828,1,0,,0,0,0,0,0,0,0,0,103808,104555,0,232,0
2.28939e+006,1,0,0.0270611,0.283041,0.72212,0.311827,1,0,,0,0,0,0,0,0,0,0,103808,104555,0,232,0
2.28949e+006,1,0,0.0189428,0.230221,0.67293,0.306102,1,0,,0,0,0,0,0,0,0,0,103808,104555,0,232,0
2.28959e+006,1,0,0.0132599,0.186829,0.62432,0.303889,1,0,,0,0,0,0,0,0,0,0,103808,104555,0,232,0
2.28969e+006,1,0,0.00928196,0.15132,0.57702,0.312128,1,0,,0,0,0,0,0,0,0,0,103808,104555,0,232,0
2.28979e+006,1,0,0.00649737,0.122355,0.531553,0.287031,1,0,,0,0,0,0,0,0,0,0,103808,104555,0,232,0
2.28989e+006,1,0,0.00454816,0.0987937,0.488277,0.301782,1,0,,0,0,0,0,0,0,0,0,103808,104555,0,232,0
2.28999e+006,1,0,0.00318371,0.0796717,0.447417,0.290498,1,0,,0,0,0,0,0,0,0,0,103808,104555,0,232,0
2.29009e+006,1,0,0.0022286,0.0641831,0.409093,0.33496,1,0,,0,0,0,0,0,0,0,0,103808,104555,0,232,0
2.29019e+006,1,0,0.00156002,0.0516585,0.37335,0.345248,1,0,,0,0,0,0,0,0,0,0,103808,104555,0,232,0
2.29029e+006,1,0,0.00109201,0.0415452,0.340169,0.321397,1,0,,0,0,0,0,0,0,0,0,103808,104555,0,232,0
2.29039e+006,1,0,0.000764409,0.033389,0.309491,0.280272,1,0,,0,0,0,0,0,0,0,0,103808,104555,0,232,0
2.29049e+006,1,0,0.000535086,0.0268182,0.281224,0.300084,1,0,,0,0,0,0,0,0,0,0,103808,104555,0,232,0
2.29059e+006,1,0,0.000374561,0.0215295,0.255255,0.287609,1,0,,0,0,0,0,0,0,0,0,103808,104555,0,232,0
2.29069e+006,1,0,0.000262192,0.017276,0.231457,0.287084,1,0,,0,0,0,0,0,0,0,0,103808,104555,0,232,0
2.29079e+006,1,0,0.000183535,0.0138575,0.209697,0.308683,1,0,,0,0,0,0,0,0,0,0,103808,104555,0,232,0
2.29089e+006,1,0,0.000128474,0.0111117,0.189838,0.303459,1,0,,0,0,0,0,0,0,0,0,103808,104555,0,232,0
2.29099e+006,1,0,8.9932e-005,0.00890737,0.171745,0.284617,1,0,,0,0,0,0,0,0,0,0,103808,104555,0,232,0
2.29109e+006,1,0,6.29524e-005,0.00713849,0.155284,0.306455,1,0,,0,0,0,0,0,0,0,0,103808,104555,0,232,0
2.29119e+006,1,0,4.40667e-005,0.0057196,0.140328,0.285882,1,0,,0,0,0,0,0,0,0,0,103808,104555,0,232,0
2.29129e+006,1,0,3.08467e-005,0.00458185,0.126753,0.297558,1,0,,0,0,0,0,0,0,0,0,103808,104555,0,232,0
2.29139e+006,1,0,2.15927e-005,0.0036698,0.114445,0.299807,1,0,,0,0,0,0,0,0,0,0,103808,104555,0,232,0
2.29149e+006,1,0,1.51149e-005,0.00293886,0.103294,0.289518,1,0,,0,0,0,0,0,0,0,0,103808,104555,0,232,0
2.29159e+006,1,0,1.05804e-005,0.00235321,0.0932003,0.29179,1,0,,0,0,0,0,0,0,0,0,103808,104555,0,232,0
2.29169e+006,1,0,7.40628e-006,0.00188405,0.0840687,0.287303,1,0,,0,0,0,0,0,0,0,0,103808,104555,0,232,0
2.29179e+006,1,20,6.00001,1.20151,0.195813,0.317719,1,0,,0,0,0,0,0,0,0,0,103808,104555,0,232,0
2.29189e+006,1,0,4.2,1.80121,0.356352,0.299924,1,0,,0,0,0,0,0,0,0,0,103808,104555,0,232,0
2.29199e+006,1,0,2.94,2.02897,0.523614,0.318089,1,0,,0,0,0,0,0,0,0,0,103808,104555,0,232,0
2.29209e+006,1,0,2.058,2.03477,0.674729,0.307001,1,0,,0,0,0,0,0,0,0,0,103808,104555,0,232,0
2.29219e+006,1,0,1.4406,1.91594,0.79885,0.299303,1,0,,0,0,0,0,0,0,0,0,103808,104555,0,232,0
2.29229e+006,1,0,1.00842,1.73444,0.892409,0.304377,1,0,,0,0,0,0,0,0,0,0,103808,104555,0,232,0
2.29239e+006,1,0,0.705895,1.52873,0.956041,0.32389,1,0,,0,0,0,0,0,0,0,0,103808,104555,0,232,0
2.29249e+006,1,0,0.494126,1.32181,0.992617,0.319414,1,0,,0,0,0,0,0,0,0,0,103808,104555,0,232,0
2.29259e+006,1,0,0.345888,1.12662,1.00602,0.325028,1,0,,0,0,0,0,0,0,0,0,103808,104555,0,232,0
2.29269e+006,1,0,0.242122,0.949723,1.00039,0.340741,1,0,,0,0,0,0,0,0,0,0,103808,104555,0,232,0
2.29279e+006,1,0,0.169485,0.793675,0.979717,0.315454,1,0,,0,0,0,0,0,0,0,0,103808,104555,0,232,0
2.29289e+006,1,0,0.11864,0.658668,0.947612,0.356552,1,0,,0,0,0,0,0,0,0,0,103808,104555,0,232,0
2.29299e+006,1,0,0.0830478,0.543544,0.907205,0.307803,1,0,,0,0,0,0,0,0,0,0,103808,104555,0,232,0
2.29309e+006,1,0,0.0581335,0.446462,0.861131,0.30274,1,0,,0,0,0,0,0,0,0,0,103808,104555,0,232,0
2.29319e+006,1,0,0.0406934,0.365308,0.811549,0.295602,1,0,,0,0,0,0,0,0,0,0,103808,104555,0,232,0
2.29329e+006,1,0,0.0284854,0.297944,0.760188,0.296378,1,0,,0,0,0,0,0,0,0,0,103808,104555,0,232,0
2.29339e+006,1,0,0.0199398,0.242343,0.708404,0.306037,1,0,,0,0,0,0,0,0,0,0,103808,104555,0,232,0
2.29349e+006,1,0,0.0139578,0.196666,0.65723,0.290188,1,0,,0,0,0,0,0,0,0,0,103808,104555,0,232,0
2.29359e+006,1,0,0.00977049,0.159287,0.607436,0.299076,1,0,,0,0,0,0,0,0,0,0,103808,104555,0,232,0
2.29369e+006,1,0,0.00683934,0.128797,0.559572,0.295775,1,0,,0,0,0,0,0,0,0,0,103808,104555,0,232,0
2.29379e+006,1,0,0.00478754,0.103995,0.514014,0.298987,1,0,,0,0,0,0,0,0,0,0,103808,104555,0,232,0
2.29389e+006,1,0,0.00335128,0.0838666,0.470999,0.311049,1,0,,0,0,0,0,0,0,0,0,103808,104555,0,232,0
2.29399e+006,1,0,0.00234589,0.0675624,0.430656,0.290062,1,0,,0,0,0,0,0,0,0,0,103808,104555,0,232,0
2.29409e+006,1,0,0.00164213,0.0543784,0.393028,0.313113,1,0,,0,0,0,0,0,0,0,0,103808,104555,0,232,0
2.29419e+006,1,0,0.00114949,0.0437326,0.358098,0.283049,1,0,,0,0,0,0,0,0,0,0,103808,104555,0,232,0
2.29429e+006,1,0,0.000804642,0.035147,0.325803,0.301948,1,0,,0,0,0,0,0,0,0,0,103808,104555,0,232,0
2.29439e+006,1,0,0.000563249,0.0282303,0.296046,0.296771,1,0,,0,0,0,0,0,0,0,0,103808,104555,0,232,0
2.29449e+006,1,0,0.000394274,0.0226631,0.268708,0.318447,1,0,,0,0,0,0,0,0,0,0,103808,104555,0,232,0
2.29459e+006,1,0,0.000275992,0.0181856,0.243655,0.30185,1,0,,0,0,0,0,0,0,0,0,103808,104555,0,232,0
2.29469e+006,1,0,0.000193194,0.0145872,0.220749,0.2987,1,0,,0,0,0,0,0,0,0,0,103808,104555,0,232,0
2.29479e+006,1,0,0.000135236,0.0116968,0.199843,0.297688,1,0,,0,0,0,0,0,0,0,0,103808,104555,0,232,0
2.29489e+006,1,0,9.46653e-005,0.00937635,0.180797,0.294864,1,0,,0,0,0,0,0,0,0,0,103808,104555,0,232,0
2.29499e+006,1,0,6.62657e-005,0.00751433,0.163468,0.30599,1,0,,0,0,0,0,0,0,0,0,103808,104555,0,232,0
2.29509e+006,1,0,4.6386e-005,0.00602074,0.147724,0.308904,1,0,,0,0,0,0,0,0,0,0,103808,104555,0,232,0
2.29519e+006,1,0,3.24702e-005,0.00482309,0.133434,0.294845,1,0,,0,0,0,0,0,0,0,0,103808,104555,0,232,0
2.29529e+006,1,0,2.27291e-005,0.00386302,0.120477,0.328708,1,0,,0,0,0,0,0,0,0,0,103808,104555,0,232,0
2.29539e+006,1,0,1.59104e-005,0.0030936,0.108738,0.308695,1,0,,0,0,0,0,0,0,0,0,103808,104555,0,232,0
2.29549e+006,1,0,1.11373e-005,0.0024771,0.0981122,0.291083,1,0,,0,0,0,0,0,0,0,0,103808,104555,0,232,0
2.29559e+006,1,0,7.79609e-006,0.00198324,0.0884993,0.298883,1,0,,0,0,0,0,0,0,0,0,103808,104555,0,232,0
2.29569e+006,1,0,5.45726e-006,0.00158769,0.0798081,0.304022,1,0,,0,0,0,0,0,0,0,0,103808,104555,0,232,0
2.29579e+006,1,19,5.7,1.14127,0.185954,0.299013,1,0,,0,0,0,0,0,0,0,0,103808,104555,0,232,0
2.29589e+006,1,0,3.99,1.71102,0.338461,0.287964,1,0,,0,0,0,0,0,0,0,0,103808,104555,0,232,0
2.29599e+006,1,0,2.793,1.92741,0.497356,0.313614,1,0,,0,0,0,0,0,0,0,0,103808,104555,0,232,0
2.29609e+006,1,0,1.9551,1.93295,0.640916,0.338604,1,0,,0,0,0,0,0,0,0,0,103808,104555,0,232,0
2.29619e+006,1,0,1.36857,1.82008,0.758832,0.336341,1,0,,0,0,0,0,0,0,0,0,103808,104555,0,232,0
2.29629e+006,1,0,0.958,1.64766,0.847714,0.309068,1,0,,0,0,0,0,0,0,0,0,103808,104555,0,232,0
2.29639e+006,1,0,0.6706,1.45225,0.908168,0.30966,1,0,,0,0,0,0,0,0,0,0,103808,104555,0,232,0
2.29649e+006,1,0,0.46942,1.25568,0.942919,0.31046,1,0,,0,0,0,0,0,0,0,0,103808,104555,0,232,0
2.29659e+006,1,0,0.328594,1.07026,0.955654,0.355847,1,0,,0,0,0,0,0,0,0,0,103808,104555,0,232,0
2.29669e+006,1,0,0.230016,0.902215,0.95031,0.334008,1,0,,0,0,0,0,0,0,0,0,103808,104555,0,232,0
2.29679e+006,1,0,0.161011,0.753974,0.930676,0.273706,1,0,,0,0,0,0,0,0,0,0,103808,104555,0,232,0
2.29689e+006,1,0,0.112708,0.625721,0.900181,0.289242,1,0,,0,0,0,0,0,0,0,0,103808,104555,0,232,0
2.29699e+006,1,0,0.0788954,0.516356,0.861798,0.299419,1,0,,0,0,0,0,0,0,0,0,103808,104555,0,232,0
2.29709e+006,1,0,0.0552268,0.42413,0.818031,0.308504,1,0,,0,0,0,0,0,0,0,0,103808,104555,0,232,0
2.29719e+006,1,0,0.0386587,0.347036,0.770932,0.288231,1,0,,0,0,0,0,0,0,0,0,103808,104555,0,232,0
2.29729e+006,1,0,0.0270611,0.283041,0.722143,0.302792,1,0,,0,0,0,0,0,0,0,0,103808,104555,0,232,0
2.29739e+006,1,0,0.0189428,0.230221,0.672951,0.301905,1,0,,0,0,0,0,0,0,0,0,103808,104555,0,232,0
2.29749e+006,1,0,0.0132599,0.186829,0.624338,0.365478,1,0,,0,0,0,0,0,0,0,0,103808,104555,0,232,0
2.29759e+006,1,0,0.00928196,0.15132,0.577036,0.314978,1,0,,0,0,0,0,0,0,0,0,103808,104555,0,232,0
2.29769e+006,1,0,0.00649737,0.122355,0.531568,0.293841,1,0,,0,0,0,0,0,0,0,0,103808,104555,0,232,0
2.29779e+006,1,0,0.00454816,0.0987937,0.488291,0.28119,1,0,,0,0,0,0,0,0,0,0,103808,104555,0,232,0
2.29789e+006,1,0,0.00318371,0.0796717,0.447429,0.32169,1,0,,0,0,0,0,0,0,0,0,103808,104555,0,232,0
2.29799e+006,1,0,0.0022286,0.0641831,0.409104,0.317892,1,0,,0,0,0,0,0,0,0,0,103808,104555,0,232,0
2.29809e+006,1,0,0.00156002,0.0516585,0.37336,0.363967,1,0,,0,0,0,0,0,0,0,0,103808,104555,0,232,0
2.29819e+006,1,0,0.00109201,0.0415452,0.340178,0.319773,1,0,,0,0,0,0,0,0,0,0,103808,104555,0,232,0
2.29829e+006,1,0,0.000764409,0.033389,0.309499,0.292712,1,0,,0,0,0,0,0,0,0,0,103808,104555,0,232,0
2.29839e+006,1,0,0.000535086,0.0268182,0.281231,0.290625,1,0,,0,0,0,0,0,0,0,0,103808,104555,0,232,0
2.29849e+006,1,0,0.000374561,0.0215295,0.255261,0.303451,1,0,,0,0,0,0,0,0,0,0,103808,104555,0,232,0
2.29859e+006,1,0,0.000262192,0.017276,0.231463,0.304677,1,0,,0,0,0,0,0,0,0,0,103808,104555,0,232,0
2.29869e+006,1,0,0.000183535,0.0138575,0.209702,0.292252,1,0,,0,0,0,0,0,0,0,0,103808,104555,0,232,0
2.29879e+006,1,0,0.000128474,0.0111117,0.189843,0.304034,1,0,,0,0,0,0,0,0,0,0,103808,104555,0,232,0
2.29889e+006,1,0,8.9932e-005,0.00890737,0.171749,0.313197,1,0,,0,0,0,0,0,0,0,0,103808,104555,0,232,0
2.29899e+006,1,0,6.29524e-005,0.00713849,0.155288,0.327898,1,0,,0,0,0,0,0,0,0,0,103808,104555,0,232,0
2.29909e+006,1,0,4.40667e-005,0.0057196,0.140331,0.306749,1,0,,0,0,0,0,0,0,0,0,103808,104555,0,232,0
2.29919e+006,1,0,3.08467e-005,0.00458185,0.126756,0.317749,1,0,,0,0,0,0,0,0,0,0,103808,104555,0,232,0
2.29929e+006,1,0,2.15927e-005,0.0036698,0.114448,0.320687,1,0,,0,0,0,0,0,0,0,0,103808,104555,0,232,0
2.29939e+006,1,1,0.300015,0.0629389,0.109297,0.295711,1,0,,0,0,0,0,0,0,0,0,103808,104555,0,232,0
2.29949e+006,1,0,0.210011,0.0923532,0.107603,0.284422,1,0,,0,0,0,0,0,0,0,0,103808,104555,0,232,0
2.29959e+006,1,0,0.147007,0.103284,0.107171,0.308447,1,0,,0,0,0,0,0,0,0,0,103808,104555,0,232,0
2.29969e+006,1,0,0.102905,0.103208,0.106774,0.346249,1,0,,0,0,0,0,0,0,0,0,103808,104555,0,232,0
2.29979e+006,1,19,5.77203,1.23697,0.219794,0.293878,1,0,,0,0,0,0,0,0,0,0,103808,104555,0,232,0
2.29989e+006,1,0,4.04042,1.79766,0.377581,0.298641,1,0,,0,0,0,0,0,0,0,0,103808,104555,0,232,0
2.29999e+006,1,0,2.8283,2.00379,0.540202,0.301159,1,0,,0,0,0,0,0,0,0,0,103808,104555,0,232,0
2.30009e+006,1,0,1.97981,1.99899,0.686081,0.301983,1,0,,0,0,0,0,0,0,0,0,103808,104555,0,232,0
2.30019e+006,1,0,1.38587,1.87637,0.80511,0.317684,1,0,,0,0,0,0,0,0,0,0,103808,104555,0,232,0
2.30029e+006,1,0,0.970106,1.69512,0.89411,0.310524,1,0,,0,0,0,0,0,0,0,0,103808,104555,0,232,0
2.30039e+006,1,0,0.679074,1.49191,0.95389,0.304597,1,0,,0,0,0,0,0,0,0,0,103808,104555,0,232,0
2.30049e+006,1,0,0.475352,1.2886,0.987361,0.320083,1,0,,0,0,0,0,0,0,0,0,103808,104555,0,232,0
2.30059e+006,1,0,0.332746,1.09743,0.998367,0.310183,1,0,,0,0,0,0,0,0,0,0,103808,104555,0,232,0
2.30069e+006,1,0,0.232922,0.924525,0.990983,0.287945,1,0,,0,0,0,0,0,0,0,0,103808,104555,0,232,0
2.30079e+006,1,0,0.163046,0.772229,0.969108,0.263157,1,0,,0,0,0,0,0,0,0,0,103808,104555,0,232,0
2.30089e+006,1,0,0.114132,0.64061,0.936258,0.300895,1,0,,0,0,0,0,0,0,0,0,103808,104555,0,232,0
2.30099e+006,1,0,0.0798924,0.528466,0.895479,0.281182,1,0,,0,0,0,0,0,0,0,0,103808,104555,0,232,0
2.30109e+006,1,0,0.0559247,0.433958,0.849327,0.298496,1,0,,0,0,0,0,0,0,0,0,103808,104555,0,232,0
2.30119e+006,1,0,0.0391473,0.354996,0.799893,0.295508,1,0,,0,0,0,0,0,0,0,0,103808,104555,0,232,0
2.30129e+006,1,0,0.0274031,0.289477,0.748852,0.289647,1,0,,0,0,0,0,0,0,0,0,103808,104555,0,232,0
2.30139e+006,1,0,0.0191822,0.235418,0.697509,0.292533,1,0,,0,0,0,0,0,0,0,0,103808,104555,0,232,0
2.30149e+006,1,0,0.0134275,0.19102,0.64686,0.293096,1,0,,0,0,0,0,0,0,0,0,103808,104555,0,232,0
2.30159e+006,1,0,0.00939926,0.154696,0.597643,0.284696,1,0,,0,0,0,0,0,0,0,0,103808,104555,0,232,0
2.30169e+006,1,0,0.00657948,0.125073,0.550386,0.341159,1,0,,0,0,0,0,0,0,0,0,103808,104555,0,232,0
2.30179e+006,1,0,0.00460564,0.100979,0.505446,0.278364,1,0,,0,0,0,0,0,0,0,0,103808,104555,0,232,0
2.30189e+006,1,0,0.00322394,0.0814282,0.463044,0.309439,1,0,,0,0,0,0,0,0,0,0,103808,104555,0,232,0
2.30199e+006,1,0,0.00225676,0.0655939,0.423299,0.2817,1,0,,0,0,0,0,0,0,0,0,103808,104555,0,232,0
2.30209e+006,1,0,0.00157973,0.0527911,0.386248,0.323664,1,0,,0,0,0,0,0,0,0,0,103808,104555,0,232,0
2.30219e+006,1,0,0.00110581,0.042454,0.351869,0.320001,1,0,,0,0,0,0,0,0,0,0,103808,104555,0,232,0
2.30229e+006,1,0,0.000774069,0.0341181,0.320094,0.343488,1,0,,0,0,0,0,0,0,0,0,103808,104555,0,232,0
2.30239e+006,1,0,0.000541848,0.0274028,0.290825,0.360348,1,0,,0,0,0,0,0,0,0,0,103808,104555,0,232,0
2.30249e+006,1,0,0.000379294,0.0219981,0.263942,0.309945,1,0,,0,0,0,0,0,0,0,0,103808,104555,0,232,0
2.30259e+006,1,0,0.000265506,0.0176516,0.239313,0.287934,1,0,,0,0,0,0,0,0,0,0,103808,104555,0,232,0
2.30269e+006,1,0,0.000185854,0.0141584,0.216797,0.301557,1,0,,0,0,0,0,0,0,0,0,103808,104555,0,232,0
2.30279e+006,1,0,0.000130098,0.0113528,0.196253,0.294706,1,0,,0,0,0,0,0,0,0,0,103808,104555,0,232,0
2.30289e+006,1,0,9.10684e-005,0.00910043,0.177538,0.292695,1,0,,0,0,0,0,0,0,0,0,103808,104555,0,232,0
2.30299e+006,1,0,6.37479e-005,0.0072931,0.160513,0.285645,1,0,,0,0,0,0,0,0,0,0,103808,104555,0,232,0
2.30309e+006,1,0,4.46235e-005,0.0058434,0.145046,0.322632,1,0,,0,0,0,0,0,0,0,0,103808,104555,0,232,0
2.30319e+006,1,0,3.12365e-005,0.00468097,0.13101,0.353307,1,0,,0,0,0,0,0,0,0,0,103808,104555,0,232,0
2.30329e+006,1,0,2.18655e-005,0.00374915,0.118284,0.356657,1,0,,0,0,0,0,0,0,0,0,103808,104555,0,232,0
2.30339e+006,1,0,1.53059e-005,0.00300238,0.106755,0.303145,1,0,,0,0,0,0,0,0,0,0,103808,104555,0,232,0
2.30349e+006,1,0,1.07141e-005,0.00240405,0.0963204,0.298595,1,0,,0,0,0,0,0,0,0,0,103808,104555,0,232,0
2.30359e+006,1,0,7.49988e-006,0.00192474,0.0868808,0.323631,1,0,,0,0,0,0,0,0,0,0,103808,104555,0,232,0
2.30369e+006,1,0,5.24991e-006,0.00154084,0.0783468,0.286307,1,0,,0,0,0,0,0,0,0,0,103808,104555,0,232,0
2.30379e+006,1,20,6,1.20123,0.190635,0.289636,1,0,,0,0,0,0,0,0,0,0,103808,104555,0,232,0
2.30389e+006,1,0,4.2,1.80099,0.351671,0.305686,1,0,,0,0,0,0,0,0,0,0,103808,104555,0,232,0
2.30399e+006,1,0,2.94,2.02879,0.519383,0.32721,1,0,,0,0,0,0,0,0,0,0,103808,104555,0,232,0
2.30409e+006,1,0,2.058,2.03463,0.670908,0.305985,1,0,,0,0,0,0,0,0,0,0,103808,104555,0,232,0
2.30419e+006,1,0,1.4406,1.91583,0.795399,0.320202,1,0,,0,0,0,0,0,0,0,0,103808,104555,0,232,0
2.30429e+006,1,0,1.00842,1.73434,0.889294,0.296764,1,0,,0,0,0,0,0,0,0,0,103808,104555,0,232,0
2.30439e+006,1,0,0.705894,1.52865,0.95323,0.291664,1,0,,0,0,0,0,0,0,0,0,103808,104555,0,232,0
2.30449e+006,1,0,0.494126,1.32175,0.990082,0.3182,1,0,,0,0,0,0,0,0,0,0,103808,104555,0,232,0
2.30459e+006,1,0,0.345888,1.12658,1.00373,0.316888,1,0,,0,0,0,0,0,0,0,0,103808,104555,0,232,0
2.30469e+006,1,0,0.242122,0.949686,0.998327,0.301948,1,0,,0,0,0,0,0,0,0,0,103808,104555,0,232,0
2.30479e+006,1,0,0.169485,0.793646,0.977859,0.301511,1,0,,0,0,0,0,0,0,0,0,103808,104555,0,232,0
2.30489e+006,1,0,0.11864,0.658645,0.945937,0.283399,1,0,,0,0,0,0,0,0,0,0,103808,104555,0,232,0
2.30499e+006,1,0,0.0830478,0.543525,0.905696,0.290099,1,0,,0,0,0,0,0,0,0,0,103808,104555,0,232,0
2.30509e+006,1,0,0.0581334,0.446447,0.859771,0.301637,1,0,,0,0,0,0,0,0,0,0,103808,104555,0,232,0
2.30519e+006,1,0,0.0406934,0.365296,0.810324,0.305,1,0,,0,0,0,0,0,0,0,0,103808,104555,0,232,0
2.30529e+006,1,0,0.0284854,0.297934,0.759085,0.344675,1,0,,0,0,0,0,0,0,0,0,103808,104555,0,232,0
2.30539e+006,1,0,0.0199398,0.242335,0.70741,0.346299,1,0,,0,0,0,0,0,0,0,0,103808,104555,0,232,0
2.30549e+006,1,0,0.0139578,0.19666,0.656335,0.308324,1,0,,0,0,0,0,0,0,0,0,103808,104555,0,232,0
2.30559e+006,1,0,0.00977049,0.159282,0.606629,0.288674,1,0,,0,0,0,0,0,0,0,0,103808,104555,0,232,0
2.30569e+006,1,0,0.00683934,0.128793,0.558846,0.314724,1,0,,0,0,0,0,0,0,0,0,103808,104555,0,232,0
2.30579e+006,1,0,0.00478754,0.103992,0.51336,0.283373,1,0,,0,0,0,0,0,0,0,0,103808,104555,0,232,0
2.30589e+006,1,0,0.00335128,0.083864,0.470411,0.299671,1,0,,0,0,0,0,0,0,0,0,103808,104555,0,232,0
2.30599e+006,1,0,0.00234589,0.0675604,0.430126,0.290341,1,0,,0,0,0,0,0,0,0,0,103808,104555,0,232,0
2.30609e+006,1,0,0.00164213,0.0543767,0.392551,0.318242,1,0,,0,0,0,0,0,0,0,0,103808,104555,0,232,0
2.30619e+006,1,0,0.00114949,0.0437313,0.357669,0.308603,1,0,,0,0,0,0,0,0,0,0,103808,104555,0,232,0
2.30629e+006,1,0,0.000804642,0.035146,0.325416,0.341841,1,0,,0,0,0,0,0,0,0,0,103808,104555,0,232,0
2.30639e+006,1,0,0.000563249,0.0282294,0.295698,0.297752,1,0,,0,0,0,0,0,0,0,0,103808,104555,0,232,0
2.30649e+006,1,0,0.000394274,0.0226624,0.268394,0.30164,1,0,,0,0,0,0,0,0,0,0,103808,104555,0,232,0
2.30659e+006,1,0,0.000275992,0.0181851,0.243373,0.288177,1,0,,0,0,0,0,0,0,0,0,103808,104555,0,232,0
2.30669e+006,1,0,0.000193194,0.0145867,0.220495,0.34544,1,0,,0,0,0,0,0,0,0,0,103808,104555,0,232,0
2.30679e+006,1,0,0.000135236,0.0116964,0.199615,0.303565,1,0,,0,0,0,0,0,0,0,0,103808,104555,0,232,0
2.30689e+006,1,0,9.46653e-005,0.00937608,0.180591,0.300766,1,0,,0,0,0,0,0,0,0,0,103808,104555,0,232,0
2.30699e+006,1,0,6.62657e-005,0.00751411,0.163283,0.298193,1,0,,0,0,0,0,0,0,0,0,103808,104555,0,232,0
2.30709e+006,1,0,4.6386e-005,0.00602057,0.147557,0.287881,1,0,,0,0,0,0,0,0,0,0,103808,104555,0,232,0
2.30719e+006,1,0,3.24702e-005,0.00482295,0.133284,0.28794,1,0,,0,0,0,0,0,0,0,0,103808,104555,0,232,0
2.30729e+006,1,0,2.27291e-005,0.00386291,0.120341,0.313065,1,0,,0,0,0,0,0,0,0,0,103808,104555,0,232,0
2.30739e+006,1,0,1.59104e-005,0.00309351,0.108617,0.296977,1,0,,0,0,0,0,0,0,0,0,103808,104555,0,232,0
2.30749e+006,1,0,1.11373e-005,0.00247703,0.0980027,0.373164,1,0,,0,0,0,0,0,0,0,0,103808,104555,0,232,0
2.30759e+006,1,0,7.79609e-006,0.00198319,0.0884008,0.292387,1,0,,0,0,0,0,0,0,0,0,103808,104555,0,232,0
2.30769e+006,1,20,6.00001,1.20159,0.199719,0.313395,1,0,,0,0,0,0,0,0,0,0,103808,104555,0,232,0
2.30779e+006,1,0,4.2,1.80127,0.359875,0.31116,1,0,,0,0,0,0,0,0,0,0,103808,104555,0,232,0
2.30789e+006,1,0,2.94,2.02902,0.526789,0.31106,1,0,,0,0,0,0,0,0,0,0,103808,104555,0,232,0
2.30799e+006,1,0,2.058,2.03481,0.677591,0.32126,1,0,,0,0,0,0,0,0,0,0,103808,104555,0,232,0
2.30809e+006,1,0,1.4406,1.91597,0.801429,0.307458,1,0,,0,0,0,0,0,0,0,0,103808,104555,0,232,0
2.30819e+006,1,0,1.00842,1.73446,0.894733,0.323797,1,0,,0,0,0,0,0,0,0,0,103808,104555,0,232,0
2.30829e+006,1,0,0.705895,1.52875,0.958134,0.294183,1,0,,0,0,0,0,0,0,0,0,103808,104555,0,232,0
2.30839e+006,1,0,0.494126,1.32182,0.994503,0.304958,1,0,,0,0,0,0,0,0,0,0,103808,104555,0,232,0
2.30849e+006,1,0,0.345888,1.12664,1.00772,0.28412,1,0,,0,0,0,0,0,0,0,0,103808,104555,0,232,0
2.30859e+006,1,0,0.242122,0.949734,1.00192,0.294282,1,0,,0,0,0,0,0,0,0,0,103808,104555,0,232,0
2.30869e+006,1,0,0.169485,0.793684,0.981095,0.290694,1,0,,0,0,0,0,0,0,0,0,103808,104555,0,232,0
2.30879e+006,1,0,0.11864,0.658675,0.948853,0.273405,1,0,,0,0,0,0,0,0,0,0,103808,104555,0,232,0
2.30889e+006,1,0,0.0830478,0.54355,0.908322,0.299218,1,0,,0,0,0,0,0,0,0,0,103808,104555,0,232,0
2.30899e+006,1,0,0.0581335,0.446466,0.862137,0.301492,1,0,,0,0,0,0,0,0,0,0,103808,104555,0,232,0
2.30909e+006,1,0,0.0406934,0.365312,0.812454,0.277842,1,0,,0,0,0,0,0,0,0,0,103808,104555,0,232,0
2.30919e+006,1,0,0.0284854,0.297947,0.761003,0.298193,1,0,,0,0,0,0,0,0,0,0,103808,104555,0,232,0
2.30929e+006,1,0,0.0199398,0.242345,0.709138,0.35133,1,0,,0,0,0,0,0,0,0,0,103808,104555,0,232,0
2.30939e+006,1,0,0.0139578,0.196668,0.657891,0.309232,1,0,,0,0,0,0,0,0,0,0,103808,104555,0,232,0
2.30949e+006,1,0,0.00977049,0.159288,0.60803,0.299695,1,0,,0,0,0,0,0,0,0,0,103808,104555,0,232,0
2.30959e+006,1,0,0.00683934,0.128798,0.560107,0.314144,1,0,,0,0,0,0,0,0,0,0,103808,104555,0,232,0
2.30969e+006,1,0,0.00478754,0.103996,0.514496,0.297493,1,0,,0,0,0,0,0,0,0,0,103808,104555,0,232,0
2.30979e+006,1,0,0.00335128,0.0838673,0.471433,0.293194,1,0,,0,0,0,0,0,0,0,0,103808,104555,0,232,0
2.30989e+006,1,0,0.00234589,0.067563,0.431046,0.296221,1,0,,0,0,0,0,0,0,0,0,103808,104555,0,232,0
2.30999e+006,1,0,0.00164213,0.0543788,0.393379,0.272124,1,0,,0,0,0,0,0,0,0,0,103808,104555,0,232,0
2.31009e+006,1,0,0.00114949,0.043733,0.358415,0.320412,1,0,,0,0,0,0,0,0,0,0,103808,104555,0,232,0
2.31019e+006,1,0,0.000804642,0.0351473,0.326088,0.281761,1,0,,0,0,0,0,0,0,0,0,103808,104555,0,232,0
2.31029e+006,1,0,0.000563249,0.0282305,0.296302,0.297385,1,0,,0,0,0,0,0,0,0,0,103808,104555,0,232,0
2.31039e+006,1,0,0.000394274,0.0226633,0.268938,0.310473,1,0,,0,0,0,0,0,0,0,0,103808,104555,0,232,0
2.31049e+006,1,0,0.000275992,0.0181858,0.243863,0.293299,1,0,,0,0,0,0,0,0,0,0,103808,104555,0,232,0
2.31059e+006,1,0,0.000193194,0.0145873,0.220935,0.276124,1,0,,0,0,0,0,0,0,0,0,103808,104555,0,232,0
2.31069e+006,1,0,0.000135236,0.0116969,0.200012,0.32846,1,0,,0,0,0,0,0,0,0,0,103808,104555,0,232,0
2.31079e+006,1,0,9.46653e-005,0.00937643,0.180948,0.28309,1,0,,0,0,0,0,0,0,0,0,103808,104555,0,232,0
2.31089e+006,1,0,6.62657e-005,0.0075144,0.163605,0.31569,1,0,,0,0,0,0,0,0,0,0,103808,104555,0,232,0
2.31099e+006,1,0,4.6386e-005,0.00602079,0.147846,0.292014,1,0,,0,0,0,0,0,0,0,0,103808,104555,0,232,0
2.31109e+006,1,0,3.24702e-005,0.00482313,0.133544,0.30244,1,0,,0,0,0,0,0,0,0,0,103808,104555,0,232,0
2.31119e+006,1,0,2.27291e-005,0.00386305,0.120576,0.312263,1,0,,0,0,0,0,0,0,0,0,103808,104555,0,232,0
2.31129e+006,1,0,1.59104e-005,0.00309362,0.108828,0.310714,1,0,,0,0,0,0,0,0,0,0,103808,104555,0,232,0
2.31139e+006,1,0,1.11373e-005,0.00247713,0.0981926,0.285542,1,0,,0,0,0,0,0,0,0,0,103808,104555,0,232,0
2.31149e+006,1,0,7.79609e-006,0.00198326,0.0885717,0.291791,1,0,,0,0,0,0,0,0,0,0,103808,104555,0,232,0
2.31159e+006,1,0,5.45726e-006,0.0015877,0.0798733,0.349253,1,0,,0,0,0,0,0,0,0,0,103808,104555,0,232,0
2.31169e+006,1,19,5.7,1.14127,0.186013,0.269963,1,0,,0,0,0,0,0,0,0,0,103808,104555,0,232,0
2.31179e+006,1,0,3.99,1.71102,0.338513,0.316387,1,0,,0,0,0,0,0,0,0,0,103808,104555,0,232,0
2.31189e+006,1,0,2.793,1.92741,0.497404,0.323111,1,0,,0,0,0,0,0,0,0,0,103808,104555,0,232,0
2.31199e+006,1,0,1.9551,1.93295,0.640958,0.318511,1,0,,0,0,0,0,0,0,0,0,103808,104555,0,232,0
2.31209e+006,1,0,1.36857,1.82008,0.75887,0.288011,1,0,,0,0,0,0,0,0,0,0,103808,104555,0,232,0
2.31219e+006,1,0,0.958,1.64766,0.847749,0.321498,1,0,,0,0,0,0,0,0,0,0,103808,104555,0,232,0
2.31229e+006,1,0,0.6706,1.45225,0.908199,0.292348,1,0,,0,0,0,0,0,0,0,0,103808,104555,0,232,0
2.31239e+006,1,0,0.46942,1.25568,0.942947,0.330162,1,0,,0,0,0,0,0,0,0,0,103808,104555,0,232,0
2.31249e+006,1,0,0.328594,1.07026,0.955679,0.321137,1,0,,0,0,0,0,0,0,0,0,103808,104555,0,232,0
2.31259e+006,1,0,0.230016,0.902215,0.950333,0.283134,1,0,,0,0,0,0,0,0,0,0,103808,104555,0,232,0
2.31269e+006,1,0,0.161011,0.753974,0.930697,0.291847,1,0,,0,0,0,0,0,0,0,0,103808,104555,0,232,0
2.31279e+006,1,0,0.112708,0.625721,0.900199,0.326209,1,0,,0,0,0,0,0,0,0,0,103808,104555,0,232,0
2.31289e+006,1,0,0.0788954,0.516356,0.861815,0.276132,1,0,,0,0,0,0,0,0,0,0,103808,104555,0,232,0
2.31299e+006,1,0,0.0552268,0.42413,0.818046,0.306182,1,0,,0,0,0,0,0,0,0,0,103808,104555,0,232,0
2.31309e+006,1,0,0.0386587,0.347036,0.770945,0.282681,1,0,,0,0,0,0,0,0,0,0,103808,104555,0,232,0
2.31319e+006,1,0,0.0270611,0.283041,0.722155,0.306352,1,0,,0,0,0,0,0,0,0,0,103808,104555,0,232,0
2.31329e+006,1,0,0.0189428,0.230221,0.672961,0.299928,1,0,,0,0,0,0,0,0,0,0,103808,104555,0,232,0
2.31339e+006,1,0,0.0132599,0.186829,0.624348,0.313349,1,0,,0,0,0,0,0,0,0,0,103808,104555,0,232,0
2.31349e+006,1,0,0.00928196,0.15132,0.577045,0.312026,1,0,,0,0,0,0,0,0,0,0,103808,104555,0,232,0
2.31359e+006,1,0,0.00649737,0.122355,0.531576,0.285765,1,0,,0,0,0,0,0,0,0,0,103808,104555,0,232,0
2.31369e+006,1,0,0.00454816,0.0987937,0.488298,0.339854,1,0,,0,0,0,0,0,0,0,0,103808,104555,0,232,0
2.31379e+006,1,0,0.00318371,0.0796717,0.447435,0.297341,1,0,,0,0,0,0,0,0,0,0,103808,104555,0,232,0
2.31389e+006,1,0,0.0022286,0.0641831,0.40911,0.292279,1,0,,0,0,0,0,0,0,0,0,103808,104555,0,232,0
2.31399e+006,1,0,0.00156002,0.0516585,0.373365,0.32049,1,0,,0,0,0,0,0,0,0,0,103808,104555,0,232,0
2.31409e+006,1,0,0.00109201,0.0415452,0.340183,0.330126,1,0,,0,0,0,0,0,0,0,0,103808,104555,0,232,0
2.31419e+006,1,0,0.000764409,0.033389,0.309504,0.315737,1,0,,0,0,0,0,0,0,0,0,103808,104555,0,232,0
2.31429e+006,1,0,0.000535086,0.0268182,0.281235,0.304259,1,0,,0,0,0,0,0,0,0,0,103808,104555,0,232,0
2.31439e+006,1,0,0.000374561,0.0215295,0.255264,0.301706,1,0,,0,0,0,0,0,0,0,0,103808,104555,0,232,0
2.31449e+006,1,0,0.000262192,0.017276,0.231466,0.279682,1,0,,0,0,0,0,0,0,0,0,103808,104555,0,232,0
2.31459e+006,1,0,0.000183535,0.0138575,0.209705,0.296369,1,0,,0,0,0,0,0,0,0,0,103808,104555,0,232,0
2.31469e+006,1,0,0.000128474,0.0111117,0.189846,0.312531,1,0,,0,0,0,0,0,0,0,0,103808,104555,0,232,0
2.31479e+006,1,0,8.9932e-005,0.00890737,0.171752,0.291268,1,0,,0,0,0,0,0,0,0,0,103808,104555,0,232,0
2.31489e+006,1,0,6.29524e-005,0.00713849,0.15529,0.309643,1,0,,0,0,0,0,0,0,0,0,103808,104555,0,232,0
2.31499e+006,1,0,4.40667e-005,0.0057196,0.140333,0.302279,1,0,,0,0,0,0,0,0,0,0,103808,104555,0,232,0
2.31509e+006,1,0,3.08467e-005,0.00458185,0.126758,0.315179,1,0,,0,0,0,0,0,0,0,0,103808,104555,0,232,0
2.31519e+006,1,0,2.15927e-005,0.0036698,0.114449,0.283342,1,0,,0,0,0,0,0,0,0,0,103808,104555,0,232,0
2.31529e+006,1,0,1.51149e-005,0.00293886,0.103298,0.310678,1,0,,0,0,0,0,0,0,0,0,103808,104555,0,232,0
2.31539e+006,1,0,1.05804e-005,0.00235321,0.0932038,0.298741,1,0,,0,0,0,0,0,0,0,0,103808,104555,0,232,0
2.31549e+006,1,0,7.40628e-006,0.00188405,0.0840718,0.289253,1,0,,0,0,0,0,0,0,0,0,103808,104555,0,232,0
2.31559e+006,1,0,5.1844e-006,0.00150827,0.0758154,0.282277,1,0,,0,0,0,0,0,0,0,0,103808,104555,0,232,0
2.31569e+006,1,20,6,1.20121,0.188355,0.374841,1,0,,0,0,0,0,0,0,0,0,103808,104555,0,232,0
2.31579e+006,1,0,4.2,1.80097,0.349616,0.313515,1,0,,0,0,0,0,0,0,0,0,103808,104555,0,232,0
2.31589e+006,1,0,2.94,2.02877,0.517532,0.297165,1,0,,0,0,0,0,0,0,0,0,103808,104555,0,232,0
2.31599e+006,1,0,2.058,2.03462,0.66924,0.297452,1,0,,0,0,0,0,0,0,0,0,103808,104555,0,232,0
2.31609e+006,1,0,1.4406,1.91582,0.793898,0.313066,1,0,,0,0,0,0,0,0,0,0,103808,104555,0,232,0
2.31619e+006,1,0,1.00842,1.73434,0.887942,0.282174,1,0,,0,0,0,0,0,0,0,0,103808,104555,0,232,0
2.31629e+006,1,0,0.705894,1.52865,0.952012,0.328837,1,0,,0,0,0,0,0,0,0,0,103808,104555,0,232,0
2.31639e+006,1,0,0.494126,1.32174,0.988985,0.313087,1,0,,0,0,0,0,0,0,0,0,103808,104555,0,232,0
2.31649e+006,1,0,0.345888,1.12657,1.00274,0.282975,1,0,,0,0,0,0,0,0,0,0,103808,104555,0,232,0
2.31659e+006,1,0,0.242122,0.949682,0.997438,0.310949,1,0,,0,0,0,0,0,0,0,0,103808,104555,0,232,0
2.31669e+006,1,0,0.169485,0.793643,0.977058,0.287086,1,0,,0,0,0,0,0,0,0,0,103808,104555,0,232,0
2.31679e+006,1,0,0.11864,0.658642,0.945217,0.302354,1,0,,0,0,0,0,0,0,0,0,103808,104555,0,232,0
2.31689e+006,1,0,0.0830478,0.543523,0.905047,0.306704,1,0,,0,0,0,0,0,0,0,0,103808,104555,0,232,0
2.31699e+006,1,0,0.0581334,0.446445,0.859187,0.356128,1,0,,0,0,0,0,0,0,0,0,103808,104555,0,232,0
2.31709e+006,1,0,0.0406934,0.365295,0.809798,0.371652,1,0,,0,0,0,0,0,0,0,0,103808,104555,0,232,0
2.31719e+006,1,0,0.0284854,0.297933,0.758612,0.316852,1,0,,0,0,0,0,0,0,0,0,103808,104555,0,232,0
2.31729e+006,1,0,0.0199398,0.242334,0.706984,0.304663,1,0,,0,0,0,0,0,0,0,0,103808,104555,0,232,0
2.31739e+006,1,0,0.0139578,0.196659,0.655951,0.294575,1,0,,0,0,0,0,0,0,0,0,103808,104555,0,232,0
2.31749e+006,1,0,0.00977049,0.159281,0.606284,0.309102,1,0,,0,0,0,0,0,0,0,0,103808,104555,0,232,0
2.31759e+006,1,0,0.00683934,0.128793,0.558535,0.296878,1,0,,0,0,0,0,0,0,0,0,103808,104555,0,232,0
2.31769e+006,1,0,0.00478754,0.103992,0.513081,0.283654,1,0,,0,0,0,0,0,0,0,0,103808,104555,0,232,0
2.31779e+006,1,0,0.00335128,0.0838638,0.470159,0.310404,1,0,,0,0,0,0,0,0,0,0,103808,104555,0,232,0
2.31789e+006,1,0,0.00234589,0.0675602,0.429899,0.306341,1,0,,0,0,0,0,0,0,0,0,103808,104555,0,232,0
2.31799e+006,1,0,0.00164213,0.0543766,0.392347,0.283706,1,0,,0,0,0,0,0,0,0,0,103808,104555,0,232,0
2.31809e+006,1,0,0.00114949,0.0437312,0.357485,0.288143,1,0,,0,0,0,0,0,0,0,0,103808,104555,0,232,0
2.31819e+006,1,0,0.000804642,0.0351459,0.325251,0.312093,1,0,,0,0,0,0,0,0,0,0,103808,104555,0,232,0
2.31829e+006,1,0,0.000563249,0.0282293,0.295549,0.291505,1,0,,0,0,0,0,0,0,0,0,103808,104555,0,232,0
2.31839e+006,1,0,0.000394274,0.0226623,0.26826,0.285529,1,0,,0,0,0,0,0,0,0,0,103808,104555,0,232,0
2.31849e+006,1,0,0.000275992,0.0181851,0.243253,0.309265,1,0,,0,0,0,0,0,0,0,0,103808,104555,0,232,0
2.31859e+006,1,0,0.000193194,0.0145867,0.220386,0.288443,1,0,,0,0,0,0,0,0,0,0,103808,104555,0,232,0
2.31869e+006,1,0,0.000135236,0.0116964,0.199517,0.336255,1,0,,0,0,0,0,0,0,0,0,103808,104555,0,232,0
2.31879e+006,1,0,9.46653e-005,0.00937605,0.180503,0.310431,1,0,,0,0,0,0,0,0,0,0,103808,104555,0,232,0
2.31889e+006,1,0,6.62657e-005,0.00751409,0.163204,0.328793,1,0,,0,0,0,0,0,0,0,0,103808,104555,0,232,0
2.31899e+006,1,0,4.6386e-005,0.00602055,0.147486,0.317879,1,0,,0,0,0,0,0,0,0,0,103808,104555,0,232,0
2.31909e+006,1,0,3.24702e-005,0.00482294,0.13322,0.313256,1,0,,0,0,0,0,0,0,0,0,103808,104555,0,232,0
2.31919e+006,1,0,2.27291e-005,0.00386289,0.120284,0.28818,1,0,,0,0,0,0,0,0,0,0,103808,104555,0,232,0
2.31929e+006,1,0,1.59104e-005,0.0030935,0.108565,0.305031,1,0,,0,0,0,0,0,0,0,0,103808,104555,0,232,0
2.31939e+006,1,0,1.11373e-005,0.00247703,0.0979561,0.290067,1,0,,0,0,0,0,0,0,0,0,103808,104555,0,232,0
2.31949e+006,1,0,7.79609e-006,0.00198318,0.0883588,0.310093,1,0,,0,0,0,0,0,0,0,0,103808,104555,0,232,0
2.31959e+006,1,20,6.00001,1.20159,0.199682,0.332085,1,0,,0,0,0,0,0,0,0,0,103808,104555,0,232,0
2.31969e+006,1,0,4.2,1.80127,0.359841,0.291798,1,0,,0,0,0,0,0,0,0,0,103808,104555,0,232,0
2.31979e+006,1,0,2.94,2.02902,0.526758,0.333086,1,0,,0,0,0,0,0,0,0,0,103808,104555,0,232,0
2.31989e+006,1,0,2.058,2.03481,0.677564,0.285323,1,0,,0,0,0,0,0,0,0,0,103808,104555,0,232,0
2.31999e+006,1,0,1.4406,1.91597,0.801405,0.280886,1,0,,0,0,0,0,0,0,0,0,103808,104555,0,232,0
2.32009e+006,1,0,1.00842,1.73446,0.89471,0.305299,1,0,,0,0,0,0,0,0,0,0,103808,104555,0,232,0
2.32019e+006,1,0,0.705895,1.52875,0.958114,0.297963,1,0,,0,0,0,0,0,0,0,0,103808,104555,0,232,0
2.32029e+006,1,0,0.494126,1.32182,0.994485,0.295027,1,0,,0,0,0,0,0,0,0,0,103808,104555,0,232,0
2.32039e+006,1,0,0.345888,1.12664,1.0077,0.295403,1,0,,0,0,0,0,0,0,0,0,103808,104555,0,232,0
2.32049e+006,1,0,0.242122,0.949734,1.0019,0.357405,1,0,,0,0,0,0,0,0,0,0,103808,104555,0,232,0
2.32059e+006,1,0,0.169485,0.793684,0.981082,0.279616,1,0,,0,0,0,0,0,0,0,0,103808,104555,0,232,0
2.32069e+006,1,0,0.11864,0.658675,0.948841,0.291604,1,0,,0,0,0,0,0,0,0,0,103808,104555,0,232,0
2.32079e+006,1,0,0.0830478,0.54355,0.908312,0.285427,1,0,,0,0,0,0,0,0,0,0,103808,104555,0,232,0
2.32089e+006,1,0,0.0581335,0.446466,0.862127,0.291252,1,0,,0,0,0,0,0,0,0,0,103808,104555,0,232,0
2.32099e+006,1,0,0.0406934,0.365312,0.812446,0.301263,1,0,,0,0,0,0,0,0,0,0,103808,104555,0,232,0
2.32109e+006,1,0,0.0284854,0.297947,0.760996,0.298452,1,0,,0,0,0,0,0,0,0,0,103808,104555,0,232,0
2.32119e+006,1,0,0.0199398,0.242345,0.709131,0.319264,1,0,,0,0,0,0,0,0,0,0,103808,104555,0,232,0
2.32129e+006,1,0,0.0139578,0.196668,0.657884,0.31555,1,0,,0,0,0,0,0,0,0,0,103808,104555,0,232,0
2.32139e+006,1,0,0.00977049,0.159288,0.608025,0.373526,1,0,,0,0,0,0,0,0,0,0,103808,104555,0,232,0
2.32149e+006,1,0,0.00683934,0.128798,0.560102,0.283841,1,0,,0,0,0,0,0,0,0,0,103808,104555,0,232,0
2.32159e+006,1,0,0.00478754,0.103996,0.514491,0.295129,1,0,,0,0,0,0,0,0,0,0,103808,104555,0,232,0
2.32169e+006,1,0,0.00335128,0.0838673,0.471429,0.303903,1,0,,0,0,0,0,0,0,0,0,103808,104555,0,232,0
2.32179e+006,1,0,0.00234589,0.067563,0.431042,0.294717,1,0,,0,0,0,0,0,0,0,0,103808,104555,0,232,0
2.32189e+006,1,0,0.00164213,0.0543788,0.393376,0.279667,1,0,,0,0,0,0,0,0,0,0,103808,104555,0,232,0
2.32199e+006,1,0,0.00114949,0.043733,0.358412,0.301353,1,0,,0,0,0,0,0,0,0,0,103808,104555,0,232,0
2.32209e+006,1,0,0.000804642,0.0351473,0.326085,0.301414,1,0,,0,0,0,0,0,0,0,0,103808,104555,0,232,0
2.32219e+006,1,0,0.000563249,0.0282305,0.2963,0.324358,1,0,,0,0,0,0,0,0,0,0,103808,104555,0,232,0
2.32229e+006,1,0,0.000394274,0.0226633,0.268936,0.280808,1,0,,0,0,0,0,0,0,0,0,103808,104555,0,232,0
2.32239e+006,1,0,0.000275992,0.0181858,0.243861,0.298094,1,0,,0,0,0,0,0,0,0,0,103808,104555,0,232,0
2.32249e+006,1,0,0.000193194,0.0145873,0.220934,0.271193,1,0,,0,0,0,0,0,0,0,0,103808,104555,0,232,0
2.32259e+006,1,0,0.000135236,0.0116969,0.20001,0.338356,1,0,,0,0,0,0,0,0,0,0,103808,104555,0,232,0
2.32269e+006,1,0,9.46653e-005,0.00937643,0.180947,0.302381,1,0,,0,0,0,0,0,0,0,0,103808,104555,0,232,0
2.32279e+006,1,0,6.62657e-005,0.0075144,0.163603,0.27538,1,0,,0,0,0,0,0,0,0,0,103808,104555,0,232,0
2.32289e+006,1,0,4.6386e-005,0.00602079,0.147845,0.289331,1,0,,0,0,0,0,0,0,0,0,103808,104555,0,232,0
2.32299e+006,1,0,3.24702e-005,0.00482313,0.133543,0.295093,1,0,,0,0,0,0,0,0,0,0,103808,104555,0,232,0
2.32309e+006,1,0,2.27291e-005,0.00386305,0.120575,0.296581,1,0,,0,0,0,0,0,0,0,0,103808,104555,0,232,0
2.32319e+006,1,0,1.59104e-005,0.00309362,0.108827,0.30277,1,0,,0,0,0,0,0,0,0,0,103808,104555,0,232,0
2.32329e+006,1,0,1.11373e-005,0.00247713,0.0981918,0.282921,1,0,,0,0,0,0,0,0,0,0,103808,104555,0,232,0
2.32339e+006,1,0,7.79609e-006,0.00198326,0.088571,0.299791,1,0,,0,0,0,0,0,0,0,0,103808,104555,0,232,0
2.32349e+006,1,0,5.45726e-006,0.0015877,0.0798727,0.316267,1,0,,0,0,0,0,0,0,0,0,103808,104555,0,232,0
2.32359e+006,1,20,6,1.20127,0.192012,0.28785,1,0,,0,0,0,0,0,0,0,0,103808,104555,0,232,0
2.32369e+006,1,0,4.2,1.80102,0.352913,0.290886,1,0,,0,0,0,0,0,0,0,0,103808,104555,0,232,0
2.32379e+006,1,0,2.94,2.02881,0.520503,0.298561,1,0,,0,0,0,0,0,0,0,0,103808,104555,0,232,0
2.32389e+006,1,0,2.058,2.03465,0.671918,0.280072,1,0,,0,0,0,0,0,0,0,0,103808,104555,0,232,0
2.32399e+006,1,0,1.4406,1.91584,0.79631,0.293,1,0,,0,0,0,0,0,0,0,0,103808,104555,0,232,0
2.32409e+006,1,0,1.00842,1.73436,0.890115,0.3477,1,0,,0,0,0,0,0,0,0,0,103808,104555,0,232,0
2.32419e+006,1,0,0.705894,1.52866,0.95397,0.296436,1,0,,0,0,0,0,0,0,0,0,103808,104555,0,232,0
2.32429e+006,1,0,0.494126,1.32176,0.990749,0.289448,1,0,,0,0,0,0,0,0,0,0,103808,104555,0,232,0
2.32439e+006,1,0,0.345888,1.12658,1.00433,0.32341,1,0,,0,0,0,0,0,0,0,0,103808,104555,0,232,0
2.32449e+006,1,0,0.242122,0.949691,0.998868,0.285961,1,0,,0,0,0,0,0,0,0,0,103808,104555,0,232,0
2.32459e+006,1,0,0.169485,0.79365,0.978346,0.307111,1,0,,0,0,0,0,0,0,0,0,103808,104555,0,232,0
2.32469e+006,1,0,0.11864,0.658648,0.946376,0.327011,1,0,,0,0,0,0,0,0,0,0,103808,104555,0,232,0
2.32479e+006,1,0,0.0830478,0.543528,0.906091,0.286284,1,0,,0,0,0,0,0,0,0,0,103808,104555,0,232,0
2.32489e+006,1,0,0.0581334,0.446449,0.860127,0.32202,1,0,,0,0,0,0,0,0,0,0,103808,104555,0,232,0
2.32499e+006,1,0,0.0406934,0.365298,0.810644,0.299181,1,0,,0,0,0,0,0,0,0,0,103808,104555,0,232,0
2.32509e+006,1,0,0.0284854,0.297935,0.759373,0.311219,1,0,,0,0,0,0,0,0,0,0,103808,104555,0,232,0
2.32519e+006,1,0,0.0199398,0.242336,0.70767,0.301916,1,0,,0,0,0,0,0,0,0,0,103808,104555,0,232,0
2.32529e+006,1,0,0.0139578,0.196661,0.656569,0.325666,1,0,,0,0,0,0,0,0,0,0,103808,104555,0,232,0
2.32539e+006,1,0,0.00977049,0.159283,0.60684,0.271316,1,0,,0,0,0,0,0,0,0,0,103808,104555,0,232,0
2.32549e+006,1,0,0.00683934,0.128794,0.559035,0.314791,1,0,,0,0,0,0,0,0,0,0,103808,104555,0,232,0
2.32559e+006,1,0,0.00478754,0.103993,0.513531,0.30064,1,0,,0,0,0,0,0,0,0,0,103808,104555,0,232,0
2.32569e+006,1,0,0.00335128,0.0838644,0.470564,0.29704,1,0,,0,0,0,0,0,0,0,0,103808,104555,0,232,0
2.32579e+006,1,0,0.00234589,0.0675607,0.430264,0.295765,1,0,,0,0,0,0,0,0,0,0,103808,104555,0,232,0
2.32589e+006,1,0,0.00164213,0.054377,0.392675,0.31269,1,0,,0,0,0,0,0,0,0,0,103808,104555,0,232,0
2.32599e+006,1,0,0.00114949,0.0437315,0.357781,0.293977,1,0,,0,0,0,0,0,0,0,0,103808,104555,0,232,0
2.32609e+006,1,0,0.000804642,0.0351461,0.325517,0.29959,1,0,,0,0,0,0,0,0,0,0,103808,104555,0,232,0
2.32619e+006,1,0,0.000563249,0.0282295,0.295789,0.310153,1,0,,0,0,0,0,0,0,0,0,103808,104555,0,232,0
2.32629e+006,1,0,0.000394274,0.0226625,0.268476,0.290751,1,0,,0,0,0,0,0,0,0,0,103808,104555,0,232,0
2.32639e+006,1,0,0.000275992,0.0181852,0.243447,0.308839,1,0,,0,0,0,0,0,0,0,0,103808,104555,0,232,0
2.32649e+006,1,0,0.000193194,0.0145868,0.220561,0.305938,1,0,,0,0,0,0,0,0,0,0,103808,104555,0,232,0
2.32659e+006,1,0,0.000135236,0.0116965,0.199674,0.305101,1,0,,0,0,0,0,0,0,0,0,103808,104555,0,232,0
2.32669e+006,1,0,9.46653e-005,0.00937611,0.180645,0.320226,1,0,,0,0,0,0,0,0,0,0,103808,104555,0,232,0
2.32679e+006,1,0,6.62657e-005,0.00751414,0.163332,0.318215,1,0,,0,0,0,0,0,0,0,0,103808,104555,0,232,0
2.32689e+006,1,0,4.6386e-005,0.00602059,0.1476,0.336029,1,0,,0,0,0,0,0,0,0,0,103808,104555,0,232,0
2.32699e+006,1,0,3.24702e-005,0.00482297,0.133323,0.31626,1,0,,0,0,0,0,0,0,0,0,103808,104555,0,232,0
2.32709e+006,1,0,2.27291e-005,0.00386292,0.120377,0.28521,1,0,,0,0,0,0,0,0,0,0,103808,104555,0,232,0
2.32719e+006,1,0,1.59104e-005,0.00309352,0.108648,0.328499,1,0,,0,0,0,0,0,0,0,0,103808,104555,0,232,0
2.32729e+006,1,0,1.11373e-005,0.00247704,0.0980313,0.338274,1,0,,0,0,0,0,0,0,0,0,103808,104555,0,232,0
2.32739e+006,1,0,7.79609e-006,0.00198319,0.0884265,0.283875,1,0,,0,0,0,0,0,0,0,0,103808,104555,0,232,0
2.32749e+006,1,0,5.45726e-006,0.00158765,0.0797426,0.313014,1,0,,0,0,0,0,0,0,0,0,103808,104555,0,232,0
2.32759e+006,1,20,6,1.20127,0.191895,0.299584,1,0,,0,0,0,0,0,0,0,0,103808,104555,0,232,0
2.32769e+006,1,0,4.2,1.80102,0.352808,0.324347,1,0,,0,0,0,0,0,0,0,0,103808,104555,0,232,0
2.32779e+006,1,0,2.94,2.02881,0.520408,0.294612,1,0,,0,0,0,0,0,0,0,0,103808,104555,0,232,0
2.32789e+006,1,0,2.058,2.03465,0.671833,0.293137,1,0,,0,0,0,0,0,0,0,0,103808,104555,0,232,0
2.32799e+006,1,0,1.4406,1.91584,0.796234,0.342886,1,0,,0,0,0,0,0,0,0,0,103808,104555,0,232,0
2.32809e+006,1,0,1.00842,1.73436,0.890046,0.285574,1,0,,0,0,0,0,0,0,0,0,103808,104555,0,232,0
2.32819e+006,1,0,0.705894,1.52866,0.953908,0.321162,1,0,,0,0,0,0,0,0,0,0,103808,104555,0,232,0
2.32829e+006,1,0,0.494126,1.32176,0.990693,0.311201,1,0,,0,0,0,0,0,0,0,0,103808,104555,0,232,0
2.32839e+006,1,0,0.345888,1.12658,1.00428,0.309452,1,0,,0,0,0,0,0,0,0,0,103808,104555,0,232,0
2.32849e+006,1,0,0.242122,0.949691,0.998823,0.321101,1,0,,0,0,0,0,0,0,0,0,103808,104555,0,232,0
2.32859e+006,1,0,0.169485,0.79365,0.978305,0.306761,1,0,,0,0,0,0,0,0,0,0,103808,104555,0,232,0
2.32869e+006,1,0,0.11864,0.658648,0.946339,0.300098,1,0,,0,0,0,0,0,0,0,0,103808,104555,0,232,0
2.32879e+006,1,0,0.0830478,0.543528,0.906058,0.315383,1,0,,0,0,0,0,0,0,0,0,103808,104555,0,232,0
2.32889e+006,1,0,0.0581334,0.446449,0.860097,0.298333,1,0,,0,0,0,0,0,0,0,0,103808,104555,0,232,0
2.32899e+006,1,0,0.0406934,0.365298,0.810617,0.297269,1,0,,0,0,0,0,0,0,0,0,103808,104555,0,232,0
2.32909e+006,1,0,0.0284854,0.297935,0.759349,0.278319,1,0,,0,0,0,0,0,0,0,0,103808,104555,0,232,0
2.32919e+006,1,0,0.0199398,0.242336,0.707648,0.298108,1,0,,0,0,0,0,0,0,0,0,103808,104555,0,232,0
2.32929e+006,1,0,0.0139578,0.196661,0.656549,0.318632,1,0,,0,0,0,0,0,0,0,0,103808,104555,0,232,0
2.32939e+006,1,0,0.00977049,0.159283,0.606822,0.290511,1,0,,0,0,0,0,0,0,0,0,103808,104555,0,232,0
2.32949e+006,1,0,0.00683934,0.128794,0.55902,0.282688,1,0,,0,0,0,0,0,0,0,0,103808,104555,0,232,0
2.32959e+006,1,0,0.00478754,0.103993,0.513517,0.315549,1,0,,0,0,0,0,0,0,0,0,103808,104555,0,232,0
2.32969e+006,1,0,0.00335128,0.0838644,0.470552,0.276012,1,0,,0,0,0,0,0,0,0,0,103808,104555,0,232,0
2.32979e+006,1,0,0.00234589,0.0675607,0.430253,0.276048,1,0,,0,0,0,0,0,0,0,0,103808,104555,0,232,0
2.32989e+006,1,0,0.00164213,0.054377,0.392665,0.269035,1,0,,0,0,0,0,0,0,0,0,103808,104555,0,232,0
2.32999e+006,1,0,0.00114949,0.0437315,0.357772,0.300785,1,0,,0,0,0,0,0,0,0,0,103808,104555,0,232,0
2.33009e+006,1,0,0.000804642,0.0351461,0.325509,0.304362,1,0,,0,0,0,0,0,0,0,0,103808,104555,0,232,0
2.33019e+006,1,0,0.000563249,0.0282295,0.295781,0.317162,1,0,,0,0,0,0,0,0,0,0,103808,104555,0,232,0
2.33029e+006,1,0,0.000394274,0.0226625,0.268469,0.325649,1,0,,0,0,0,0,0,0,0,0,103808,104555,0,232,0
2.33039e+006,1,0,0.000275992,0.0181852,0.243441,0.269072,1,0,,0,0,0,0,0,0,0,0,103808,104555,0,232,0
2.33049e+006,1,0,0.000193194,0.0145868,0.220555,0.29231,1,0,,0,0,0,0,0,0,0,0,103808,104555,0,232,0
2.33059e+006,1,0,0.000135236,0.0116965,0.19967,0.286385,1,0,,0,0,0,0,0,0,0,0,103808,104555,0,232,0
2.33069e+006,1,0,9.46653e-005,0.00937611,0.18064,0.308148,1,0,,0,0,0,0,0,0,0,0,103808,104555,0,232,0
2.33079e+006,1,0,6.62657e-005,0.00751414,0.163328,0.326723,1,0,,0,0,0,0,0,0,0,0,103808,104555,0,232,0
2.33089e+006,1,0,4.6386e-005,0.00602059,0.147597,0.293573,1,0,,0,0,0,0,0,0,0,0,103808,104555,0,232,0
2.33099e+006,1,0,3.24702e-005,0.00482297,0.133319,0.326147,1,0,,0,0,0,0,0,0,0,0,103808,104555,0,232,0
2.33109e+006,1,0,2.27291e-005,0.00386292,0.120374,0.288008,1,0,,0,0,0,0,0,0,0,0,103808,104555,0,232,0
2.33119e+006,1,0,1.59104e-005,0.00309352,0.108646,0.316739,1,0,,0,0,0,0,0,0,0,0,103808,104555,0,232,0
2.33129e+006,1,0,1.11373e-005,0.00247704,0.0980289,0.268099,1,0,,0,0,0,0,0,0,0,0,103808,104555,0,232,0
2.33139e+006,1,0,7.79609e-006,0.00198319,0.0884243,0.288097,1,0,,0,0,0,0,0,0,0,0,103808,104555,0,232,0
2.33149e+006,1,20,6.00001,1.20159,0.199741,0.298889,1,0,,0,0,0,0,0,0,0,0,103808,104555,0,232,0
2.33159e+006,1,0,4.2,1.80127,0.359894,0.296765,1,0,,0,0,0,0,0,0,0,0,103808,104555,0,232,0
2.33169e+006,1,0,2.94,2.02902,0.526806,0.296153,1,0,,0,0,0,0,0,0,0,0,103808,104555,0,232,0
2.33179e+006,1,0,2.058,2.03481,0.677607,0.296029,1,0,,0,0,0,0,0,0,0,0,103808,104555,0,232,0
2.33189e+006,1,0,1.4406,1.91597,0.801443,0.292639,1,0,,0,0,0,0,0,0,0,0,103808,104555,0,232,0
2.33199e+006,1,0,1.00842,1.73446,0.894745,0.286639,1,0,,0,0,0,0,0,0,0,0,103808,104555,0,232,0
2.33209e+006,1,0,0.705895,1.52875,0.958145,0.349041,1,0,,0,0,0,0,0,0,0,0,103808,104555,0,232,0
2.33219e+006,1,0,0.494126,1.32182,0.994513,0.366053,1,0,,0,0,0,0,0,0,0,0,103808,104555,0,232,0
2.33229e+006,1,0,0.345888,1.12664,1.00773,0.308667,1,0,,0,0,0,0,0,0,0,0,103808,104555,0,232,0
2.33239e+006,1,0,0.242122,0.949734,1.00193,0.318589,1,0,,0,0,0,0,0,0,0,0,103808,104555,0,232,0
2.33249e+006,1,0,0.169485,0.793684,0.981102,0.316339,1,0,,0,0,0,0,0,0,0,0,103808,104555,0,232,0
2.33259e+006,1,0,0.11864,0.658675,0.948859,0.286927,1,0,,0,0,0,0,0,0,0,0,103808,104555,0,232,0
2.33269e+006,1,0,0.0830478,0.54355,0.908328,0.287078,1,0,,0,0,0,0,0,0,0,0,103808,104555,0,232,0
2.33279e+006,1,0,0.0581335,0.446466,0.862142,0.306702,1,0,,0,0,0,0,0,0,0,0,103808,104555,0,232,0
2.33289e+006,1,0,0.0406934,0.365312,0.812459,0.338614,1,0,,0,0,0,0,0,0,0,0,103808,104555,0,232,0
2.33299e+006,1,0,0.0284854,0.297947,0.761008,0.313492,1,0,,0,0,0,0,0,0,0,0,103808,104555,0,232,0
2.33309e+006,1,0,0.0199398,0.242345,0.709141,0.312141,1,0,,0,0,0,0,0,0,0,0,103808,104555,0,232,0
2.33319e+006,1,0,0.0139578,0.196668,0.657894,0.302341,1,0,,0,0,0,0,0,0,0,0,103808,104555,0,232,0
2.33329e+006,1,0,0.00977049,0.159288,0.608034,0.329628,1,0,,0,0,0,0,0,0,0,0,103808,104555,0,232,0
2.33339e+006,1,0,0.00683934,0.128798,0.56011,0.278764,1,0,,0,0,0,0,0,0,0,0,103808,104555,0,232,0
2.33349e+006,1,0,0.00478754,0.103996,0.514499,0.314604,1,0,,0,0,0,0,0,0,0,0,103808,104555,0,232,0
2.33359e+006,1,0,0.00335128,0.0838673,0.471436,0.353416,1,0,,0,0,0,0,0,0,0,0,103808,104555,0,232,0
2.33369e+006,1,0,0.00234589,0.067563,0.431048,0.320841,1,0,,0,0,0,0,0,0,0,0,103808,104555,0,232,0
2.33379e+006,1,0,0.00164213,0.0543788,0.393381,0.282479,1,0,,0,0,0,0,0,0,0,0,103808,104555,0,232,0
2.33389e+006,1,0,0.00114949,0.043733,0.358416,0.290766,1,0,,0,0,0,0,0,0,0,0,103808,104555,0,232,0
2.33399e+006,1,0,0.000804642,0.0351473,0.32609,0.313604,1,0,,0,0,0,0,0,0,0,0,103808,104555,0,232,0
2.33409e+006,1,0,0.000563249,0.0282305,0.296304,0.314003,1,0,,0,0,0,0,0,0,0,0,103808,104555,0,232,0
2.33419e+006,1,0,0.000394274,0.0226633,0.26894,0.292925,1,0,,0,0,0,0,0,0,0,0,103808,104555,0,232,0
2.33429e+006,1,0,0.000275992,0.0181858,0.243864,0.303563,1,0,,0,0,0,0,0,0,0,0,103808,104555,0,232,0
2.33439e+006,1,0,0.000193194,0.0145873,0.220937,0.293025,1,0,,0,0,0,0,0,0,0,0,103808,104555,0,232,0
2.33449e+006,1,0,0.000135236,0.0116969,0.200013,0.296338,1,0,,0,0,0,0,0,0,0,0,103808,104555,0,232,0
2.33459e+006,1,0,9.46653e-005,0.00937643,0.180949,0.308825,1,0,,0,0,0,0,0,0,0,0,103808,104555,0,232,0
2.33469e+006,1,0,6.62657e-005,0.0075144,0.163605,0.303426,1,0,,0,0,0,0,0,0,0,0,103808,104555,0,232,0
2.33479e+006,1,0,4.6386e-005,0.00602079,0.147847,0.309195,1,0,,0,0,0,0,0,0,0,0,103808,104555,0,232,0
2.33489e+006,1,0,3.24702e-005,0.00482313,0.133545,0.340095,1,0,,0,0,0,0,0,0,0,0,103808,104555,0,232,0
2.33499e+006,1,0,2.27291e-005,0.00386305,0.120576,0.284957,1,0,,0,0,0,0,0,0,0,0,103808,104555,0,232,0
2.33509e+006,1,0,1.59104e-005,0.00309362,0.108828,0.301422,1,0,,0,0,0,0,0,0,0,0,103808,104555,0,232,0
2.33519e+006,1,0,1.11373e-005,0.00247713,0.0981931,0.308783,1,0,,0,0,0,0,0,0,0,0,103808,104555,0,232,0
2.33529e+006,1,0,7.79609e-006,0.00198326,0.0885721,0.301544,1,0,,0,0,0,0,0,0,0,0,103808,104555,0,232,0
2.33539e+006,1,0,5.45726e-006,0.0015877,0.0798737,0.290743,1,0,,0,0,0,0,0,0,0,0,103808,104555,0,232,0
2.33549e+006,1,19,5.7,1.14127,0.186013,0.325891,1,0,,0,0,0,0,0,0,0,0,103808,104555,0,232,0
2.33559e+006,1,0,3.99,1.71102,0.338514,0.291627,1,0,,0,0,0,0,0,0,0,0,103808,104555,0,232,0
2.33569e+006,1,0,2.793,1.92741,0.497404,0.294266,1,0,,0,0,0,0,0,0,0,0,103808,104555,0,232,0
2.33579e+006,1,0,1.9551,1.93295,0.640959,0.273926,1,0,,0,0,0,0,0,0,0,0,103808,104555,0,232,0
2.33589e+006,1,0,1.36857,1.82008,0.75887,0.325876,1,0,,0,0,0,0,0,0,0,0,103808,104555,0,232,0
2.33599e+006,1,0,0.958,1.64766,0.847749,0.298015,1,0,,0,0,0,0,0,0,0,0,103808,104555,0,232,0
2.33609e+006,1,0,0.6706,1.45225,0.908199,0.325439,1,0,,0,0,0,0,0,0,0,0,103808,104555,0,232,0
2.33619e+006,1,0,0.46942,1.25568,0.942947,0.284676,1,0,,0,0,0,0,0,0,0,0,103808,104555,0,232,0
2.33629e+006,1,0,0.328594,1.07026,0.955679,0.286251,1,0,,0,0,0,0,0,0,0,0,103808,104555,0,232,0
2.33639e+006,1,0,0.230016,0.902215,0.950333,0.339387,1,0,,0,0,0,0,0,0,0,0,103808,104555,0,232,0
2.33649e+006,1,0,0.161011,0.753974,0.930697,0.299713,1,0,,0,0,0,0,0,0,0,0,103808,104555,0,232,0
2.33659e+006,1,0,0.112708,0.625721,0.900199,0.299219,1,0,,0,0,0,0,0,0,0,0,103808,104555,0,232,0
2.33669e+006,1,0,0.0788954,0.516356,0.861815,0.293207,1,0,,0,0,0,0,0,0,0,0,103808,104555,0,232,0
2.33679e+006,1,0,0.0552268,0.42413,0.818046,0.298305,1,0,,0,0,0,0,0,0,0,0,103808,104555,0,232,0
2.33689e+006,1,0,0.0386587,0.347036,0.770945,0.296382,1,0,,0,0,0,0,0,0,0,0,103808,104555,0,232,0
2.33699e+006,1,0,0.0270611,0.283041,0.722155,0.304408,1,0,,0,0,0,0,0,0,0,0,103808,104555,0,232,0
2.33709e+006,1,0,0.0189428,0.230221,0.672961,0.28972,1,0,,0,0,0,0,0,0,0,0,103808,104555,0,232,0
2.33719e+006,1,0,0.0132599,0.186829,0.624348,0.30932,1,0,,0,0,0,0,0,0,0,0,103808,104555,0,232,0
2.33729e+006,1,0,0.00928196,0.15132,0.577045,0.294445,1,0,,0,0,0,0,0,0,0,0,103808,104555,0,232,0
2.33739e+006,1,0,0.00649737,0.122355,0.531576,0.289907,1,0,,0,0,0,0,0,0,0,0,103808,104555,0,232,0
2.33749e+006,1,0,0.00454816,0.0987937,0.488298,0.306469,1,0,,0,0,0,0,0,0,0,0,103808,104555,0,232,0
2.33759e+006,1,0,0.00318371,0.0796717,0.447435,0.313283,1,0,,0,0,0,0,0,0,0,0,103808,104555,0,232,0
2.33769e+006,1,0,0.0022286,0.0641831,0.40911,0.291308,1,0,,0,0,0,0,0,0,0,0,103808,104555,0,232,0
2.33779e+006,1,0,0.00156002,0.0516585,0.373365,0.288519,1,0,,0,0,0,0,0,0,0,0,103808,104555,0,232,0
2.33789e+006,1,0,0.00109201,0.0415452,0.340183,0.285132,1,0,,0,0,0,0,0,0,0,0,103808,104555,0,232,0
2.33799e+006,1,0,0.000764409,0.033389,0.309504,0.278557,1,0,,0,0,0,0,0,0,0,0,103808,104555,0,232,0
2.33809e+006,1,0,0.000535086,0.0268182,0.281235,0.273533,1,0,,0,0,0,0,0,0,0,0,103808,104555,0,232,0
2.33819e+006,1,0,0.000374561,0.0215295,0.255264,0.305145,1,0,,0,0,0,0,0,0,0,0,103808,104555,0,232,0
2.33829e+006,1,0,0.000262192,0.017276,0.231466,0.27017,1,0,,0,0,0,0,0,0,0,0,103808,104555,0,232,0
2.33839e+006,1,0,0.000183535,0.0138575,0.209705,0.305406,1,0,,0,0,0,0,0,0,0,0,103808,104555,0,232,0
2.33849e+006,1,0,0.000128474,0.0111117,0.189846,0.278232,1,0,,0,0,0,0,0,0,0,0,103808,104555,0,232,0
2.33859e+006,1,0,8.9932e-005,0.00890737,0.171752,0.286256,1,0,,0,0,0,0,0,0,0,0,103808,104555,0,232,0
2.33869e+006,1,0,6.29524e-005,0.00713849,0.15529,0.279194,1,0,,0,0,0,0,0,0,0,0,103808,104555,0,232,0
2.33879e+006,1,0,4.40667e-005,0.0057196,0.140333,0.280692,1,0,,0,0,0,0,0,0,0,0,103808,104555,0,232,0
2.33889e+006,1,0,3.08467e-005,0.00458185,0.126758,0.308379,1,0,,0,0,0,0,0,0,0,0,103808,104555,0,232,0
2.33899e+006,1,0,2.15927e-005,0.0036698,0.114449,0.315781,1,0,,0,0,0,0,0,0,0,0,103808,104555,0,232,0
2.33909e+006,1,0,1.51149e-005,0.00293886,0.103298,0.315655,1,0,,0,0,0,0,0,0,0,0,103808,104555,0,232,0
2.33919e+006,1,0,1.05804e-005,0.00235321,0.0932038,0.305179,1,0,,0,0,0,0,0,0,0,0,103808,104555,0,232,0
2.33929e+006,1,0,7.40628e-006,0.00188405,0.0840718,0.289265,1,0,,0,0,0,0,0,0,0,0,103808,104555,0,232,0
2.33939e+006,1,0,5.1844e-006,0.00150827,0.0758154,0.300015,1,0,,0,0,0,0,0,0,0,0,103808,104555,0,232,0
2.33949e+006,1,20,6,1.20121,0.188355,0.298612,1,0,,0,0,0,0,0,0,0,0,103808,104555,0,232,0
2.33959e+006,1,0,4.2,1.80097,0.349616,0.308521,1,0,,0,0,0,0,0,0,0,0,103808,104555,0,232,0
2.33969e+006,1,0,2.94,2.02877,0.517532,0.307155,1,0,,0,0,0,0,0,0,0,0,103808,104555,0,232,0
2.33979e+006,1,0,2.058,2.03462,0.66924,0.288807,1,0,,0,0,0,0,0,0,0,0,103808,104555,0,232,0
2.33989e+006,1,0,1.4406,1.91582,0.793898,0.296846,1,0,,0,0,0,0,0,0,0,0,103808,104555,0,232,0
2.33999e+006,1,0,1.00842,1.73434,0.887942,0.290031,1,0,,0,0,0,0,0,0,0,0,103808,104555,0,232,0
2.34009e+006,1,0,0.705894,1.52865,0.952012,0.286229,1,0,,0,0,0,0,0,0,0,0,103808,104555,0,232,0
2.34019e+006,1,0,0.494126,1.32174,0.988985,0.301543,1,0,,0,0,0,0,0,0,0,0,103808,104555,0,232,0
2.34029e+006,1,0,0.345888,1.12657,1.00274,0.300454,1,0,,0,0,0,0,0,0,0,0,103808,104555,0,232,0
2.34039e+006,1,0,0.242122,0.949682,0.997438,0.324794,1,0,,0,0,0,0,0,0,0,0,103808,104555,0,232,0
2.34049e+006,1,0,0.169485,0.793643,0.977058,0.282656,1,0,,0,0,0,0,0,0,0,0,103808,104555,0,232,0
2.34059e+006,1,0,0.11864,0.658642,0.945217,0.278005,1,0,,0,0,0,0,0,0,0,0,103808,104555,0,232,0
2.34069e+006,1,0,0.0830478,0.543523,0.905047,0.285167,1,0,,0,0,0,0,0,0,0,0,103808,104555,0,232,0
2.34079e+006,1,0,0.0581334,0.446445,0.859187,0.326831,1,0,,0,0,0,0,0,0,0,0,103808,104555,0,232,0
2.34089e+006,1,0,0.0406934,0.365295,0.809798,0.28527,1,0,,0,0,0,0,0,0,0,0,103808,104555,0,232,0
2.34099e+006,1,0,0.0284854,0.297933,0.758612,0.283258,1,0,,0,0,0,0,0,0,0,0,103808,104555,0,232,0
2.34109e+006,1,0,0.0199398,0.242334,0.706984,0.310057,1,0,,0,0,0,0,0,0,0,0,103808,104555,0,232,0
2.34119e+006,1,0,0.0139578,0.196659,0.655951,0.316906,1,0,,0,0,0,0,0,0,0,0,103808,104555,0,232,0
2.34129e+006,1,0,0.00977049,0.159281,0.606284,0.29658,1,0,,0,0,0,0,0,0,0,0,103808,104555,0,232,0
2.34139e+006,1,0,0.00683934,0.128793,0.558535,0.297166,1,0,,0,0,0,0,0,0,0,0,103808,104555,0,232,0
2.34149e+006,1,0,0.00478754,0.103992,0.513081,0.304066,1,0,,0,0,0,0,0,0,0,0,103808,104555,0,232,0
2.34159e+006,1,0,0.00335128,0.0838638,0.470159,0.304166,1,0,,0,0,0,0,0,0,0,0,103808,104555,0,232,0
2.34169e+006,1,0,0.00234589,0.0675602,0.429899,0.311413,1,0,,0,0,0,0,0,0,0,0,103808,104555,0,232,0
2.34179e+006,1,0,0.00164213,0.0543766,0.392347,0.28034,1,0,,0,0,0,0,0,0,0,0,103808,104555,0,232,0
2.34189e+006,1,0,0.00114949,0.0437312,0.357485,0.26229,1,0,,0,0,0,0,0,0,0,0,103808,104555,0,232,0
2.34199e+006,1,0,0.000804642,0.0351459,0.325251,0.29378,1,0,,0,0,0,0,0,0,0,0,103808,104555,0,232,0
2.34209e+006,1,0,0.000563249,0.0282293,0.295549,0.289656,1,0,,0,0,0,0,0,0,0,0,103808,104555,0,232,0
2.34219e+006,1,0,0.000394274,0.0226623,0.26826,0.30573,1,0,,0,0,0,0,0,0,0,0,103808,104555,0,232,0
2.34229e+006,1,0,0.000275992,0.0181851,0.243253,0.300393,1,0,,0,0,0,0,0,0,0,0,103808,104555,0,232,0
2.34239e+006,1,0,0.000193194,0.0145867,0.220386,0.298468,1,0,,0,0,0,0,0,0,0,0,103808,104555,0,232,0
2.34249e+006,1,0,0.000135236,0.0116964,0.199517,0.287057,1,0,,0,0,0,0,0,0,0,0,103808,104555,0,232,0
2.34259e+006,1,0,9.46653e-005,0.00937605,0.180503,0.288647,1,0,,0,0,0,0,0,0,0,0,103808,104555,0,232,0
2.34269e+006,1,0,6.62657e-005,0.00751409,0.163204,0.279746,1,0,,0,0,0,0,0,0,0,0,103808,104555,0,232,0
2.34279e+006,1,0,4.6386e-005,0.00602055,0.147486,0.291071,1,0,,0,0,0,0,0,0,0,0,103808,104555,0,232,0
2.34289e+006,1,0,3.24702e-005,0.00482294,0.13322,0.297321,1,0,,0,0,0,0,0,0,0,0,103808,104555,0,232,0
2.34299e+006,1,0,2.27291e-005,0.00386289,0.120284,0.305909,1,0,,0,0,0,0,0,0,0,0,103808,104555,0,232,0
2.34309e+006,1,0,1.59104e-005,0.0030935,0.108565,0.298283,1,0,,0,0,0,0,0,0,0,0,103808,104555,0,232,0
2.34319e+006,1,0,1.11373e-005,0.00247703,0.0979561,0.298121,1,0,,0,0,0,0,0,0,0,0,103808,104555,0,232,0
2.34329e+006,1,0,7.79609e-006,0.00198318,0.0883588,0.292173,1,0,,0,0,0,0,0,0,0,0,103808,104555,0,232,0
2.34339e+006,1,0,5.45726e-006,0.00158764,0.0796817,0.317397,1,0,,0,0,0,0,0,0,0,0,103808,104555,0,232,0
2.34349e+006,1,20,6,1.20127,0.191841,0.131656,1,0,,0,0,0,0,0,0,0,0,103808,104555,0,232,0
2.34359e+006,1,0,4.2,1.80102,0.352758,0.305419,1,0,,0,0,0,0,0,0,0,0,103808,104555,0,232,0
2.34369e+006,1,0,2.94,2.02881,0.520364,0.290404,1,0,,0,0,0,0,0,0,0,0,103808,104555,0,232,0
2.34379e+006,1,0,2.058,2.03465,0.671793,0.302845,1,0,,0,0,0,0,0,0,0,0,103808,104555,0,232,0
2.34389e+006,1,0,1.4406,1.91584,0.796198,0.315981,1,0,,0,0,0,0,0,0,0,0,103808,104555,0,232,0
2.34399e+006,1,0,1.00842,1.73436,0.890014,0.32827,1,0,,0,0,0,0,0,0,0,0,103808,104555,0,232,0
2.34409e+006,1,0,0.705894,1.52866,0.953879,0.303495,1,0,,0,0,0,0,0,0,0,0,103808,104555,0,232,0
2.34419e+006,1,0,0.494126,1.32176,0.990666,0.300831,1,0,,0,0,0,0,0,0,0,0,103808,104555,0,232,0
2.34429e+006,1,0,0.345888,1.12658,1.00426,0.321743,1,0,,0,0,0,0,0,0,0,0,103808,104555,0,232,0
2.34439e+006,1,0,0.242122,0.949691,0.998801,0.28683,1,0,,0,0,0,0,0,0,0,0,103808,104555,0,232,0
2.34449e+006,1,0,0.169485,0.79365,0.978286,0.325705,1,0,,0,0,0,0,0,0,0,0,103808,104555,0,232,0
2.34459e+006,1,0,0.11864,0.658648,0.946322,0.300077,1,0,,0,0,0,0,0,0,0,0,103808,104555,0,232,0
2.34469e+006,1,0,0.0830478,0.543528,0.906043,0.278765,1,0,,0,0,0,0,0,0,0,0,103808,104555,0,232,0
2.34479e+006,1,0,0.0581334,0.446449,0.860083,0.290741,1,0,,0,0,0,0,0,0,0,0,103808,104555,0,232,0
2.34489e+006,1,0,0.0406934,0.365298,0.810605,0.307139,1,0,,0,0,0,0,0,0,0,0,103808,104555,0,232,0
2.34499e+006,1,0,0.0284854,0.297935,0.759338,0.299604,1,0,,0,0,0,0,0,0,0,0,103808,104555,0,232,0
2.34509e+006,1,0,0.0199398,0.242336,0.707638,0.277417,1,0,,0,0,0,0,0,0,0,0,103808,104555,0,232,0
2.34519e+006,1,0,0.0139578,0.196661,0.65654,0.296954,1,0,,0,0,0,0,0,0,0,0,103808,104555,0,232,0
2.34529e+006,1,0,0.00977049,0.159283,0.606814,0.301928,1,0,,0,0,0,0,0,0,0,0,103808,104555,0,232,0
2.34539e+006,1,0,0.00683934,0.128794,0.559012,0.329879,1,0,,0,0,0,0,0,0,0,0,103808,104555,0,232,0
2.34549e+006,1,0,0.00478754,0.103993,0.51351,0.319078,1,0,,0,0,0,0,0,0,0,0,103808,104555,0,232,0
2.34559e+006,1,0,0.00335128,0.0838644,0.470546,0.30112,1,0,,0,0,0,0,0,0,0,0,103808,104555,0,232,0
2.34569e+006,1,0,0.00234589,0.0675607,0.430247,0.321709,1,0,,0,0,0,0,0,0,0,0,103808,104555,0,232,0
2.34579e+006,1,0,0.00164213,0.054377,0.39266,0.299359,1,0,,0,0,0,0,0,0,0,0,103808,104555,0,232,0
2.34589e+006,1,0,0.00114949,0.0437315,0.357767,0.29337,1,0,,0,0,0,0,0,0,0,0,103808,104555,0,232,0
2.34599e+006,1,0,0.000804642,0.0351461,0.325505,0.343957,1,0,,0,0,0,0,0,0,0,0,103808,104555,0,232,0
2.34609e+006,1,0,0.000563249,0.0282295,0.295778,0.28467,1,0,,0,0,0,0,0,0,0,0,103808,104555,0,232,0
2.34619e+006,1,0,0.000394274,0.0226625,0.268466,0.297208,1,0,,0,0,0,0,0,0,0,0,103808,104555,0,232,0
2.34629e+006,1,0,0.000275992,0.0181852,0.243438,0.273383,1,0,,0,0,0,0,0,0,0,0,103808,104555,0,232,0
2.34639e+006,1,0,0.000193194,0.0145868,0.220553,0.322744,1,0,,0,0,0,0,0,0,0,0,103808,104555,0,232,0
2.34649e+006,1,0,0.000135236,0.0116965,0.199667,0.295369,1,0,,0,0,0,0,0,0,0,0,103808,104555,0,232,0
2.34659e+006,1,0,9.46653e-005,0.00937611,0.180638,0.319383,1,0,,0,0,0,0,0,0,0,0,103808,104555,0,232,0
2.34669e+006,1,0,6.62657e-005,0.00751414,0.163326,0.297007,1,0,,0,0,0,0,0,0,0,0,103808,104555,0,232,0
2.34679e+006,1,0,4.6386e-005,0.00602059,0.147595,0.329176,1,0,,0,0,0,0,0,0,0,0,103808,104555,0,232,0
2.34689e+006,1,0,3.24702e-005,0.00482297,0.133318,0.3015,1,0,,0,0,0,0,0,0,0,0,103808,104555,0,232,0
2.34699e+006,1,0,2.27291e-005,0.00386292,0.120372,0.303474,1,0,,0,0,0,0,0,0,0,0,103808,104555,0,232,0
2.34709e+006,1,0,1.59104e-005,0.00309352,0.108645,0.290023,1,0,,0,0,0,0,0,0,0,0,103808,104555,0,232,0
2.34719e+006,1,0,1.11373e-005,0.00247704,0.0980278,0.315988,1,0,,0,0,0,0,0,0,0,0,103808,104555,0,232,0
2.34729e+006,1,0,7.79609e-006,0.00198319,0.0884233,0.299012,1,0,,0,0,0,0,0,0,0,0,103808,104555,0,232,0
2.34739e+006,1,19,5.70001,1.14159,0.19374,0.24986,1,0,,0,0,0,0,0,0,0,0,103808,104555,0,232,0
2.34749e+006,1,5,5.49,2.01127,0.375493,0.31111,1,0,,0,0,0,0,0,0,0,0,103808,104555,0,232,0
2.34759e+006,1,34,14.043,4.41762,0.779705,0.324647,1,0,,0,0,0,0,0,0,0,0,103808,104555,0,232,0
